data_rosette/LRG_18_clustering_data.ecsv
# %ECSV 1.0
# ---
# datatype:
# - {name: RA, unit: deg, datatype: float64}
# - {name: DEC, unit: deg, datatype: float64}
# - {name: TARGETID, datatype: int64}
# - {name: NTILE, datatype: int64}
# - {name: TILES, datatype: string}
# - {name: Z, datatype: float64}
# - {name: COMP_TILE, datatype: float64}
# - {name: ROSETTE_NUMBER, datatype: int32}
# - {name: ROSETTE_R, unit: deg, datatype: float64}
# - {name: FRACZ_TILELOCID, datatype: float64}
# - {name: BITWEIGHTS, datatype: string, subtype: 'int64[2]'}
# - {name: PROB_OBS, datatype: float64}
# - {name: WEIGHT_ZFAIL, datatype: float64}
# - {name: WEIGHT, datatype: float64}
# - {name: NZ, unit: h3 / Mpc3, datatype: float64}
# - {name: WEIGHT_FKP, datatype: float64}
# - {name: theta, unit: deg, datatype: float64}
# - {name: phi, unit: deg, datatype: float64}
# - {name: rho, unit: Mpc, datatype: float64}
# - {name: r, unit: Mpc, datatype: float64}
# - {name: x, unit: Mpc, datatype: float64}
# - {name: y, unit: Mpc, datatype: float64}
# - {name: z, unit: Mpc, datatype: float64}
# meta: !!omap
# - {EXTNAME: LSS}
# - {DESIDR: edr}
# - comments: ['Visit https://desidatamodel.readthedocs.io/en/latest/ for a more complet', e description]
# schema: astropy-2.0
RA DEC TARGETID NTILE TILES Z COMP_TILE ROSETTE_NUMBER ROSETTE_R FRACZ_TILELOCID BITWEIGHTS PROB_OBS WEIGHT_ZFAIL WEIGHT NZ WEIGHT_FKP theta phi rho r x y z
[from data line 1395]
269.33911264406896 62.95970343017394 39633422519371074 9 541-542-543-544-546-548-549-550-551 0.5215068325945462 1.0 18 0.47475458840966284 1.0 [-1,-1] 1.0 1.0 1.0 0.0006888416087567301 0.1305783864573065 27.04029656982606 90.66088735593104 2018.209260425971 2018.209260425971 -1719.0899658963785 820.4717050112287 -666.8766672327806
269.2312974059572 61.52651032557479 39633405582770314 9 541-542-543-544-546-548-549-550-551 0.8706560412649095 1.0 18 1.0206552570512808 1.0 [-1,-1] 1.0 1.0 1.0 0.0005346154933450218 0.1621399955636538 28.47348967442521 90.7687025940428 3061.565042369642 3061.565042369642 571.5382934640069 -200.55791224711822 -3001.04998485516
272.262526723274 62.104462572042785 39633411345745339 9 541-542-543-544-546-548-549-550-551 0.9841064998264782 1.0 18 1.2478597732636314 1.0 [-1,-1] 1.0 1.0 1.0 0.00030269805442075816 0.25472307248715254 27.895537427957215 87.737473276726 3355.950594540976 3355.950594540976 1209.1674631588396 -279.44898631598693 -3118.0485408480918
269.25653304097887 61.52931625338833 39633405582770543 8 541-542-543-544-546-548-550-551 1.0835882553102527 1.0 18 1.0152673964299046 1.0 [-1,-1] 1.0 1.0 1.0 0.00012850791192818028 0.44600300211103894 28.47068374661167 90.74346695902113 3598.374744283792 3598.374744283792 656.333124042431 -249.08590503158425 -3529.232755500655
270.9397235352251 62.152071010143665 39633414168511496 8 541-542-543-544-546-548-550-551 1.0364292269492044 1.0 18 0.6714222034412481 1.0 [-1,-1] 1.0 1.0 1.0 0.00017557006270178804 0.37077784677498654 27.847928989856335 89.06027646477492 3485.208779589636 3485.208779589636 659.392096516698 1281.825379765549 -3173.1381936765533
266.8226176737132 62.7006363442036 39633419734352625 8 541-542-543-544-546-548-550-551 0.5146173209510604 1.0 18 1.3495357728496515 1.0 [-1,-1] 1.0 1.0 1.0 0.0006888416087567301 0.1305783864573065 27.299363655796398 93.17738232628682 1995.312754872785 1995.312754872785 792.3451457874764 -1449.0034577550514 -1119.7549460122739
269.23262316082514 63.27114308770198 39633425258253106 7 541-542-543-544-546-548-551 0.9618113188594578 1.0 18 0.7845759301509376 1.0 [-1,-1] 1.0 1.0 1.0 0.0003767415448896098 0.21544643941305056 26.72885691229802 90.76737683917486 3299.652375497712 3299.652375497712 -3111.0723348132897 1096.3377391955505 -83.53614967585953
268.5797789067848 63.805967485378495 39633430660515873 6 541-542-543-544-546-549 0.88717776573144 1.0 18 1.386796535381225 1.0 [-1,-1] 1.0 1.0 1.0 0.0005346154933450218 0.1621399955636538 26.194032514621505 91.42022109321522 3105.6838044039564 3105.6838044039564 -2578.626900454728 -837.4899663061075 1514.7824126008557
271.4201117027902 63.74915971903791 39633430681487535 7 541-542-543-544-546-549-550 0.6446824174740086 1.0 18 1.447010138837002 1.0 [-1,-1] 1.0 1.0 1.0 0.0007982518636535506 0.11473445525619816 26.250840280962088 88.57988829720978 2411.8101237392602 2411.8101237392602 1771.107419046668 1251.868757207865 1054.9081466629555
272.59019075945224 63.16775419822409 39633425283418972 7 541-542-543-544-546-549-550 0.8044116745724804 1.0 18 1.4571378210224701 1.0 [-1,-1] 1.0 1.0 1.0 0.0008239664519383997 0.11155322342262282 26.832245801775912 87.40980924054776 2880.2068556356357 2880.2068556356357 2427.9648748625077 -1504.6302039999687 -369.68371196932236
271.28293981602656 63.68492343285717 39633430681486535 8 541-542-543-544-546-549-550-551 0.7656199803400764 0.8333333333333334 18 1.3602852433473798 1.0 [-1,-1] 1.0 1.0 1.0 0.0007242712797402853 0.12498917450484462 26.31507656714283 88.71706018397344 2770.592383467135 2770.592383467135 1871.8546576866415 1752.454719112716 1049.4020932333308
268.48725356478224 63.87694658081268 39633433332286766 8 541-542-543-544-546-549-550-551 1.0992017809599472 0.8333333333333334 18 1.468027882508013 1.0 [-1,-1] 1.0 1.0 1.0 5.9370222311395755e-05 0.6353792046182113 26.123053419187322 91.51274643521776 3635.1654697684526 3635.1654697684526 -2791.938433073181 -1202.0602933175958 1993.6295618180884
269.35344486857736 62.94339236818382 39633422519371195 8 541-542-543-544-546-549-550-551 0.4822980640350916 0.8333333333333334 18 0.4571904281924674 1.0 [-1,-1] 1.0 1.0 1.0 0.000668512811805897 0.13401699399284683 27.056607631816178 90.64655513142264 1886.6214512656466 1886.6214512656466 -1586.522836431133 785.3134133579648 -652.3562160800408
267.91370444042946 63.59745124355663 39633427963579560 8 541-542-543-544-546-549-550-551 0.7830782029744972 0.8333333333333334 18 1.355656532916413 1.0 [-1,-1] 1.0 1.0 1.0 0.0007064174578981374 0.12774458208408304 26.402548756443373 92.08629555957054 2820.2429319292846 2820.2429319292846 -1500.07252670243 -2237.070689876027 836.1024687365015
267.3493018242908 63.126389062903925 39633425245668343 7 541-542-543-544-546-549-551 0.6999177115599133 1.0 18 1.2449004753304307 1.0 [-1,-1] 1.0 1.0 1.0 0.0005639081233901963 0.1550231922816235 26.873610937096075 92.65069817570918 2578.952274704082 2578.952274704082 -66.80231679897074 -2540.8660488239475 -436.4997223429011
268.34599994546784 61.87105365182079 39633408455869831 8 541-542-543-544-547-548-549-550 0.4352415927799601 1.0 18 0.915330377226114 1.0 [-1,-1] 1.0 1.0 1.0 0.0006285113834356281 0.1413409039925048 28.128946348179213 91.65400005453216 1724.5386356335916 1724.5386356335916 -213.28326875592802 -130.12418342678512 -1706.34446989735
270.9581471060167 62.78809944645313 39633419763715170 8 541-542-543-544-547-548-549-550 0.7172997518326906 1.0 18 0.6246133485890335 1.0 [-1,-1] 1.0 1.0 1.0 0.0005823912580269674 0.15084542533972659 27.21190055354687 89.04185289398328 2630.3986297877864 2630.3986297877864 1088.5532686561464 2023.5551815502129 -1280.3410327365002
271.8445130320777 63.29076819176069 39633425279223413 8 541-542-543-544-547-548-549-550 0.586595418321299 1.0 18 1.2334287797076458 1.0 [-1,-1] 1.0 1.0 1.0 0.0005369919189708607 0.1615383650856205 26.70923180823931 88.15548696792229 2229.8668261488438 2229.8668261488438 2189.3263710315355 423.07786588223945 -12.697356635700901
268.72463480437966 62.794056854467115 39633419746937797 9 541-542-543-544-547-548-549-550-551 0.8808699940315828 0.9655172413793104 18 0.5369719089954021 1.0 [-1,-1] 1.0 1.0 1.0 0.0005346154933450218 0.1621399955636538 27.205943145532885 91.27536519562034 3088.8913313477997 3088.8913313477997 -2668.5376466170424 -455.8155007618928 -1487.410069459107
270.2146881491439 61.27256827763228 39633402688702241 9 541-542-543-544-547-548-549-550-551 0.8085604385964972 0.9655172413793104 18 1.268145375792518 1.0 [-1,-1] 1.0 1.0 1.0 0.0008239664519383997 0.11155322342262282 28.72743172236772 89.78531185085609 2891.778654169687 2891.778654169687 313.08820084741956 -1226.5558307670458 -2599.9846840342993
269.04248673212555 61.32006918562471 39633402680312467 9 541-542-543-544-547-548-549-550-551 0.9015081019898388 0.9655172413793104 18 1.242785326010798 1.0 [-1,-1] 1.0 1.0 1.0 0.0005723615213970424 0.15308410280969617 28.67993081437529 90.95751326787445 3143.5993291202526 3143.5993291202526 1226.6784390874045 -183.73052261444874 -2888.549782188843
269.1012285390711 61.34246706848281 39633402680313001 9 541-542-543-544-547-548-549-550-551 0.4377671270192156 0.9655172413793104 18 1.2141163698146666 1.0 [-1,-1] 1.0 1.0 1.0 0.0006285113834356281 0.1413409039925048 28.65753293151719 90.89877146092891 1733.354277496123 1733.354277496123 634.1920697249492 -133.4606511879227 -1607.639799394313
269.04938984217387 61.31798977728207 39633402680312542 9 541-542-543-544-547-548-549-550-551 0.9021381304657557 0.9655172413793104 18 1.2439554814549882 1.0 [-1,-1] 1.0 1.0 1.0 0.0005723615213970424 0.15308410280969617 28.682010222717928 90.95061015782613 3145.2588373573612 3145.2588373573612 1231.9621971256706 -193.2262111857358 -2887.4878233749623
267.4208263021594 63.05432174511777 39633422502596028 9 541-542-543-544-547-548-549-550-551 0.8198227281555681 0.9655172413793104 18 1.183372990340077 1.0 [-1,-1] 1.0 1.0 1.0 0.000762533893525711 0.11946670068019369 26.945678254882232 92.57917369784059 2923.0459216394424 2923.0459216394424 -277.1189114066004 -2824.2083526481624 -700.8921099471379
271.4470639935138 62.95476557612367 39633422536147583 9 541-542-543-544-547-548-549-550-551 0.8617625982451227 0.9655172413793104 18 0.8986574668870015 1.0 [-1,-1] 1.0 1.0 1.0 0.0006576102792991648 0.1359368301360722 27.04523442387633 88.55293600648622 3037.635017472485 3037.635017472485 2380.8073600440566 1588.3713246667396 -1017.8700058020872
271.6692781960023 61.64631448038896 39633408481037260 9 541-542-543-544-547-548-549-550-551 0.8689686201265845 0.9655172413793104 18 1.2599409588549277 1.0 [-1,-1] 1.0 1.0 1.0 0.0006576102792991648 0.1359368301360722 28.35368551961104 88.33072180399768 3057.034418969052 3057.034418969052 -226.2649821099691 -86.75333255041816 -3047.414880833199
266.98921262948375 62.57716040542948 39633416945141709 9 541-542-543-544-547-548-549-550-551 0.9610963558088257 0.9655172413793104 18 1.2646899159345826 1.0 [-1,-1] 1.0 1.0 1.0 0.0003767415448896098 0.21544643941305056 27.42283959457052 93.01078737051625 3297.834703669897 3297.834703669897 812.8238646564924 -2343.912324150716 -2172.8106485538015
272.50797975244836 62.24116641556654 39633414181094399 9 541-542-543-544-547-548-549-550-551 0.45032136219895713 0.9655172413793104 18 1.3175888859407008 1.0 [-1,-1] 1.0 1.0 1.0 0.0005330850268982689 0.1625298359500762 27.75883358443346 87.49202024755164 1776.9789765325415 1776.9789765325415 779.9879587687215 -398.7363793655885 -1546.053804686261
268.10031584469834 63.43784055404574 39633427967771051 9 541-542-543-544-547-548-549-550-551 0.830658696629396 0.9655172413793104 18 1.1791692915936562 1.0 [-1,-1] 1.0 1.0 1.0 0.0006366829495309179 0.1397804201853648 26.562159445954258 91.89968415530166 2952.9298433693884 2952.9298433693884 -2050.393875597638 -2083.87823382029 416.0902803278246
268.3991660896613 63.668500346409054 39633430660514411 9 541-542-543-544-547-548-549-550-551 0.6530470634917259 0.9655172413793104 18 1.2967547615669122 1.0 [-1,-1] 1.0 1.0 1.0 0.0006371005092682059 0.1397016056866948 26.331499653590946 91.60083391033868 2437.4841905295716 2437.4841905295716 -1998.5539562134195 -1077.9641452591773 886.0612646543926
268.64618858468435 61.62114884776817 39633405574385389 9 541-542-543-544-547-548-549-550-551 0.515246040732491 0.9655172413793104 18 1.0322613916814274 1.0 [-1,-1] 1.0 1.0 1.0 0.0006888416087567301 0.1305783864573065 28.37885115223183 91.35381141531565 1997.4061940884376 1997.4061940884376 202.02732659521521 51.075140115657504 -1986.5064292757306
268.5520039465476 62.20631913026786 39633414147542624 9 541-542-543-544-547-548-549-550-551 0.9541299575389738 0.9655172413793104 18 0.6300527682914701 1.0 [-1,-1] 1.0 1.0 1.0 0.0003767415448896098 0.21544643941305056 27.793680869732142 91.44799605345241 3280.0835193341345 3280.0835193341345 -1428.8397451296264 -508.343538872237 -2908.42770634447
270.02617244389785 62.08114295238819 39633411328966913 9 541-542-543-544-547-548-549-550-551 0.5365142632659384 0.9655172413793104 18 0.4599430618145715 1.0 [-1,-1] 1.0 1.0 1.0 0.0006094867785671962 0.14511252611805409 27.91885704761181 89.97382755610215 2067.7552549340285 2067.7552549340285 -305.511880142296 651.588495348357 -1938.4805178615732
271.17278719814874 61.626704610785474 39633408476843482 9 541-542-543-544-547-548-549-550-551 0.6088213767208837 0.9655172413793104 18 1.1200187800515338 1.0 [-1,-1] 1.0 1.0 1.0 0.0006106036532175123 0.14488555312656437 28.373295389214526 88.82721280185126 2300.2452762321527 2300.2452762321527 -147.82429418788948 -172.61827965025287 -2288.990877746517
271.4921567202196 62.30732081480779 39633414172706088 9 541-542-543-544-547-548-549-550-551 0.7485236088786557 0.9655172413793104 18 0.8432576894583012 1.0 [-1,-1] 1.0 1.0 1.0 0.0006073340474539246 0.1455520198534496 27.692679185192212 88.50784327978039 2721.4592077148454 2721.4592077148454 1279.9326567085777 772.8932809419272 -2273.9280089355643
271.20704788700596 62.21971874969862 39633414168513642 9 541-542-543-544-547-548-549-550-551 0.9341854686301906 0.9655172413793104 18 0.7479031490188173 1.0 [-1,-1] 1.0 1.0 1.0 0.0003671239319408774 0.21984967794317842 27.78028125030138 88.79295211299404 3228.8556131419864 3228.8556131419864 1035.1672391652255 1128.160242853743 -2842.743714076551
269.2801107812251 61.976530233607406 39633411320580831 9 541-542-543-544-547-548-549-550-551 0.7250213078962687 0.9655172413793104 18 0.5824432354656838 1.0 [-1,-1] 1.0 1.0 1.0 0.0005823912580269674 0.15084542533972659 28.023469766392594 90.71988921877488 2653.0786142656293 2653.0786142656293 -610.0709167419462 248.13637048384047 -2570.0326752129786
267.63388351123143 62.71234614870185 39633419738548862 9 541-542-543-544-547-548-549-550-551 0.7375994260163752 0.9655172413793104 18 0.983060024669991 1.0 [-1,-1] 1.0 1.0 1.0 0.0006073340474539246 0.1455520198534496 27.287653851298153 92.36611648876857 2689.7963544113095 2689.7963544113095 -686.3509006148217 -2136.278058757039 -1483.321585194138
272.6318416895022 62.38958048310907 39633416987086353 9 541-542-543-544-547-548-549-550-551 0.643409064978404 0.9655172413793104 18 1.3481588823334323 1.0 [-1,-1] 1.0 1.0 1.0 0.0007982518636535506 0.11473445525619816 27.61041951689093 87.36815831049779 2407.8902683537854 2407.8902683537854 1227.5720833974883 -833.4200374350218 -1896.4211994432624
270.9223128863593 61.71063500058132 39633408476841196 9 541-542-543-544-547-548-549-550-551 0.5169864519888885 0.9655172413793104 18 0.9828333573897181 1.0 [-1,-1] 1.0 1.0 1.0 0.0006888416087567301 0.1305783864573065 28.28936499941868 89.0776871136407 2003.1970643872428 2003.1970643872428 -13.304909765004508 -27.010010044533242 -2002.9707730027433
271.6086599674312 61.441033134827094 39633405599550177 9 541-542-543-544-547-548-549-550-551 1.0638166983778239 0.9655172413793104 18 1.393817652886498 1.0 [-1,-1] 1.0 1.0 1.0 0.00014839258087788972 0.41078905010633954 28.558966865172906 88.39134003256879 3551.306785879181 3551.306785879181 -907.791852564454 -412.76218048222614 -3408.4191676219452
271.5001082267624 63.65043166136097 39633430681488140 9 541-542-543-544-547-548-549-550-551 0.5544722476618996 0.9655172413793104 18 1.385495795364231 1.0 [-1,-1] 1.0 1.0 1.0 0.0006724560872077301 0.13333590500666823 26.34956833863903 88.49989177323761 2126.452759411081 2126.452759411081 1715.6079666332128 1017.4504390169777 737.0788607576625
272.4836011216458 62.877707810712955 39633422544535732 8 541-542-543-544-547-548-549-551 0.47911371315011153 1.0 18 1.3125489602102376 1.0 [-1,-1] 1.0 1.0 1.0 0.000668512811805897 0.13401699399284683 27.122292189287045 87.51639887835421 1875.7971718565002 1875.7971718565002 1544.4576314790102 -742.6236319784651 -762.7422865806013
270.5031166147323 61.39875765403851 39633405591161288 8 541-542-543-544-547-548-549-551 0.48896696525228794 1.0 18 1.1786529486924 1.0 [6917370560510935039,-17720934913] 0.9140625 1.0 1.0932203389830508 0.000668512811805897 0.13401699399284683 28.601242345961488 89.49688338526772 1909.2232582787015 1909.2232582787015 -23.602324125354937 -612.6291008857554 -1808.1100533419237
270.50110709284394 61.39841820505627 39633405591161258 8 541-542-543-544-547-548-549-551 0.42672952432736105 1.0 18 1.1786857211718589 1.0 [-2305843009817673729,-54043195528445953] 0.9609375 1.0 1.0403225806451613 0.0005613841910631427 0.1556117057517016 28.601581794943733 89.49889290715606 1694.7282056927197 1694.7282056927197 -19.877734072035743 -544.3876202979512 -1604.7899194987986
271.5079155322521 61.48920337756183 39633405599549239 8 541-542-543-544-547-548-549-551 0.4427656673043087 1.0 18 1.3261830393936407 1.0 [-1,-1] 1.0 1.0 1.0 0.0006285113834356281 0.1413409039925048 28.51079662243817 88.49208446774787 1750.7629951560305 1750.7629951560305 -354.3935292764154 -206.45212801660648 -1702.0440095520844
