data_rosette/LRG_7_clustering_data.ecsv
# %ECSV 1.0
# ---
# datatype:
# - {name: RA, unit: deg, datatype: float64}
# - {name: DEC, unit: deg, datatype: float64}
# - {name: TARGETID, datatype: int64}
# - {name: NTILE, datatype: int64}
# - {name: TILES, datatype: string}
# - {name: Z, datatype: float64}
# - {name: COMP_TILE, datatype: float64}
# - {name: ROSETTE_NUMBER, datatype: int32}
# - {name: ROSETTE_R, unit: deg, datatype: float64}
# - {name: FRACZ_TILELOCID, datatype: float64}
# - {name: BITWEIGHTS, datatype: string, subtype: 'int64[2]'}
# - {name: PROB_OBS, datatype: float64}
# - {name: WEIGHT_ZFAIL, datatype: float64}
# - {name: WEIGHT, datatype: float64}
# - {name: NZ, unit: h3 / Mpc3, datatype: float64}
# - {name: WEIGHT_FKP, datatype: float64}
# - {name: theta, unit: deg, datatype: float64}
# - {name: phi, unit: deg, datatype: float64}
# - {name: rho, unit: Mpc, datatype: float64}
# - {name: r, unit: Mpc, datatype: float64}
# - {name: x, unit: Mpc, datatype: float64}
# - {name: y, unit: Mpc, datatype: float64}
# - {name: z, unit: Mpc, datatype: float64}
# meta: !!omap
# - {EXTNAME: LSS}
# - {DESIDR: edr}
# - comments: ['Visit https://desidatamodel.readthedocs.io/en/latest/ for a more complet', e description]
# schema: astropy-2.0
RA DEC TARGETID NTILE TILES Z COMP_TILE ROSETTE_NUMBER ROSETTE_R FRACZ_TILELOCID BITWEIGHTS PROB_OBS WEIGHT_ZFAIL WEIGHT NZ WEIGHT_FKP theta phi rho r x y z
[from data line 5372]
218.17256300901187 32.72532397621531 39632936152075150 2 192-200 0.7667890412781765 0.6190476190476191 7 1.7032037223691816 1.0 [-1,-1] 1.0 1.0 1.0 0.0007242712797402853 0.12498917450484462 57.27467602378469 141.82743699098813 2773.9335765489177 2773.9335765489177 -1653.6033921553644 -810.5772303924933 2074.431937212445
218.82008242368335 32.95057014846441 39632941243959284 2 192-200 0.5711481107453127 0.6190476190476191 7 1.6797001365241409 1.0 [-1,-1] 1.0 1.0 1.0 0.0005369919189708607 0.1615383650856205 57.04942985153559 141.17991757631665 2180.3893507319813 2180.3893507319813 -1027.6065313125193 199.49653331008875 1912.6744811353917
218.34772268387394 32.76603225544827 39632936156268000 2 192-200 0.766616145296434 0.6190476190476191 7 1.6964747956282018 1.0 [-145523746298439713,-77368131697] 0.828125 1.0 1.205607476635514 0.0007242712797402853 0.12498917450484462 57.23396774455173 141.65227731612606 2773.4395864586695 2773.4395864586695 -1686.6690452637395 -486.119290414965 2147.2779761762545
217.109075345414 32.874310535906524 39632936139489872 2 192-200 0.9608970997003748 0.6190476190476191 7 1.6305152746927194 0.5 [-290486609445388324,-1279171827754600467] 0.8671875 1.0 1.1517857142857142 0.0003767415448896098 0.21544643941305056 57.125689464093476 142.890924654586 3297.3279919733773 3297.3279919733773 -92.67065903534888 -1796.4035369481687 2763.4613020712354
217.09093472505157 32.88519191860742 39632941218794209 2 192-200 0.44447143054831817 0.6190476190476191 7 1.6257469938858742 1.0 [-1,-1] 1.0 1.0 1.0 0.0006285113834356281 0.1413409039925048 57.11480808139258 142.90906527494843 1756.6918516050391 1756.6918516050391 -31.465797386492483 -941.726321735522 1482.6084108896919
218.83379834260407 32.935302661571676 39632941243959488 2 192-200 0.5738176818815078 0.6190476190476191 7 1.6986819250535863 0.5 [2666920447018822184,-3439925753246190629] 0.3828125 1.0 2.58 0.0005369919189708607 0.1615383650856205 57.064697338428324 141.16620165739593 2188.9731971296246 2188.9731971296246 -1057.3870710313008 220.3688131868143 1903.9364028092884
218.8449095351511 32.930479260026075 39632941243959658 2 192-200 0.8465705626270172 0.6190476190476191 7 1.7075453701253176 0.5 [3956051559258057821,-1685240534098830289] 0.6015625 1.0 1.6538461538461537 0.0006366829495309179 0.1397804201853648 57.069520739973925 141.1550904648489 2996.460441220961 2996.460441220961 -1456.2646063676793 320.42194235325314 2599.1149168325496
218.75686628400658 32.91889090439932 39632941243958385 2 192-200 0.9431529710074994 0.6190476190476191 7 1.6816423659318562 1.0 [-1,-1] 1.0 1.0 1.0 0.0003671239319408774 0.21984967794317842 57.08110909560068 141.24313371599342 3251.963851877003 3251.963851877003 -1637.2029802455593 211.6056516853202 2801.7955570606155
218.37890080774343 32.78274094413899 39632936156268446 2 192-200 0.8709298750448995 0.6190476190476191 7 1.6876117079332216 1.0 [-1,-1] 1.0 1.0 1.0 0.0005346154933450218 0.1621399955636538 57.21725905586101 141.62109919225657 3062.2998374159574 3062.2998374159574 -1839.5172083161074 -468.5887028528191 2402.97344182274
215.8261593210416 34.72611161839439 39632976375447695 1 193 1.0850068159168547 0.5454545454545454 7 1.6578225106334334 1.0 [-1,-1] 1.0 1.0 1.0 0.00012850791192818028 0.44600300211103894 55.27388838160561 144.1738406789584 3601.731076639509 3601.731076639509 -3248.526934545533 1147.009366719014 1050.6707460578903
216.2222012523522 35.48431718698626 39632991227479447 1 193 0.9441104612366011 0.5454545454545454 7 1.6877179958792854 1.0 [-1,-1] 1.0 1.0 1.0 0.0003671239319408774 0.21984967794317842 54.51568281301374 143.7777987476478 3254.42393810618 3254.42393810618 -2160.022191453041 1954.3983026760297 -1451.1742058919024
219.30534357847412 35.41404388065736 39632991269422667 1 193 0.7904859562628579 0.5454545454545454 7 1.5975482721640162 1.0 [-1,-1] 1.0 1.0 1.0 0.0008239664519383997 0.11155322342262282 54.58595611934264 140.69465642152588 2841.152284761389 2841.152284761389 2046.6215317225974 -1644.9371611300576 -1085.2042881539394
215.98807164725474 35.091251772715204 39632981341504342 1 193 1.0958004110952912 0.5454545454545454 7 1.6414507101073248 0.3333333333333333 [2029997542783221987,4643325578450626437] 0.28125 1.0 3.4864864864864864 5.9370222311395755e-05 0.6353792046182113 54.908748227284796 144.01192835274526 3627.1789316717163 3627.1789316717163 -3173.2308742698597 1739.0431929925774 -250.52264139174846
216.28563336244937 35.50620695780612 39632991227480340 1 193 0.8702189591861552 0.5454545454545454 7 1.662570710018805 1.0 [-1,-1] 1.0 1.0 1.0 0.0005346154933450218 0.1621399955636538 54.49379304219388 143.71436663755063 3060.3919432158596 3060.3919432158596 -1889.360549068944 1941.0639400759303 -1424.284501867288
216.17103337774478 35.46674443110442 39632991227478688 1 193 1.0531904407900234 0.5454545454545454 7 1.7091584591217315 1.0 [-1,-1] 1.0 1.0 1.0 0.00014839258087788972 0.41078905010633954 54.53325556889558 143.82896662225522 3525.785995456237 3525.785995456237 -2466.390025596009 2012.057695941893 -1516.479790698461
218.29896697598127 35.550426775976135 39632991256838603 7 193-194-195-196-197-198-199 0.8684011246332732 1.0 7 1.220913107815705 1.0 [-1,-1] 1.0 1.0 1.0 0.0006576102792991648 0.1359368301360722 54.449573224023865 141.70103302401873 3055.509697926587 3055.509697926587 2497.0928950084717 853.5412403903946 -1540.1733469887272
218.9218432250522 34.48512780535508 39632971434559879 9 193-194-195-196-197-198-199-200-463 0.6563350554139983 1.0 7 0.9290801349773382 1.0 [-327681,-70373039145089] 0.9609375 1.0 1.0403225806451613 0.0006371005092682059 0.1397016056866948 55.51487219464492 141.0781567749478 2447.540445013449 2447.540445013449 2013.1017151153596 -608.4443998682744 1252.0667421687888
217.57730667048696 35.657633661873184 39632996168369226 9 193-194-195-196-197-198-199-200-463 0.801525375379283 1.0 7 1.2707842513796173 1.0 [-1,-1] 1.0 1.0 1.0 0.0008239664519383997 0.11155322342262282 54.342366338126816 142.42269332951304 2872.139226402766 2872.139226402766 1148.0407299843016 2006.153490072122 -1704.8561207357166
216.2206039951321 34.235446856946744 39632966401393220 9 193-194-195-196-197-198-199-200-463 0.6845573671826052 1.0 7 1.3147848114528098 1.0 [-1,-1] 1.0 1.0 1.0 0.0008053318504768218 0.11384060807160488 55.764553143053256 143.7793960048679 2533.0346119637243 2533.0346119637243 -1328.3651410257899 1198.0578826366595 1793.4234601359249
219.05036229531265 34.56567966587423 39632971438752108 9 193-194-195-196-197-198-199-200-463 0.8133740877871256 1.0 7 1.043892597184058 1.0 [-1,-1] 1.0 1.0 1.0 0.000762533893525711 0.11946670068019369 55.43432033412577 140.94963770468735 2905.1686926923135 2905.1686926923135 2378.939877203341 -1068.1717118606957 1280.4918537936549
216.22220165887396 34.230292237375515 39632966401393246 9 193-194-195-196-197-198-199-200-463 0.6828716818295993 1.0 7 1.3141710249937688 1.0 [-1,-1] 1.0 1.0 1.0 0.0008053318504768218 0.11384060807160488 55.769707762624485 143.77779834112604 2527.9692954213087 2527.9692954213087 -1316.9380833292596 1191.5727847989815 1799.0156035444395
217.88941232080867 33.284460857825685 39632946293903105 9 193-194-195-196-197-198-199-200-463 0.6817024146518804 1.0 7 1.1180081599877718 1.0 [-1,-1] 1.0 1.0 1.0 0.0008053318504768218 0.11384060807160488 56.715539142174315 142.11058767919133 2524.452709672625 2524.452709672625 -309.9503678740644 -282.3982232156385 2489.386168587116
219.19620717513973 34.733676915859704 39632976421585414 8 193-194-195-196-197-198-200-463 0.929299012700259 1.0 7 1.1971564993047157 1.0 [-1,-1] 1.0 1.0 1.0 0.00042618922305278896 0.1953324009783564 55.266323084140296 140.80379282486027 3216.2118761859424 3216.2118761859424 2599.3904974881193 -1658.3508865989222 914.9099469371492
217.84489257489545 35.44193034441831 39632991248452382 8 193-194-195-196-197-198-200-463 0.792265121656727 1.0 7 1.0425802977840184 1.0 [-1,-1] 1.0 1.0 1.0 0.0008239664519383997 0.11155322342262282 54.55806965558169 142.15510742510455 2846.1602754745886 2846.1602754745886 1841.3887527817078 1834.1840700973157 -1160.0364527978668
219.1842354893676 34.75409051883166 39632976421585267 8 193-194-195-196-197-198-200-463 0.656977896850582 1.0 7 1.1934541508644938 1.0 [-1,-1] 1.0 1.0 1.0 0.0006371005092682059 0.1397016056866948 55.24590948116834 140.8157645106324 2449.504209613068 2449.504209613068 2006.3701790619245 -1246.4762736881275 648.7268120061945
216.97712138937257 34.869009811694006 39632976388033591 8 193-194-195-196-197-198-200-463 0.5165714512292169 1.0 7 0.8236330450517048 1.0 [-1,-1] 1.0 1.0 1.0 0.0006888416087567301 0.1305783864573065 55.130990188305994 143.02287861062743 2001.816786083332 2001.816786083332 -158.9171057857844 1972.0030138897598 305.31936024984674
217.11662572894593 34.35933367890012 39632966413975942 8 193-194-195-196-197-199-200-463 1.077746692155358 1.0 7 0.5654614159445159 1.0 [-1,-1] 1.0 1.0 1.0 0.00012850791192818028 0.44600300211103894 55.64066632109988 142.88337427105407 3584.5244625820055 3584.5244625820055 166.87128445132646 2820.6612520653625 2205.6381612520763
217.08416116058402 34.37743993679304 39632971409394104 8 193-194-195-196-197-199-200-463 1.0709993224323235 1.0 7 0.5911572949280968 1.0 [-1,-1] 1.0 1.0 1.0 0.00012850791192818028 0.44600300211103894 55.62256006320696 142.91583883941598 3568.468090712077 3568.468090712077 75.93706314188786 2851.218847244 2144.469436012618
217.2409683626992 34.34939205787077 39632966413977531 7 193-194-195-196-197-200-463 0.6878154770255561 1.0 7 0.4641704788798958 1.0 [-1,-1] 1.0 1.0 1.0 0.0008053318504768218 0.11384060807160488 55.65060794212923 142.7590316373008 2542.8101886955983 2542.8101886955983 362.76786773240417 1955.4155763978804 1584.4977290787053
218.99369831948724 34.901623581723875 39632981383446646 7 193-194-195-196-198-199-200 0.5350639651692821 1.0 7 1.102667144801267 1.0 [-1,-1] 1.0 1.0 1.0 0.0006094867785671962 0.14511252611805409 55.098376418276125 141.00630168051276 2062.9868420302473 2062.9868420302473 1912.8409612388969 -731.7449600720516 247.99895323516344
219.17328678944594 34.259417859493276 39632966439144792 8 193-194-195-196-198-199-200-463 0.6889236640748903 1.0 7 1.142739452081527 1.0 [-1,-1] 1.0 1.0 1.0 0.0008053318504768218 0.11384060807160488 55.740582140506724 140.82671321055406 2546.1307582450586 2546.1307582450586 1574.1307698682397 -954.217287877476 1759.0803065668533
217.14286456142702 35.60503537417432 39632991240062189 8 193-194-195-196-198-199-200-463 0.5096529338182765 1.0 7 1.3197822696310422 1.0 [-1,-1] 1.0 1.0 1.0 0.0007365189099627642 0.12316671624379881 54.39496462582568 142.85713543857298 1978.7549125388102 1978.7549125388102 140.79425987273416 1645.9847720918428 -1089.2116921540678
216.9333284769306 35.72821055308111 39632996159980387 7 193-194-195-196-198-199-463 0.4163131572071713 1.0 7 1.505756622285575 1.0 [-1,-1] 1.0 1.0 1.0 0.0005613841910631427 0.1556117057517016 54.27178944691889 143.0666715230694 1658.0420827639 1658.0420827639 -156.29799449198836 1251.9016452242327 -1075.833052020012
217.7560665004355 34.41125534621878 39632971417783542 7 193-194-195-196-198-200-463 0.5076437027941932 1.0 7 0.037954940179096425 1.0 [-1,-1] 1.0 1.0 1.0 0.0007365189099627642 0.12316671624379881 55.58874465378122 142.2439334995645 1972.0393309283668 1972.0393309283668 1038.848902952084 1237.0453193772541 1131.1281790188407
216.23185179174743 34.16218649327857 39632966401393388 7 193-194-195-196-198-200-463 0.859797096008614 1.0 7 1.3173641374051843 1.0 [-1,-1] 1.0 1.0 1.0 0.0006576102792991648 0.1359368301360722 55.83781350672143 143.76814820825257 3032.329097477614 3032.329097477614 -1454.246790543933 1341.5587393378082 2297.913439733626
217.46593850428997 33.70701999753912 39632956381204130 7 193-194-195-196-199-200-463 0.8691726506211918 1.0 7 0.7462059866737988 1.0 [-1,-1] 1.0 1.0 1.0 0.0006576102792991648 0.1359368301360722 56.29298000246088 142.53406149571003 3057.58247205089 3057.58247205089 307.1108254712565 709.6967007985728 2958.1791878023237
218.13238706442053 35.84115342851963 39632996176757364 7 193-194-195-196-199-200-463 0.8141169202859836 1.0 7 1.4665704136807463 1.0 [-1,-1] 1.0 1.0 1.0 0.000762533893525711 0.11946670068019369 54.15884657148037 141.86761293557947 2907.231554053603 2907.231554053603 1746.2404243820795 944.79812697009 -2123.675160756143
218.95340921668495 34.71715291111957 39632976417391972 7 193-194-195-197-198-199-200 0.47127387054141523 1.0 7 1.0014263070252427 1.0 [-1,-1] 1.0 1.0 1.0 0.000668512811805897 0.13401699399284683 55.28284708888043 141.04659078331505 1849.0592795542627 1849.0592795542627 1671.3586462810813 -563.3068855415627 555.21693733951
219.05535640156407 33.89856944094082 39632961426950891 7 193-194-195-197-198-199-200 0.8373600736609876 1.0 7 1.1535711191518998 1.0 [-1,-1] 1.0 1.0 1.0 0.0006366829495309179 0.1397804201853648 56.10143055905918 140.94464359843593 2971.313828728101 2971.313828728101 1169.629323825194 -532.2119387892682 2679.071399916253
219.26493152898564 34.40269092315341 39632971438755073 8 193-194-195-197-198-199-200-463 0.9447255610616956 1.0 7 1.2087078283493857 1.0 [-1,-1] 1.0 1.0 1.0 0.0003671239319408774 0.21984967794317842 55.59730907684659 140.73506847101436 3256.0035815100728 3256.0035815100728 2131.7687816976386 -1575.9608637190845 1890.3620130048062
218.52703177767046 34.94741969381884 39632981375060034 8 193-194-195-197-198-199-200-463 0.5678936113000523 1.0 7 0.8106553665025397 1.0 [-1,-1] 1.0 1.0 1.0 0.0006724560872077301 0.13333590500666823 55.05258030618116 141.47296822232954 2169.9058422499884 2169.9058422499884 2152.7604420648254 218.82105894072697 161.96045034374637
218.52996621544594 34.94600067846268 39632981375060074 8 193-194-195-197-198-199-200-463 0.5671026343654954 1.0 7 0.8114852977162306 1.0 [-1,-1] 1.0 1.0 1.0 0.0006724560872077301 0.13333590500666823 55.05399932153732 141.47003378455406 2167.3547853768846 2167.3547853768846 2150.6310355140463 212.23039724602145 164.83680797885364
219.25891063839344 34.40163831264079 39632971438754979 8 193-194-195-197-198-199-200-463 0.5431288821109213 1.0 7 1.203745810520371 1.0 [-1,-1] 1.0 1.0 1.0 0.0006094867785671962 0.14511252611805409 55.59836168735921 140.74108936160656 2089.4502531607823 2089.4502531607823 1373.0358299332704 -1002.3209814065171 1214.8776153939907
218.51061689947625 33.19386879132829 39632946306482237 6 193-194-195-197-198-200 0.9244506923637519 1.0 7 1.3429258572528642 1.0 [-1,-1] 1.0 1.0 1.0 0.00042618922305278896 0.1953324009783564 56.80613120867171 141.48938310052375 3203.6304672948295 3203.6304672948295 -810.0902801083195 -95.8016166829281 3098.035500005552
219.01208211894814 34.49297001267461 39632971434561032 8 193-194-196-197-198-199-200-463 0.6575425914315397 1.0 7 1.0038575575268356 1.0 [-1,-1] 1.0 1.0 1.0 0.0006371005092682059 0.1397016056866948 55.50702998732539 140.98791788105186 2451.2286154366275 2451.2286154366275 1962.0769341027174 -792.2263986588858 1237.3977384274701
219.00492137666944 34.854564771271136 39632976417392636 7 193-194-196-197-198-199-463 0.7371439057729086 1.0 7 1.0907129482285345 1.0 [-1,-1] 1.0 1.0 1.0 0.0006073340474539246 0.1455520198534496 55.145435228728864 140.99507862333056 2688.471500230418 2688.471500230418 2465.057569932744 -974.8439834638818 448.38531685676213
216.8985279502465 34.442768605117855 39632971405201142 7 193-194-196-197-198-200-463 0.5727091944028232 0.5 7 0.7448530031219927 1.0 [-1,-1] 1.0 1.0 1.0 0.0005369919189708607 0.1615383650856205 55.557231394882145 143.1014720497535 2185.4106131752733 2185.4106131752733 -289.5638635636614 1805.7106625564782 1196.487074826575
