data_rosette/LRG_7_clustering_data.ecsv
# %ECSV 1.0
# ---
# datatype:
# - {name: RA, unit: deg, datatype: float64}
# - {name: DEC, unit: deg, datatype: float64}
# - {name: TARGETID, datatype: int64}
# - {name: NTILE, datatype: int64}
# - {name: TILES, datatype: string}
# - {name: Z, datatype: float64}
# - {name: COMP_TILE, datatype: float64}
# - {name: ROSETTE_NUMBER, datatype: int32}
# - {name: ROSETTE_R, unit: deg, datatype: float64}
# - {name: FRACZ_TILELOCID, datatype: float64}
# - {name: BITWEIGHTS, datatype: string, subtype: 'int64[2]'}
# - {name: PROB_OBS, datatype: float64}
# - {name: WEIGHT_ZFAIL, datatype: float64}
# - {name: WEIGHT, datatype: float64}
# - {name: NZ, unit: h3 / Mpc3, datatype: float64}
# - {name: WEIGHT_FKP, datatype: float64}
# - {name: theta, unit: deg, datatype: float64}
# - {name: phi, unit: deg, datatype: float64}
# - {name: rho, unit: Mpc, datatype: float64}
# - {name: r, unit: Mpc, datatype: float64}
# - {name: x, unit: Mpc, datatype: float64}
# - {name: y, unit: Mpc, datatype: float64}
# - {name: z, unit: Mpc, datatype: float64}
# meta: !!omap
# - {EXTNAME: LSS}
# - {DESIDR: edr}
# - comments: ['Visit https://desidatamodel.readthedocs.io/en/latest/ for a more complet', e description]
# schema: astropy-2.0
RA DEC TARGETID NTILE TILES Z COMP_TILE ROSETTE_NUMBER ROSETTE_R FRACZ_TILELOCID BITWEIGHTS PROB_OBS WEIGHT_ZFAIL WEIGHT NZ WEIGHT_FKP theta phi rho r x y z
[from data line 1219]
217.4185090616009 34.888202921682414 39632981358284259 10 190-191-192-193-195-196-198-199-200-463 0.7297574974459767 1.0 7 0.5803824157925097 1.0 [-1,-1] 1.0 1.0 1.0 0.0005823912580269674 0.15084542533972659 55.111797078317586 -217.4185090616009 2666.9373256510794 2666.9373256510794 2106.3057526511416 -1596.6278004997341 356.1045379815058
217.42085182758206 34.8851832406004 39632981358284302 10 190-191-192-193-195-196-198-199-200-463 0.41620163000534116 1.0 7 0.576803170134502 1.0 [-1,-1] 1.0 1.0 1.0 0.0005613841910631427 0.1556117057517016 55.1148167593996 -217.42085182758206 1657.648054209244 1657.648054209244 1306.3185517408797 -995.046737533406 226.29826142820494
217.5244727615072 34.747293007125776 39632976396421692 10 190-191-192-193-195-196-198-199-200-463 0.5518996252505423 1.0 7 0.4148268349945334 1.0 [-1,-1] 1.0 1.0 1.0 0.0006724560872077301 0.13333590500666823 55.252706992874224 -217.5244727615072 2118.083089333377 2118.083089333377 1485.2349675360385 -1396.3991995600486 574.8237468966463
216.67939344186865 33.62777418254143 39632956372812852 10 190-191-192-193-195-196-198-199-200-463 0.5380966247185975 1.0 7 1.2079314177937668 1.0 [-1,-1] 1.0 1.0 1.0 0.0006094867785671962 0.14511252611805409 56.37222581745857 -216.67939344186865 2072.953095643113 2072.953095643113 362.37203316618144 32.88436972706904 2040.7693805383858
218.78570744252096 33.66046751298562 39632956402173076 10 190-191-192-193-195-196-198-199-200-463 0.6366605814330514 1.0 7 1.1019087023771386 1.0 [-1,-1] 1.0 1.0 1.0 0.0007982518636535506 0.11473445525619816 56.33953248701438 -218.78570744252096 2387.065081876677 2387.065081876677 -213.33797519412914 -447.31949635471153 2335.0528648482336
218.1432407270814 35.25089151774224 39632986315951352 10 190-191-192-193-195-196-198-199-200-463 0.631397845771506 1.0 7 0.8963281412681977 1.0 [-1,-1] 1.0 1.0 1.0 0.0007982518636535506 0.11473445525619816 54.74910848225776 -218.1432407270814 2370.765262497118 2370.765262497118 452.9527222783855 -2264.1379887554763 -537.6252683030574
216.3957081807869 34.9614007685213 39632981345700147 10 190-191-192-193-195-196-198-199-200-463 0.7540449076010647 1.0 7 1.2840112133763566 1.0 [-1,-1] 1.0 1.0 1.0 0.0007242712797402853 0.12498917450484462 55.0385992314787 -216.3957081807869 2737.3825659672125 2737.3825659672125 2543.27487661977 998.7071768643764 166.1330469699552
217.27773533777668 34.953574762072336 39632981358282263 10 190-191-192-193-195-196-198-199-200-463 0.7840110326512036 1.0 7 0.700648949950189 1.0 [-1,-1] 1.0 1.0 1.0 0.0007064174578981374 0.12774458208408304 55.046425237927664 -217.27773533777668 2822.8811255222477 2822.8811255222477 2460.8279694480907 -1369.5227240119063 193.36768609761495
218.71770596675594 34.9655571503327 39632981379252638 10 190-191-192-193-195-196-198-199-200-463 1.0086143113576265 1.0 7 0.9430410762788016 1.0 [-1,-1] 1.0 1.0 1.0 0.00023297360745577845 0.30751381291380364 55.0344428496673 -218.71770596675594 3416.988790772273 3416.988790772273 -1255.945841560697 -3171.921482913373 193.20079079129877
217.08011779547178 35.148552473420594 39632986303366360 10 190-191-192-193-195-196-198-199-200-463 0.8330304867411954 1.0 7 0.9539238377500528 1.0 [-1,-1] 1.0 1.0 1.0 0.0006366829495309179 0.1397804201853648 54.851447526579406 -217.08011779547178 2959.4448912605353 2959.4448912605353 2795.6843103335295 -896.2272718143519 -373.1487352507378
216.9621705823045 34.74430476909472 39632976388033380 10 190-191-192-193-195-196-198-199-200-463 0.9358634197805575 1.0 7 0.7710205101671014 1.0 [-1,-1] 1.0 1.0 1.0 0.0003671239319408774 0.21984967794317842 55.25569523090528 -216.9621705823045 3233.188864094534 3233.188864094534 3051.9129557213296 -594.1543439818768 886.745824423586
218.3077852641614 33.97088775314818 39632961418560506 10 190-191-192-193-195-196-198-199-200-463 0.6633174189722953 1.0 7 0.6004819110695827 1.0 [-1,-1] 1.0 1.0 1.0 0.0006371005092682059 0.1397016056866948 56.02911224685182 -218.3077852641614 2468.8291837927354 2468.8291837927354 40.325318220575035 -1225.0962667803863 2143.0423571590636
218.8713291931032 34.35191766267933 39632966434950335 10 190-191-192-193-195-196-198-199-200-463 0.6670142391783914 1.0 7 0.8855242543919574 1.0 [-1,-1] 1.0 1.0 1.0 0.0006371005092682059 0.1397016056866948 55.64808233732067 -218.8713291931032 2480.0639306576936 2480.0639306576936 -983.6287778010881 -1676.3254548592415 1540.494887048245
217.69218782228776 34.24034296543854 39632966422364232 10 190-191-192-193-195-196-198-199-200-463 0.913568056228053 1.0 7 0.1828082173169265 1.0 [-1,-1] 1.0 1.0 1.0 0.00042618922305278896 0.1953324009783564 55.75965703456146 -217.69218782228776 3175.25746807306 3175.25746807306 1361.0028307626062 -1795.8908119107145 2237.1203532453474
219.09177169581318 33.479723844739304 39632951364815734 10 190-191-192-193-195-196-198-199-200-463 0.537003268125386 1.0 7 1.4125661910004066 1.0 [-1,-1] 1.0 1.0 1.0 0.0006094867785671962 0.14511252611805409 56.520276155260696 -219.09177169581318 2069.3621014716323 2069.3621014716323 -40.08911061356295 -42.93942789393403 2068.5281181916394
216.93880778669086 35.400558828089615 39632991235869419 10 190-191-192-193-195-196-198-199-200-463 0.7063089601475323 1.0 7 1.2247252264675335 1.0 [-1,-1] 1.0 1.0 1.0 0.0005639081233901963 0.1550231922816235 54.599441171910385 -216.93880778669086 2597.9319734482815 2597.9319734482815 2379.75901868977 -405.8434819213038 -959.8378091175499
217.1127138200516 35.00202024970732 39632981354089774 10 190-191-192-193-195-196-198-199-200-463 0.5681757075447891 1.0 7 0.8256462273300164 1.0 [-1,-1] 1.0 1.0 1.0 0.0006724560872077301 0.13333590500666823 54.99797975029268 -217.1127138200516 2170.815361724117 2170.815361724117 2044.0828145038406 -729.5612320403582 43.6484919696239
217.18779314986728 35.15093765548214 39632986303367689 10 190-191-192-193-195-196-198-199-200-463 0.8055933998352821 1.0 7 0.9037525308697139 1.0 [-1,-1] 1.0 1.0 1.0 0.0008239664519383997 0.11155322342262282 54.84906234451786 -217.18779314986728 2883.5058954952697 2883.5058954952697 2613.5281580136475 -1160.553299294329 -370.3955400957392
216.64478692119735 34.311730636533014 39632966405589050 9 190-191-192-193-195-196-198-199-463 0.4573111858154279 1.0 7 0.9577552380090804 1.0 [-1,-1] 1.0 1.0 1.0 0.0005330850268982689 0.1625298359500762 55.688269363466986 -216.64478692119735 1801.1260575943 1801.1260575943 1354.7663645540192 170.3794700532476 1174.5782260039755
217.2308558477127 33.97152058536793 39632961401785115 9 190-191-192-193-195-196-198-199-463 1.0205625677060066 1.0 7 0.6365935381629882 1.0 [-1,-1] 1.0 1.0 1.0 0.00020130102782971312 0.3394727840281335 56.02847941463207 -217.2308558477127 3446.4296896714277 3446.4296896714277 1534.2281337910454 -761.9719747008381 2990.5551907803415
217.92122840852076 34.16386760645045 39632966422367092 9 190-191-192-193-195-196-198-199-463 0.637132588509618 1.0 7 0.25649975406302816 1.0 [-1,-1] 1.0 1.0 1.0 0.0007982518636535506 0.11473445525619816 55.83613239354955 -217.92122840852076 2388.524437271258 2388.524437271258 635.9527853721555 -1426.138995463207 1807.4126833234773
216.55563385429957 35.00149812705295 39632981349892233 9 190-191-192-193-195-196-198-199-463 0.7374338164654646 1.0 7 1.1867484644194917 1.0 [-1,-1] 1.0 1.0 1.0 0.0006073340474539246 0.1455520198534496 54.99850187294705 -216.55563385429957 2689.3147310426825 2689.3147310426825 2627.262103184448 571.6902813192188 55.477797533422795
216.83125753515696 33.72872793982048 39632956372814760 9 190-191-192-193-195-196-198-199-463 1.093163777520867 1.0 7 1.0462380152269757 1.0 [-1,-1] 1.0 1.0 1.0 5.9370222311395755e-05 0.6353792046182113 56.27127206017952 -216.83125753515696 3620.9772271266133 3620.9772271266133 989.7448657470717 -60.81148654559252 3482.5541120276885
217.17261191210667 35.14055940787157 39632986303367508 9 190-191-192-193-195-196-198-199-463 0.9512727736921183 1.0 7 0.9022301830903682 1.0 [-1,-1] 1.0 1.0 1.0 0.0003767415448896098 0.21544643941305056 54.85944059212843 -217.17261191210667 3272.781890520757 3272.781890520757 2989.8645668187537 -1273.6874733373459 -386.69289528753063
219.16333985271095 35.26294383118605 39632986332725905 9 190-191-192-193-195-196-198-199-463 0.5526886199616191 1.0 7 1.413127746921551 1.0 [-1,-1] 1.0 1.0 1.0 0.0006724560872077301 0.13333590500666823 54.73705616881395 -219.16333985271095 2120.651364229958 2120.651364229958 -1509.4823744408773 -1401.0097687732416 -505.7635788238025
217.93828523244343 34.15738583604185 39632966422367316 9 190-191-192-193-195-196-198-199-463 0.678029213031938 1.0 7 0.26817595082570184 1.0 [-1,-1] 1.0 1.0 1.0 0.0008053318504768218 0.11384060807160488 55.84261416395815 -217.93828523244343 2513.3892120170726 2513.3892120170726 638.6639054085242 -1500.514101053891 1912.509131886843
219.14232175002888 34.28911740910278 39632966439144387 9 190-191-192-193-195-196-198-199-463 0.8169532946384974 1.0 7 1.1138256010092173 1.0 [-1,-1] 1.0 1.0 1.0 0.000762533893525711 0.11946670068019369 55.71088259089722 -219.14232175002888 2915.099726643086 2915.099726643086 -1556.5377407048397 -1506.802607523823 1950.5236681454226
217.81445441294184 35.91445825783353 39633001075706516 9 190-191-192-193-195-196-198-199-463 0.9029329706377429 1.0 7 1.5145043576562878 1.0 [-1,-1] 1.0 1.0 1.0 0.0005723615213970424 0.15308410280969617 54.08554174216647 -217.81445441294184 3147.3515731192106 3147.3515731192106 992.145106825651 -1708.0311489601017 -2450.3264284580378
217.91450271895846 35.76482817660419 39632996172564172 9 190-191-192-193-195-196-198-199-463 0.8582527703275297 1.0 7 1.3680404665499117 1.0 [-1,-1] 1.0 1.0 1.0 0.0006576102792991648 0.1359368301360722 54.23517182339581 -217.91450271895846 3028.1557605744156 3028.1557605744156 922.16569439371 -2031.1406705619124 -2047.8782480344598
219.35465717448153 35.071560207671695 39632981387641625 9 190-191-192-193-195-196-198-199-463 0.5791955817442036 1.0 7 1.4433207074482868 1.0 [-1,-1] 1.0 1.0 1.0 0.0005369919189708607 0.1615383650856205 54.928439792328305 -219.35465717448153 2206.223264469601 2206.223264469601 -1870.6533815116693 -1164.5570917714067 -109.01283837596318
216.7407753282135 35.49566054316604 39632991235866772 8 190-191-192-193-195-196-198-200 0.6020585578131348 1.0 7 1.3979314671613297 1.0 [-1,-1] 1.0 1.0 1.0 0.0006106036532175123 0.14488555312656437 54.50433945683396 -216.7407753282135 2278.9315103578774 2278.9315103578774 2027.305329897152 59.04729785161837 -1039.2667342357583
217.27266692485637 34.296792484675834 39632966413977937 8 190-191-192-193-195-196-198-200 0.9102091179664559 1.0 7 0.4474428036402374 1.0 [-1,-1] 1.0 1.0 1.0 0.00042618922305278896 0.1953324009783564 55.703207515324166 -217.27266692485637 3166.462903801541 3166.462903801541 2076.1762803911133 -1141.7093324310395 2100.59019661915
216.70509110011614 34.579102338282205 39632971405198538 9 190-191-192-193-195-196-198-200-463 0.4948322067450943 1.0 7 0.9200517680688067 1.0 [-1,-1] 1.0 1.0 1.0 0.0007365189099627642 0.12316671624379881 55.420897661717795 -216.70509110011614 1929.0263614591788 1929.0263614591788 1739.1373499265467 112.85759283842067 826.9263238243321
216.7505696130451 35.49130566978788 39632991235866926 9 190-191-192-193-195-196-198-200-463 0.5336148162182685 1.0 7 1.3895515791468123 1.0 [-1,-1] 1.0 1.0 1.0 0.0006094867785671962 0.14511252611805409 54.50869433021212 -216.7505696130451 2058.2180177311584 2058.2180177311584 1835.4656112140667 35.472006722655266 -930.6283550928479
218.84223208650195 34.72108571703612 39632976413200366 9 190-191-192-193-195-196-198-200-463 0.5329619090758285 1.0 7 0.9163923116780728 1.0 [-1,-1] 1.0 1.0 1.0 0.0006094867785671962 0.14511252611805409 55.27891428296388 -218.84223208650195 2056.0680773694094 2056.0680773694094 -944.0582466934387 -1721.7686898221762 609.6577272336314
217.63904116119744 34.26621524891722 39632966418172955 9 190-191-192-193-195-196-198-200-463 0.7178175530602512 1.0 7 0.18858641766524784 1.0 [-1,-1] 1.0 1.0 1.0 0.0005823912580269674 0.15084542533972659 55.73378475108278 -217.63904116119744 2631.922862931037 2631.922862931037 1236.158071210847 -1462.7186794902118 1805.3767595905829
217.27145513731307 34.57133107645595 39632971413586828 9 190-191-192-193-195-196-198-200-463 0.8867016898736971 1.0 7 0.46814038465330193 1.0 [-1,-1] 1.0 1.0 1.0 0.0005346154933450218 0.1621399955636538 55.42866892354405 -217.27145513731307 3104.418610584749 3104.418610584749 2450.121959955637 -1343.4813733922933 1352.5439329042315
219.14449729169598 34.30263630464227 39632966439144425 8 190-191-192-193-195-196-199-200 0.839242299978828 1.0 7 1.1142613815454785 1.0 [-1,-1] 1.0 1.0 1.0 0.0006366829495309179 0.1397804201853648 55.69736369535773 -219.14449729169598 2976.4640432554074 2976.4640432554074 -1611.8862601165918 -1553.6039387070302 1961.4983270127143
217.5552915142073 34.989571287810726 39632981362476388 9 190-191-192-193-195-196-199-200-463 0.8042715852950784 1.0 7 0.622955992728114 1.0 [-1,-1] 1.0 1.0 1.0 0.0008239664519383997 0.11155322342262282 55.010428712189274 -217.5552915142073 2879.8156102212297 2879.8156102212297 2035.2574923605644 -2035.2585226656845 93.74238412136827
216.56298147666988 34.365967158422784 39632966405587915 8 190-191-192-193-195-196-199-463 0.6825145457134489 1.0 7 1.0214489511697316 1.0 [-1,-1] 1.0 1.0 1.0 0.0008053318504768218 0.11384060807160488 55.634032841577216 -216.56298147666988 2526.8954695543757 2526.8954695543757 1959.4541675358719 411.3205360055142 1541.6080876931298
216.40016148624179 35.05407423932509 39632981345700215 8 190-191-192-193-195-196-200-463 0.4883851743452317 1.0 7 1.3234009764024361 1.0 [-1,-1] 1.0 1.0 1.0 0.000668512811805897 0.13401699399284683 54.94592576067491 -216.40016148624179 1907.2551064850666 1907.2551064850666 1777.4637723698986 688.8639581684191 -60.91819319768439
218.66565121589008 33.28070839866887 39632946306484283 7 190-191-192-193-195-197-198 0.79258987188332 1.0 7 1.3303149522518487 1.0 [-1,-1] 1.0 1.0 1.0 0.0008239664519383997 0.11155322342262282 56.71929160133113 -218.66565121589008 2847.0738003993933 2847.0738003993933 154.34436026865214 458.1239934518956 2805.7315356244603
217.4035087389941 34.25197992461134 39632966418170106 8 190-191-192-193-195-197-198-199 0.8336723444507183 1.0 7 0.3593413476437997 1.0 [-1,-1] 1.0 1.0 1.0 0.0006366829495309179 0.1397804201853648 55.74802007538866 -217.4035087389941 2961.2064051005614 2961.2064051005614 1712.9842902984874 -1258.473264228501 2061.716090547202
218.64226397343282 34.961673495285986 39632981375061632 9 190-191-192-193-195-197-198-199-200 0.443417042961388 1.0 7 0.891734868407084 1.0 [-1,-1] 1.0 1.0 1.0 0.0006285113834356281 0.1413409039925048 55.038326504714014 -218.64226397343282 1753.0277477389425 1753.0277477389425 -519.7401998564808 -1670.8556042403072 105.9148656920859
217.95193000140353 32.93777735093427 39632941231376563 9 190-191-192-193-195-197-198-199-200 0.6525456314611939 1.0 7 1.4676788724492154 1.0 [-1,-1] 1.0 1.0 1.0 0.0006371005092682059 0.1397016056866948 57.06222264906573 -217.95193000140353 2435.9488005617836 2435.9488005617836 -453.60740630062224 1107.4251916380597 2121.7201334843908
216.12677999151884 34.63088262200067 39632976379641966 9 190-191-192-193-195-197-198-199-200 0.48344443625266365 1.0 7 1.397869970125574 1.0 [-1,-1] 1.0 1.0 1.0 0.000668512811805897 0.13401699399284683 55.36911737799933 -216.12677999151884 1890.513130976342 1890.513130976342 1398.5314275061369 1048.050951850508 720.9292246794155
