data_rosette/LRG_18_clustering_data.ecsv
# %ECSV 1.0
# ---
# datatype:
# - {name: RA, unit: deg, datatype: float64}
# - {name: DEC, unit: deg, datatype: float64}
# - {name: TARGETID, datatype: int64}
# - {name: NTILE, datatype: int64}
# - {name: TILES, datatype: string}
# - {name: Z, datatype: float64}
# - {name: COMP_TILE, datatype: float64}
# - {name: ROSETTE_NUMBER, datatype: int32}
# - {name: ROSETTE_R, unit: deg, datatype: float64}
# - {name: FRACZ_TILELOCID, datatype: float64}
# - {name: BITWEIGHTS, datatype: string, subtype: 'int64[2]'}
# - {name: PROB_OBS, datatype: float64}
# - {name: WEIGHT_ZFAIL, datatype: float64}
# - {name: WEIGHT, datatype: float64}
# - {name: NZ, unit: h3 / Mpc3, datatype: float64}
# - {name: WEIGHT_FKP, datatype: float64}
# - {name: theta, unit: deg, datatype: float64}
# - {name: phi, unit: deg, datatype: float64}
# - {name: rho, unit: Mpc, datatype: float64}
# - {name: r, unit: Mpc, datatype: float64}
# - {name: x, unit: Mpc, datatype: float64}
# - {name: y, unit: Mpc, datatype: float64}
# - {name: z, unit: Mpc, datatype: float64}
# meta: !!omap
# - {EXTNAME: LSS}
# - {DESIDR: edr}
# - comments: ['Visit https://desidatamodel.readthedocs.io/en/latest/ for a more complet', e description]
# schema: astropy-2.0
RA DEC TARGETID NTILE TILES Z COMP_TILE ROSETTE_NUMBER ROSETTE_R FRACZ_TILELOCID BITWEIGHTS PROB_OBS WEIGHT_ZFAIL WEIGHT NZ WEIGHT_FKP theta phi rho r x y z
[from data line 1301]
271.51180761958324 63.44089521170769 39633427992937424 9 541-542-543-544-546-547-548-550-551 1.0607215634826277 1.0 18 1.2259949387795772 1.0 [-1,-1] 1.0 1.0 1.0 0.00014839258087788972 0.41078905010633954 26.55910478829231 88.48819238041676 3543.889548014989 3543.889548014989 3037.14324674301 1753.49265383881 510.07601416508606
268.65592781403024 62.53739760307906 39633416957725314 9 541-542-543-544-546-547-548-550-551 1.0115543888769971 1.0 18 0.49577369354733114 1.0 [-1,-1] 1.0 1.0 1.0 0.00020130102782971312 0.3394727840281335 27.462602396920943 91.34407218596976 3424.252376600276 3424.252376600276 -2414.266852883822 -585.402843895674 -2356.718780864178
271.38735842349234 61.775113324140676 39633408481034861 9 541-542-543-544-546-547-548-550-551 0.8457673399436504 1.0 18 1.074375381706141 1.0 [-1,-1] 1.0 1.0 1.0 0.0006366829495309179 0.1397804201853648 28.224886675859324 88.61264157650766 2994.2730102831165 2994.2730102831165 117.99357029152789 89.33620500549554 -2990.6132180465916
267.2747773787638 62.14143599169111 39633414139151875 9 541-542-543-544-546-547-548-550-551 0.9211837158277034 1.0 18 1.2012425091465655 1.0 [-1,-1] 1.0 1.0 1.0 0.00042618922305278896 0.1953324009783564 27.85856400830889 92.72522262123618 3195.1321671838973 3195.1321671838973 62.22852403907015 -1288.994559589871 -2922.9249394941535
270.5103521944542 63.38417874215562 39633427984549559 9 541-542-543-544-546-547-548-550-551 0.5369437744204305 1.0 18 0.9341812948258966 1.0 [-1,-1] 1.0 1.0 1.0 0.0006094867785671962 0.14511252611805409 26.61582125784438 89.48964780554581 2069.1666334644387 2069.1666334644387 94.25275297827568 2059.0554286284755 181.26697833356334
267.13926947870414 62.733606034812595 39633419734355373 9 541-542-543-544-546-547-548-550-551 0.9056073392472229 1.0 18 1.2100912073637273 1.0 [-1,-1] 1.0 1.0 1.0 0.0005723615213970424 0.15308410280969617 27.266393965187405 92.86073052129586 3154.385638656271 3154.385638656271 487.4420436391876 -2622.862861739061 -1683.1932212208344
268.6511084856786 62.52654359019664 39633416957725257 9 541-542-543-544-546-547-548-550-551 0.798487894590353 1.0 18 0.4978251354599496 1.0 [-1,-1] 1.0 1.0 1.0 0.0008239664519383997 0.11155322342262282 27.47345640980336 91.3488915143214 2863.633817964959 2863.633817964959 -1995.736983319315 -494.11480926020096 -1993.3095825972046
269.6696213749088 62.1375049825402 39633414155932192 9 541-542-543-544-546-547-548-550-551 0.40829282807230677 1.0 18 0.3835213526423104 1.0 [-1,-1] 1.0 1.0 1.0 0.00024055914515870672 0.3007331513712552 27.8624950174598 90.33037862509121 1629.6392729529125 1629.6392729529125 -465.6739019191454 456.82699984827764 -1493.3790775390946
269.1492532700032 63.377771908012576 39633427971969220 9 541-542-543-544-546-547-548-550-551 0.7920047603990042 1.0 18 0.8975035491699224 1.0 [-1,-1] 1.0 1.0 1.0 0.0008239664519383997 0.11155322342262282 26.622228091987424 90.85074672999679 2845.427747663702 2845.427747663702 -2744.0040825358237 716.5828461358683 231.10535871130915
270.3387127363229 63.18359069538819 39633425266641472 9 541-542-543-544-546-547-548-550-551 0.6950088659735075 1.0 18 0.7193659662194252 1.0 [-1,-1] 1.0 1.0 1.0 0.0005639081233901963 0.1550231922816235 26.81640930461181 89.66128726367708 2564.324586911743 2564.324586911743 -319.9387923881403 2527.840881234311 -288.8256140404491
269.63694485949617 62.11835055919764 39633411324773995 9 541-542-543-544-546-547-548-550-551 0.4972795956426955 1.0 18 0.4039689016474772 1.0 [-1,-1] 1.0 1.0 1.0 0.0007365189099627642 0.12316671624379881 27.881649440802363 90.36305514050383 1937.2688964598324 1937.2688964598324 -545.8840343898191 501.5849610101507 -1789.813935882006
269.6684620790762 62.12918988690072 39633414155932175 9 541-542-543-544-546-547-548-550-551 0.5719546574774095 1.0 18 0.3918538486524597 1.0 [-1,-1] 1.0 1.0 1.0 0.0005369919189708607 0.1615383650856205 27.87081011309928 90.33153792092378 2182.9842223349224 2182.9842223349224 -612.5935373055154 599.5634026598256 -2007.6536053825855
268.3039332632835 61.84966774399863 39633408455869498 9 541-542-543-544-546-547-548-550-551 0.7741542110295859 1.0 18 0.9444936157197823 1.0 [-1,-1] 1.0 1.0 1.0 0.0007064174578981374 0.12774458208408304 28.15033225600137 91.69606673671649 2794.929008042317 2794.929008042317 -287.26954293294233 -192.29293142014697 -2773.4685500696337
266.8594126105552 62.69239250435798 39633419734353061 9 541-542-543-544-546-547-548-550-551 0.5757348482351116 1.0 18 1.3318572861883882 1.0 [-1,-1] 1.0 1.0 1.0 0.0005369919189708607 0.1615383650856205 27.307607495642017 93.14058738944482 2195.129141252084 2195.129141252084 807.892051242046 -1615.959836131841 -1246.8264467530294
271.802490471527 61.73705486992713 39633408481038541 9 541-542-543-544-546-547-548-550-551 0.5131832807243195 1.0 18 1.2455749810609706 1.0 [-1,-1] 1.0 1.0 1.0 0.0006888416087567301 0.1305783864573065 28.262945130072872 88.197509528473 1990.534871158488 1990.534871158488 22.057096287406672 5.232395879962896 -1990.4057827073007
269.05151363393514 63.42491854687504 39633427971968534 9 541-542-543-544-546-547-548-550-551 0.7910583568475632 1.0 18 0.9559870601460209 1.0 [-1,-1] 1.0 1.0 1.0 0.0008239664519383997 0.11155322342262282 26.57508145312496 90.94848636606486 2842.7640644991393 2842.7640644991393 -2784.3569312710774 442.77132222275077 364.166942359534
267.7096020537393 62.78115075956478 39633419738549521 9 541-542-543-544-546-547-548-550-551 0.822672036252166 1.0 18 0.9641949298617468 1.0 [-1,-1] 1.0 1.0 1.0 0.000762533893525711 0.11946670068019369 27.21884924043522 92.29039794626073 2930.9227923504814 2930.9227923504814 -961.538418192609 -2362.102576991568 -1444.3765786071824
269.4366906125071 61.2057236340317 39633402680315790 9 541-542-543-544-546-547-548-550-551 0.8090869655781854 1.0 18 1.321531340984195 1.0 [-1,-1] 1.0 1.0 1.0 0.0008239664519383997 0.11155322342262282 28.7942763659683 90.5633093874929 2893.245180049131 2893.245180049131 1230.7830035268576 -742.5903585075322 -2510.896339867217
267.4230106117986 61.97209965057832 39633411307995751 9 541-542-543-544-546-547-548-550-551 0.6802054269675316 1.0 18 1.2058637521049314 1.0 [-1,-1] 1.0 1.0 1.0 0.0008053318504768218 0.11384060807160488 28.027900349421678 92.57698938820141 2519.946845012821 2519.946845012821 -61.36715672567126 -611.6622365988102 -2443.815762712979
270.48547957087766 63.347492460481526 39633425266642500 9 541-542-543-544-546-547-548-550-551 0.8015592728202423 1.0 18 0.8960395095321827 1.0 [-1,-1] 1.0 1.0 1.0 0.0008239664519383997 0.11155322342262282 26.652507539518474 89.51452042912234 2872.23405636204 2872.23405636204 59.86171601208837 2867.870443676161 146.50654514637367
269.49493668618993 61.879136068668736 39633411324772603 9 541-542-543-544-546-547-548-550-551 0.7275065867806718 1.0 18 0.6501724799202494 1.0 [-1,-1] 1.0 1.0 1.0 0.0005823912580269674 0.15084542533972659 28.120863931331264 90.50506331381007 2660.355838655047 2660.355838655047 -335.3924254018763 230.00797671220084 -2629.087567940217
269.37727405914956 63.41673210487331 39633427976160948 8 541-542-543-544-546-547-548-551 0.48490397422952214 1.0 18 0.9109447838309633 1.0 [-1,-1] 1.0 1.0 1.0 0.000668512811805897 0.13401699399284683 26.58326789512669 90.62272594085044 1895.4640499730851 1895.4640499730851 -1666.1045672838984 874.7346774253638 227.41763283801976
267.8198392613574 63.346160642537406 39633425249861819 8 541-542-543-544-546-547-548-551 0.8289534094473388 1.0 18 1.1990829577493725 1.0 [-1,-1] 1.0 1.0 1.0 0.000762533893525711 0.11946670068019369 26.653839357462594 92.1801607386426 2948.239852154869 2948.239852154869 -1403.4982019795136 -2588.601926697479 146.46189938866382
267.8026454227605 61.58890072182282 39633405570188574 8 541-542-543-544-546-547-548-551 0.8653966146326756 1.0 18 1.297105931564509 1.0 [-1,-1] 1.0 1.0 1.0 0.0006576102792991648 0.1359368301360722 28.411099278177183 92.19735457723948 3047.4286673895936 3047.4286673895936 191.72533322471958 368.60403001785926 -3018.9723331760392
271.79162589877023 62.72578497185041 39633419772101772 8 541-542-543-544-546-547-548-551 0.48382917779049234 1.0 18 0.9700603470306602 1.0 [-1,-1] 1.0 1.0 1.0 0.000668512811805897 0.13401699399284683 27.27421502814959 88.20837410122977 1891.8186408115052 1891.8186408115052 1544.959676502323 384.27255162042695 -1021.9647615132603
269.80269238461875 62.31221521452643 39633414160122611 8 541-542-543-544-546-547-548-551 0.88515214039216 1.0 18 0.21049345936255953 1.0 [-1,-1] 1.0 1.0 1.0 0.0005346154933450218 0.1621399955636538 27.687784785473568 90.19730761538125 3100.2981150936553 3100.2981150936553 -1054.6958908276374 1353.5952200870795 -2582.1008811589795
268.5002388549885 62.4745064738039 39633416957723816 8 541-542-543-544-546-547-548-551 0.846322192731403 1.0 18 0.5697033824122426 1.0 [-1,-1] 1.0 1.0 1.0 0.0006366829495309179 0.1397804201853648 27.5254935261961 91.49976114501152 2995.784163771017 2995.784163771017 -1883.5679418032478 -782.1312238612015 -2194.3484940122135
268.5101868747294 62.476223331664656 39633416957723927 8 541-542-543-544-546-547-548-551 0.4340748208372532 1.0 18 0.5649727050878833 1.0 [-1,-1] 1.0 1.0 1.0 0.0006285113834356281 0.1413409039925048 27.523776668335344 91.48981312527059 1720.4613991590454 1720.4613991590454 -1088.141608989987 -439.1995189291382 -1258.1887963868523
270.10504578901697 63.76490513120142 39633430673097566 8 541-542-543-544-546-547-549-550 0.7274185518289081 0.8888888888888888 18 1.2563768841160972 1.0 [-1,-1] 1.0 1.0 1.0 0.0005823912580269674 0.15084542533972659 26.235094868798583 89.89495421098303 2660.098248396027 2660.098248396027 -835.1648129639055 2221.7462138015408 1201.027138646373
268.06281285974944 63.84507312306274 39633430656321858 8 541-542-543-544-546-547-549-550 0.9675430981887986 0.8888888888888888 18 1.5235473550640037 1.0 [-1,-1] 1.0 1.0 1.0 0.0003767415448896098 0.21544643941305056 26.15492687693726 91.93718714025056 3314.1967118945577 3314.1967118945577 -1906.3511897870221 -2088.6580828061633 1728.361188947144
267.42206546705665 63.59120083198303 39633427959385834 8 541-542-543-544-546-547-549-550 0.8815265517256056 0.8888888888888888 18 1.496869008911708 1.0 [-1,-1] 1.0 1.0 1.0 0.0005346154933450218 0.1621399955636538 26.40879916801697 92.57793453294335 3090.642167858732 3090.642167858732 -292.44487287970395 -2942.873022403221 897.7991869478533
272.23551395933 62.44560479420333 39633416987083316 8 541-542-543-544-546-547-549-550 0.70535876354319 0.8888888888888888 18 1.1598993752288873 1.0 [-1,-1] 1.0 1.0 1.0 0.0005639081233901963 0.1550231922816235 27.554395205796673 87.76448604067002 2595.1149003663522 2595.1149003663522 1676.9152612848202 -340.11655872497886 -1951.1271816707908
271.38214243902496 63.74552862965332 39633430681487247 8 541-542-543-544-546-547-549-550 0.9161987791735322 0.8888888888888888 18 1.434955446324644 1.0 [-1,-1] 1.0 1.0 1.0 0.00042618922305278896 0.1953324009783564 26.25447137034668 88.61785756097504 3182.133097116152 3182.133097116152 2276.4073134342666 1742.285571729309 1381.44191975229
271.3482757615106 63.728812446883346 39633430681486994 8 541-542-543-544-546-547-549-550 0.8606149505155792 0.8888888888888888 18 1.4128382435126614 1.0 [-1,-1] 1.0 1.0 1.0 0.0006576102792991648 0.1359368301360722 26.271187553116654 88.65172423848941 3034.5376754386402 3034.5376754386402 2130.047104305839 1747.7513719486512 1271.4886468020327
268.39030633118244 62.38820129492438 39633416957722729 8 541-542-543-544-546-547-549-550 0.7662993387886833 0.8888888888888888 18 0.6334047662584913 1.0 [-1,-1] 1.0 1.0 1.0 0.0007242712797402853 0.12498917450484462 27.61179870507562 91.60969366881756 2772.534287821286 2772.534287821286 -1493.783431269034 -822.872306738993 -2185.9639988830663
270.15706072701613 63.75486861652425 39633430673097953 8 541-542-543-544-546-547-549-550 0.4828587265941956 0.8888888888888888 18 1.2498475111968848 1.0 [-1,-1] 1.0 1.0 1.0 0.000668512811805897 0.13401699399284683 26.24513138347575 89.84293927298387 1888.525112331012 1888.525112331012 -512.6774370302328 1614.087805698481 835.708981021765
272.6496536613499 63.11623422977271 39633422544537078 9 541-542-543-544-546-547-549-550-551 0.8710288451899281 0.9761904761904762 18 1.4607777457774038 1.0 [-1,-1] 1.0 1.0 1.0 0.0005346154933450218 0.1621399955636538 26.883765770227292 87.35034633865013 3062.5653804343797 3062.5653804343797 2462.212685242196 -1736.502009072244 -548.9773898401018
268.53781367196956 61.88607271222053 39633411316384830 9 541-542-543-544-546-547-549-550-551 0.43336530110565374 0.9761904761904762 18 0.843157004339876 1.0 [-1,-1] 1.0 1.0 1.0 0.0006285113834356281 0.1413409039925048 28.113927287779468 91.46218632803044 1717.980621307052 1717.980621307052 -257.1902203716322 -95.63419373349915 -1695.9259142783035
268.6082701294467 62.79387490494891 39633419746936783 9 541-542-543-544-546-547-549-550-551 0.7923533115136728 0.9761904761904762 18 0.5834864840882144 1.0 [-1,-1] 1.0 1.0 1.0 0.0008239664519383997 0.11155322342262282 27.206125095051092 91.39172987055332 2846.4083719721825 2846.4083719721825 -2393.4170800324273 -702.6239979932396 -1371.099857226444
269.5725317613546 62.25997575658521 39633414155931218 9 541-542-543-544-546-547-549-550-551 0.6551318242176467 0.9761904761904762 18 0.27007110108916976 1.0 [-1,-1] 1.0 1.0 1.0 0.0006371005092682059 0.1397016056866948 27.740024243414787 90.42746823864542 2443.8627237707387 2443.8627237707387 -968.7143079325668 781.3111083614514 -2103.2381116254674
269.5782477062382 63.178292352269985 39633425262445632 9 541-542-543-544-546-547-549-550-551 0.9869608467257351 0.9761904761904762 18 0.6619242460544662 1.0 [-1,-1] 1.0 1.0 1.0 0.00030269805442075816 0.25472307248715254 26.821707647730015 90.42175229376181 3363.104878912585 3363.104878912585 -2587.4832139314335 2111.4444001082234 -396.494122831994
268.1543963165123 62.93778926530987 39633422510981748 9 541-542-543-544-546-547-549-550-551 0.7983968784759783 0.9761904761904762 18 0.834084121672416 1.0 [-1,-1] 1.0 1.0 1.0 0.0008239664519383997 0.11155322342262282 27.062210734690133 91.8456036834877 2863.378718045962 2863.378718045962 -1981.0087534678084 -1806.7206734640438 -1005.1380053107588
269.9746575899767 62.20661035156324 39633414160124129 9 541-542-543-544-546-547-549-550-551 0.891925606147406 0.9761904761904762 18 0.3333048711762271 1.0 [-1,-1] 1.0 1.0 1.0 0.0005723615213970424 0.15308410280969617 27.793389648436758 90.02534241002331 3118.2817264167898 3118.2817264167898 -678.8487457268101 1272.8583917266224 -2764.539169616001
270.31574776043567 63.30956731717101 39633425266641294 9 541-542-543-544-546-547-549-550-551 0.63036121502744 0.9761904761904762 18 0.833385164771779 1.0 [-1,-1] 1.0 1.0 1.0 0.0007982518636535506 0.11473445525619816 26.69043268282899 89.68425223956433 2367.5484310831844 2367.5484310831844 -351.1067120599395 2341.1636138022036 31.025532703141643
269.33709965783544 61.7181213754052 39633408464257986 9 541-542-543-544-546-547-549-550-551 0.6840779656688915 0.9761904761904762 18 0.8226548767097679 1.0 [-1,-1] 1.0 1.0 1.0 0.0008053318504768218 0.11384060807160488 28.281878624594803 90.66290034216456 2531.5945870352266 2531.5945870352266 17.25396837019458 -8.19221526791047 -2531.5225342253116
268.45702090782976 62.37514135477632 39633416957723375 9 541-542-543-544-546-547-549-550-551 0.585561377938804 0.9761904761904762 18 0.6063749425185088 1.0 [-1,-1] 1.0 1.0 1.0 0.0005369919189708607 0.1615383650856205 27.624858645223682 91.54297909217024 2226.5693090588497 2226.5693090588497 -1220.1352194246715 -569.6415881314329 -1773.2426217056172
