data_rosette/LRG_17_clustering_data.ecsv
# %ECSV 1.0
# ---
# datatype:
# - {name: RA, unit: deg, datatype: float64}
# - {name: DEC, unit: deg, datatype: float64}
# - {name: TARGETID, datatype: int64}
# - {name: NTILE, datatype: int64}
# - {name: TILES, datatype: string}
# - {name: Z, datatype: float64}
# - {name: COMP_TILE, datatype: float64}
# - {name: ROSETTE_NUMBER, datatype: int32}
# - {name: ROSETTE_R, unit: deg, datatype: float64}
# - {name: FRACZ_TILELOCID, datatype: float64}
# - {name: BITWEIGHTS, datatype: string, subtype: 'int64[2]'}
# - {name: PROB_OBS, datatype: float64}
# - {name: WEIGHT_ZFAIL, datatype: float64}
# - {name: WEIGHT, datatype: float64}
# - {name: NZ, unit: h3 / Mpc3, datatype: float64}
# - {name: WEIGHT_FKP, datatype: float64}
# - {name: distance, unit: Mpc, datatype: float64}
# - {name: x, unit: Mpc, datatype: float64}
# - {name: y, unit: Mpc, datatype: float64}
# - {name: z, unit: Mpc, datatype: float64}
# meta: !!omap
# - {EXTNAME: LSS}
# - {DESIDR: edr}
# - comments: ['Visit https://desidatamodel.readthedocs.io/en/latest/ for a more complet', e description]
# schema: astropy-2.0
RA DEC TARGETID NTILE TILES Z COMP_TILE ROSETTE_NUMBER ROSETTE_R FRACZ_TILELOCID BITWEIGHTS PROB_OBS WEIGHT_ZFAIL WEIGHT NZ WEIGHT_FKP distance x y z
[from data line 4677]
212.85824246751991 -2.250181635374707 39627733940045743 2 512-515 0.778966239515021 0.75 17 1.651208430772293 1.0 [-45054138493436526,-434598464626623564] 0.8203125 1.0 1.2169811320754718 0.0007324854237337303 0.12404708914385561 2808.595864240494 -2357.444888060135 -1522.6634578089272 -110.27385293580225
211.37359190982036 -0.07450941257583905 39627788273060196 5 512-515-516-517-518 0.8569685440463845 1.0 17 1.5200972455294517 1.0 [-1,-1] 1.0 1.0 1.0 0.0006812235016579503 0.1321480675826358 3024.682360608264 -2582.443922400978 -1574.697208542099 -3.933400405959506
211.72051966238035 -1.5988148074725352 39627752038470493 5 512-515-516-517-518 0.5502301317682776 1.0 17 1.4705272125686517 1.0 [-1,-1] 1.0 1.0 1.0 0.000677088223595666 0.13284793461577618 2112.644625241918 -1796.36421266122 -1110.346088711053 -58.94481586761106
213.84957884933394 -0.06993962534382098 39627788315003585 8 512-515-516-517-518-519-520-521 0.6585221030442833 1.0 17 1.1758121664918413 1.0 [-1,-1] 1.0 1.0 1.0 0.000700708733790897 0.12894715825466588 2454.218340327703 -2038.233654860263 -1367.0341090621196 -2.995806498593607
213.1204798892552 0.5222105017334607 39627800382015977 8 512-515-516-517-518-519-520-521 0.5971806497228802 1.0 17 1.1670734505000167 1.0 [-1,-1] 1.0 1.0 1.0 0.0007756247847600315 0.11796159141779075 2263.503687667919 -1895.6587091582421 -1236.7301272578377 20.629949384037708
212.15305831953617 -0.39561741345404366 39627776206048492 8 512-515-516-517-518-519-520-521 0.6392934043881499 1.0 17 0.6784347734318555 1.0 [-1,-1] 1.0 1.0 1.0 0.000833303205902425 0.11070054926254569 2395.199911472668 -2027.7984688823105 -1274.6538627709208 -16.538308269139954
213.50650994208107 -0.9904919559804096 39627764151615679 8 512-515-516-517-518-519-520-521 0.868612218293408 1.0 17 0.8071816264471123 1.0 [-1,-1] 1.0 1.0 1.0 0.0006812235016579503 0.1321480675826358 3056.076915347735 -2547.846782268478 -1686.7993365034356 -52.82882714068218
213.83569805134064 -0.055026431021572175 39627788315003165 8 512-515-516-517-518-519-520-521 0.7883318701251181 1.0 17 1.1703091501687566 1.0 [-1,-1] 1.0 1.0 1.0 0.0007324854237337303 0.12404708914385561 2835.081752777113 -2354.9247254644406 -1578.6103600121348 -2.7227905415304607
213.94229101136165 -0.6147806641485418 39627776235410213 7 512-515-516-517-518-519-521 0.590753262910348 1.0 17 1.142322449626498 1.0 [-1,-1] 1.0 1.0 1.0 0.0007756247847600315 0.11796159141779075 2243.1051195702375 -1860.7737321234647 -1252.382700976447 -24.067936688904677
213.85285354734387 -0.5329323347725241 39627776235408002 7 512-515-516-517-518-520-521 0.7173972864348697 1.0 17 1.054936104860047 1.0 [-1,-1] 1.0 1.0 1.0 0.0006167714992318164 0.14396928707710532 2630.685775620033 -2184.6136109754875 -1465.391517665378 -24.468770802332543
212.65158694119106 0.19318789792422938 39627794333830464 7 512-515-516-517-518-520-521 1.0686696212937672 1.0 17 0.8069528164930933 1.0 [-1,-1] 1.0 1.0 1.0 0.0001568149373683449 0.39812733398474315 3562.909616340379 -2999.8351505856212 -1922.282415475506 12.01327080133107
213.0604971948133 0.3610382871908842 39627794342216788 7 512-515-516-517-518-520-521 0.6355782670115157 1.0 17 0.9957165720590918 1.0 [-1,-1] 1.0 1.0 1.0 0.000833303205902425 0.11070054926254569 2383.717188716894 -1997.7418657249934 -1300.349745366961 15.02043401745534
212.9772849688646 0.08478043345681498 39627788298228022 7 512-515-516-517-518-520-521 0.4159626867500142 1.0 17 0.7073564820692693 1.0 [-1,-1] 1.0 1.0 1.0 0.0006262316776515472 0.14210347001521706 1656.803773293344 -1389.86867325599 -901.8080749892357 2.451567846505225
211.37100942884496 -0.48081189681124303 39627776193465015 5 512-515-516-517-519 0.655396360985885 1.0 17 1.4338889281237626 1.0 [-1,-1] 1.0 1.0 1.0 0.000700708733790897 0.12894715825466588 2444.6715214711426 -2087.2220308887872 -1272.5966302353502 -20.5148331250586
212.10569225174828 -0.4786102141259722 39627776206047452 6 512-515-516-517-519-520 0.8630743347474513 1.0 17 0.704809080500885 1.0 [-1,-1] 1.0 1.0 1.0 0.0006812235016579503 0.1321480675826358 3041.172601263088 -2575.9935333782682 -1616.274346615412 -25.403604853723326
213.35108353447447 -0.43573560920366766 39627776227018846 7 512-515-516-517-519-520-521 0.8136669869581247 1.0 17 0.5750224642993234 1.0 [-1,-1] 1.0 1.0 1.0 0.0006627118749498285 0.13533979738261318 2905.9821902093813 -2427.3476800722074 -1597.5691931228237 -22.09984269348431
214.04580911228257 -0.447274094997023 39627776239600774 7 512-515-516-517-519-520-521 0.5778719730100689 1.0 17 1.2550836592870427 1.0 [-1,-1] 1.0 1.0 1.0 0.0006621615122706149 0.13543705131792066 2201.982909866793 -1824.4859142398343 -1232.7548047811038 -17.189397167059706
214.0424966589467 -0.444164941720429 39627776239600685 7 512-515-516-517-519-520-521 0.6267825747669743 1.0 17 1.2521794514461444 1.0 [-1,-1] 1.0 1.0 1.0 0.0007214233604467519 0.12571007283523317 2356.427715286167 -1952.530559841449 -1319.1066297044906 -18.267176127762287
212.4040144358909 -1.4764088586172925 39627752051051560 6 512-515-516-517-519-521 0.8299864824890518 1.0 17 0.9616873273990368 1.0 [-1,-1] 1.0 1.0 1.0 0.0006627118749498285 0.13533979738261318 2951.081651656589 -2490.742695725916 -1580.9181891417313 -76.03563423164637
214.0554629920246 -0.12402108815333338 39627788319196593 6 512-515-516-517-520-521 0.8938550122702944 1.0 17 1.3426359369719167 1.0 [-1,-1] 1.0 1.0 1.0 0.0005275616701708153 0.16431404058018498 3123.391006125831 -2587.7105144572365 -1749.0797471594276 -6.760812962251459
211.67741515014993 0.1772849001159859 39627794317053357 5 512-515-516-518-519 0.6912426594260258 1.0 17 1.3654054650300336 1.0 [-1,-1] 1.0 1.0 1.0 0.0005843703162771602 0.15074849413407446 2553.0721487580745 -2172.700396565541 -1340.704284324576 7.89971656704697
213.67012717594415 -1.8372191789820995 39627746032225905 6 512-515-516-518-519-520 0.9079156758955359 1.0 17 1.5124353562373958 1.0 [-1,-1] 1.0 1.0 1.0 0.0005275616701708153 0.16431404058018498 3160.447958936681 -2628.909519037104 -1751.2850933093837 -101.32405348917298
213.67017934486356 -1.8380001337288878 39627746032225909 6 512-515-516-518-519-520 0.9052694150974946 1.0 17 1.5131041701371253 1.0 [-1,-1] 1.0 1.0 1.0 0.0005275616701708153 0.16431404058018498 3153.497457296535 -2623.1252460412484 -1747.4352667285075 -101.14418100028468
213.64773837032266 -1.8449340185248888 39627746032225380 6 512-515-516-518-519-520 0.5480365624317068 1.0 17 1.506043041907907 1.0 [-1,-1] 1.0 1.0 1.0 0.0007045118177349687 0.128340413101622 2105.4905725572635 -1751.827824256937 -1166.0167059923122 -67.78544558795623
213.6611224671592 -1.845385403847344 39627746032225695 6 512-515-516-518-519-520 0.9056912243355618 1.0 17 1.5139847554014547 1.0 [-1,-1] 1.0 1.0 1.0 0.0005275616701708153 0.16431404058018498 3154.606089900425 -2624.312831449544 -1747.6275345331085 -101.58614899608725
213.5840505939565 -1.9061234522254502 39627739992426348 7 512-515-516-518-519-520-521 0.5416281851095673 1.0 17 1.523277116637079 1.0 [-1,-1] 1.0 1.0 1.0 0.0007045118177349687 0.128340413101622 2084.5358140437706 -1735.6143018825073 -1152.4431003548484 -69.33581741442804
213.58452146292876 -1.9056806592687694 39627739992426368 7 512-515-516-518-519-520-521 0.5449662184456417 1.0 17 1.523139853841004 1.0 [-1,-1] 1.0 1.0 1.0 0.0007045118177349687 0.128340413101622 2095.4610194983898 -1744.7017119990053 -1158.4977756657618 -69.68302635830308
213.97228189715617 -1.3241739319372356 39627758116016841 7 512-515-516-518-519-520-521 1.048941158141718 1.0 17 1.3777760955517275 1.0 [-1,-1] 1.0 1.0 1.0 0.00017111768859933566 0.3774092623312036 3515.5363767372737 -2914.6838532619145 -1963.9281935281567 -81.2410140418599
213.95753065838798 -1.3518408271001554 39627758116016509 6 512-515-516-518-519-521 0.44014747236038254 1.0 17 1.3801209769221174 1.0 [-1,-1] 1.0 1.0 1.0 0.0005288673958748294 0.16397488484989944 1741.6509430474828 -1444.2134951952232 -972.5775526669748 -41.08882770900513
213.6809430956327 -1.170894143084506 39627758111821793 6 512-515-516-518-520-521 0.8620799117799344 1.0 17 1.0496614239400124 1.0 [-1,-1] 1.0 1.0 1.0 0.0006812235016579503 0.1321480675826358 3038.4910263610213 -2527.917774236365 -1684.6970816376659 -62.090152986196095
211.3115685130906 -0.4960896400132312 39627776193463683 5 512-515-516-518-521 0.8767315620925359 1.0 17 1.4919860407702086 1.0 [-1,-1] 1.0 1.0 1.0 0.0005690156306133545 0.15418916366201427 3077.8395590979185 -2629.4657184173802 -1599.4674824156682 -26.64882569128954
212.60633207665916 -0.6423071352458536 39627770174638382 5 512-515-516-519-521 0.8414753997009133 1.0 17 0.19822398547973455 1.0 [-1,-1] 1.0 1.0 1.0 0.0006232532477076302 0.14268566385842998 2982.56677050793 -2512.335046045741 -1607.096530522759 -33.434989609067195
213.04700979708338 -0.6686944472627468 39627770183025797 6 512-515-517-518-519-520 0.8890760980724244 1.0 17 0.2563694229684148 1.0 [-1,-1] 1.0 1.0 1.0 0.0005690156306133545 0.15418916366201427 3110.7251312061894 -2607.3050851507182 -1696.2467509109997 -36.30419932800198
211.99618508401704 -1.577857571385221 39627752042664703 7 512-515-517-518-519-520-521 0.6795875334994661 1.0 17 1.2657309340616725 1.0 [-1,-1] 1.0 1.0 1.0 0.0007209928471550773 0.12577569469930108 2518.085816250121 -2134.736991419087 -1333.734092684194 -69.3363214981128
211.58800085400125 -1.0706564266111926 39627764118062561 7 512-515-517-518-519-520-521 0.7532105159377193 1.0 17 1.3000534293987718 1.0 [-1,-1] 1.0 1.0 1.0 0.0006416626200019751 0.139161677870846 2734.979610107089 -2329.349126127482 -1432.3527779240658 -51.1041669912561
211.29041313744705 -0.6104816903473639 39627776193463228 5 512-515-517-518-520 0.5568804478725593 1.0 17 1.5095390226534695 1.0 [-1,-1] 1.0 1.0 1.0 0.000677088223595666 0.13284793461577618 2134.2756652969138 -1823.732662552714 -1108.428923757432 -22.740096633785278
211.345347077305 -0.48603505610724573 39627776193464477 5 512-515-517-518-520 0.4121079534280251 1.0 17 1.459045018860384 1.0 [-1,-1] 1.0 1.0 1.0 0.0006262316776515472 0.14210347001521706 1643.1668728991071 -1403.2918809806833 -854.7367912793648 -13.938672827134427
212.51601268258972 -1.9622213946068956 39627739975647589 6 512-515-517-518-520-521 0.8188426810308417 1.0 17 1.3914926545601058 1.0 [-1,-1] 1.0 1.0 1.0 0.0006627118749498285 0.13533979738261318 2920.3334665610473 -2461.1016626922838 -1568.8618195259419 -99.9937650230777
211.32675235039432 -0.4942657173753779 39627776193463997 6 512-515-517-518-520-521 0.42725605522315663 1.0 17 1.4769698147330264 1.0 [-1,-1] 1.0 1.0 1.0 0.0006262316776515472 0.14210347001521706 1696.5765881638465 -1449.1892223385205 -882.0479131577913 -14.63544524562555
211.5976263553772 -1.5768440286004208 39627752038467815 4 512-515-517-520 0.5497247127532969 1.0 17 1.5489899701289507 0.5 [-1,-1] 1.0 1.0 1.0 0.0007045118177349687 0.128340413101622 2110.997108638856 -1797.358033359515 -1105.639399933725 -58.08967131787067
211.47412891471058 -1.5434188146025343 39627752034276834 3 512-515-518 0.9554922464183191 1.0 17 1.6270582169390164 1.0 [-1,-1] 1.0 1.0 1.0 0.00041974738576830407 0.19815580287489248 3283.560547232732 -2799.4539912128125 -1713.7693565149384 -88.4410034788466
212.1525879621112 -2.165787860207355 39627733927463999 3 512-515-518 0.5317608289407711 1.0 17 1.6942738053381383 1.0 [-1,-1] 1.0 1.0 1.0 0.0007045118177349687 0.128340413101622 2052.110849910901 -1736.145382961882 -1091.3037622120294 -77.55158363341322
211.89711289160468 -1.9546559761589248 39627739963067587 3 512-515-518 0.605980525756234 1.0 17 1.6278374703078544 1.0 [-1,-1] 1.0 1.0 1.0 0.0007756247847600315 0.11796159141779075 2291.3027101964326 -1944.1802267771727 -1210.0096927632326 -78.15304844474366
211.5262928262773 -1.5210736200769144 39627752038466192 3 512-515-518 0.40914915380278977 1.0 17 1.57166021186098 1.0 [-1,-1] 1.0 1.0 1.0 0.0003379611466139912 0.2348475370676925 1632.678287605569 -1391.205072624021 -853.4099731967173 -43.33883215113211
211.54309127284017 0.2430381327234848 39627794317050749 3 512-515-518 0.8613091455082587 1.0 17 1.513436159224993 1.0 [-140806748897281,-65601] 0.953125 1.0 1.048780487804878 0.0006812235016579503 0.1321480675826358 3036.411466319408 -2587.7491610223183 -1588.4530152500836 12.879858973863946
212.92124276749033 -0.3200783218936224 39627782258429218 4 512-515-518-519 0.8321600547023648 1.0 17 0.3050491397343824 1.0 [-1,-1] 1.0 1.0 1.0 0.0006232532477076302 0.14268566385842998 2957.05499040409 -2482.1677000203836 -1607.0920443674534 -16.519266935647178
212.63301237486377 -2.105708581913805 39627739975649853 6 512-515-518-519-520-521 0.817049042587027 1.0 17 1.5149343387144834 1.0 [-1,-1] 1.0 1.0 1.0 0.0006627118749498285 0.13533979738261318 2915.3650990120714 -2453.4930324697375 -1571.0668007668853 -107.12006202491074
212.9242136910955 -0.32480834116590124 39627782258429287 5 512-515-518-519-521 0.7968688200129422 0.75 17 0.30192458589934495 1.0 [-1,-1] 1.0 1.0 1.0 0.0007229154976227362 0.12548315978664992 2859.0937807684954 -2399.856850019606 -1553.9760763738166 -16.208044326856236
213.1143774833672 -2.1348304263906672 39627733944240760 5 512-515-518-519-521 0.6160825485279294 0.75 17 1.5666765588053853 1.0 [-1,-1] 1.0 1.0 1.0 0.0007214233604467519 0.12571007283523317 2323.032168042698 -1944.3786607252282 -1268.2198721804618 -86.53573414547924
213.75023480273106 -1.8640611402739273 39627746036416551 5 512-515-518-519-521 0.8023678875209387 0.75 17 1.581247178548644 1.0 [-1,-1] 1.0 1.0 1.0 0.0007229154976227362 0.12548315978664992 2874.495625016066 -2388.7844424048044 -1596.1488950951255 -93.5023563760822
212.00013782990405 -2.041475299453389 39627739967258681 4 512-515-518-520 0.9807631166218299 0.875 17 1.6484104010610463 1.0 [-1,-1] 1.0 1.0 1.0 0.0003578035202613049 0.22475091060875194 3347.555248988941 -2837.0817549104772 -1772.814927201952 -119.24971646689649
211.26068922648875 -0.5564841532721954 39627776193462542 4 512-515-518-520 0.6066845268462301 0.875 17 1.5398473390402592 1.0 [-1,-4899916394612785169] 0.9609375 1.0 1.0403225806451613 0.0007756247847600315 0.11796159141779075 2293.5202400984435 -1960.4431997259355 -1190.1266142787517 -22.27542087036266
212.17973317713756 -2.140992956275648 39627733927464566 4 512-515-518-520 0.6723849919837971 0.875 17 1.6610680058305916 1.0 [-1,-1] 1.0 1.0 1.0 0.0007209928471550773 0.12577569469930108 2496.340811491123 -2111.381997905602 -1328.5654212398329 -93.25999958251914
212.05205091456074 -2.0611357452551164 39627739967259779 4 512-515-518-520 0.8869026590470414 0.875 17 1.641345028058805 1.0 [-1,-1] 1.0 1.0 1.0 0.0005690156306133545 0.15418916366201427 3104.952739481788 -2629.950788504483 -1646.6996302022146 -111.67225417262856
212.1670124494832 -2.135655580737673 39627733927464306 4 512-515-518-520 0.8893230931911899 0.875 17 1.6609211227106198 1.0 [-1,-1] 1.0 1.0 1.0 0.0005690156306133545 0.15418916366201427 3111.380645870721 -2631.9537368870315 -1655.3142426549837 -115.9474383022414
212.03440807315582 -2.076012987439716 39627739967259410 4 512-515-518-520 0.5634085863282738 0.875 17 1.662646473668232 1.0 [-1,-1] 1.0 1.0 1.0 0.000677088223595666 0.13284793461577618 2155.424500698163 -1826.0180846659055 -1142.5480708981963 -78.08097316115885
211.8043382120712 -1.921730860948347 39627739963065578 4 512-515-518-520 0.642752273455826 0.875 17 1.6546271005434523 1.0 [-1,-1] 1.0 1.0 1.0 0.000833303205902425 0.11070054926254569 2405.8672295048036 -2043.4830163058573 -1267.2273661373993 -80.67893521300874
211.2690085485492 -0.5659481672100225 39627776193462735 4 512-515-518-520 0.4345689023899112 0.875 17 1.5312908333631459 0.5 [9205287269601116159,-137438957569] 0.9609375 1.0 1.0403225806451613 0.0005288673958748294 0.16397488484989944 1722.1882938538295 -1471.9509199229155 -893.8700340097735 -17.010911927740494
