data_rosette/LRG_5_clustering_data.ecsv
# %ECSV 1.0
# ---
# datatype:
# - {name: RA, unit: deg, datatype: float64}
# - {name: DEC, unit: deg, datatype: float64}
# - {name: TARGETID, datatype: int64}
# - {name: NTILE, datatype: int64}
# - {name: TILES, datatype: string}
# - {name: Z, datatype: float64}
# - {name: COMP_TILE, datatype: float64}
# - {name: ROSETTE_NUMBER, datatype: int32}
# - {name: ROSETTE_R, unit: deg, datatype: float64}
# - {name: FRACZ_TILELOCID, datatype: float64}
# - {name: BITWEIGHTS, datatype: string, subtype: 'int64[2]'}
# - {name: PROB_OBS, datatype: float64}
# - {name: WEIGHT_ZFAIL, datatype: float64}
# - {name: WEIGHT, datatype: float64}
# - {name: NZ, unit: h3 / Mpc3, datatype: float64}
# - {name: WEIGHT_FKP, datatype: float64}
# - {name: theta, unit: deg, datatype: float64}
# - {name: phi, unit: deg, datatype: float64}
# - {name: rho, unit: Mpc, datatype: float64}
# - {name: r, unit: Mpc, datatype: float64}
# - {name: x, unit: Mpc, datatype: float64}
# - {name: y, unit: Mpc, datatype: float64}
# - {name: z, unit: Mpc, datatype: float64}
# meta: !!omap
# - {EXTNAME: LSS}
# - {DESIDR: edr}
# - comments: ['Visit https://desidatamodel.readthedocs.io/en/latest/ for a more complet', e description]
# schema: astropy-2.0
RA DEC TARGETID NTILE TILES Z COMP_TILE ROSETTE_NUMBER ROSETTE_R FRACZ_TILELOCID BITWEIGHTS PROB_OBS WEIGHT_ZFAIL WEIGHT NZ WEIGHT_FKP theta phi rho r x y z
[from data line 5317]
208.44914423994746 5.417330059009916 39627920976643804 3 139-145-457 0.6753579618928693 1.0 5 1.5998386398039632 1.0 [-56304552185446725,-81064941557383330] 0.796875 1.0 1.2524271844660195 0.0007209928471550773 0.12577569469930108 84.58266994099009 151.55085576005254 2505.3279856876743 2505.3279856876743 434.5320227128601 408.4013413258995 -2433.322539555769
208.61103955371524 5.652407670384634 39627926991278594 3 139-145-457 0.6746545175476771 1.0 5 1.5291178903199523 1.0 [-1,-1] 1.0 1.0 1.0 0.0007209928471550773 0.12577569469930108 84.34759232961537 151.38896044628476 2503.2029693965164 2503.2029693965164 950.4221207217522 639.8255830490427 -2225.611404022332
209.03384044533763 6.394841376439658 39627945030978239 3 139-145-457 0.8920133471806384 1.0 5 1.6940483317363257 1.0 [-1,-1] 1.0 1.0 1.0 0.0005275616701708153 0.16431404058018498 83.60515862356034 150.96615955466237 3118.5142022042796 3118.5142022042796 2884.2357310306597 494.24418745066777 -1077.978552832595
209.00446172617927 6.3582053986000675 39627939024734275 2 139-457 0.7385026421515574 0.6666666666666666 5 1.6810905782737111 1.0 [-1,-1] 1.0 1.0 1.0 0.0007126833197713517 0.12705585074725267 83.64179460139994 150.99553827382073 2692.4222227016844 2692.4222227016844 2441.4672549144175 492.59960118429854 -1022.6048608292492
208.6832335060811 5.7861367721701225 39627926995469593 2 139-457 0.5598602234600925 0.6666666666666666 5 1.5285745375446984 1.0 [4251322996230151541,6331902736129027263] 0.7109375 1.0 1.4021739130434783 0.000677088223595666 0.13284793461577618 84.21386322782988 151.3167664939189 2143.9394779706895 2143.9394779706895 1064.3407165230974 609.8519530302317 -1758.3332789143087
209.08730750276678 6.455523351419836 39627945030979309 2 139-457 0.5424910753389021 0.6666666666666666 5 1.7155794517363028 1.0 [-1,-1] 1.0 1.0 1.0 0.0007045118177349687 0.128340413101622 83.54447664858016 150.91269249723322 2087.3621286830944 2087.3621286830944 1985.3511956790344 231.83258545257354 -601.427417398494
208.61814264248426 4.020784551608245 39627884834326538 1 140 0.951388615197073 0.3333333333333333 5 1.690129002295387 0.3333333333333333 [-9079115620450795488,-9079238697103691660] 0.25 1.0 3.909090909090909 0.00041974738576830407 0.19815580287489248 85.97921544839176 151.38185735751574 3273.0781677519 3273.0781677519 -2496.9544920099142 -1655.3016135270261 -1318.4216037749347
209.32375826714724 3.461469597731712 39627872784089837 1 140 0.6022898824521323 0.3333333333333333 5 1.679839876711188 0.3333333333333333 [6067914860593929053,3355485054752072866] 0.4140625 1.0 2.388888888888889 0.0007756247847600315 0.11796159141779075 86.5385304022683 150.67624173285276 2279.6620056753636 2279.6620056753636 -2239.5490194286695 270.51058361163365 328.79031897244124
210.16657125936726 3.29929297972169 39627866765265236 1 140 0.5845573987156377 0.3333333333333333 5 1.7088016299948048 1.0 [-1,-1] 1.0 1.0 1.0 0.0006621615122706149 0.13543705131792066 86.70070702027832 149.83342874063274 2223.3656705596522 2223.3656705596522 -1210.312973652359 1739.915091337653 671.7089293491964
210.55566421737473 5.264290785242812 39627914991375367 6 140-141-142-143-144-145 0.9086919809617172 1.0 5 0.613303424700583 1.0 [-1,-1] 1.0 1.0 1.0 0.0005275616701708153 0.16431404058018498 84.7357092147572 149.44433578262527 3162.4848728808342 3162.4848728808342 59.81426244234178 -269.1441109174269 -3150.443504138275
210.59883436988878 5.580073686178748 39627921010201669 8 140-141-142-143-144-145-146-457 0.7221659416586697 1.0 5 0.8318874246403802 1.0 [-1,-1] 1.0 1.0 1.0 0.0006167714992318164 0.14396928707710532 84.41992631382125 149.40116563011122 2644.7041472170968 2644.7041472170968 181.14241917766174 -1021.4452281999236 -2432.755042347951
210.6005424839864 5.583546503718587 39627921010201715 8 140-141-142-143-144-145-146-457 0.7236224018816226 1.0 5 0.8355279306940613 1.0 [-1,-1] 1.0 1.0 1.0 0.0006167714992318164 0.14396928707710532 84.4164534962814 149.3994575160136 2648.9775964346168 2648.9775964346168 181.14958917645532 -1031.732635021839 -2433.0628644949998
210.93780105193312 4.762399226778167 39627902953719838 8 140-141-142-143-144-145-146-457 0.8763854425689537 1.0 5 0.964134784499802 1.0 [-1,-1] 1.0 1.0 1.0 0.0005690156306133545 0.15418916366201427 85.23760077322183 149.06219894806688 3076.9139978209905 3076.9139978209905 201.69012481101046 1222.931753644204 -2816.2313061020363
210.8039269621155 5.5198656283749274 39627921014394810 7 140-141-142-143-144-145-457 0.9100646135316542 1.0 5 0.9545274398068299 1.0 [-1,-1] 1.0 1.0 1.0 0.0004951280553168204 0.17321314004730964 84.48013437162507 149.1960730378845 3166.084158873526 3166.084158873526 -31.478306301294083 -1063.9366407121015 -2981.8009393406082
211.44355537924918 5.205607112156894 39627915008149756 6 140-141-142-143-144-457 0.998279771665218 1.0 5 1.4524593664637833 1.0 [-1,-1] 1.0 1.0 1.0 0.0002622817504223413 0.28340640119267335 84.7943928878431 148.55644462075082 3391.3571794324403 3391.3571794324403 -60.18104651383068 -76.08576244604896 -3389.969427130791
209.2439807280571 4.261538815778324 39627890874126177 7 140-141-142-143-145-146-457 0.4880827205266156 1.0 5 1.0550623309801448 1.0 [-1,-1] 1.0 1.0 1.0 0.00048380039118235755 0.17655271186088778 85.73846118422168 150.7560192719429 1906.2316567256707 1906.2316567256707 -1510.1069765756768 61.08403926279155 -1161.707703576035
209.81756125179265 4.91175126055685 39627908955771582 7 140-141-142-144-145-146-457 0.6269310677143237 1.0 5 0.20204784821711 1.0 [-1,-1] 1.0 1.0 1.0 0.0007214233604467519 0.12571007283523317 85.08824873944315 150.18243874820735 2356.889643081186 2356.889643081186 -504.99929300427186 355.97523672823957 -2274.463922458393
208.71901292460964 4.674186506721066 39627902915971413 7 140-141-142-144-145-146-457 0.793113045542818 1.0 5 1.317349522060499 1.0 [-1,-1] 1.0 1.0 1.0 0.0007229154976227362 0.12548315978664992 85.32581349327893 151.28098707539036 2848.545114817012 2848.545114817012 -1214.678027574113 -639.4000492049375 -2495.9836012188157
211.18528910479608 4.192810490645183 39627890907679640 6 140-141-142-144-146-457 0.8531513146779991 1.0 5 1.4308805685697505 1.0 [-1,-1] 1.0 1.0 1.0 0.0006812235016579503 0.1321480675826358 85.80718950935481 148.81471089520392 3014.342213255933 3014.342213255933 1002.8381400251659 2301.4102042871073 -1668.5579747586592
210.6401889197198 4.989688854951511 39627908972545161 4 140-141-142-457 0.9745703198174736 1.0 5 0.6378411484795742 1.0 [-1,-1] 1.0 1.0 1.0 0.0003578035202613049 0.22475091060875194 85.01031114504849 149.3598110802802 3331.9611473315585 3331.9611473315585 -82.99210898514175 614.8894340704409 -3273.6811666748745
210.49895899273645 5.1251317830323435 39627914991374087 6 140-141-143-144-145-146 0.44789307297459774 1.0 5 0.512522482602407 1.0 [-1,-1] 1.0 1.0 1.0 0.0005288673958748294 0.16397488484989944 84.87486821696766 149.50104100726355 1768.5664821116839 1768.5664821116839 -24.93210161188741 88.23346762531627 -1766.188168669727
210.09201728371445 3.442619319660381 39627872796673002 5 140-141-143-144-146 0.9089721984786222 0.6666666666666666 5 1.5600818437737767 1.0 [-1,-1] 1.0 1.0 1.0 0.0005275616701708153 0.16431404058018498 86.55738068033962 149.90798271628555 3163.219892189205 3163.219892189205 -1968.1107786289833 2422.215375995755 515.1433991381889
211.2552729700565 5.417167646931216 39627921022782131 6 140-141-143-144-146-457 0.7189483139548769 1.0 5 1.3178564162953268 1.0 [-1,-1] 1.0 1.0 1.0 0.0006167714992318164 0.14396928707710532 84.58283235306878 148.7447270299435 2635.2497763727183 2635.2497763727183 -289.9748879562467 -555.7354205423279 -2559.612097678448
210.9495767494242 3.753438622906086 39627878840667672 4 140-141-143-146 0.8425374965329078 1.0 5 1.565351034386745 1.0 [-1,-1] 1.0 1.0 1.0 0.0006232532477076302 0.14268566385842998 86.24656137709391 149.0504232505758 2985.466446804094 2985.466446804094 514.8323947749425 2907.942232359648 -437.9834283880441
210.09097215255684 3.440254486777518 39627872796672984 4 140-141-143-146 0.9072596279019114 1.0 5 1.5623817284790804 0.5 [-1,-1] 1.0 1.0 1.0 0.0005275616701708153 0.16431404058018498 86.55974551322248 149.90902784744316 3158.7258471620225 3158.7258471620225 -1967.0678929754138 2415.768674078652 521.7802174239397
211.0548359824005 3.7933676629453643 39627878844858629 4 140-141-144-146 0.5974841912269819 1.0 5 1.600643491757168 1.0 [-1,-1] 1.0 1.0 1.0 0.0007756247847600315 0.11796159141779075 86.20663233705463 148.9451640175995 2264.4650642586753 2264.4650642586753 615.9098440638176 2137.9693569644855 -421.35984611041715
211.58114045033423 4.792135476561162 39627902962111842 3 140-141-146 0.76956754362404 1.0 5 1.5890241919619763 1.0 [-1,-1] 1.0 1.0 1.0 0.0006416626200019751 0.139161677870846 85.20786452343884 148.41885954966577 2781.865085947035 2781.865085947035 754.1320945359374 722.5364138859071 -2578.3714377511315
210.31415248557423 5.256397451883994 39627914987180750 6 140-142-143-145-146-457 0.7525965041587799 1.0 5 0.4045278253608876 1.0 [-1,-1] 1.0 1.0 1.0 0.0006416626200019751 0.139161677870846 84.743602548116 149.68584751442577 2733.2105470597926 2733.2105470597926 96.28012268350285 -194.2331800289444 -2724.5996961591964
211.37296367797936 5.275003771278398 39627915008148308 5 140-142-143-146-457 0.7111352425362613 1.0 5 1.3948250020404493 1.0 [-1,-1] 1.0 1.0 1.0 0.0006167714992318164 0.14396928707710532 84.72499622872161 148.62703632202064 2612.215473456735 2612.215473456735 -144.03116573415207 -211.15685620268908 -2599.6802659447662
208.42603773660127 4.908587745707697 39627908934797110 3 140-142-146 0.6946822657379305 1.0 5 1.5707434632098451 1.0 [-1,-1] 1.0 1.0 1.0 0.0005843703162771602 0.15074849413407446 85.09141225429231 151.57396226339873 2563.3498119009396 2563.3498119009396 -484.46460057784736 -476.88585614648025 -2471.5655340627663
208.98647750921916 3.6381333438287036 39627878807113915 2 140-143 0.8358157186365854 1.0 5 1.6958872182825988 1.0 [-1,-1] 1.0 1.0 1.0 0.0006232532477076302 0.14268566385842998 86.3618666561713 151.01352249078084 2967.0837507162964 2967.0837507162964 -2895.9739448716805 -638.7078587753412 -94.72679413799945
209.69215204427442 3.391052760695791 39627872788286243 2 140-143 0.5866409546509245 1.0 5 1.637976811478496 1.0 [-1,-1] 1.0 1.0 1.0 0.0006621615122706149 0.13543705131792066 86.60894723930421 150.30784795572558 2230.0119921632295 2230.0119921632295 -1923.682770970642 1022.6113609657315 476.0925186204278
210.6140039421879 3.4878145012370405 39627872805061958 2 140-143 0.5391990508556088 1.0 5 1.631446930524951 1.0 [-1,-1] 1.0 1.0 1.0 0.0007045118177349687 0.128340413101622 86.51218549876296 149.3859960578121 2076.571467661972 2076.571467661972 -329.22223913199315 2035.5849830817933 245.26629246720097
210.63796974983075 3.5376880236465666 39627872805062444 2 140-143 0.5032090151094809 1.0 5 1.5947050592030747 1.0 [-1,-1] 1.0 1.0 1.0 0.0005337442823398631 0.16272042362546515 86.46231197635343 149.36203025016925 1957.1880896780754 1957.1880896780754 -265.46880594504995 1934.4658790178453 133.9899039612273
208.9505276796474 3.6475674933492015 39627878807113107 2 140-143 0.9307808301095991 1.0 5 1.7100156638741142 1.0 [5182886638384052066,-149696857309218] 0.8046875 1.0 1.2403846153846154 0.0004445766401596716 0.18918261239264766 86.3524325066508 151.0494723203526 3220.0499677344683 3220.0499677344683 -3114.8554886253196 -805.3975773442298 -133.1608880096461
208.62114850018702 4.040291234653568 39627884834326635 2 140-143 0.9253104650789115 1.0 5 1.6764302366477675 1.0 [-1,-1] 1.0 1.0 1.0 0.0004951280553168204 0.17321314004730964 85.95970876534643 151.37885149981298 3205.8642274091017 3205.8642274091017 -2429.0388810504096 -1599.7892125299884 -1348.336024290463
208.63481500616226 4.064933252902759 39627884834327019 2 140-143 1.0855431040312034 1.0 5 1.6511810485557674 1.0 [-1,-1] 1.0 1.0 1.0 0.0001075182622224553 0.4910338705006151 85.93506674709724 151.36518499383774 3602.9992239781272 3602.9992239781272 -2721.9624055619074 -1739.848362157888 -1595.4471935451625
208.9622442154993 3.7632783622086827 39627878807113386 3 140-143-145 0.7175487611221232 1.0 5 1.6124791617787777 1.0 [-1,-1] 1.0 1.0 1.0 0.0006167714992318164 0.14396928707710532 86.23672163779132 151.0377557845007 2631.131689503683 2631.131689503683 -2523.4439115270484 -621.0294278969792 -411.5911109019796
208.9800460271901 3.7503186338623293 39627878807113803 3 140-143-145 1.0200245763471556 1.0 5 1.611183883565879 0.5 [-85709711454355561,-579140022599552311] 0.6953125 1.0 1.4333333333333333 0.00020304675497218746 0.33812883710054276 86.24968136613766 151.0199539728099 3445.10848729162 3445.10848729162 -3324.589058723319 -755.693310322821 -494.78045692941816
208.98294517442 3.7338262636626776 39627878807113850 4 140-143-145-146 0.9889756060015095 1.0 5 1.6222072821512246 1.0 [4121788544456444650,-5148864594045149321] 0.5859375 1.0 1.6973684210526316 0.0003578035202613049 0.22475091060875194 86.26617373633732 151.01705482558 3368.1475414608803 3368.1475414608803 -3259.790475824583 -731.0319332863596 -428.69129602537953
208.93027830951812 3.7683369367122324 39627878807112664 4 140-143-145-146 0.8260962175219823 1.0 5 1.6292841218852978 1.0 [-1,-1] 1.0 1.0 1.0 0.0006627118749498285 0.13533979738261318 86.23166306328777 151.06972169048188 2940.371011685456 2940.371011685456 -2794.128548087269 -783.1564012585011 -474.65081301069586
209.30895422283538 3.5106770653495407 39627872784089505 3 140-143-146 0.7515329988009477 1.0 5 1.6410272900222516 1.0 [-1,-1] 1.0 1.0 1.0 0.0006416626200019751 0.139161677870846 86.48932293465046 150.69104577716462 2730.1448639612927 2730.1448639612927 -2702.615865036904 285.91961589330475 260.40053285751213
209.91179431505907 3.340911625929636 39627866761070578 3 140-143-146 0.7358734273329227 1.0 5 1.6614189051885142 1.0 [-2251834174607361,-576462951326679045] 0.9375 1.0 1.0661157024793388 0.0007126833197713517 0.12705585074725267 86.65908837407036 150.08820568494093 2684.774450475125 2684.774450475125 -1967.7693198808206 1685.3470782023367 703.9197252916184
209.12940264384503 3.578910600792636 39627872779896555 3 140-143-146 0.9687308991120454 1.0 5 1.665279347682466 1.0 [-1,-1] 1.0 1.0 1.0 0.00041974738576830407 0.19815580287489248 86.42108939920736 150.87059735615497 3317.204587990902 3317.204587990902 -3306.85751283969 -245.65381585099271 90.520003984941
209.91775459046733 3.3381192769997363 39627866761070694 3 140-143-146 0.733182074719416 1.0 5 1.6639037275775643 1.0 [-4755819623325696013,-20829148880636290] 0.84375 1.0 1.18348623853211 0.0007126833197713517 0.12705585074725267 86.66188072300027 150.08224540953267 2676.933276596007 2676.933276596007 -1950.483149671469 1690.7987905368625 709.0745377700313
209.803740741055 3.355192345685888 39627866761068777 3 140-143-146 0.5804598989847878 1.0 5 1.6564126402294463 1.0 [-1,-1] 1.0 1.0 1.0 0.0006621615122706149 0.13543705131792066 86.6448076543141 150.196259258945 2210.270484808116 2210.270484808116 -1766.8204947470488 1209.234919566626 548.9916799518857
209.92488531820348 3.34360179115036 39627866761070821 3 140-143-146 0.5290225749808521 1.0 5 1.6580913681010898 1.0 [-4899916394667180034,-598172996995115] 0.8828125 1.0 1.131578947368421 0.0006865842838717192 0.13125169390769817 86.65639820884964 150.07511468179652 2043.0782820775187 2043.0782820775187 -1481.6061122130839 1302.966671476327 530.3678421355846
209.76387852900407 3.344835483533455 39627866756878177 3 140-143-146 0.9856720079879261 1.0 5 1.6718324865836949 1.0 [-1,-1] 1.0 1.0 1.0 0.0003578035202613049 0.22475091060875194 86.65516451646654 150.23612147099593 3359.875955488412 3359.875955488412 -2749.430693129729 1725.00279675248 868.1950536264694
