data_rosette/LRG_9_clustering_data.ecsv
# %ECSV 1.0
# ---
# datatype:
# - {name: RA, unit: deg, datatype: float64}
# - {name: DEC, unit: deg, datatype: float64}
# - {name: TARGETID, datatype: int64}
# - {name: NTILE, datatype: int64}
# - {name: TILES, datatype: string}
# - {name: Z, datatype: float64}
# - {name: COMP_TILE, datatype: float64}
# - {name: ROSETTE_NUMBER, datatype: int32}
# - {name: ROSETTE_R, unit: deg, datatype: float64}
# - {name: FRACZ_TILELOCID, datatype: float64}
# - {name: BITWEIGHTS, datatype: string, subtype: 'int64[2]'}
# - {name: PROB_OBS, datatype: float64}
# - {name: WEIGHT_ZFAIL, datatype: float64}
# - {name: WEIGHT, datatype: float64}
# - {name: NZ, unit: h3 / Mpc3, datatype: float64}
# - {name: WEIGHT_FKP, datatype: float64}
# - {name: theta, unit: deg, datatype: float64}
# - {name: phi, unit: deg, datatype: float64}
# - {name: rho, unit: Mpc, datatype: float64}
# - {name: r, unit: Mpc, datatype: float64}
# - {name: x, unit: Mpc, datatype: float64}
# - {name: y, unit: Mpc, datatype: float64}
# - {name: z, unit: Mpc, datatype: float64}
# meta: !!omap
# - {EXTNAME: LSS}
# - {DESIDR: edr}
# - comments: ['Visit https://desidatamodel.readthedocs.io/en/latest/ for a more complet', e description]
# schema: astropy-2.0
RA DEC TARGETID NTILE TILES Z COMP_TILE ROSETTE_NUMBER ROSETTE_R FRACZ_TILELOCID BITWEIGHTS PROB_OBS WEIGHT_ZFAIL WEIGHT NZ WEIGHT_FKP theta phi rho r x y z
[from data line 4900]
220.50101622773653 -1.9273871039635568 39627740109865020 5 245-246-251-254-469 0.5970610731213356 1.0 9 1.5010393920512417 1.0 [-1,-1] 1.0 1.0 1.0 0.0007756247847600315 0.11796159141779075 91.92738710396355 -220.50101622773653 2263.12491591198 2263.12491591198 -1376.9075176102758 920.9801809024921 -1541.9648437479784
219.0028741389668 -2.0350422851851877 39627740084699250 5 245-246-251-254-469 0.5246369089645364 1.0 9 1.641458745183591 1.0 [-1,-1] 1.0 1.0 1.0 0.0006865842838717192 0.13125169390769817 92.03504228518518 -219.0028741389668 2028.580203906777 2028.580203906777 -998.970203865586 -1281.3692231798204 -1214.6147905236264
218.99186879954908 -2.015675597300718 39627740080510418 5 245-246-251-254-469 0.4418634543600363 1.0 9 1.6299815812796543 1.0 [-1,-1] 1.0 1.0 1.0 0.0005288673958748294 0.16397488484989944 92.01567559730071 -218.99186879954908 1747.6246534256104 1747.6246534256104 -835.9719849025958 -1096.9796154283129 -1073.3026101960947
218.93182855149894 -1.958074120256678 39627740080509016 5 245-246-251-254-469 0.8204045741787976 1.0 9 1.6117307795593527 1.0 [-1,-1] 1.0 1.0 1.0 0.0006627118749498285 0.13533979738261318 91.95807412025668 -218.93182855149894 2924.6555260852037 2924.6555260852037 -1226.5635731524922 -1827.4006459984585 -1926.0733699110554
219.09801916830764 -2.0124949271687522 39627740084701506 5 245-246-251-254-469 0.603475195222131 1.0 9 1.577224758070898 1.0 [-1,-1] 1.0 1.0 1.0 0.0007756247847600315 0.11796159141779075 92.01249492716875 -219.09801916830764 2283.403466964711 2283.403466964711 -1234.900359965497 -1306.2450319973689 -1408.0754277686049
220.4859225943593 -1.9423351998038103 39627740105676343 4 245-246-251-469 0.5983793848388106 1.0 9 1.5073488324316786 1.0 [-1,-1] 1.0 1.0 1.0 0.0007756247847600315 0.11796159141779075 91.94233519980381 -220.4859225943593 2267.2992872063187 2267.2992872063187 -1412.4454525177603 914.1998448784785 -1519.8297750249358
219.57701319659122 -1.5095890615497922 39627752172685553 5 245-246-252-253-469 0.9308167110006265 1.0 9 0.9365134704668224 1.0 [-1,-1] 1.0 1.0 1.0 0.0004445766401596716 0.18918261239264766 91.50958906154979 -219.57701319659122 3220.1428618011896 3220.1428618011896 -1194.0158936922887 -414.95617381360535 -2961.664645065902
219.98296971514165 -0.2791688867865436 39627782375871740 5 245-246-252-254-469 0.5580761134424931 1.0 9 0.3693351619047408 1.0 [-1,-1] 1.0 1.0 1.0 0.000677088223595666 0.13284793461577618 90.27916888678655 -219.98296971514165 2138.1554706265592 2138.1554706265592 1569.4835401977496 -112.38439638508663 -1447.6878051112335
219.58035985894094 -2.0856343696568747 39627740093089620 5 245-246-253-254-469 0.6200312132573425 1.0 9 1.5017729764901702 1.0 [-1,-1] 1.0 1.0 1.0 0.0007214233604467519 0.12571007283523317 92.08563436965687 -219.58035985894094 2335.3815759560534 2335.3815759560534 -1833.4870171162595 -630.3222889762343 -1301.9317475969553
219.84533079989862 -0.560016004844123 39627776336070722 5 245-246-253-254-469 0.9790595363586574 1.0 9 0.060443284450265894 1.0 [-1,-1] 1.0 1.0 1.0 0.0003578035202613049 0.22475091060875194 90.56001600484413 -219.84533079989862 3343.2711353781724 3343.2711353781724 1732.7600826684754 114.79817846848495 -2856.890925251419
219.28903817582577 -1.9301594033626133 39627740088894476 4 245-246-254-469 0.6787621744006997 1.0 9 1.4248743888729922 1.0 [-1,-1] 1.0 1.0 1.0 0.0007209928471550773 0.12577569469930108 91.93015940336261 -219.28903817582577 2515.598830921792 2515.598830921792 -1499.848839070437 -1076.3072805369018 -1708.8749444992773
219.16127333677747 -2.1081111458099158 39627740084702803 4 245-246-254-469 0.9192158073268126 1.0 9 1.6377177971038004 1.0 [-1,-1] 1.0 1.0 1.0 0.0004951280553168204 0.17321314004730964 92.10811114580991 -219.16127333677747 3190.0051192542387 3190.0051192542387 -1966.1038584098856 -1832.3956262550485 -1718.398832545978
220.4778797741415 -1.9610743607065686 39627740105676136 4 245-246-254-469 1.0026356108021142 1.0 9 1.5204582451418385 1.0 [-1,-1] 1.0 1.0 1.0 0.0002622817504223413 0.28340640119267335 91.96107436070656 -220.4778797741415 3402.1794515356373 3402.1794515356373 -2166.0854086644354 1377.39812014857 -2232.862163554558
219.8474283746698 -0.537012380200889 39627776336070768 3 245-246-469 0.7453490322572455 1.0 9 0.07884585778708392 1.0 [-1,-1] 1.0 1.0 1.0 0.0007126833197713517 0.12705585074725267 90.53701238020089 -219.8474283746698 2712.279586081865 2712.279586081865 1458.7496510428944 93.57169653893283 -2284.678171267339
218.28618427459915 0.14263363806306778 39627794430296967 2 245-247 0.5793265934321565 1.0 9 1.6861418026020893 1.0 [-1,-1] 1.0 1.0 1.0 0.0006621615122706149 0.13543705131792066 89.85736636193693 -218.28618427459915 2206.6427920222686 2206.6427920222686 -114.03631179315518 2090.1394245806505 -698.2730962811859
220.22350136701104 0.531127887001093 39627800499459099 8 245-247-248-249-250-251-252-253 1.093485732531845 0.6666666666666666 9 1.2078070270674788 1.0 [-1,-1] 1.0 1.0 1.0 4.689797466212482e-05 0.6886505109163528 89.46887211299891 -220.22350136701104 3621.73501316819 3621.73501316819 3439.2430091003375 -1109.3325836342287 240.73481021708315
220.42061956937408 -0.7350877427267911 39627770304664143 8 245-247-248-249-250-251-252-253 0.557431010420689 0.6666666666666666 9 0.6351101384240966 0.5 [-1,-1] 1.0 1.0 1.0 0.000677088223595666 0.13284793461577618 90.73508774272679 -220.42061956937408 2136.062531155816 2136.062531155816 676.3742148780395 -377.56701519111954 -1990.6592394218492
221.1040919263206 -0.006550958016656907 39627788436638134 8 245-247-248-249-250-251-252-253 0.9376394732363424 0.6666666666666666 9 1.432750733039092 1.0 [-1,-1] 1.0 1.0 1.0 0.0004445766401596716 0.18918261239264766 90.00655095801666 -221.1040919263206 3237.77075969605 3237.77075969605 1065.2513000554532 -2681.1208445662865 -1469.6905037813458
220.41865909550958 -0.7435950348226216 39627770304664095 8 245-247-248-249-250-251-252-253 0.8966269163383436 0.6666666666666666 9 0.6350636141311732 0.5 [-1,-1] 1.0 1.0 1.0 0.0005275616701708153 0.16431404058018498 90.74359503482262 -220.41865909550958 3130.7210119528468 3130.7210119528468 970.6789807281331 -539.3611712447617 -2927.163455977327
218.37444497807135 -0.8039268738774298 39627770271108047 9 245-247-248-249-250-251-252-253-254 0.6954018579039276 1.0 9 1.4399604534746449 1.0 [-1,-1] 1.0 1.0 1.0 0.0005843703162771602 0.15074849413407446 90.80392687387743 -218.37444497807135 2565.4972586098675 2565.4972586098675 25.77400491736334 763.258550143149 -2449.193391759549
219.96970630968517 -1.0248733684772813 39627764256478564 10 245-247-248-249-250-251-252-253-254-469 0.694330864239669 1.0 9 0.4575059436353269 1.0 [-1,-1] 1.0 1.0 1.0 0.0005843703162771602 0.15074849413407446 91.02487336847729 -219.96970630968517 2562.3007983679863 2562.3007983679863 207.76771699750677 -12.110038457696888 -2553.834627390626
218.86560313761066 -0.5007089078994602 39627776319294187 10 245-247-248-249-250-251-252-253-254-469 0.9696257942981585 1.0 9 0.9396145181497582 1.0 [-1,-1] 1.0 1.0 1.0 0.00041974738576830407 0.19815580287489248 90.50070890789947 -218.86560313761066 3319.469343376889 3319.469343376889 946.7972796024823 1634.9323889889365 -2729.3676403869194
220.39127832180347 -1.5609909971015334 39627752185269529 10 245-247-248-249-250-251-252-253-254-469 0.7062704844955959 1.0 9 1.1282646984360922 1.0 [-1,-1] 1.0 1.0 1.0 0.0005843703162771602 0.15074849413407446 91.56099099710153 -220.39127832180347 2597.817935287457 2597.817935287457 -1012.3352897453987 526.7658561456075 -2333.742277724015
219.63212364817664 0.4576073164297739 39627800491068336 10 245-247-248-249-250-251-252-253-254-469 0.9181375502786109 1.0 9 1.0708477303234154 1.0 [-1,-1] 1.0 1.0 1.0 0.0004951280553168204 0.17321314004730964 89.54239268357023 -219.63212364817664 3187.193357472102 3187.193357472102 3063.5556420296234 878.823241553753 -22.31672484270223
220.5678122498454 -0.3463612364457544 39627782388451253 10 245-247-248-249-250-251-252-253-254-469 0.8914055504715898 1.0 9 0.8085957594729271 1.0 [-1,-1] 1.0 1.0 1.0 0.0005275616701708153 0.16431404058018498 90.34636123644576 -220.5678122498454 3116.9035535222256 3116.9035535222256 1700.8645749802886 -1310.066151258347 -2259.6181400545847
219.71855380900544 -1.8887333281981236 39627740093093136 10 245-247-248-249-250-251-252-253-254-469 0.6255066805433804 1.0 9 1.2913030879250567 1.0 [-1,-1] 1.0 1.0 1.0 0.0007214233604467519 0.12571007283523317 91.88873332819813 -219.71855380900544 2352.4569763971513 2352.4569763971513 -1627.9129387182277 -318.03224194357165 -1668.1752854055105
220.7472725753914 -1.639077229846037 39627746149668445 10 245-247-248-249-250-251-252-253-254-469 0.9511076047861458 1.0 9 1.4059301720212924 1.0 [-1,-1] 1.0 1.0 1.0 0.00041974738576830407 0.19815580287489248 91.63907722984604 -220.7472725753914 3272.359417941651 3272.359417941651 -1114.8228424252788 1233.2387587508215 -2818.6217117791766
220.48727461595178 -0.36080820427538035 39627782384261365 10 245-247-248-249-250-251-252-253-254-469 0.9516527993638423 1.0 9 0.7276848357768483 1.0 [-1,-1] 1.0 1.0 1.0 0.00041974738576830407 0.19815580287489248 90.36080820427539 -220.48727461595178 3273.753771405532 3273.753771405532 1862.4096213028909 -1209.0134258321973 -2405.6559800661153
220.2506633191647 -0.7331483256965812 39627770304659542 9 245-247-248-249-250-251-252-253-469 0.5306605835836131 1.0 9 0.4698918223681803 1.0 [-1,-1] 1.0 1.0 1.0 0.0007045118177349687 0.128340413101622 90.73314832569658 -220.2506633191647 2048.4833162160635 2048.4833162160635 704.0303643061969 -248.3902229629149 -1907.5972950512585
219.25059418813944 -1.7183364679548734 39627746128691253 9 245-247-248-249-250-251-252-253-469 0.5977944118048196 1.0 9 1.2459494688853132 1.0 [-1,-1] 1.0 1.0 1.0 0.0007756247847600315 0.11796159141779075 91.71833646795487 -219.25059418813944 2265.4474113116917 2265.4474113116917 -1027.691559354378 -799.0656311089381 -1854.0755511658867
220.12843245546577 0.315826103949811 39627794459659474 9 245-247-248-249-250-251-252-253-469 0.5238527990191191 1.0 9 0.9729349261058415 1.0 [-1,-1] 1.0 1.0 1.0 0.0006865842838717192 0.13125169390769817 89.68417389605018 -220.12843245546577 2025.9840422398936 2025.9840422398936 1956.6353392176088 -431.2729937414823 -300.3216502431192
220.1176324030793 0.23870727017267485 39627794459659189 9 245-247-248-249-250-251-252-253-469 0.8919576999349951 1.0 9 0.8968374568621919 1.0 [-1,-1] 1.0 1.0 1.0 0.0005275616701708153 0.16431404058018498 89.76129272982733 -220.1176324030793 3118.3667624863842 3118.3667624863842 2974.788806074938 -622.0798795705309 -698.4693608631475
219.24454683138373 -0.30810576137640866 39627782363290498 9 245-247-248-249-250-251-252-253-469 0.7937779449472566 1.0 9 0.6274634857995643 1.0 [-1,-1] 1.0 1.0 1.0 0.0007229154976227362 0.12548315978664992 90.30810576137641 -219.24454683138373 2850.4143312808064 2850.4143312808064 1603.6111815011473 1262.4970967804081 -1989.822635100059
219.82964383893903 0.5779547966285355 39627800495261409 9 245-247-248-249-250-251-252-253-469 0.6111659163092303 1.0 9 1.178327725677944 1.0 [-1,-1] 1.0 1.0 1.0 0.0007214233604467519 0.12571007283523317 89.42204520337147 -219.82964383893903 2307.6138885103182 2307.6138885103182 2285.1321427928992 187.43826485136475 260.99778790241425
219.24863166425862 -1.540582805416713 39627752164300577 8 245-247-248-249-250-251-252-254 0.7205825009405297 1.0 9 1.0902248175029132 1.0 [-1,-1] 1.0 1.0 1.0 0.0006167714992318164 0.14396928707710532 91.54058280541672 -219.24863166425862 2640.053826431233 2640.053826431233 -875.8120968623498 -683.7362502605105 -2394.8574315652836
218.63851784107212 -1.0988072516196634 39627764235505091 9 245-247-248-249-250-251-252-254-469 0.5256071410097849 1.0 9 1.2639400612454799 1.0 [-1,-1] 1.0 1.0 1.0 0.0006865842838717192 0.13125169390769817 91.09880725161966 -218.63851784107212 2031.7909033605727 2031.7909033605727 4.399876805187298 14.333785614967573 -2031.7355779364634
220.78087615098724 0.026819686027471288 39627788432442069 9 245-247-248-249-250-251-252-254-469 0.9511461783228862 1.0 9 1.164039206327006 1.0 [-1,-1] 1.0 1.0 1.0 0.00041974738576830407 0.19815580287489248 89.97318031397253 -220.78087615098724 3272.4580858629497 3272.4580858629497 1912.5404432648872 -2264.1798098194936 -1387.3214355050206
220.06490171334707 0.6604110309623181 39627806539253254 9 245-247-248-249-250-251-252-254-469 0.6498229929291738 1.0 9 1.2879464411619757 1.0 [-1,-1] 1.0 1.0 1.0 0.000833303205902425 0.11070054926254569 89.33958896903768 -220.06490171334707 2427.603863238604 2427.603863238604 2353.249467204571 -363.88537816488116 472.2974629089173
220.40784123914085 -1.7261924759799858 39627746145472409 9 245-247-248-249-250-251-253-254-469 0.7919751183123668 0.8571428571428571 9 1.279693840714132 1.0 [-1,-1] 1.0 1.0 1.0 0.0007229154976227362 0.12548315978664992 91.72619247597999 -220.40784123914085 2845.344342180345 2845.344342180345 -1453.7493476661377 787.3210896278835 -2315.755332837461
220.60426984781012 -1.8482081661559446 39627746149665048 9 245-247-248-249-250-251-253-254-469 0.724914691972422 0.8571428571428571 9 1.4847736508124894 1.0 [-1,-1] 1.0 1.0 1.0 0.0006167714992318164 0.14396928707710532 91.84820816615594 -220.60426984781012 2652.7661828778882 2652.7661828778882 -1379.4181040870913 1144.9549104398363 -1955.3650217279132
220.38210537543264 -1.6424457196869817 39627746145471786 9 245-247-248-249-250-251-253-254-469 0.6011176194372675 0.8571428571428571 9 1.1939014395155345 1.0 [-1,-1] 1.0 1.0 1.0 0.0007756247847600315 0.11796159141779075 91.64244571968698 -220.38210537543264 2275.9590800337 2275.9590800337 -1036.4256503854735 527.2770391447799 -1956.474004223314
220.01146379745333 -0.9215110473300481 39627764260667750 9 245-247-248-249-250-251-253-254-469 0.7398825400491907 0.8571428571428571 9 0.384809421403575 1.0 [-1,-1] 1.0 1.0 1.0 0.0007126833197713517 0.12705585074725267 90.92151104733004 -220.01146379745333 2696.4311409255756 2696.4311409255756 492.6675988242945 -49.42071717284352 -2650.58052651415
220.51646348785226 -1.0589864710948231 39627764269056477 9 245-247-248-249-250-251-253-254-469 0.9533578486276038 0.8571428571428571 9 0.8508103083161952 1.0 [-1,-1] 1.0 1.0 1.0 0.00041974738576830407 0.19815580287489248 91.05898647109483 -220.51646348785226 3278.111587300857 3278.111587300857 127.21918357110077 -87.9681689427493 -3274.4606364072397
220.5196738710246 -1.060761537178065 39627764269056555 9 245-247-248-249-250-251-253-254-469 0.9594301518731888 0.8571428571428571 9 0.8544706551991479 1.0 [-1,-1] 1.0 1.0 1.0 0.00041974738576830407 0.19815580287489248 91.06076153717807 -220.5196738710246 3293.5956796458013 3293.5956796458013 122.74283274043952 -85.45666666119338 -3290.198148457855
220.80291001832904 0.03505181688090671 39627788432442536 8 245-247-248-249-250-251-253-469 0.5984399027139385 1.0 9 1.1870486802514013 1.0 [-1,-1] 1.0 1.0 1.0 0.0007756247847600315 0.11796159141779075 89.96494818311909 -220.80291001832904 2267.4908337801457 2267.4908337801457 1295.2434147750962 -1603.771665890478 -944.3387217760417
220.77732134919265 0.02135522803784333 39627788432441990 8 245-247-248-249-250-251-254-469 0.9489294960867953 1.0 9 1.158104322434019 1.0 [-1,-1] 1.0 1.0 1.0 0.0004445766401596716 0.18918261239264766 89.97864477196215 -220.77732134919265 3266.784335708118 3266.784335708118 1912.314603681734 -2247.6554753300934 -1401.0630309847415
