data_rosette/LRG_15_clustering_data.ecsv
# %ECSV 1.0
# ---
# datatype:
# - {name: RA, unit: deg, datatype: float64}
# - {name: DEC, unit: deg, datatype: float64}
# - {name: TARGETID, datatype: int64}
# - {name: NTILE, datatype: int64}
# - {name: TILES, datatype: string}
# - {name: Z, datatype: float64}
# - {name: COMP_TILE, datatype: float64}
# - {name: ROSETTE_NUMBER, datatype: int32}
# - {name: ROSETTE_R, unit: deg, datatype: float64}
# - {name: FRACZ_TILELOCID, datatype: float64}
# - {name: BITWEIGHTS, datatype: string, subtype: 'int64[2]'}
# - {name: PROB_OBS, datatype: float64}
# - {name: WEIGHT_ZFAIL, datatype: float64}
# - {name: WEIGHT, datatype: float64}
# - {name: NZ, unit: h3 / Mpc3, datatype: float64}
# - {name: WEIGHT_FKP, datatype: float64}
# - {name: theta, unit: deg, datatype: float64}
# - {name: phi, unit: deg, datatype: float64}
# - {name: rho, unit: Mpc, datatype: float64}
# - {name: r, unit: Mpc, datatype: float64}
# - {name: x, unit: Mpc, datatype: float64}
# - {name: y, unit: Mpc, datatype: float64}
# - {name: z, unit: Mpc, datatype: float64}
# meta: !!omap
# - {EXTNAME: LSS}
# - {DESIDR: edr}
# - comments: ['Visit https://desidatamodel.readthedocs.io/en/latest/ for a more complet', e description]
# schema: astropy-2.0
RA DEC TARGETID NTILE TILES Z COMP_TILE ROSETTE_NUMBER ROSETTE_R FRACZ_TILELOCID BITWEIGHTS PROB_OBS WEIGHT_ZFAIL WEIGHT NZ WEIGHT_FKP theta phi rho r x y z
[from data line 2714]
268.86498622847677 67.05066800430048 39633463514499880 8 406-408-409-410-413-416-439-440 0.9948123701470541 1.0 15 1.0866717073769785 1.0 [-1,-1] 1.0 1.0 1.0 0.00023297360745577845 0.30751381291380364 22.949331995699524 -268.86498622847677 3382.722442368872 3382.722442368872 -708.3165404947268 -2675.3925095458017 -1945.089643289951
267.44324008665706 66.69914922481729 39633461123747452 9 406-408-409-410-414-415-416-439-440 0.47777782710527866 1.0 15 1.1409816164566127 1.0 [-1,-1] 1.0 1.0 1.0 0.000668512811805897 0.13401699399284683 23.30085077518271 -267.44324008665706 1871.2500284847538 1871.2500284847538 1659.5334737415683 -717.0755975192133 -483.04027376389513
272.9314469254804 66.35320209576261 39633456325462911 8 406-408-409-410-414-415-416-440 0.6288944269854285 1.0 15 1.3347033646411675 1.0 [-1,-1] 1.0 1.0 1.0 0.0007056687116799521 0.12786279395313782 23.64679790423739 -272.9314469254804 2362.993281091122 2362.993281091122 2180.2649724672256 888.8617466776232 200.26655139458046
273.1723548416412 65.39449647301822 39633448884768245 5 406-408-409-411-412 0.817107148047509 1.0 15 1.5479051895145386 1.0 [-1,-1] 1.0 1.0 1.0 0.000762533893525711 0.11946670068019369 24.605503526981778 -273.1723548416412 2915.526135029421 2915.526135029421 1451.2904847685422 213.71236727089862 2519.598300708935
272.87405576428534 66.6053340764839 39633458758156746 5 406-408-409-411-412 0.9292088330287286 1.0 15 1.3919397634827608 1.0 [-1,-1] 1.0 1.0 1.0 0.00042618922305278896 0.1953324009783564 23.3946659235161 -272.87405576428534 3215.9781904726137 3215.9781904726137 2862.93291594701 1363.6030506363527 -535.4601392054229
267.70338204289186 66.4948600697985 39633458720411099 6 406-408-409-411-412-413 0.5361242151406451 1.0 15 0.9440249699505266 1.0 [-1,-1] 1.0 1.0 1.0 0.0006094867785671962 0.14511252611805409 23.505139930201494 -267.70338204289186 2066.473233857568 2066.473233857568 1619.6847275652253 -1277.9547575216825 -117.32283353812157
273.2644801741254 66.24797732555982 39633456329655413 6 406-408-409-411-412-413 0.8118533466108739 1.0 15 1.4479032457726193 1.0 [-1,-1] 1.0 1.0 1.0 0.000762533893525711 0.11946670068019369 23.752022674440184 -273.2644801741254 2900.942677665511 2900.942677665511 2844.530573408304 153.98432064014585 548.0903803603578
267.53177946519577 67.15671336697505 39633465863307987 8 406-408-409-411-412-413-414-415 0.9683845106559198 1.0 15 1.4333494257464918 1.0 [-1,-1] 1.0 1.0 1.0 0.0003767415448896098 0.21544643941305056 22.843286633024945 -267.53177946519577 3316.327644216819 3316.327644216819 2194.881015213518 -1188.8403900800604 -2183.388398743166
268.80277396230383 66.51930636233635 39633458728798561 8 406-408-409-411-412-413-414-415 0.4604834492685477 1.0 15 0.6233199287567189 1.0 [-1,-1] 1.0 1.0 1.0 0.0005330850268982689 0.1625298359500762 23.48069363766365 -268.80277396230383 1812.0516084221292 1812.0516084221292 -352.7947956007928 -1771.2812916988175 -147.06953953823498
268.8542382397322 65.79472821125331 39633451363598755 10 406-408-409-411-412-413-414-415-416-439 0.6671560532285002 1.0 15 0.42254833833952815 1.0 [-1,-1] 1.0 1.0 1.0 0.0006371005092682059 0.1397016056866948 24.205271788746686 -268.8542382397322 2480.494404251347 2480.494404251347 -487.29222633050995 -1923.9025211110636 1487.9508946677622
272.3282113850688 66.94522006944963 39633463539663557 10 406-408-409-411-412-413-414-415-416-439 0.7971647545780083 1.0 15 1.389370400938936 1.0 [-1,-1] 1.0 1.0 1.0 0.0008239664519383997 0.11155322342262282 23.054779930550367 -272.3282113850688 2859.923940880373 2859.923940880373 1370.9562983691028 2090.486506754863 -1389.0680115309904
268.3327284536484 66.93258894453443 39633463510306462 10 406-408-409-411-412-413-414-415-416-439 0.6180881364392828 1.0 15 1.0694456611694398 1.0 [-1,-1] 1.0 1.0 1.0 0.0007056687116799521 0.12786279395313782 23.06741105546557 -268.3327284536484 2329.3083343943294 2329.3083343943294 553.6626735023181 -1974.0610923027102 -1105.5395807051782
272.6031635022309 65.57170498403872 39633448880573868 10 406-408-409-411-412-413-414-415-416-439 0.7913043788018559 1.0 15 1.2602449433121004 1.0 [-1,-1] 1.0 1.0 1.0 0.0008239664519383997 0.11155322342262282 24.428295015961282 -272.6031635022309 2843.4566478102392 2843.4566478102392 1389.9915417169213 1207.8433964595745 2166.629537221502
269.14085518644094 65.58647923746508 39633448859599114 11 406-408-409-411-412-413-414-415-416-439-440 0.45714780705218255 1.0 15 0.49623072651186156 1.0 [-1,-1] 1.0 1.0 1.0 0.0005330850268982689 0.1625298359500762 24.413520762534915 -269.14085518644094 1800.5628034130093 1800.5628034130093 -604.4542736279626 -1020.648939331675 1354.598531952746
270.5088044403985 64.7935992778578 39633441217578528 11 406-408-409-411-412-413-414-415-416-439-440 0.66092388728493 1.0 15 1.2684825419355343 1.0 [-1,-1] 1.0 1.0 1.0 0.0006371005092682059 0.1397016056866948 25.206400722142206 -270.5088044403985 2461.5416682109644 2461.5416682109644 171.26938050792936 -59.015630703968945 2454.866867871221
271.01821509633925 66.0059391392188 39633453859209974 11 406-408-409-411-412-413-414-415-416-439-440 0.48594232470612314 1.0 15 0.5238773799697201 1.0 [-1,-1] 1.0 1.0 1.0 0.000668512811805897 0.13401699399284683 23.994060860781204 -271.01821509633925 1898.983602395741 1898.983602395741 -1149.3923383103895 1285.5206854463675 795.2814232023668
267.95780721695144 65.56777263774953 39633448851210679 11 406-408-409-411-412-413-414-415-416-439-440 0.8571207663342878 1.0 15 0.8558210896446172 1.0 [-1,-1] 1.0 1.0 1.0 0.0006576102792991648 0.1359368301360722 24.432227362250472 -267.95780721695144 3025.0942105863833 3025.0942105863833 1177.5780396498046 -1554.2974937004683 2312.7179344948704
270.48799639085667 65.98340327586445 39633453855016290 11 406-408-409-411-412-413-414-415-416-439-440 0.9920693223875803 1.0 15 0.310447010885677 1.0 [-1,-1] 1.0 1.0 1.0 0.00023297360745577845 0.30751381291380364 24.016596724135553 -270.48799639085667 3375.879050768255 3375.879050768255 -2887.4148478976826 928.1928888527658 1482.5157073836128
271.8523550920262 65.65608906981734 39633451384570135 11 406-408-409-411-412-413-414-415-416-439-440 1.0096448313306763 1.0 15 0.9418001837901939 1.0 [-1,-1] 1.0 1.0 1.0 0.00023297360745577845 0.30751381291380364 24.34391093018266 -271.8523550920262 3419.5361598354243 3419.5361598354243 253.30166017965493 2413.003204545441 2409.6641575592366
270.65127919991147 65.42298477884539 39633448867990107 11 406-408-409-411-412-413-414-415-416-439-440 0.7623439973114636 1.0 15 0.7070340223279363 1.0 [-1,-1] 1.0 1.0 1.0 0.0007242712797402853 0.12498917450484462 24.57701522115461 -270.65127919991147 2761.21695582807 2761.21695582807 -1295.8986774917435 665.3159188237693 2345.702543586306
267.8974396091159 66.57791300301328 39633458724602351 11 406-408-409-411-412-413-414-415-416-439-440 0.981201388633798 1.0 15 0.9239979574699979 1.0 [-1,-1] 1.0 1.0 1.0 0.00030269805442075816 0.25472307248715254 23.42208699698672 -267.8974396091159 3348.656706877987 3348.656706877987 2158.26489586492 -2517.4356094071914 -466.810809948476
271.0407438940274 65.16788575093389 39633446343017559 11 406-408-409-411-412-413-414-415-416-439-440 0.43779771878787693 1.0 15 1.009621107402113 1.0 [-1,-1] 1.0 1.0 1.0 0.0006285113834356281 0.1413409039925048 24.83211424906611 -271.0407438940274 1733.4609796890225 1733.4609796890225 -333.43213693000274 390.2705985298262 1655.7170163074027
269.1564457470561 66.22022252133722 39633456300297169 11 406-408-409-411-412-413-414-415-416-439-440 0.6346023173979061 1.0 15 0.3065915968444952 1.0 [-1,-1] 1.0 1.0 1.0 0.0007982518636535506 0.11473445525619816 23.77977747866278 -269.1564457470561 2380.696417932791 2380.696417932791 -1215.495753411538 -1981.306021882006 514.5016573837651
271.89308021254425 65.65370339671652 39633451384570420 11 406-408-409-411-412-413-414-415-416-439-440 0.7862660791330567 1.0 15 0.9581412194884703 1.0 [-1,-1] 1.0 1.0 1.0 0.0007064174578981374 0.12774458208408304 24.346296603283477 -271.89308021254425 2829.252615472699 2829.252615472699 289.99709279308547 1981.5684305094817 1998.489080165027
267.44852297890515 66.99413928283326 39633463506110531 10 406-408-409-411-412-413-414-415-416-440 0.7476407209238636 1.0 15 1.3325429032034752 1.0 [-1,-1] 1.0 1.0 1.0 0.0006073340474539246 0.1455520198534496 23.00586071716674 -267.44852297890515 2718.908019370038 2718.908019370038 2114.9503486586173 -927.1483987647923 -1435.2148574939497
272.18479868623643 65.62013576404114 39633448880571041 10 406-408-409-411-412-413-414-415-416-440 0.813374735236002 1.0 15 1.081996386611872 1.0 [-1,-1] 1.0 1.0 1.0 0.000762533893525711 0.11946670068019369 24.379864235958863 -272.18479868623643 2905.1704910739513 2905.1704910739513 840.7455219208238 1799.6858230220894 2119.9748790941485
269.3883463718987 65.87072801339824 39633451363602445 9 406-408-409-411-412-413-414-415-439 0.9594523163711163 1.0 15 0.20414558638329705 1.0 [-1,-1] 1.0 1.0 1.0 0.0003767415448896098 0.21544643941305056 24.129271986601765 -269.3883463718987 3293.6520962295785 3293.6520962295785 -1957.7672637595479 -1970.4305344799538 1769.9420840067037
269.8648919310043 64.76112626102913 39633441213383830 10 406-408-409-411-412-413-414-415-439-440 0.6882807556436847 1.0 15 1.260125615435997 0.5 [-1,-1] 1.0 1.0 1.0 0.0008053318504768218 0.11384060807160488 25.238873738970867 -269.8648919310043 2544.2046214275942 2544.2046214275942 256.4980455031644 82.7509777478798 2529.8889667391245
269.81174919912667 66.48160139611898 39633458737185549 10 406-408-409-411-412-413-414-415-439-440 0.6156779916985405 1.0 15 0.46277390526365686 1.0 [-1,-1] 1.0 1.0 1.0 0.0007056687116799521 0.12786279395313782 23.518398603881025 -269.81174919912667 2321.765242904273 2321.765242904273 -2166.578680173259 -828.4413375503719 -101.0723306092618
267.1604609442634 65.35318797906737 39633446313659712 9 406-408-409-411-412-413-414-415-440 0.9879584615579389 1.0 15 1.2504170098374208 1.0 [-1,-1] 1.0 1.0 1.0 0.00030269805442075816 0.25472307248715254 24.64681202093263 -267.1604609442634 3365.6025179170974 3365.6025179170974 1559.557290932499 -196.1016577199315 2976.004957110906
272.1968935171665 67.07822044772614 39633463535472488 8 406-408-409-411-412-413-414-416 0.6555968938992036 1.0 15 1.4432736652280571 1.0 [-1,-1] 1.0 1.0 1.0 0.0006371005092682059 0.1397016056866948 22.92177955227386 -272.1968935171665 2445.2845462347373 2445.2845462347373 851.4772037261864 1766.6189247067184 -1460.637072806636
272.3251560580169 66.78751782636084 39633461157301222 9 406-408-409-411-412-413-414-416-439 0.5579266670998233 1.0 15 1.2914293013060325 1.0 [-1,-1] 1.0 1.0 1.0 0.0006724560872077301 0.13333590500666823 23.21248217363916 -272.3251560580169 2137.670687485928 2137.670687485928 1096.2998314820625 1682.8697159882936 -731.9236071055775
267.48219617514735 66.96685659435224 39633463506110782 10 406-408-409-411-412-413-414-416-439-440 0.6114088093243243 1.0 15 1.3038164309242377 1.0 [-1,-1] 1.0 1.0 1.0 0.0007056687116799521 0.12786279395313782 23.033143405647763 -267.48219617514735 2308.3766715500874 2308.3766715500874 1797.4111100858092 -861.211203494367 -1164.5734936329877
270.6142543275472 65.41235714985685 39633448867989817 10 406-408-409-411-412-413-414-416-439-440 0.5011147212934375 1.0 15 0.7081339327795132 1.0 [-1,-1] 1.0 1.0 1.0 0.0007365189099627642 0.12316671624379881 24.587642850143155 -270.6142543275472 1950.1607014079516 1950.1607014079516 -916.0165639882304 428.2096945676823 1667.5361685113166
268.6567674053544 64.76350483626901 39633441204994749 8 406-408-409-411-412-413-414-440 0.8258873264303427 1.0 15 1.333558502350653 1.0 [-1,-1] 1.0 1.0 1.0 0.000762533893525711 0.11946670068019369 25.236495163730993 -268.6567674053544 2939.7951842952707 2939.7951842952707 15.39816498042239 304.0787485800388 2923.9861040680235
267.4585847272455 65.94670623281128 39633453834044964 10 406-408-409-411-412-413-415-416-439-440 0.7390969165625582 1.0 15 0.9273201900799253 1.0 [-1,-1] 1.0 1.0 1.0 0.0006073340474539246 0.1455520198534496 24.05329376718872 -267.4585847272455 2694.1491372196238 2694.1491372196238 2165.8536862973833 -975.5595233079903 1271.141612731
270.24496844492865 64.96819132795274 39633443788687353 10 406-408-409-411-412-413-415-416-439-440 0.619575538135872 1.0 15 1.0732694711049104 1.0 [-1,-1] 1.0 1.0 1.0 0.0007056687116799521 0.12786279395313782 25.031808672047262 -270.24496844492865 2333.957971998633 2333.957971998633 -234.62905814571118 15.979468829827496 2322.079601716002
267.46110973605477 65.94991190171157 39633453834044984 10 406-408-409-411-412-413-415-416-439-440 0.7340492918435855 1.0 15 0.925990034484121 1.0 [-1,-1] 1.0 1.0 1.0 0.0006073340474539246 0.1455520198534496 24.050088098288427 -267.46110973605477 2679.461286958741 2679.461286958741 2155.2690703098724 -977.3455782980611 1256.6318647310509
270.4731413001769 64.93407541319618 39633443788688981 10 406-408-409-411-412-413-415-416-439-440 0.8720624980941618 1.0 15 1.1288607299354017 1.0 [-1,-1] 1.0 1.0 1.0 0.0005346154933450218 0.1621399955636538 25.065924586803817 -270.4731413001769 3065.337794064352 3065.337794064352 -195.75226271226538 59.73342826661484 3058.4977948185365
269.02389825375417 66.6126717917171 39633458728800218 10 406-408-409-411-412-413-415-416-439-440 1.087596749054144 1.0 15 0.6570342631466753 1.0 [-1,-1] 1.0 1.0 1.0 0.00012850791192818028 0.44600300211103894 23.387328208282895 -269.02389825375417 3607.8517934003726 3607.8517934003726 -1441.3881368081145 -3247.4795507156923 -626.7945196749263
268.9467316435912 65.37358703511813 39633446326242465 9 406-408-409-411-412-413-415-439-440 0.6895268575519481 1.0 15 0.7223233195534471 1.0 [-1,-1] 1.0 1.0 1.0 0.0008053318504768218 0.11384060807160488 24.626412964881865 -268.9467316435912 2547.937224942925 2547.937224942925 -412.732610418799 -1164.7044865783353 2228.250289687187
267.3077033976305 66.11932252921794 39633453834043800 8 406-408-409-411-412-413-416-439 0.7097895628243076 1.0 15 0.9874901377123257 1.0 [-1,-1] 1.0 1.0 1.0 0.0005639081233901963 0.1550231922816235 23.88067747078206 -267.3077033976305 2608.2371157353336 2608.2371157353336 2385.5898244042264 -666.2138888119944 817.3255752467221
272.46411214636913 66.92078837063795 39633463539664462 6 406-408-409-411-412-414 0.6671996067588889 1.0 15 1.4150028322117558 1.0 [-1,-1] 1.0 1.0 1.0 0.0006371005092682059 0.1397016056866948 23.07921162936205 -272.46411214636913 2480.6266026234653 2480.6266026234653 1442.7334613386506 1657.1209621324429 -1151.5114493735089
273.33665123421304 65.5225602800931 39633448888959404 6 406-408-409-411-412-414 0.5490966876119405 1.0 15 1.5611911842732344 1.0 [-1,-1] 1.0 1.0 1.0 0.0006094867785671962 0.14511252611805409 24.477439719906897 -273.33665123421304 2108.949227922373 2108.949227922373 1284.9798394029401 -23.248299326984398 1672.1103955363628
270.6054689042557 64.54951667194355 39633438621303036 6 406-408-409-411-412-414 0.737661028854702 1.0 15 1.5153196758122411 1.0 [-1,-1] 1.0 1.0 1.0 0.0006073340474539246 0.1455520198534496 25.45048332805645 -270.6054689042557 2689.9754945620334 2689.9754945620334 764.4272422835793 -349.19618234192603 2555.3240848934997
273.47829465199135 65.59366485012178 39633448888960498 6 406-408-409-411-412-414 0.92762816929381 1.0 15 1.5938965395565525 1.0 [-1,-1] 1.0 1.0 1.0 0.00042618922305278896 0.1953324009783564 24.406335149878217 -273.47829465199135 3211.880126812474 3211.880126812474 2106.132280646032 -339.31124041549623 2401.093219256877
273.40028403064537 65.57416722348745 39633448888959885 6 406-408-409-411-412-414 0.9621119808172055 1.0 15 1.56910069437878 1.0 [-1,-1] 1.0 1.0 1.0 0.0003767415448896098 0.21544643941305056 24.42583277651255 -273.40028403064537 3300.416527810404 3300.416527810404 2136.4206785888773 -174.9847959050245 2509.549015728524
