data_rosette/LRG_11_clustering_data.ecsv
# %ECSV 1.0
# ---
# datatype:
# - {name: RA, unit: deg, datatype: float64}
# - {name: DEC, unit: deg, datatype: float64}
# - {name: TARGETID, datatype: int64}
# - {name: NTILE, datatype: int64}
# - {name: TILES, datatype: string}
# - {name: Z, datatype: float64}
# - {name: COMP_TILE, datatype: float64}
# - {name: ROSETTE_NUMBER, datatype: int32}
# - {name: ROSETTE_R, unit: deg, datatype: float64}
# - {name: FRACZ_TILELOCID, datatype: float64}
# - {name: BITWEIGHTS, datatype: string, subtype: 'int64[2]'}
# - {name: PROB_OBS, datatype: float64}
# - {name: WEIGHT_ZFAIL, datatype: float64}
# - {name: WEIGHT, datatype: float64}
# - {name: NZ, unit: h3 / Mpc3, datatype: float64}
# - {name: WEIGHT_FKP, datatype: float64}
# - {name: theta, unit: deg, datatype: float64}
# - {name: phi, unit: deg, datatype: float64}
# - {name: rho, unit: Mpc, datatype: float64}
# - {name: r, unit: Mpc, datatype: float64}
# - {name: x, unit: Mpc, datatype: float64}
# - {name: y, unit: Mpc, datatype: float64}
# - {name: z, unit: Mpc, datatype: float64}
# meta: !!omap
# - {EXTNAME: LSS}
# - {DESIDR: edr}
# - comments: ['Visit https://desidatamodel.readthedocs.io/en/latest/ for a more complet', e description]
# schema: astropy-2.0
RA DEC TARGETID NTILE TILES Z COMP_TILE ROSETTE_NUMBER ROSETTE_R FRACZ_TILELOCID BITWEIGHTS PROB_OBS WEIGHT_ZFAIL WEIGHT NZ WEIGHT_FKP theta phi rho r x y z
[from data line 4854]
240.47560132689387 54.04088859921618 39633308388167044 3 300-302-308 0.6045990616438928 1.0 11 1.6201846228177148 1.0 [-576531121081155585,-4398046511105] 0.96875 1.0 1.032 0.0006106036532175123 0.14488555312656437 35.95911140078382 -240.47560132689387 2286.9484792037383 2286.9484792037383 322.9688567012767 2231.0332003976837 -385.11728454670777
240.4999769335996 54.02556096273927 39633308388167295 3 300-302-308 0.8398860531976969 1.0 11 1.617867279401649 1.0 [-1,-1] 1.0 1.0 1.0 0.0006366829495309179 0.1397804201853648 35.97443903726073 -240.4999769335996 2978.2241655572498 2978.2241655572498 492.5104093665731 2901.531620292183 -456.47227015380497
242.63169503216338 53.28243556397762 39633297625582562 3 300-302-308 0.9067986026509112 1.0 11 1.6989784296418011 1.0 [-1,-1] 1.0 1.0 1.0 0.0005723615213970424 0.15308410280969617 36.71756443602238 -242.63169503216338 3157.5152627129514 3157.5152627129514 1957.7460265768643 -1748.7123847348125 1754.7473109148289
241.15832689084812 53.578219733774844 39633301228487097 3 300-302-308 0.8669897413515701 1.0 11 1.6817300821800683 1.0 [-1,-1] 1.0 1.0 1.0 0.0006576102792991648 0.1359368301360722 36.421780266225156 -241.15832689084812 3051.715407404595 3051.715407404595 2148.744128244249 1979.0351477865647 882.7714783293951
242.57538202654447 53.29002668913348 39633297625581961 3 300-302-308 0.9067667768223862 1.0 11 1.6930655398389745 1.0 [-1,-1] 1.0 1.0 1.0 0.0005723615213970424 0.15308410280969617 36.70997331086652 -242.57538202654447 3157.4316804895334 3157.4316804895334 2063.3701600511 -1643.9618716639493 1734.724117571673
242.34471188519575 53.34035657273177 39633297621389311 3 300-302-308 0.8845989249846178 1.0 11 1.6567190580143305 1.0 [-1,-1] 1.0 1.0 1.0 0.0005346154933450218 0.1621399955636538 36.65964342726823 -242.34471188519575 3098.8261030103313 3098.8261030103313 2414.7710335104002 -1142.9619195899961 1570.1089525203215
242.92327502159642 53.33313915807459 39633297629775521 3 300-302-308 0.591917436100715 1.0 11 1.6499821212306485 1.0 [-1,-1] 1.0 1.0 1.0 0.0006106036532175123 0.14488555312656437 36.66686084192541 -242.92327502159642 2246.8057700498434 2246.8057700498434 1008.4062243364406 -1644.1780231935657 1152.3591814604042
243.41616086464188 53.88078816015366 39633308417526865 8 300-303-304-305-306-307-308-475 0.8579073232884186 1.0 11 1.165500018621581 1.0 [-1,-1] 1.0 1.0 1.0 0.0006576102792991648 0.1359368301360722 36.11921183984634 -243.41616086464188 3027.221705831935 3027.221705831935 173.26641269105804 -3022.1334413674226 -27.558466246937854
244.44613209954161 55.02445822574291 39633322497804991 8 300-303-304-305-306-307-308-475 0.8769524899891719 1.0 11 0.9737987258684824 1.0 [-1,-1] 1.0 1.0 1.0 0.0005346154933450218 0.1621399955636538 34.97554177425709 -244.44613209954161 3078.430244035628 3078.430244035628 -1032.7655043279021 -703.6682159713098 -2813.3572866408817
243.03333937115232 55.657427487003076 39633332815792173 8 300-303-304-305-306-307-308-475 0.7549914928148961 1.0 11 0.6963466719816457 1.0 [-1,-1] 1.0 1.0 1.0 0.0007242712797402853 0.12498917450484462 34.342572512996924 -243.03333937115232 2740.1071549145577 2740.1071549145577 -248.9894677314424 528.761252571107 -2677.051176789902
244.29274186685853 55.72685758188691 39633332828374585 8 300-303-304-305-306-307-308-475 0.9062243213585575 1.0 11 1.1519262738006781 1.0 [-1,-1] 1.0 1.0 1.0 0.0005723615213970424 0.15308410280969617 34.27314241811309 -244.29274186685853 3156.006818946099 3156.006818946099 646.9747177155002 604.5165531349845 -3029.2511439062
245.26597256080075 54.341549927822314 39633311986876502 4 300-303-304-306 0.8175482017252191 1.0 11 1.5890491920385839 1.0 [-1,-1] 1.0 1.0 1.0 0.000762533893525711 0.11946670068019369 35.658450072177686 -245.26597256080075 2916.748306526374 2916.748306526374 -2536.9809678109577 571.9699924759745 -1320.605384017679
243.44550364534487 53.52665915033437 39633301249460399 4 300-303-304-306 0.8087005876054921 1.0 11 1.5090493819674604 1.0 [-1,-1] 1.0 1.0 1.0 0.0008239664519383997 0.11155322342262282 36.47334084966563 -243.44550364534487 2892.1690541393828 2892.1690541393828 75.99974229554394 -2720.66322994908 978.1909149524655
241.80424770491018 55.99144205381366 39633336200595846 6 300-303-304-306-307-308 0.5629930767719867 1.0 11 1.1446034319245089 1.0 [-1,-1] 1.0 1.0 1.0 0.0006724560872077301 0.13333590500666823 34.00855794618634 -241.80424770491018 2154.0808961945077 2154.0808961945077 -1118.5666438092496 -110.4084717806148 -1837.5753426911544
243.01743003597255 55.82532208282506 39633332815792032 7 300-303-304-306-307-308-475 0.8470746522863516 1.0 11 0.8588505287395984 1.0 [-1,-1] 1.0 1.0 1.0 0.0006366829495309179 0.1397804201853648 34.17467791717494 -243.01743003597255 2997.8326984296414 2997.8326984296414 -493.1439158508571 1005.4364001565298 -2780.810603272633
245.42678653386287 54.734936447760695 39633319020726661 5 300-303-304-306-308 0.7454856690729054 1.0 11 1.5600578724106275 1.0 [-1,-1] 1.0 1.0 1.0 0.0006073340474539246 0.1455520198534496 35.265063552239305 -245.42678653386287 2712.6750500864855 2712.6750500864855 -1635.701496383115 658.1795318727236 -2061.525223206245
245.33431733559905 54.51310817847124 39633315514288225 5 300-303-304-306-308 0.8698135832528894 1.0 11 1.56290741215417 1.0 [-1,-1] 1.0 1.0 1.0 0.0006576102792991648 0.1359368301360722 35.48689182152876 -245.33431733559905 3059.3036665176346 3059.3036665176346 -2348.832831759286 701.1528860712099 -1830.4938903945863
245.33093203611003 54.50885937544551 39633315514288196 5 300-303-304-306-308 0.8680719382769363 1.0 11 1.5623931616612177 1.0 [-1,-1] 1.0 1.0 1.0 0.0006576102792991648 0.1359368301360722 35.49114062455449 -245.33093203611003 3054.6250172662626 3054.6250172662626 -2355.024578196996 694.3270429953033 -1817.279062104215
245.29729385318834 54.5109439850857 39633315514287875 5 300-303-304-306-308 0.7342369630318533 1.0 11 1.543224100746516 1.0 [-1,-1] 1.0 1.0 1.0 0.0006073340474539246 0.1455520198534496 35.4890560149143 -245.29729385318834 2680.0081889210296 2680.0081889210296 -2082.3026272629713 538.507038399792 -1598.8964415406615
245.1949877411203 55.469549557748145 39633329414211648 4 300-303-304-308 0.6013333542612195 1.0 11 1.477856088826525 1.0 [-1,-1] 1.0 1.0 1.0 0.0006106036532175123 0.14488555312656437 34.530450442251855 -245.1949877411203 2276.640738148609 2276.640738148609 60.91935749295519 -9.254469524753082 -2275.8067223018534
245.47849960552162 55.01213007932303 39633322506195326 4 300-303-304-475 0.4805414207193083 1.0 11 1.565386970812522 1.0 [-1,-1] 1.0 1.0 1.0 0.000668512811805897 0.13401699399284683 34.98786992067697 -245.47849960552162 1880.6528184793833 1880.6528184793833 -711.7603468888755 330.1162346356413 -1709.1739244094097
244.5793487075517 55.01986379871985 39633322497806383 7 300-303-305-306-307-308-475 0.9566373393833305 1.0 11 1.0500000343923972 1.0 [-1,-1] 1.0 1.0 1.0 0.0003767415448896098 0.21544643941305056 34.98013620128015 -244.5793487075517 3286.4810484238365 3286.4810484238365 -1204.8964710592027 -604.3029052650627 -2997.3321761803986
242.40648238843139 55.65226227606844 39633332811596213 7 300-303-305-306-307-308-475 0.8227633473383602 1.0 11 0.7001035370499251 1.0 [-1,-1] 1.0 1.0 1.0 0.000762533893525711 0.11946670068019369 34.34773772393156 -242.40648238843139 2931.174996849591 2931.174996849591 -534.5515336835407 294.7033615992239 -2866.9132265652706
243.92939600556412 54.90627271260681 39633322493609616 6 300-303-305-307-308-475 0.632372156437185 1.0 11 0.6814241331091755 1.0 [-1,-1] 1.0 1.0 1.0 0.0007982518636535506 0.11473445525619816 35.09372728739319 -243.92939600556412 2373.786853690776 2373.786853690776 -533.9961389513478 -1088.8242375754025 -2040.6307676815393
244.67925606240019 53.73965770472646 39633304856563124 3 300-303-306 0.6158576772883099 1.0 11 1.6738509744677577 1.0 [-3639156148344531905,-6921155772137502225] 0.65625 1.0 1.5176470588235293 0.0007056687116799521 0.12786279395313782 36.26034229527354 -244.67925606240019 2322.32799147412 2322.32799147412 -2150.4861289780224 -821.6765137029422 305.71950524348654
244.62475890740146 53.7142398128383 39633304856562670 3 300-303-306 0.5950804402299701 1.0 11 1.672077161532325 1.0 [-1,-1] 1.0 1.0 1.0 0.0006106036532175123 0.14488555312656437 36.2857601871617 -244.62475890740146 2256.847036706233 2256.847036706233 -2035.696761280332 -907.787803442832 353.86232792275354
244.8375352557307 53.82113330080512 39633304860754694 3 300-303-306 0.8441002137126243 1.0 11 1.679045761804239 1.0 [-1,-1] 1.0 1.0 1.0 0.0006366829495309179 0.1397804201853648 36.17886669919488 -244.8375352557307 2989.729522226432 2989.729522226432 -2922.3558335768807 -612.7779794351293 151.0700034780713
244.8465524933601 53.85706847753893 39633304860754805 3 300-303-306 0.8446973084037481 1.0 11 1.65791863691525 1.0 [-1,-1] 1.0 1.0 1.0 0.0006366829495309179 0.1397804201853648 36.14293152246107 -244.8465524933601 2991.3573325700254 2991.3573325700254 -2932.790156538168 -587.4088338977879 43.7201405776042
244.69568064400346 53.74840718094435 39633304856563312 3 300-303-306 0.6177046526826959 1.0 11 1.6737624393356965 1.0 [-4692962197270434052,-964074267721439685] 0.703125 1.0 1.4175824175824177 0.0007056687116799521 0.12786279395313782 36.25159281905565 -244.69568064400346 2328.1088759888603 2328.1088759888603 -2171.514399061186 -789.0892642919712 286.2765902186344
241.42268896629903 53.66303951220172 39633304827199739 3 300-303-306 0.43546499854859727 1.0 11 1.5275711222916875 1.0 [-1,-1] 1.0 1.0 1.0 0.0006285113834356281 0.1413409039925048 36.33696048779828 -241.42268896629903 1725.3189936104118 1725.3189936104118 1497.2023040053023 779.3557788061655 357.3729993095358
244.68050808111127 53.74023417600482 39633304856563142 3 300-303-306 0.9006179422218328 1.0 11 1.6739086204693088 1.0 [8646613177010618327,-4652781388703989904] 0.765625 1.0 1.303030303030303 0.0005723615213970424 0.15308410280969617 36.25976582399518 -244.68050808111127 3141.253565647518 3141.253565647518 -2910.426433347513 -1107.8672448583236 411.73062496655086
244.9205686986542 53.88597212624111 39633308434302352 3 300-303-306 0.6172222695441508 1.0 11 1.6704487723850576 0.5 [-2339643165419503617,-2305843106999762953] 0.84375 1.0 1.18348623853211 0.0007056687116799521 0.12786279395313782 36.11402787375889 -244.9205686986542 2326.5996827993977 2326.5996827993977 -2308.5982349075916 -286.9413587632056 -33.24049360245327
245.4018017047299 54.29485974371533 39633311986877836 3 300-303-306 0.8591699111896942 1.0 11 1.6805735247554974 0.5 [-1,-1] 1.0 1.0 1.0 0.0006576102792991648 0.1359368301360722 35.70514025628467 -245.4018017047299 3030.634679539319 3030.634679539319 -2588.518033659109 967.1647806762716 -1244.5534288520487
245.28710198177507 54.201858208505406 39633311986876757 3 300-303-306 0.8609912894167572 1.0 11 1.6631316079477356 1.0 [-1,-1] 1.0 1.0 1.0 0.0006576102792991648 0.1359368301360722 35.798141791494594 -245.28710198177507 3035.5535969887374 3035.5535969887374 -2787.311731312521 690.6011659212334 -984.1488618634343
244.6812954223135 53.728091720104906 39633304856563147 3 300-303-306 0.7743792351747077 1.0 11 1.683337388191322 1.0 [-1,-1] 1.0 1.0 1.0 0.0007064174578981374 0.12774458208408304 36.271908279895094 -244.6812954223135 2795.568997034768 2795.568997034768 -2586.568779279887 -982.2584347159069 400.04541575424827
243.56959159730314 53.44623205733337 39633301249461561 3 300-303-306 0.8463569040105083 1.0 11 1.6068765927623272 1.0 [-1,-1] 1.0 1.0 1.0 0.0006366829495309179 0.1397804201853648 36.55376794266663 -243.56959159730314 2995.878683933405 2995.878683933405 -261.99999415727 -2716.1955759809316 1236.4977496662716
244.9831995101307 53.88435794639406 39633308434302989 3 300-303-306 0.718198840882785 1.0 11 1.699199101712067 1.0 [-1,-1] 1.0 1.0 1.0 0.0005823912580269674 0.15084542533972659 36.11564205360594 -244.9831995101307 2633.0449397173907 2633.0449397173907 -2627.932209131902 -160.5754497382257 -33.368903485850296
244.93117313966775 53.875786130469486 39633308434302478 3 300-303-306 0.6181114804829151 1.0 11 1.6819011205624608 1.0 [-1161092868866089,-18577348462903329] 0.9375 1.0 1.0661157024793388 0.0007056687116799521 0.12786279395313782 36.124213869530514 -244.93117313966775 2329.3813407226526 2329.3813407226526 -2314.4916096567285 -262.78267676951026 -9.55427262114921
245.0697707544481 55.752277543286226 39633332836762201 5 300-303-306-307-475 0.6132524957147596 1.0 11 1.5278177103905015 1.0 [-1,-1] 1.0 1.0 1.0 0.0007056687116799521 0.12786279395313782 34.247722456713774 -245.0697707544481 2314.162921478068 2314.162921478068 705.277245477275 -18.01936216724393 -2203.998488371301
245.16016102551907 54.27391717400999 39633311982685716 4 300-303-306-308 0.7140951502523951 0.9444444444444444 11 1.5636097297537352 1.0 [-1,-1] 1.0 1.0 1.0 0.0005823912580269674 0.15084542533972659 35.72608282599001 -245.16016102551907 2620.954676428518 2620.954676428518 -2395.5844887088347 278.9808220021823 -1026.0351233291838
245.16168444140595 54.24779194701414 39633311982685738 4 300-303-306-308 0.8345360750265808 0.9444444444444444 11 1.5767533282335304 1.0 [-1,-1] 1.0 1.0 1.0 0.0006366829495309179 0.1397804201853648 35.75220805298586 -245.16168444140595 2963.575752652953 2963.575752652953 -2737.4336817961384 323.01886265072955 -1088.529693601595
242.70642550213168 55.134507686357615 39633325945522360 4 300-303-306-308 0.6365280036265603 0.9444444444444444 11 0.15651040047939363 1.0 [-1,-1] 1.0 1.0 1.0 0.0007982518636535506 0.11473445525619816 34.865492313642385 -242.70642550213168 2386.6551012351465 2386.6551012351465 502.0692438893435 -520.8866054667257 -2274.3628098519116
244.6680222293033 53.74420765022908 39633304856563017 4 300-303-306-308 0.8431709015868638 0.9444444444444444 11 1.6660450824083748 1.0 [-1,-1] 1.0 1.0 1.0 0.0006366829495309179 0.1397804201853648 36.25579234977092 -244.6680222293033 2987.194851727618 2987.194851727618 -2755.7439013710155 -1088.5702461193134 379.76762830469903
244.75087488490988 53.8221993065014 39633304856563930 4 300-303-306-308 0.9001135190982881 0.9444444444444444 11 1.6421561841300514 1.0 [3112245805911479103,508192879781238744] 0.515625 1.0 1.9253731343283582 0.0005723615213970424 0.15308410280969617 36.1778006934986 -244.75087488490988 3139.9237482784397 3139.9237482784397 -3002.1065555625482 -906.8374873982042 155.3162757105971
244.72380303288023 53.76088715830578 39633304856563619 4 300-303-306-308 0.601876200394476 0.9444444444444444 11 1.675679978297671 1.0 [-1,-1] 1.0 1.0 1.0 0.0006106036532175123 0.14488555312656437 36.23911284169422 -244.72380303288023 2278.355575106601 2278.355575106601 -2149.1325326989586 -713.2110705291669 251.9195355444492
242.72073871567872 55.12266905365797 39633322481027447 4 300-303-306-308 0.5150033820910666 0.9444444444444444 11 0.14365035974822885 1.0 [-1,-1] 1.0 1.0 1.0 0.0006888416087567301 0.1305783864573065 34.87733094634203 -242.72073871567872 1996.5983114650458 1996.5983114650458 429.10375133853006 -458.1322434866855 -1895.3600279129369
244.40580528378797 53.67326580442243 39633304856560306 4 300-303-306-308 0.617611963402699 0.9444444444444444 11 1.6246937188675565 1.0 [-288265594883538945,-4503599761752065] 0.9453125 1.0 1.0573770491803278 0.0007056687116799521 0.12786279395313782 36.32673419557757 -244.40580528378797 2327.818920927644 2327.818920927644 -1832.6483772782437 -1359.9963940340833 458.8579977536083
244.42326479017072 53.665377482893554 39633304856560506 4 300-303-306-308 0.5489108488511654 0.9444444444444444 11 1.6371457166821468 1.0 [-1,-1] 1.0 1.0 1.0 0.0006094867785671962 0.14511252611805409 36.334622517106446 -244.42326479017072 2108.3430903583217 2108.3430903583217 -1678.3925648517709 -1200.6592538100035 431.88695413542786
