data_rosette/LRG_9_clustering_data.ecsv
# %ECSV 1.0
# ---
# datatype:
# - {name: RA, unit: deg, datatype: float64}
# - {name: DEC, unit: deg, datatype: float64}
# - {name: TARGETID, datatype: int64}
# - {name: NTILE, datatype: int64}
# - {name: TILES, datatype: string}
# - {name: Z, datatype: float64}
# - {name: COMP_TILE, datatype: float64}
# - {name: ROSETTE_NUMBER, datatype: int32}
# - {name: ROSETTE_R, unit: deg, datatype: float64}
# - {name: FRACZ_TILELOCID, datatype: float64}
# - {name: BITWEIGHTS, datatype: string, subtype: 'int64[2]'}
# - {name: PROB_OBS, datatype: float64}
# - {name: WEIGHT_ZFAIL, datatype: float64}
# - {name: WEIGHT, datatype: float64}
# - {name: NZ, unit: h3 / Mpc3, datatype: float64}
# - {name: WEIGHT_FKP, datatype: float64}
# - {name: theta, unit: deg, datatype: float64}
# - {name: phi, unit: deg, datatype: float64}
# - {name: rho, unit: Mpc, datatype: float64}
# - {name: r, unit: Mpc, datatype: float64}
# - {name: x, unit: Mpc, datatype: float64}
# - {name: y, unit: Mpc, datatype: float64}
# - {name: z, unit: Mpc, datatype: float64}
# meta: !!omap
# - {EXTNAME: LSS}
# - {DESIDR: edr}
# - comments: ['Visit https://desidatamodel.readthedocs.io/en/latest/ for a more complet', e description]
# schema: astropy-2.0
RA DEC TARGETID NTILE TILES Z COMP_TILE ROSETTE_NUMBER ROSETTE_R FRACZ_TILELOCID BITWEIGHTS PROB_OBS WEIGHT_ZFAIL WEIGHT NZ WEIGHT_FKP theta phi rho r x y z
[from data line 139]
220.01154953055743 -1.3659168171998934 39627758220869990 12 244-245-246-247-248-249-250-251-252-253-254-469 0.8799785417937316 0.9841269841269841 9 0.7945866455395018 1.0 [-1,-1] 1.0 1.0 1.0 0.0005690156306133545 0.15418916366201427 91.36591681719989 -220.01154953055743 3086.5130020898414 3086.5130020898414 -788.7115488959222 79.18592480917818 -2982.9894726632806
220.68069369009248 -0.8226004896551296 39627770308859040 12 244-245-246-247-248-249-250-251-252-253-254-469 0.5050471264804788 0.9841269841269841 9 0.9083236440919272 1.0 [-1,-1] 1.0 1.0 1.0 0.0005337442823398631 0.16272042362546515 90.82260048965513 -220.68069369009248 1963.348536339967 1963.348536339967 394.68427863121383 -382.106758310035 -1884.9287043820639
218.64727999039957 -0.272654542836829 39627782354898500 12 244-245-246-247-248-249-250-251-252-253-254-469 0.676227097519974 0.9841269841269841 9 1.1982644921967964 1.0 [-1,-1] 1.0 1.0 1.0 0.0007209928471550773 0.12577569469930108 90.27265454283683 -218.64727999039957 2507.952277710791 2507.952277710791 560.359643605177 1770.0841617595054 -1686.00823170635
220.01845888172366 -1.1265654746489235 39627758220870162 12 244-245-246-247-248-249-250-251-252-253-254-469 0.8855827350838698 0.9841269841269841 9 0.5700739535874727 1.0 [-1,-1] 1.0 1.0 1.0 0.0005690156306133545 0.15418916366201427 91.12656547464893 -220.01845888172366 3101.4435172215785 3101.4435172215785 -62.83720280754444 6.747650300279059 -3100.7995494185857
218.65566205054859 -0.13317411054421635 39627782354898709 12 244-245-246-247-248-249-250-251-252-253-254-469 0.5508054846050189 0.9841269841269841 9 1.2358700988284819 1.0 [-1,-1] 1.0 1.0 1.0 0.000677088223595666 0.13284793461577618 90.13317411054422 -218.65566205054859 2114.5194903037604 2114.5194903037604 541.4611431538539 1661.8455991065123 -1190.0763463153587
220.61384946359786 -0.7384566766529281 39627770308857233 12 244-245-246-247-248-249-250-251-252-253-254-469 0.4337715506472958 0.9841269841269841 9 0.8254880481874655 1.0 [-1,-1] 1.0 1.0 1.0 0.0005288673958748294 0.16397488484989944 90.73845667665293 -220.61384946359786 1719.4011683834915 1719.4011683834915 471.8231676658732 -399.3214495680819 -1604.4518242088488
219.81096631833447 -1.1267045854462012 39627758216676994 12 244-245-246-247-248-249-250-251-252-253-254-469 0.9703467892716641 0.9841269841269841 9 0.5268187091563354 1.0 [-1,-1] 1.0 1.0 1.0 0.0003578035202613049 0.22475091060875194 91.1267045854462 -219.81096631833447 3321.293130410398 3321.293130410398 -67.79632662923706 -6.8378942216089955 -3320.5940672430133
219.80741673368462 -1.2031600955746502 39627758216676899 12 244-245-246-247-248-249-250-251-252-253-254-469 0.5807510147251282 0.9841269841269841 9 0.6032056819228379 1.0 [-1,-1] 1.0 1.0 1.0 0.0006621615122706149 0.13543705131792066 91.20316009557465 -219.80741673368462 2211.201938022397 2211.201938022397 -212.93298801560033 -22.240074248293325 -2200.813243423027
219.81023781030822 0.10864607949909859 39627788415665446 12 244-245-246-247-248-249-250-251-252-253-254-469 0.7270191511078903 0.9841269841269841 9 0.7087200261633663 1.0 [-1,-1] 1.0 1.0 1.0 0.0006167714992318164 0.14396928707710532 89.8913539205009 -219.81023781030822 2658.92942886487 2658.92942886487 2479.4811220063493 251.90371434041748 -926.6194429210409
218.65638994517613 -0.22212351165701422 39627782354898727 12 244-245-246-247-248-249-250-251-252-253-254-469 0.8620253006369941 0.9841269841269841 9 1.2043930167392138 1.0 [-1,-1] 1.0 1.0 1.0 0.0006812235016579503 0.1321480675826358 90.22212351165702 -218.65638994517613 3038.343714839481 3038.343714839481 729.5147216772798 2233.4964893162714 -1926.3525722392014
220.23091474102833 0.10976748468493226 39627788419864287 12 244-245-246-247-248-249-250-251-252-253-254-469 0.8745099515279527 0.9841269841269841 9 0.8303322366477126 1.0 [-1,-1] 1.0 1.0 1.0 0.0005690156306133545 0.15418916366201427 89.89023251531506 -220.23091474102833 3071.8953926555387 3071.8953926555387 2734.8092442561433 -904.5540387170048 -1067.3058099674272
219.7997371971908 0.11430219269306217 39627788415665241 12 244-245-246-247-248-249-250-251-252-253-254-469 0.8430632924306216 0.9841269841269841 9 0.7143022410364709 0.5 [-1,-1] 1.0 1.0 1.0 0.0006232532477076302 0.14268566385842998 89.88569780730694 -219.7997371971908 2986.9012595161607 2986.9012595161607 2787.9998451952542 312.8583347701449 -1025.0637344357256
218.62406790033884 -0.2678799719040108 39627782354897903 12 244-245-246-247-248-249-250-251-252-253-254-469 0.675681607540639 0.9841269841269841 9 1.2218988596257587 1.0 [-1,-1] 1.0 1.0 1.0 0.0007209928471550773 0.12577569469930108 90.26787997190401 -218.62406790033884 2506.305372544562 2506.305372544562 521.0275086945567 1789.1461709597033 -1676.0229516833924
220.18087316730814 -0.06811260799624204 39627788419862974 12 244-245-246-247-248-249-250-251-252-253-254-469 0.8495405858714605 0.9841269841269841 9 0.6541885005959661 1.0 [-1,-1] 1.0 1.0 1.0 0.0006232532477076302 0.14268566385842998 90.06811260799624 -220.18087316730814 3004.539593476134 3004.539593476134 2494.84848592887 -688.8245301846123 -1525.9455978638648
219.8999118245599 -1.314007912108916 39627758216679393 12 244-245-246-247-248-249-250-251-252-253-254-469 0.8990389885384739 0.9841269841269841 9 0.7209623827221271 1.0 [-1,-1] 1.0 1.0 1.0 0.0005275616701708153 0.16431404058018498 91.31400791210892 -219.8999118245599 3137.0896136772776 3137.0896136772776 -647.2268144540119 -7.49129022888448 -3069.58833973943
218.89594378460464 0.3728179500130294 39627794438688487 12 244-245-246-247-248-249-250-251-252-253-254-469 0.5751206312659076 0.9841269841269841 9 1.3280322122574009 1.0 [-1,-1] 1.0 1.0 1.0 0.0006621615122706149 0.13543705131792066 89.62718204998697 -218.89594378460464 2193.15769641352 2193.15769641352 1151.2766139696432 1855.8258494964168 -201.03048476625344
218.6596778656827 -0.24445261451876327 39627782354898824 12 244-245-246-247-248-249-250-251-252-253-254-469 0.6759916938809379 0.9841269841269841 9 1.1944344785194743 1.0 [-1,-1] 1.0 1.0 1.0 0.0007209928471550773 0.12577569469930108 90.24445261451876 -218.6596778656827 2507.2416306099135 2507.2416306099135 596.770201611984 1806.931844884743 -1632.5205140128774
218.6701919340357 -0.257245583407451 39627782354899073 12 244-245-246-247-248-249-250-251-252-253-254-469 0.577198114185365 0.9841269841269841 9 1.180623399856873 1.0 [-1,-1] 1.0 1.0 1.0 0.0006621615122706149 0.13543705131792066 90.25724558340745 -218.6701919340357 2199.8228030121836 2199.8228030121836 534.2651363077105 1562.3198974655254 -1453.5947395205424
220.69850816898642 -0.7549434252686703 39627770308859500 12 244-245-246-247-248-249-250-251-252-253-254-469 0.6437147576483006 0.9841269841269841 9 0.9117077573991975 1.0 [-1,-1] 1.0 1.0 1.0 0.000833303205902425 0.11070054926254569 90.75494342526866 -220.69850816898642 2408.831582106178 2408.831582106178 585.0948028865761 -586.9985822856687 -2261.761775028901
219.38732467670053 -0.07162418955390229 39627788407278597 12 244-245-246-247-248-249-250-251-252-253-254-469 0.631300060830365 0.9841269841269841 9 0.6704288645728247 1.0 [-1,-1] 1.0 1.0 1.0 0.000833303205902425 0.11070054926254569 90.0716241895539 -219.38732467670053 2370.461906896821 2370.461906896821 1764.1628304912726 1019.8629640428007 -1211.0733644729241
220.03935557171852 -1.2762625222419488 39627758220870654 12 244-245-246-247-248-249-250-251-252-253-254-469 0.8122075065870099 0.9841269841269841 9 0.7173604849525902 1.0 [-1,-1] 1.0 1.0 1.0 0.0006627118749498285 0.13533979738261318 91.27626252224195 -220.03935557171852 2901.927205622803 2901.927205622803 -487.16096794283936 62.634932998778616 -2860.0581398312524
220.19362730174234 -1.6798118698005078 39627746141279877 12 244-245-246-247-248-249-250-251-252-253-254-469 1.0571661761908628 0.9841269841269841 9 1.1492911799648193 1.0 [-1,-1] 1.0 1.0 1.0 0.0001568149373683449 0.39812733398474315 91.6798118698005 -220.19362730174234 3535.352873382355 3535.352873382355 -1842.7089972631684 534.1541426603027 -2969.4819148493025
218.70747549679123 -0.3093228832302801 39627782354900030 12 244-245-246-247-248-249-250-251-252-253-254-469 1.0552446349762654 0.9841269841269841 9 1.1304977903753441 1.0 [-1,-1] 1.0 1.0 1.0 0.0001568149373683449 0.39812733398474315 90.30932288323028 -218.70747549679123 3530.731799376159 3530.731799376159 905.5317587880356 2357.11009448194 -2467.8150812902486
220.17397988481696 -0.06719425582467883 39627788419862813 12 244-245-246-247-248-249-250-251-252-253-254-469 0.6202411246329801 0.9841269841269841 9 0.6509509705656178 1.0 [-1,-1] 1.0 1.0 1.0 0.0007214233604467519 0.12571007283523317 90.06719425582467 -220.17397988481696 2336.0372406895 2336.0372406895 1944.448184039681 -522.4614775784028 -1184.578091102309
220.63190956087539 -0.8628844992318936 39627770308857765 12 244-245-246-247-248-249-250-251-252-253-254-469 0.7941476676842898 0.9841269841269841 9 0.872391986423244 1.0 [-1,-1] 1.0 1.0 1.0 0.0007229154976227362 0.12548315978664992 90.8628844992319 -220.63190956087539 2851.4533993388663 2851.4533993388663 516.2542709886802 -453.177293226595 -2767.471473600214
219.55422063695525 0.5776245414092493 39627800491066590 12 244-245-246-247-248-249-250-251-252-253-254-469 0.9982337386782141 0.9841269841269841 9 1.2029983071254597 1.0 [-1,-1] 1.0 1.0 1.0 0.0002622817504223413 0.28340640119267335 89.42237545859075 -219.55422063695525 3391.24266049396 3391.24266049396 3156.840475348789 1178.3970707156375 382.44651819906903
219.58287614448992 0.60707315131947 39627800491067316 12 244-245-246-247-248-249-250-251-252-253-254-469 0.5649387128359843 0.9841269841269841 9 1.2264447062295387 1.0 [-1,-1] 1.0 1.0 1.0 0.000677088223595666 0.13284793461577618 89.39292684868053 -219.58287614448992 2160.3694412254777 2160.3694412254777 2024.0571371132437 690.1469869160226 306.73435531834014
221.0022694407437 -1.095079415059102 39627764277444733 12 244-245-246-247-248-249-250-251-252-253-254-469 0.9628410816545654 0.9841269841269841 9 1.300088521775592 1.0 [-1,-1] 1.0 1.0 1.0 0.00041974738576830407 0.19815580287489248 91.0950794150591 -221.0022694407437 3302.2690218655325 3302.2690218655325 16.938160921806332 -32.534163525731245 -3302.065311237954
218.9438208791541 -0.9456288930189787 39627764239700975 12 244-245-246-247-248-249-250-251-252-253-254-469 1.0886832780190903 0.9841269841269841 9 0.923236934816043 1.0 [-1,-1] 1.0 1.0 1.0 0.0001075182622224553 0.4910338705006151 90.94562889301898 -218.9438208791541 3610.4168295633845 3610.4168295633845 327.39848703186215 475.3559817494925 -3563.980443899594
219.58361236556226 0.5457696202376797 39627800491067333 12 244-245-246-247-248-249-250-251-252-253-254-469 0.5635360563854604 0.9841269841269841 9 1.166023181634702 1.0 [-1,-1] 1.0 1.0 1.0 0.000677088223595666 0.13284793461577618 89.45423037976232 -219.58361236556226 2155.836623812632 2155.836623812632 2034.2754278794027 691.9597588719786 174.7762117673721
219.59020122345015 0.5429390210511145 39627800491067491 12 244-245-246-247-248-249-250-251-252-253-254-469 0.6402066725424314 0.9841269841269841 9 1.1620342774576669 1.0 [-1,-1] 1.0 1.0 1.0 0.000833303205902425 0.11070054926254569 89.45706097894889 -219.59020122345015 2398.018658196757 2398.018658196757 2268.3368367179805 754.9378999006788 187.64393819570125
218.96410730274312 -1.04537084079827 39627764239701515 12 244-245-246-247-248-249-250-251-252-253-254-469 0.6689443177396062 0.9841269841269841 9 0.9470608330500033 1.0 [-1,-1] 1.0 1.0 1.0 0.000700708733790897 0.12894715825466588 91.04537084079827 -218.96410730274312 2485.919455091448 2485.919455091448 88.20883787836479 122.66876221256926 -2481.3236614556245
219.60855711202927 0.528464919025402 39627800491067891 12 244-245-246-247-248-249-250-251-252-253-254-469 0.7640675182229394 0.9841269841269841 9 1.1445882463926533 1.0 [-1,-1] 1.0 1.0 1.0 0.0006416626200019751 0.139161677870846 89.4715350809746 -219.60855711202927 2766.1517638635596 2766.1517638635596 2634.819437715699 823.5076669226435 176.51411807737526
218.98128475219355 -0.9129143637735461 39627764239701929 12 244-245-246-247-248-249-250-251-252-253-254-469 1.0907007884448885 0.9841269841269841 9 0.8764083265434381 1.0 [-1,-1] 1.0 1.0 1.0 4.689797466212482e-05 0.6886505109163528 90.91291436377355 -218.98128475219355 3615.1754216680692 3615.1754216680692 415.0075512639462 556.7062207905012 -3547.8641808220286
218.9893336865231 -0.933409395273322 39627764239702143 12 244-245-246-247-248-249-250-251-252-253-254-469 0.8461008499408893 0.9841269841269841 9 0.8764828398896986 1.0 [-1,-1] 1.0 1.0 1.0 0.0006232532477076302 0.14268566385842998 90.93340939527332 -218.9893336865231 2995.1813923575596 2995.1813923575596 311.0721282930896 410.3489239840252 -2950.586291690065
220.8660427655056 0.1662635506014602 39627794472241884 12 244-245-246-247-248-249-250-251-252-253-254-469 0.9460478136963032 0.9841269841269841 9 1.3128494908508095 1.0 [-1,-1] 1.0 1.0 1.0 0.0004445766401596716 0.18918261239264766 89.83373644939854 -220.8660427655056 3259.397320568646 3259.397320568646 1800.614657380055 -2542.3548096814056 -958.065640051871
219.68544736122874 0.5564883539511595 39627800491069430 12 244-245-246-247-248-249-250-251-252-253-254-469 0.5692148560788394 0.9841269841269841 9 1.1621476551884344 1.0 [-1,-1] 1.0 1.0 1.0 0.000677088223595666 0.13284793461577618 89.44351164604885 -219.68544736122874 2174.1643833575745 2174.1643833575745 2109.9206532350195 485.2151092229654 199.47907332519057
220.78458465473577 -1.6382981791496882 39627746153857822 12 244-245-246-247-248-249-250-251-252-253-254-469 0.8570651575583872 0.9841269841269841 9 1.4307598260821361 1.0 [-1,-1] 1.0 1.0 1.0 0.0006812235016579503 0.1321480675826358 91.63829817914969 -220.78458465473577 3024.943760811639 3024.943760811639 -985.9862171705473 1176.0894953448926 -2606.708544230132
219.5133679830339 -0.9919621371668004 39627764252279128 12 244-245-246-247-248-249-250-251-252-253-254-469 0.7855309237815635 0.9841269841269841 9 0.4855677645681497 1.0 [-1,-1] 1.0 1.0 1.0 0.0007324854237337303 0.12404708914385561 90.9919621371668 -219.5133679830339 2827.1764358471955 2827.1764358471955 297.03092660490967 124.92416570225222 -2808.752958320378
219.27686290900263 -1.3725220214952756 39627758208287516 12 244-245-246-247-248-249-250-251-252-253-254-469 0.833442482513682 0.9841269841269841 9 0.9329402222345236 1.0 [-1,-1] 1.0 1.0 1.0 0.0006232532477076302 0.14268566385842998 91.37252202149527 -219.27686290900263 2960.5756503998027 2960.5756503998027 -627.4991130957281 -461.9768381325932 -2856.1915982358923
220.72579199450718 -1.7559523113134972 39627746149667877 12 244-245-246-247-248-249-250-251-252-253-254-469 0.7883910192828396 0.9841269841269841 9 1.4808528693002831 1.0 [-1,-1] 1.0 1.0 1.0 0.0007324854237337303 0.12404708914385561 91.7559523113135 -220.72579199450718 2835.2485494344783 2835.2485494344783 -1177.3523906691687 1247.4688492941193 -2257.497985668362
219.4983688118815 -0.34628233659585606 39627782367484102 12 244-245-246-247-248-249-250-251-252-253-254-469 0.8933888786152602 0.9841269841269841 9 0.3941416922410338 1.0 [-1,-1] 1.0 1.0 1.0 0.0005275616701708153 0.16431404058018498 90.34628233659586 -219.4983688118815 3122.1571725140816 3122.1571725140816 1969.7747896067237 863.4349938288804 -2263.257099744223
219.68025801670026 -0.24964413727589627 39627782371675908 12 244-245-246-247-248-249-250-251-252-253-254-469 0.5644484900036741 0.9841269841269841 9 0.37025199553287236 1.0 [-1,-1] 1.0 1.0 1.0 0.000677088223595666 0.13284793461577618 90.2496441372759 -219.68025801670026 2158.7856787776095 2158.7856787776095 1587.728998834113 373.812975612161 -1414.1202538753596
