data_rosette/LRG_18_clustering_data.ecsv
# %ECSV 1.0
# ---
# datatype:
# - {name: RA, unit: deg, datatype: float64}
# - {name: DEC, unit: deg, datatype: float64}
# - {name: TARGETID, datatype: int64}
# - {name: NTILE, datatype: int64}
# - {name: TILES, datatype: string}
# - {name: Z, datatype: float64}
# - {name: COMP_TILE, datatype: float64}
# - {name: ROSETTE_NUMBER, datatype: int32}
# - {name: ROSETTE_R, unit: deg, datatype: float64}
# - {name: FRACZ_TILELOCID, datatype: float64}
# - {name: BITWEIGHTS, datatype: string, subtype: 'int64[2]'}
# - {name: PROB_OBS, datatype: float64}
# - {name: WEIGHT_ZFAIL, datatype: float64}
# - {name: WEIGHT, datatype: float64}
# - {name: NZ, unit: h3 / Mpc3, datatype: float64}
# - {name: WEIGHT_FKP, datatype: float64}
# - {name: distance, unit: Mpc, datatype: float64}
# - {name: x, unit: Mpc, datatype: float64}
# - {name: y, unit: Mpc, datatype: float64}
# - {name: z, unit: Mpc, datatype: float64}
# meta: !!omap
# - {EXTNAME: LSS}
# - {DESIDR: edr}
# - comments: ['Visit https://desidatamodel.readthedocs.io/en/latest/ for a more complet', e description]
# schema: astropy-2.0
RA DEC TARGETID NTILE TILES Z COMP_TILE ROSETTE_NUMBER ROSETTE_R FRACZ_TILELOCID BITWEIGHTS PROB_OBS WEIGHT_ZFAIL WEIGHT NZ WEIGHT_FKP distance x y z
[from data line 1837]
267.2375820644298 61.90957075899367 39633411303804107 9 541-542-544-545-546-547-548-549-550 0.8466203334800285 0.9285714285714286 18 1.3123370497496754 0.5 [-1,-1] 1.0 1.0 1.0 0.0006366829495309179 0.1397804201853648 2996.5959483416996 -68.00214990649773 -1409.3511007935438 2643.613523175808
268.43048615159614 62.270780246928545 39633414147541557 9 541-542-544-545-546-547-548-549-550 0.7176791382718215 0.9285714285714286 18 0.6516738373896696 1.0 [-1,-1] 1.0 1.0 1.0 0.0005823912580269674 0.15084542533972659 2631.5154632014473 -33.53676233931235 -1223.9677223389244 2329.3028856961882
268.4455294468452 62.87163157499832 39633419746935473 9 541-542-544-545-546-547-548-549-550 0.5188095769500354 0.9285714285714286 18 0.6861360625900039 1.0 [-1,-1] 1.0 1.0 1.0 0.0006888416087567301 0.1305783864573065 2009.2566104187622 -24.85381926274165 -915.8549420327056 1788.2125542937613
268.83876202602164 62.838115871777646 39633419746938951 9 541-542-544-545-546-547-548-549-550 0.5769091662360527 0.9285714285714286 18 0.5181853501751466 1.0 [-1,-1] 1.0 1.0 1.0 0.0005369919189708607 0.1615383650856205 2198.8962867093687 -20.34324535126172 -1003.6035051770946 1956.4025752561968
269.6853559728256 62.09212478227834 39633411324774459 9 541-542-544-545-546-547-548-549-550 0.40750379032142636 0.9285714285714286 18 0.42837794940441387 1.0 [-1,-1] 1.0 1.0 1.0 0.00024055914515870672 0.3007331513712552 1626.8376872936658 -4.181502306368294 -761.4319837320336 1437.638588097636
266.9849103584986 62.77473448995022 39633419734354118 9 541-542-544-545-546-547-548-549-550 0.6052139137457465 0.9285714285714286 18 1.2866354439688317 1.0 [-1,-1] 1.0 1.0 1.0 0.0006106036532175123 0.14488555312656437 2288.8868812182036 -55.07863293705803 -1045.693511873184 2035.3119118289724
269.5562207016836 61.879109269284065 39633411324773201 9 541-542-544-545-546-547-548-549-550 0.9311712757350734 0.9285714285714286 18 0.6459946940491792 1.0 [-1,-1] 1.0 1.0 1.0 0.0003671239319408774 0.21984967794317842 3221.060707994591 -11.758915460927117 -1518.148226555146 2840.8308247238633
270.50544959890414 63.27296982860314 39633425266642650 9 541-542-544-545-546-547-548-549-550 0.8479500478746329 0.9285714285714286 18 0.8317191004328363 1.0 [-1,-1] 1.0 1.0 1.0 0.0006366829495309179 0.1397804201853648 3000.214754790098 11.903203135803302 -1349.2653111339966 2679.669757411498
269.5672724618952 61.12002194864035 39633399756884479 10 541-542-544-545-546-547-548-549-550-551 0.947119933693308 0.989247311827957 18 1.4020843865298862 1.0 [-1,-1] 1.0 1.0 1.0 0.0003671239319408774 0.21984967794317842 3262.1471081254413 -11.89918580070332 -1575.4952089511478 2856.4448202267868
268.4894486944598 62.50951659806022 39633416957723709 10 541-542-544-545-546-547-548-549-550-551 0.954371432786067 0.989247311827957 18 0.5726265482144427 1.0 [-1,-1] 1.0 1.0 1.0 0.0003767415448896098 0.21544643941305056 3280.70005139789 -39.92050848078383 -1513.8490717714249 2910.2680577811984
269.5784829653651 61.09766542160905 39633399756884553 10 541-542-544-545-546-547-548-549-550-551 0.9967615301288687 0.989247311827957 18 1.4241334836751236 1.0 [-1,-1] 1.0 1.0 1.0 0.00023297360745577845 0.30751381291380364 3387.578526953351 -12.045115544313854 -1637.2335561406458 2965.638122582392
270.4301562123481 61.91536548103125 39633411328970370 10 541-542-544-545-546-547-548-549-550-551 0.7573711437141727 0.989247311827957 18 0.6870779036259151 1.0 [-1,-1] 1.0 1.0 1.0 0.0007242712797402853 0.12498917450484462 2746.949681869891 9.708762055072908 -1293.1596073604187 2423.5050081557292
272.28082580500416 62.24674523876719 39633414176902852 10 541-542-544-545-546-547-548-549-550-551 0.8249844669671845 0.989247311827957 18 1.213518713482326 1.0 [-1,-1] 1.0 1.0 1.0 0.000762533893525711 0.11946670068019369 2937.305535845378 54.43488432457763 -1366.716159842327 2599.4013912249716
268.51752786518267 61.450099865018785 39633405574384383 10 541-542-544-545-546-547-548-549-550-551 0.7385684200663576 0.989247311827957 18 1.2119811825370748 1.0 [-1,-1] 1.0 1.0 1.0 0.0006073340474539246 0.1455520198534496 2692.6133987976773 -33.29264150613607 -1286.4337271775705 2365.194871672596
269.6958854390491 61.146835408829205 39633402684507748 10 541-542-544-545-546-547-548-549-550-551 1.0714069331830096 0.989247311827957 18 1.3732589592538713 1.0 [-1,-1] 1.0 1.0 1.0 0.00012850791192818028 0.44600300211103894 3569.4398445106585 -9.142602963444942 -1722.4681470528583 3126.3270300433414
269.43417264659934 61.10668741927039 39633399756883503 10 541-542-544-545-546-547-548-549-550-551 0.7785149512040541 0.989247311827957 18 1.4201993936275423 1.0 [-1,-1] 1.0 1.0 1.0 0.0007064174578981374 0.12774458208408304 2807.3158314876673 -13.395367996329687 -1356.3732753017132 2457.8637634915485
267.8372086999729 61.95340078094973 39633411307999163 10 541-542-544-545-546-547-548-549-550-551 0.7769412320766883 0.989247311827957 18 1.0479976827599533 1.0 [-1,-1] 1.0 1.0 1.0 0.0007064174578981374 0.12774458208408304 2802.8494025060686 -49.73493391681268 -1316.931603442233 2473.698114429484
271.67259718155253 62.51927272329382 39633416982888839 10 541-542-544-545-546-547-548-549-550-551 0.7174382940376661 0.989247311827957 18 0.8963674627045118 1.0 [-1,-1] 1.0 1.0 1.0 0.0005823912580269674 0.15084542533972659 2630.806498585266 35.434051099382195 -1213.4690024569509 2333.9623478319627
271.8631032713204 62.36184003042678 39633414172709126 10 541-542-544-545-546-547-548-549-550-551 0.9362933378326495 0.989247311827957 18 0.9994528742673182 1.0 [-1,-1] 1.0 1.0 1.0 0.0003671239319408774 0.21984967794317842 3234.2984179232226 48.77859209448879 -1499.5531267639387 2865.2482135316714
271.06827233934126 61.47329531382024 39633405595355686 10 541-542-544-545-546-547-548-549-550-551 0.9372336212744453 0.989247311827957 18 1.220767336354099 1.0 [-1,-1] 1.0 1.0 1.0 0.0003671239319408774 0.21984967794317842 3236.724161129967 28.818765961172502 -1545.4882239825786 2843.7684370395104
272.40298197751576 62.20502322459582 39633414176903943 10 541-542-544-545-546-547-548-549-550-551 0.4442590281844157 0.989247311827957 18 1.2792089886582745 1.0 [-1,-1] 1.0 1.0 1.0 0.0006285113834356281 0.1413409039925048 1755.9539178767968 34.3310864838646 -818.0972385111583 1553.3552222682765
271.9630098538179 62.88982458764247 39633422540341705 10 541-542-544-545-546-547-548-549-550-551 0.7510219592199308 0.989247311827957 18 1.088666338889849 1.0 [-1,-1] 1.0 1.0 1.0 0.0007242712797402853 0.12498917450484462 2728.6710267369936 42.5939527303227 -1242.733837666584 2428.8770936511405
271.04518172367705 63.21072977163803 39633425270837014 10 541-542-544-545-546-547-548-549-550-551 0.6871050356432664 0.989247311827957 18 0.9147892451239447 1.0 [-1,-1] 1.0 1.0 1.0 0.0008053318504768218 0.11384060807160488 2540.6802450253153 20.887797918518736 -1144.9204331225897 2267.9896404477677
269.6401847226547 61.11978164132308 39633399756885053 10 541-542-544-545-546-547-548-549-550-551 0.6232822416183557 0.989247311827957 18 1.4008602504185064 1.0 [-1,-1] 1.0 1.0 1.0 0.0007056687116799521 0.12786279395313782 2345.5268670253254 -7.114162116885974 -1132.8204533559701 2053.8168109871403
269.0621262340275 62.808352301930405 39633419751130705 10 541-542-544-545-546-547-548-549-550-551 0.697632084531458 0.989247311827957 18 0.4209550600774424 1.0 [-1,-1] 1.0 1.0 1.0 0.0005639081233901963 0.1550231922816235 2572.1468542303337 -19.23907397936844 -1175.2320258512154 2287.8808935722736
271.9849255703888 61.50661536649042 39633405603743361 10 541-542-544-545-546-547-548-549-550-551 0.5282516129240825 0.989247311827957 18 1.4649918428442623 1.0 [-1,-1] 1.0 1.0 1.0 0.0006888416087567301 0.1305783864573065 2040.5324354954132 33.71698693343413 -972.8667762192712 1793.3672297746762
269.19578844705865 62.763841133318955 39633419751131847 10 541-542-544-545-546-547-548-549-550-551 0.7948556348218685 0.989247311827957 18 0.3460141680533749 1.0 [-1,-1] 1.0 1.0 1.0 0.0008239664519383997 0.11155322342262282 2853.442420822248 -18.329248846274556 -1305.7753631868698 2537.07476998193
271.0650380097527 61.30299555437035 39633402697089322 10 541-542-544-545-546-547-548-549-550-551 0.6656735509949249 0.989247311827957 18 1.369682608002425 1.0 [-1,-1] 1.0 1.0 1.0 0.0006371005092682059 0.1397016056866948 2475.992462052601 22.09880111023314 -1188.7108142817865 2171.8694516798937
269.95479117611774 63.46473736796355 39633427980355349 10 541-542-544-545-546-547-548-549-550-551 0.871661439139594 0.989247311827957 18 0.9502347044437982 1.0 [-1,-1] 1.0 1.0 1.0 0.0005346154933450218 0.1621399955636538 3064.2622971001747 -1.0801637209335155 -1368.954204826006 2741.471620091146
269.9281713394435 63.41249199835489 39633427980355159 10 541-542-544-545-546-547-548-549-550-551 0.9657031486842386 0.989247311827957 18 0.8970244454776731 1.0 [-1,-1] 1.0 1.0 1.0 0.0003767415448896098 0.21544643941305056 3309.533226092616 -1.8569364364914864 -1481.2271880484186 2959.5561734463236
267.4903820767021 63.54769246900853 39633427959386327 10 541-542-544-545-546-547-548-549-550-551 0.5221181544283575 0.989247311827957 18 1.4446850404347775 1.0 [-1,-1] 1.0 1.0 1.0 0.0006888416087567301 0.1305783864573065 2020.236310058672 -39.404869087101176 -899.0566405212983 1808.7286037176125
268.8876570700769 62.53721502875436 39633416957727470 10 541-542-544-545-546-547-548-549-550-551 0.6603907803401209 0.989247311827957 18 0.3889559534763317 1.0 [-1,-1] 1.0 1.0 1.0 0.0006371005092682059 0.1397016056866948 2459.9170861302546 -22.02280042881571 -1134.2320355352358 2182.7104151633193
268.8900167719623 62.52981773975832 39633416957727490 10 541-542-544-545-546-547-548-549-550-551 0.867893727825043 0.989247311827957 18 0.3876587422212613 1.0 [-1,-1] 1.0 1.0 1.0 0.0006576102792991648 0.1359368301360722 3054.146007978817 -27.291510133643257 -1408.573284118583 2709.7941462027998
267.82558523993714 61.51208117214948 39633405570188766 10 541-542-544-545-546-547-548-549-550-551 0.8340922980507767 0.989247311827957 18 1.3468929573479165 1.0 [-1,-1] 1.0 1.0 1.0 0.0006366829495309179 0.1397804201853648 2962.3585571420667 -53.61018742840753 -1411.9489739724822 2603.669384498495
267.74914701162743 63.62002998405617 39633427963578433 10 541-542-544-545-546-547-548-549-550-551 0.9559354429004898 0.989247311827957 18 1.419342862840448 1.0 [-1,-1] 1.0 1.0 1.0 0.0003767415448896098 0.21544643941305056 3284.691132071962 -57.3198652316092 -1458.3345573831689 2942.646867176565
271.4779651867113 63.322488877528436 39633425275030487 10 541-542-544-545-546-547-548-549-550-551 0.5856251268031774 0.989247311827957 18 1.130025757857831 1.0 [-1,-1] 1.0 1.0 1.0 0.0005369919189708607 0.1615383650856205 2226.7726618693446 25.786059329692264 -999.4177629127911 1989.7275446571382
271.8676158281404 62.3670228916681 39633414172709169 10 541-542-544-545-546-547-548-549-550-551 0.9865107432144222 0.989247311827957 18 1.0006242667781826 1.0 [-1,-1] 1.0 1.0 1.0 0.00030269805442075816 0.25472307248715254 3361.9775145794306 50.81818980236905 -1558.4771040565988 2978.4995276572154
269.6322999011532 61.114189663167416 39633399756884998 10 541-542-544-545-546-547-548-549-550-551 0.6253369190433821 0.989247311827957 18 1.406566961066754 1.0 [-1,-1] 1.0 1.0 1.0 0.0007056687116799521 0.12786279395313782 2351.928425222551 -7.291188134901323 -1136.1122119575832 2059.311340663732
270.09711190393284 61.24127357893993 39633402688701246 10 541-542-544-545-546-547-548-549-550-551 0.7358602951803878 0.989247311827957 18 1.2903735949818673 1.0 [-1,-1] 1.0 1.0 1.0 0.0006073340474539246 0.1455520198534496 2684.736221455125 2.189307330491577 -1291.6845916542366 2353.5833746458998
270.6970261065872 63.144482905441066 39633425270834232 10 541-542-544-545-546-547-548-549-550-551 0.687638087537012 0.989247311827957 18 0.7647942742201884 1.0 [-1,-1] 1.0 1.0 1.0 0.0008053318504768218 0.11384060807160488 2542.278451190928 13.971064053067307 -1148.3694913390539 2268.089955032792
271.680002149658 62.51862025795711 39633416982888885 10 541-542-544-545-546-547-548-549-550-551 0.8436176098494325 0.989247311827957 18 0.8997946699095781 1.0 [-1,-1] 1.0 1.0 1.0 0.0006366829495309179 0.1397804201853648 2988.4134116923483 40.42965314455347 -1378.441447736438 2651.2033753545925
269.7774154902371 63.40804861946983 39633427980354061 10 541-542-544-545-546-547-548-549-550-551 0.8943687872604781 0.989247311827957 18 0.8883100546427799 1.0 [-1,-1] 1.0 1.0 1.0 0.0005723615213970424 0.15308410280969617 3124.750546041142 -5.433868495090607 -1398.7323974134322 2794.2054556677945
269.4112313714334 61.74336050705965 39633408464258550 10 541-542-544-545-546-547-548-549-550-551 0.6708947904054555 0.989247311827957 18 0.790801823953237 1.0 [-1,-1] 1.0 1.0 1.0 0.0008053318504768218 0.11384060807160488 2491.8298643016306 -12.12218679167392 -1179.6241523668218 2194.8931601255053
271.92800661280245 62.91623257932509 39633422540341386 10 541-542-544-545-546-547-548-549-550-551 0.6934259110127008 0.989247311827957 18 1.082544557638146 1.0 [-1,-1] 1.0 1.0 1.0 0.0005639081233901963 0.1550231922816235 2559.5982739123738 39.207251692424684 -1164.7066349689237 2278.917411774568
271.9340511501854 62.89147939187408 39633422540341451 10 541-542-544-545-546-547-548-549-550-551 0.5034828071897102 0.989247311827957 18 1.0767309817121438 1.0 [-1,-1] 1.0 1.0 1.0 0.0007365189099627642 0.12316671624379881 1958.1061400406688 30.113168702396862 -891.7562040272104 1742.9984868939641
269.5842834826224 61.06282412711945 39633399756884598 10 541-542-544-545-546-547-548-549-550-551 0.9443258247244507 0.989247311827957 18 1.4588018158112162 1.0 [-1,-1] 1.0 1.0 1.0 0.0003671239319408774 0.21984967794317842 3254.9770805757985 -11.426936241116618 -1574.8802441555763 2848.595695561299
271.86674809442326 62.35697596608202 39633414172709161 10 541-542-544-545-546-547-548-549-550-551 0.8351276811128808 0.989247311827957 18 1.0019768080237914 1.0 [-1,-1] 1.0 1.0 1.0 0.0006366829495309179 0.1397804201853648 2965.197909593209 44.81482953549806 -1375.007149802732 2626.7366849574028
271.6806752493568 62.5200104436814 39633416982888889 10 541-542-544-545-546-547-548-549-550-551 0.8708527591410987 0.989247311827957 18 0.9000831841647523 1.0 [-1,-1] 1.0 1.0 1.0 0.0005346154933450218 0.1621399955636538 3062.092919760159 41.44110835012679 -1412.3606307323817 2716.6032342874873
271.68261343875963 62.518855098478554 39633416982888904 10 541-542-544-545-546-547-548-549-550-551 0.838524854552919 0.989247311827957 18 0.9009956304292659 1.0 [-1,-67108865] 0.9921875 1.0 1.0078125 0.0006366829495309179 0.1397804201853648 2974.501631486125 40.30365662216041 -1372.011825829565 2638.867014603109
270.2884884393117 61.15941050271326 39633402688702925 10 541-542-544-545-546-547-548-549-550-551 0.6020022370455963 0.989247311827957 18 1.3858703506151864 1.0 [-1,-1] 1.0 1.0 1.0 0.0006106036532175123 0.14488555312656437 2278.7536405934693 5.534590912214961 -1099.198365028399 1996.1088339918542
271.55776466244805 63.3740159751707 39633425275031129 10 541-542-544-545-546-547-548-549-550-551 0.6507079481984345 0.989247311827957 18 1.1917155676526308 1.0 [-1,-1] 1.0 1.0 1.0 0.0006371005092682059 0.1397016056866948 2430.317785618928 29.6091726340639 -1088.7797352578377 2172.5852167598605
270.9735391783108 62.174703084103434 39633414168511758 10 541-542-544-545-546-547-548-549-550-551 0.9361798956381076 0.989247311827957 18 0.6725305180934811 1.0 [-1,-1] 1.0 1.0 1.0 0.0003671239319408774 0.21984967794317842 3234.0056681907163 25.648399426180042 -1509.3420422693885 2860.073674039644
