data_rosette/LRG_0_clustering_data.ecsv
# %ECSV 1.0
# ---
# datatype:
# - {name: RA, unit: deg, datatype: float64}
# - {name: DEC, unit: deg, datatype: float64}
# - {name: TARGETID, datatype: int64}
# - {name: NTILE, datatype: int64}
# - {name: TILES, datatype: string}
# - {name: Z, datatype: float64}
# - {name: COMP_TILE, datatype: float64}
# - {name: ROSETTE_NUMBER, datatype: int32}
# - {name: ROSETTE_R, unit: deg, datatype: float64}
# - {name: FRACZ_TILELOCID, datatype: float64}
# - {name: BITWEIGHTS, datatype: string, subtype: 'int64[2]'}
# - {name: PROB_OBS, datatype: float64}
# - {name: WEIGHT_ZFAIL, datatype: float64}
# - {name: WEIGHT, datatype: float64}
# - {name: NZ, unit: h3 / Mpc3, datatype: float64}
# - {name: WEIGHT_FKP, datatype: float64}
# - {name: theta, unit: deg, datatype: float64}
# - {name: phi, unit: deg, datatype: float64}
# - {name: rho, unit: Mpc, datatype: float64}
# - {name: r, unit: Mpc, datatype: float64}
# - {name: x, unit: Mpc, datatype: float64}
# - {name: y, unit: Mpc, datatype: float64}
# - {name: z, unit: Mpc, datatype: float64}
# meta: !!omap
# - {EXTNAME: LSS}
# - {DESIDR: edr}
# - comments: ['Visit https://desidatamodel.readthedocs.io/en/latest/ for a more complet', e description]
# schema: astropy-2.0
RA DEC TARGETID NTILE TILES Z COMP_TILE ROSETTE_NUMBER ROSETTE_R FRACZ_TILELOCID BITWEIGHTS PROB_OBS WEIGHT_ZFAIL WEIGHT NZ WEIGHT_FKP theta phi rho r x y z
[from data line 2220]
149.43736827444778 3.3929186234266657 39627871777460287 7 1-2-4-5-6-9-10 0.6075726739914385 1.0 0 1.3799818340594696 1.0 [-1,-1] 1.0 1.0 1.0 0.0007756247847600315 0.11796159141779075 86.60708137657333 -149.43736827444778 2296.3164553125453 2296.3164553125453 -471.6119441129067 -2194.1731373581956 486.0613957155112
150.8379849690237 2.4589999889317853 39627847656015677 7 1-2-4-5-6-9-10 0.9206832874831293 1.0 0 0.7876908581868378 1.0 [-1,-1] 1.0 1.0 1.0 0.0004951280553168204 0.17321314004730964 87.54100001106822 -150.8379849690237 3193.8289563422372 3193.8289563422372 -1311.6581904710247 54.51448513649038 2911.5501652299804
149.03907518599792 1.9660257222316 39627835547059065 8 1-2-4-5-6-9-10-11 0.9634538365107269 1.0 0 1.0820031279123332 1.0 [-1,-1] 1.0 1.0 1.0 0.00041974738576830407 0.19815580287489248 88.0339742777684 -149.03907518599792 3303.825287401189 3303.825287401189 -42.48499784887515 225.06059841776457 3295.8768608170376
149.27712773158925 1.413768497841274 39627823471657785 8 1-2-4-5-6-9-10-11 0.9853197001070982 1.0 0 1.1254429060192492 1.0 [-1,-1] 1.0 1.0 1.0 0.0003578035202613049 0.22475091060875194 88.58623150215872 -149.27712773158925 3358.9928930478363 3358.9928930478363 100.65248519030054 1953.5749581850253 2730.6129743197343
150.82502464510765 2.4588758393028343 39627847656015413 8 1-2-4-5-6-9-10-11 0.8139424033180518 1.0 0 0.7755373720627662 1.0 [-1,-1] 1.0 1.0 1.0 0.0006627118749498285 0.13533979738261318 87.54112416069717 -150.82502464510765 2906.7469998725005 2906.7469998725005 -1193.9717804261709 34.129748593792726 2649.989560182203
151.0857289245749 1.5134254634311637 39627823501018913 9 1-2-4-5-6-9-10-11-442 0.9251723067000048 1.0 0 1.1906436055375167 1.0 [-1,-1] 1.0 1.0 1.0 0.0004951280553168204 0.17321314004730964 88.48657453656884 -151.0857289245749 3205.5053576239343 3205.5053576239343 1531.8483532463686 -455.92483496305385 2778.6395529604138
149.02944562351917 1.9664023546988687 39627835547058824 9 1-2-4-5-6-9-10-11-442 0.8482743700393988 1.0 0 1.091359821652835 1.0 [-1,-1] 1.0 1.0 1.0 0.0006232532477076302 0.14268566385842998 88.03359764530113 -149.02944562351917 3001.096956151052 3001.096956151052 -40.33911946017228 202.95130717258732 2993.954986731969
149.43303146630427 1.517485703656127 39627823471661646 9 1-2-4-5-6-9-10-11-442 0.9433799496048167 1.0 0 0.9412533060785707 1.0 [-1,-1] 1.0 1.0 1.0 0.0004445766401596716 0.18918261239264766 88.48251429634388 -149.43303146630427 3252.5471558904683 3252.5471558904683 331.5462117955328 1575.7496843300328 2825.9782453283337
149.19714748251104 1.122523865138843 39627811387870990 9 1-2-4-5-6-9-10-11-442 0.7649541531245232 1.0 0 1.3917368240069858 1.0 [-1,-1] 1.0 1.0 1.0 0.0006416626200019751 0.139161677870846 88.87747613486115 -149.19714748251104 2768.6883814204652 2768.6883814204652 -62.43651677335052 2189.887872418735 1692.9643058904792
149.65774880071714 2.9336185027794546 39627859714641010 9 1-2-4-5-6-9-10-11-442 0.7023693000316806 1.0 0 0.8718509903433143 1.0 [-1,-1] 1.0 1.0 1.0 0.0005843703162771602 0.15074849413407446 87.06638149722055 -149.65774880071714 2586.241331698218 2586.241331698218 -847.1835474953058 -1837.0609708018142 1611.2514552962043
149.44328128847954 1.515303354390168 39627823471661893 9 1-2-4-5-6-9-10-11-442 0.43669993762127063 1.0 0 0.9355801308674498 1.0 [-1,-1] 1.0 1.0 1.0 0.0005288673958748294 0.16397488484989944 88.48469664560983 -149.44328128847954 1729.6307650189253 1729.6307650189253 185.59583864482008 839.2970656880772 1500.91878644551
149.6589480635211 2.933386512283209 39627859714641031 9 1-2-4-5-6-9-10-11-442 0.7036801169364562 1.0 0 0.8710443821837717 1.0 [-1,-1] 1.0 1.0 1.0 0.0005843703162771602 0.15074849413407446 87.0666134877168 -149.6589480635211 2590.1341915834246 2590.1341915834246 -850.5073660378918 -1838.46749087149 1614.1467206339992
149.66530989470107 2.0516241702907045 39627835555450530 9 1-2-4-5-6-9-10-11-442 0.9569535954083431 1.0 0 0.4535366166198575 1.0 [-1,-1] 1.0 1.0 1.0 0.00041974738576830407 0.19815580287489248 87.94837582970929 -149.66530989470107 3287.2872945040976 3287.2872945040976 -22.691413793247524 -48.2422589030806 3286.854961936115
150.75656519331704 1.2420033546597833 39627817457025204 9 1-2-4-5-6-9-10-11-442 0.9895217608376354 1.0 0 1.146419249707069 1.0 [-1,-1] 1.0 1.0 1.0 0.0003578035202613049 0.22475091060875194 88.75799664534021 -150.75656519331704 3369.5134609625866 3369.5134609625866 2399.690375207683 95.75565572830375 2363.45888924257
150.13107318833784 3.619729148374746 39627871790042443 9 1-2-4-5-6-9-10-11-442 0.9113419129966617 1.0 0 1.4380640191850702 1.0 [-1,-1] 1.0 1.0 1.0 0.0004951280553168204 0.17321314004730964 86.38027085162526 -150.13107318833784 3169.430820223294 3169.430820223294 -2493.1182191832486 -1956.4803253627197 -42.87197017207207
149.29531081759077 1.5264325321097019 39627823471658269 9 1-2-4-5-6-9-10-11-442 0.7351224787596052 1.0 0 1.0375974037616298 1.0 [-1,-1] 1.0 1.0 1.0 0.0007126833197713517 0.12705585074725267 88.47356746789029 -149.29531081759077 2682.587873645029 2682.587873645029 90.98379310727455 1304.0034007473764 2342.5573162803184
149.2947236297314 1.5154283407915214 39627823471658253 9 1-2-4-5-6-9-10-11-442 0.6707207456896258 1.0 0 1.045038553469993 1.0 [-1,-1] 1.0 1.0 1.0 0.0007209928471550773 0.12577569469930108 88.48457165920848 -149.2947236297314 2491.3027514490304 2491.3027514490304 85.43213933723285 1234.878220764958 2162.028336730614
150.8180254836258 2.450594029368795 39627847656015258 8 1-2-4-5-6-9-10-442 0.8117409202301822 1.0 0 0.7660680423677249 1.0 [-1,-1] 1.0 1.0 1.0 0.0006627118749498285 0.13533979738261318 87.5494059706312 -150.8180254836258 2900.630100000719 2900.630100000719 -1169.7323575757414 25.244533219839653 2654.193644445143
149.03412265180273 1.9902022313865548 39627835547058941 8 1-2-4-5-6-9-10-442 0.9630815278133501 1.0 0 1.0823005183113958 1.0 [-1,-1] 1.0 1.0 1.0 0.00041974738576830407 0.19815580287489248 88.00979776861344 -149.03412265180273 3302.8797706051305 3302.8797706051305 -28.411313156793042 146.52164508555072 3299.5058696536257
149.03346075912447 1.983084805962229 39627835547058922 8 1-2-4-5-6-9-10-442 0.9707790335601084 1.0 0 1.0842370114924185 1.0 [-1,-1] 1.0 1.0 1.0 0.0003578035202613049 0.22475091060875194 88.01691519403776 -149.03346075912447 3322.3861382065325 3322.3861382065325 -33.188042116501485 170.55185016330316 3317.8396995052763
149.03008921426175 1.9835258830809768 39627835547058839 8 1-2-4-5-6-9-10-442 0.9656598773865791 1.0 0 1.087468583501852 1.0 [-1,-1] 1.0 1.0 1.0 0.00041974738576830407 0.19815580287489248 88.01647411691903 -149.03008921426175 3309.4234908043018 3309.4234908043018 -33.34788334264225 168.34405602699076 3304.9708075812523
149.03326119103656 1.9862194561566464 39627835547058917 8 1-2-4-5-6-9-10-442 0.9585853728383251 1.0 0 1.083861434707935 1.0 [-1,-1] 1.0 1.0 1.0 0.00041974738576830407 0.19815580287489248 88.01378054384335 -149.03326119103656 3291.444862969464 3291.444862969464 -30.94245806033203 158.84281529849997 3287.464191483354
149.03275699575929 1.9831816445689874 39627835547058901 8 1-2-4-5-6-9-10-442 0.966173544207374 1.0 0 1.0849105979082325 1.0 [-1,-1] 1.0 1.0 1.0 0.00041974738576830407 0.19815580287489248 88.01681835543101 -149.03275699575929 3310.725960236208 3310.725960236208 -33.12978848197882 169.61573806605554 3306.2122288651417
151.33388326277756 2.1560969267404775 39627841624606532 8 1-2-4-5-6-9-11-442 0.9432318364628477 1.0 0 1.2332712087907898 1.0 [-1,-1] 1.0 1.0 1.0 0.0004445766401596716 0.18918261239264766 87.84390307325953 -151.33388326277756 3252.1665342349797 3252.1665342349797 -336.3558593481784 200.45111617780168 3228.5091377140598
150.3668443994445 2.819313275228457 39627853687425779 8 1-2-4-5-6-9-11-442 0.7927496717188174 1.0 0 0.6908240412122756 1.0 [-1,-1] 1.0 1.0 1.0 0.0007229154976227362 0.12548315978664992 87.18068672477155 -150.3668443994445 2847.5232527450394 2847.5232527450394 -1827.807763492717 -837.3929012244721 2016.5020663560708
151.0717178452716 2.111565546405769 39627835580614022 8 1-2-4-5-6-9-11-442 0.835157143716731 1.0 0 0.9735869021229783 1.0 [-1,-1] 1.0 1.0 1.0 0.0006232532477076302 0.14268566385842998 87.88843445359423 -151.0717178452716 2965.278679611178 2965.278679611178 -217.12282457295822 61.32431006138462 2956.6830496016255
150.07468742762188 3.3119249066834118 39627865758632563 8 1-2-4-5-6-9-11-442 0.9920639219756109 1.0 0 1.1302077369087369 1.0 [-1,-1] 1.0 1.0 1.0 0.0002622817504223413 0.28340640119267335 86.68807509331658 -150.07468742762188 3375.8655668544534 3375.8655668544534 -2425.138924880265 -2134.5745319453567 979.1634634086334
151.060777327147 2.708779215970984 39627853700007206 8 1-2-4-5-7-10-11-442 0.8808458654240752 1.0 0 1.0949440040679863 1.0 [-1,-1] 1.0 1.0 1.0 0.0005690156306133545 0.15418916366201427 87.29122078402902 -151.060777327147 3088.826974698888 3088.826974698888 -1859.3711093350585 503.2635057494999 2414.60493687442
149.02955531577172 1.290093928053195 39627817427665433 6 1-2-4-5-7-8 0.7679898684217098 1.0 0 1.3929369678116286 1.0 [-1,-1] 1.0 1.0 1.0 0.0006416626200019751 0.139161677870846 88.7099060719468 -149.02955531577172 2777.3630946178782 2777.3630946178782 -367.0052347796238 1847.5104740630368 2041.0188546941756
149.89436571352448 0.7199626722748063 39627805360655546 6 1-2-4-5-7-8 0.6590400032898119 1.0 0 1.4764176905722022 1.0 [-1,-1] 1.0 1.0 1.0 0.000700708733790897 0.12894715825466588 89.2800373277252 -149.89436571352448 2455.7983862647097 2455.7983862647097 1473.1712444792781 1864.3861950291862 620.3034049594772
148.6932204018094 1.5293565283672448 39627823459077974 6 1-2-4-5-7-8 0.6532483977182133 1.0 0 1.5501211531749055 1.0 [-1,-1] 1.0 1.0 1.0 0.000700708733790897 0.12894715825466588 88.47064347163275 -148.6932204018094 2438.1005460464103 2438.1005460464103 -599.9206578044087 1018.21816493211 2132.524617811859
149.91057761344584 0.727352954733719 39627805360655883 6 1-2-4-5-7-8 0.7836279106775639 1.0 0 1.4669198387500633 1.0 [-1,-1] 1.0 1.0 1.0 0.0007324854237337303 0.12404708914385561 89.27264704526628 -149.91057761344584 2821.7977746530273 2821.7977746530273 1723.851504077601 2110.3848496936457 732.9082201133357
149.05558286713946 2.9539481960519964 39627859706250246 7 1-2-4-5-7-8-10 1.0840113002220877 1.0 0 1.2978847384398284 1.0 [-1,-1] 1.0 1.0 1.0 0.0001075182622224553 0.4910338705006151 87.046051803948 -149.05558286713946 3599.375962100766 3599.375962100766 484.13630912913345 -2819.2205072385714 2184.74599949219
150.92344950629942 2.899936292592752 39627859735612665 8 1-2-4-5-7-8-10-11 0.7898838431599197 1.0 0 1.0918607737325678 1.0 [-1,-1] 1.0 1.0 1.0 0.0007324854237337303 0.12404708914385561 87.10006370740724 -150.92344950629942 2839.4562375862565 2839.4562375862565 -2142.8335378022107 273.6171226977476 1842.7994531701404
150.9282675000852 2.9066807355661015 39627859735612740 8 1-2-4-5-7-8-10-11 1.006369905079587 1.0 0 1.099921844607239 1.0 [-1,-1] 1.0 1.0 1.0 0.0002622817504223413 0.28340640119267335 87.0933192644339 -150.9282675000852 3411.4354516083845 3411.4354516083845 -2587.6156723104787 343.0893705462987 2196.4577520912703
149.91469937918453 2.818276836651552 39627853679037503 8 1-2-4-5-7-8-10-11 0.9884374582465982 1.0 0 0.6626604269134323 1.0 [-1,-1] 1.0 1.0 1.0 0.0003578035202613049 0.22475091060875194 87.18172316334845 -149.91469937918453 3366.801217843234 3366.801217843234 -1509.8185186114886 -1832.8880639941042 2386.696425228068
149.7812485564648 3.205284007808254 39627865754437262 9 1-2-4-5-7-8-10-11-442 0.8925289390107554 1.0 0 1.0716741726333823 1.0 [-1,-1] 1.0 1.0 1.0 0.0005275616701708153 0.16431404058018498 86.79471599219174 -149.7812485564648 3119.8800512911007 3119.8800512911007 -1515.0942644535437 -2440.419949938201 1217.5760231738159
149.20543089413505 2.3012414276706927 39627841586860468 9 1-2-4-5-7-8-10-11-442 0.7760525256579658 1.0 0 0.9018025261541207 1.0 [-1,-1] 1.0 1.0 1.0 0.0007324854237337303 0.12404708914385561 87.69875857232931 -149.20543089413505 2800.3252520410792 2800.3252520410792 14.874739354991846 -735.5391074305741 2701.9590079770437
149.20519015817212 2.310767550776561 39627841586860460 9 1-2-4-5-7-8-10-11-442 0.4805928246993831 1.0 0 0.9033466732832786 1.0 [-1,-1] 1.0 1.0 1.0 0.00048380039118235755 0.17655271186088778 87.68923244922344 -149.20519015817212 1880.8275660221148 1880.8275660221148 10.462720925233194 -511.28089626126456 1809.970914047458
151.1174601410694 2.974598514582203 39627859739805917 9 1-2-4-5-7-8-10-11-442 0.7486299787967855 1.0 0 1.288924363420312 1.0 [-1,-1] 1.0 1.0 1.0 0.0007126833197713517 0.12705585074725267 87.0254014854178 -151.1174601410694 2721.7664814261634 2721.7664814261634 -2084.4732571367867 693.1160672786315 1607.0389344930995
149.20446182566656 2.305224285957254 39627841586860438 9 1-2-4-5-7-8-10-11-442 0.8280959238501115 1.0 0 0.9032958457617946 1.0 [-1,-1] 1.0 1.0 1.0 0.0006627118749498285 0.13533979738261318 87.69477571404275 -149.20446182566656 2945.879718936137 2945.879718936137 16.637455407894393 -785.0673820828891 2839.2956378486415
150.44965347496264 3.2369581412477966 39627865762828970 9 1-2-4-5-7-8-10-11-442 0.6928110562383406 1.0 0 1.1112684480255623 1.0 [-1,-1] 1.0 1.0 1.0 0.0005843703162771602 0.15074849413407446 86.7630418587522 -150.44965347496264 2557.7612412584717 2557.7612412584717 -2243.361812813699 -810.7496741311443 923.1225866533413
148.8781407272998 1.751066253975667 39627829503068923 9 1-2-4-5-7-8-10-11-442 0.8503413982236989 1.0 0 1.2949435560456712 1.0 [-1,-1] 1.0 1.0 1.0 0.0006812235016579503 0.1321480675826358 88.24893374602433 -148.8781407272998 3006.7155216924143 3006.7155216924143 -287.24511798999555 793.0355647546552 2885.9873637303517
150.5485107167745 2.4986825971219377 39627847651820700 9 1-2-4-5-7-8-10-11-442 0.8794867731759796 1.0 0 0.5487383465815825 1.0 [-1,-1] 1.0 1.0 1.0 0.0005690156306133545 0.15418916366201427 87.50131740287806 -150.5485107167745 3085.2004561836993 3085.2004561836993 -1336.5604032273486 -338.34385323127196 2759.99847469912
150.57002460417672 2.4833417478368593 39627847651821214 8 1-2-4-5-7-8-10-442 0.8789804660327467 1.0 0 0.5579995339308289 1.0 [-1,-1] 1.0 1.0 1.0 0.0005690156306133545 0.15418916366201427 87.51665825216314 -150.57002460417672 3083.8487027240612 3083.8487027240612 -1301.5426482315593 -299.8404892071029 2779.605230452573
148.69194253004366 2.1515808601820794 39627841578471678 8 1-2-4-5-7-8-10-442 0.4330246161473045 1.0 0 1.407379418392349 1.0 [-1,-1] 1.0 1.0 1.0 0.0005288673958748294 0.16397488484989944 87.84841913981792 -148.69194253004366 1716.7890703585301 1716.7890703585301 101.23713823109657 -171.32426110207544 1705.2166289076329
150.56301729784406 2.478335030359696 39627847651821062 8 1-2-4-5-7-8-10-442 0.6721868999819705 1.0 0 0.54940385404726 1.0 [-1,-1] 1.0 1.0 1.0 0.0007209928471550773 0.12577569469930108 87.5216649696403 -150.56301729784406 2495.741408642206 2495.741408642206 -1040.6345293789323 -247.4258513118386 2254.9025263142266
149.7427014165046 3.5467787372914237 39627871785845407 7 1-2-4-5-7-8-442 0.8194739101050311 0.5 0 1.41065885712851 1.0 [-1,-1] 1.0 1.0 1.0 0.0006627118749498285 0.13533979738261318 86.45322126270858 -149.7427014165046 2922.0806892404958 2922.0806892404958 -1441.88827361429 -2535.6258608919547 173.53747267304294
151.28839575996207 1.9298941787982171 39627835584807727 8 1-2-4-5-7-8-9-10 0.8672418478333993 1.0 0 1.2140929991535758 1.0 [-1,-1] 1.0 1.0 1.0 0.0006812235016579503 0.1321480675826358 88.07010582120178 -151.28839575996207 3052.3933931226125 3052.3933931226125 283.34420303195236 -151.84230620309515 3035.418488945748
149.760729876581 2.201229312543208 39627841599439169 9 1-2-4-5-7-8-9-10-11 0.8367388490259801 1.0 0 0.33956685812505844 1.0 [-1,-1] 1.0 1.0 1.0 0.0006232532477076302 0.14268566385842998 87.7987706874568 -149.760729876581 2969.612731063606 2969.612731063606 -249.9462250881435 -421.66526142486157 2928.8777824222607
