data_rosette/LRG_9_clustering_data.ecsv
# %ECSV 1.0
# ---
# datatype:
# - {name: RA, unit: deg, datatype: float64}
# - {name: DEC, unit: deg, datatype: float64}
# - {name: TARGETID, datatype: int64}
# - {name: NTILE, datatype: int64}
# - {name: TILES, datatype: string}
# - {name: Z, datatype: float64}
# - {name: COMP_TILE, datatype: float64}
# - {name: ROSETTE_NUMBER, datatype: int32}
# - {name: ROSETTE_R, unit: deg, datatype: float64}
# - {name: FRACZ_TILELOCID, datatype: float64}
# - {name: BITWEIGHTS, datatype: string, subtype: 'int64[2]'}
# - {name: PROB_OBS, datatype: float64}
# - {name: WEIGHT_ZFAIL, datatype: float64}
# - {name: WEIGHT, datatype: float64}
# - {name: NZ, unit: h3 / Mpc3, datatype: float64}
# - {name: WEIGHT_FKP, datatype: float64}
# - {name: theta, unit: deg, datatype: float64}
# - {name: phi, unit: deg, datatype: float64}
# - {name: rho, unit: Mpc, datatype: float64}
# - {name: r, unit: Mpc, datatype: float64}
# - {name: x, unit: Mpc, datatype: float64}
# - {name: y, unit: Mpc, datatype: float64}
# - {name: z, unit: Mpc, datatype: float64}
# meta: !!omap
# - {EXTNAME: LSS}
# - {DESIDR: edr}
# - comments: ['Visit https://desidatamodel.readthedocs.io/en/latest/ for a more complet', e description]
# schema: astropy-2.0
RA DEC TARGETID NTILE TILES Z COMP_TILE ROSETTE_NUMBER ROSETTE_R FRACZ_TILELOCID BITWEIGHTS PROB_OBS WEIGHT_ZFAIL WEIGHT NZ WEIGHT_FKP theta phi rho r x y z
[from data line 1292]
219.92207619950247 -0.12440865608123486 39627788415668146 9 244-245-246-247-249-251-252-253-254 0.9084084454460876 1.0 9 0.49100819114572003 1.0 [-1,-1] 1.0 1.0 1.0 0.0005275616701708153 0.16431404058018498 90.12440865608123 140.07792380049753 3161.7410253559315 3161.7410253559315 -719.0691908426878 2528.693934079298 -1756.488769662415
219.39087935806725 -0.7906054673219828 39627770287885524 10 244-245-246-247-249-251-252-253-254-469 0.9492107973963194 0.9375 9 0.4513151240293152 1.0 [-1,-1] 1.0 1.0 1.0 0.0004445766401596716 0.18918261239264766 90.79060546732198 140.60912064193275 3267.5047586005244 3267.5047586005244 -733.2971198912304 700.5293513973098 -3106.1425127104458
220.52937887014212 -0.08067239307135028 39627788428247869 10 244-245-246-247-249-251-252-253-254-469 0.8254803950769769 0.9375 9 0.8953615395288159 1.0 [-1,-1] 1.0 1.0 1.0 0.0006627118749498285 0.13533979738261318 90.08067239307135 139.47062112985788 2938.673232676525 2938.673232676525 814.7603093662964 2376.735944766824 -1524.1693657806497
219.70814825265444 0.7508062346676303 39627806530868206 10 244-245-246-247-249-251-252-253-254-469 0.5450254135237477 0.9375 9 1.3539253383066765 1.0 [-1,-1] 1.0 1.0 1.0 0.0007045118177349687 0.128340413101622 89.24919376533236 140.29185174734556 2095.654562233927 2095.654562233927 -947.8878028248417 1772.9263525344068 591.6155051693715
220.38445826628907 -0.5815508207889444 39627776344460649 10 244-245-246-247-249-251-252-253-254-469 0.48150689458712564 0.9375 9 0.5847183241114241 1.0 [-1,-1] 1.0 1.0 1.0 0.00048380039118235755 0.17655271186088778 90.58155082078895 139.61554173371093 1883.9340380020628 1883.9340380020628 173.8901386501639 927.4990686402325 -1630.556701526962
220.8744626223798 -0.4535710790186181 39627776352848891 10 244-245-246-247-249-251-252-253-254-469 0.5138304872115843 0.9375 9 1.08434917681974 1.0 [-1,-1] 1.0 1.0 1.0 0.0006865842838717192 0.13125169390769817 90.45357107901862 139.1255373776202 1992.691723722837 1992.691723722837 756.5025431739022 944.4760611555208 -1583.189558413351
219.11091590308004 -1.0124114433181004 39627764243892988 10 244-245-246-247-249-251-252-253-254-469 0.6616541498887039 0.9375 9 0.8030093596499465 1.0 [-1,-1] 1.0 1.0 1.0 0.000700708733790897 0.12894715825466588 91.0124114433181 140.88908409691996 2463.7662035171893 2463.7662035171893 -204.35580425493836 107.06227301367727 -2452.941149020491
220.28309260695417 -1.6023229961820833 39627752185266937 10 244-245-246-247-249-251-252-253-254-469 0.8227205468789566 0.9375 9 1.112626490506718 1.0 [-1,-1] 1.0 1.0 1.0 0.0006627118749498285 0.13533979738261318 91.60232299618208 139.71690739304583 2931.056782172064 2931.056782172064 -117.01753036448693 -1390.358349986017 -2577.6548288179333
219.14282741949 -1.7861172958403557 39627746124500239 10 244-245-246-247-249-251-252-253-254-469 0.902958962761266 0.9375 9 1.3559304448486078 1.0 [-1,-1] 1.0 1.0 1.0 0.0005275616701708153 0.16431404058018498 91.78611729584036 140.85717258051 3147.4199910572847 3147.4199910572847 1722.717048852045 -973.8131047181467 -2447.4857725389825
219.14868619157642 -1.8103844130209115 39627746124500358 10 244-245-246-247-249-251-252-253-254-469 0.7851483546871756 0.9375 9 1.3744222956568481 1.0 [-1,-1] 1.0 1.0 1.0 0.0007324854237337303 0.12404708914385561 91.81038441302091 140.85131380842358 2826.0956428658183 2826.0956428658183 1587.5059355409098 -909.6950443311114 -2153.85617290639
220.02964485756533 -1.558422550445981 39627752181072698 10 244-245-246-247-249-251-252-253-254-469 0.848188272171185 0.9375 9 0.9855407688658081 1.0 [-1,-1] 1.0 1.0 1.0 0.0006232532477076302 0.14268566385842998 91.55842255044598 139.97035514243467 3000.8627747497126 3000.8627747497126 221.18099270996512 -1292.5213591836587 -2699.1933790294474
219.42577094256922 -0.4882853419824064 39627776327684294 10 244-245-246-247-249-251-252-253-254-469 0.7218291881097372 0.9375 9 0.3905315309790044 1.0 [-1,-1] 1.0 1.0 1.0 0.0006167714992318164 0.14396928707710532 90.4882853419824 140.57422905743078 2643.715528710998 2643.715528710998 -1069.8661179001376 1095.9485317460376 -2154.881691017088
220.26698968260263 -1.7364471245621134 39627746145468941 9 244-245-246-247-249-251-252-253-469 1.0096397399145183 1.0 9 1.2286145147339742 1.0 [-1,-1] 1.0 1.0 1.0 0.0002622817504223413 0.28340640119267335 91.73644712456212 139.73301031739737 3419.5235780166017 3419.5235780166017 -136.65977938620787 -2010.674355581159 -2762.544884905559
220.13129993471824 0.5163324728182844 39627800499456896 9 244-245-246-247-249-251-252-253-469 0.9111721978919334 1.0 9 1.164454510010841 1.0 [-1,-1] 1.0 1.0 1.0 0.0004951280553168204 0.17321314004730964 89.48366752718171 139.86870006528176 3168.9862952430785 3168.9862952430785 -214.49077082202706 3157.471358139738 163.8367211519558
220.4219430097344 -0.8739600742054924 39627770304664181 9 244-245-246-247-249-251-252-253-469 0.6804078237531627 1.0 9 0.6795605176587157 1.0 [-1,-1] 1.0 1.0 1.0 0.0007209928471550773 0.12577569469930108 90.8739600742055 139.5780569902656 2520.5562901971693 2520.5562901971693 128.18739835013608 565.7534308229723 -2452.8952400110315
220.26318162350543 -1.7540210558670049 39627746145468830 9 244-245-246-247-249-251-252-253-469 0.7774446713646769 1.0 9 1.2434645277251808 1.0 [-1,-1] 1.0 1.0 1.0 0.0007324854237337303 0.12404708914385561 91.754021055867 139.73681837649457 2804.278694624272 2804.278694624272 -108.32388633688038 -1688.8016131444035 -2236.1113666839906
220.26411622939526 -1.739604431321422 39627746145468861 9 244-245-246-247-249-251-252-253-469 1.0057406764135122 1.0 9 1.2304492057631562 1.0 [-1,-1] 1.0 1.0 1.0 0.0002622817504223413 0.28340640119267335 91.73960443132142 139.73588377060474 3409.8772365600635 3409.8772365600635 -131.07663408555393 -2014.054847797503 -2748.393122257199
218.94300817239338 0.10912415692255362 39627788398891942 9 244-245-246-247-249-251-252-253-469 1.0287257783352954 1.0 9 1.112326035835008 1.0 [-1,-1] 1.0 1.0 1.0 0.00020304675497218746 0.33812883710054276 89.89087584307745 141.05699182760662 3466.425998746514 3466.425998746514 -3090.1247330604388 1005.813449763062 -1206.4732252270032
220.52726924032547 -1.7191585264389009 39627746149663334 9 244-245-246-247-249-251-252-253-469 0.9292797027487324 1.0 9 1.334617138855027 1.0 [-1,-1] 1.0 1.0 1.0 0.0004951280553168204 0.17321314004730964 91.7191585264389 139.47273075967453 3216.16183869218 3216.16183869218 -596.3110182278508 -1751.5348351207 -2630.6341181469215
219.9440977595192 -0.10866491469815805 39627788415668718 8 244-245-246-247-249-251-252-254 0.8249916452522017 1.0 9 0.5120287188937368 1.0 [-1,-1] 1.0 1.0 1.0 0.0006627118749498285 0.13533979738261318 90.10866491469815 140.0559022404808 2937.325335415738 2937.325335415738 -622.5441492642124 2387.9172979049854 -1593.1634839708793
221.18388986042473 -0.9847812314562335 39627764277449785 8 244-245-246-247-249-251-252-254 0.5351390831261942 1.0 9 1.4362570268300503 1.0 [-1,-1] 1.0 1.0 1.0 0.0007045118177349687 0.128340413101622 90.98478123145624 138.81611013957527 2063.233924187328 2063.233924187328 208.17987596479324 138.19520614996742 -2048.047228497891
220.00231064779067 0.12685746575549015 39627794459656281 9 244-245-246-247-249-251-252-254-469 0.8763137162915369 1.0 9 0.7544866645732714 1.0 [-1,-1] 1.0 1.0 1.0 0.0005690156306133545 0.15418916366201427 89.87314253424451 139.99768935220933 3076.7221699489023 3076.7221699489023 -567.6551900283293 2846.8505837716607 -1019.5237368339878
219.99439465611204 0.11548008602314613 39627788415670102 9 244-245-246-247-249-251-252-254-469 0.9983665138130372 1.0 9 0.741417472916373 1.0 [-1,-1] 1.0 1.0 1.0 0.0002622817504223413 0.28340640119267335 89.88451991397686 140.00560534388796 3391.5729644975636 3391.5729644975636 -647.9254675588608 3120.4042269044603 -1160.1884427610023
219.9706708085963 0.1169951270370498 39627788415669415 9 244-245-246-247-249-251-252-254-469 0.5058015588370685 1.0 9 0.7370275703529975 1.0 [-1,-1] 1.0 1.0 1.0 0.0005337442823398631 0.16272042362546515 89.88300487296296 140.0293291914037 1965.8750430018831 1965.8750430018831 -418.59018746381753 1800.2685420486694 -669.6865805484086
220.75299636108028 -0.21028814050597205 39627782392643713 9 244-245-246-247-249-251-252-254-469 0.8796410937258012 1.0 9 1.0295768475932308 1.0 [-1,-1] 1.0 1.0 1.0 0.0005690156306133545 0.15418916366201427 90.21028814050597 139.24700363891972 3085.612384186788 3085.612384186788 1267.1732802776073 2048.977204762639 -1927.944002703514
219.99789557403565 0.11502571082339416 39627788415670212 9 244-245-246-247-249-251-252-254-469 0.9980893050256227 1.0 9 0.7419051257531947 1.0 [-1,-1] 1.0 1.0 1.0 0.0002622817504223413 0.28340640119267335 89.88497428917661 140.00210442596435 3390.8833243849767 3390.8833243849767 -636.7623024809934 3121.501734852034 -1161.4001933213872
218.57913879150914 -1.051771342850293 39627764235503574 9 244-245-246-247-249-251-252-254-469 0.5265814158601025 1.0 9 1.3016458930254253 1.0 [-1,-1] 1.0 1.0 1.0 0.0006865842838717192 0.13125169390769817 91.05177134285029 141.42086120849086 2035.013083111473 2035.013083111473 -110.54795060456019 -5.442442981925055 -2032.0009298389562
220.4393696375976 -0.8648098571630977 39627770304664668 8 244-245-246-247-249-251-252-469 0.536177278007783 1.0 9 0.6919900803380562 1.0 [-1,-1] 1.0 1.0 1.0 0.0007045118177349687 0.128340413101622 90.8648098571631 139.5606303624024 2066.647660190793 2066.647660190793 117.54430146375896 479.823625942494 -2006.734954236078
219.76738682624583 0.18100167160627653 39627794455462321 8 244-245-246-247-249-251-252-469 0.5086760480878907 1.0 9 0.7816822880584179 1.0 [-1,-1] 1.0 1.0 1.0 0.0005337442823398631 0.16272042362546515 89.81899832839372 140.23261317375417 1975.4908237609866 1975.4908237609866 -793.6250142074014 1722.542680957591 -552.7839034085547
220.52317180698026 -1.7100414364983403 39627746149663257 8 244-245-246-247-249-251-252-469 0.9668201105217149 1.0 9 1.324741702735954 1.0 [-1,-1] 1.0 1.0 1.0 0.00041974738576830407 0.19815580287489248 91.71004143649834 139.47682819301974 3312.364851787452 3312.364851787452 -598.8614478212709 -1782.9383433532098 -2726.5833457775016
219.90690890129312 0.8403043996253992 39627806535061590 8 244-245-246-247-249-251-253-254 0.5671478703877981 1.0 9 1.4442664659275086 1.0 [-1,-1] 1.0 1.0 1.0 0.000677088223595666 0.13284793461577618 89.1596956003746 140.09309109870688 2167.500713549823 2167.500713549823 -580.8563086003447 1930.8462093183132 795.2975593821938
218.55553884939377 -0.4840004309659689 39627776315098260 9 244-245-246-247-249-251-253-254-469 0.5386431151792256 1.0 9 1.2498001199963364 1.0 [-1,-1] 1.0 1.0 1.0 0.0007045118177349687 0.128340413101622 90.48400043096596 141.44446115060623 2074.747083535679 2074.747083535679 -1205.9881494860967 -87.94135269778305 -1685.952064094525
219.4586189173426 -1.024440031538799 39627764248089201 9 244-245-246-247-249-251-253-254-469 0.4808058225048907 1.0 9 0.5446709397625114 1.0 [-1,-1] 1.0 1.0 1.0 0.00048380039118235755 0.17655271186088778 91.0244400315388 140.5413810826574 1881.551593208542 1881.551593208542 -103.65508372692719 113.40552050750215 -1875.2683033213111
219.65786298339586 -1.071334072934399 39627764252282929 9 244-245-246-247-249-251-253-254-469 0.8948056424479918 1.0 9 0.4922949607956224 1.0 [-1,-1] 1.0 1.0 1.0 0.0005275616701708153 0.16431404058018498 91.0713340729344 140.34213701660414 3125.9062142663747 3125.9062142663747 -56.12019004129051 93.35487402431386 -3124.007850847173
220.1963381072578 -1.403906153079101 39627752181077007 9 244-245-246-247-249-251-253-254-469 0.8257808860726055 1.0 9 0.8962691486088571 1.0 [-1,-1] 1.0 1.0 1.0 0.0006627118749498285 0.13533979738261318 91.4039061530791 139.8036618927422 2939.5017438429436 2939.5017438429436 2.4047161116996607 -862.2715800451439 -2810.1872609565685
220.08445252113142 -1.7279025974332045 39627746141276525 7 244-245-246-247-249-251-254 0.6043857245465946 1.0 9 1.163203122128017 1.0 [-1,-1] 1.0 1.0 1.0 0.0007756247847600315 0.11796159141779075 91.7279025974332 139.91554747886858 2286.275736413921 2286.275736413921 152.36562795751541 -1322.8512129974692 -1858.4687585760632
220.09263875257778 -1.7276523589729067 39627746141276797 7 244-245-246-247-249-251-254 0.5340451960376279 1.0 9 1.1649889210731872 1.0 [-1,-1] 1.0 1.0 1.0 0.0007045118177349687 0.128340413101622 91.7276523589729 139.90736124742222 2059.6347386085477 2059.6347386085477 127.4567744318345 -1192.3826230882128 -1674.5368635213158
218.96864684526207 -1.6174267202656347 39627752160105427 8 244-245-246-247-249-251-254-469 0.6167186539908958 1.0 9 1.3137839439833014 1.0 [-1,-1] 1.0 1.0 1.0 0.0007214233604467519 0.12571007283523317 91.61742672026564 141.03135315473793 2325.023588367844 2325.023588367844 1072.2996207721137 -379.69351919407836 -2027.7428439624393
221.03375051469573 -0.5808160233092723 39627776357040853 8 244-245-246-247-249-251-254-469 0.7089249180067028 1.0 9 1.2338341524393819 1.0 [-1,-1] 1.0 1.0 1.0 0.0005843703162771602 0.15074849413407446 90.58081602330927 138.96624948530427 2605.679167564796 2605.679167564796 968.4231616623076 877.4841068113949 -2254.271977053913
219.1708693490859 0.0028374517916376616 39627788403085750 8 244-245-246-247-249-251-254-469 0.46126853080701175 1.0 9 0.8713231138744102 1.0 [-1,-1] 1.0 1.0 1.0 0.0005635091211985168 0.1554616369400361 89.99716254820837 140.8291306509141 1814.7522866764828 1814.7522866764828 -1391.3797564898177 838.8431921365059 -808.5359201879006
220.15954381299042 0.641019687312078 39627806539255231 8 244-245-246-247-249-252-253-254 0.8372917039209127 1.0 9 1.2920512943205988 1.0 [-1,-1] 1.0 1.0 1.0 0.0006232532477076302 0.14268566385842998 89.35898031268792 139.84045618700958 2971.126643204279 2971.126643204279 -115.7509273631468 2922.723605070604 521.4230347193997
219.52117233981446 -1.4938312626796082 39627752172683840 8 244-245-246-247-249-252-253-254 0.7260971856948475 1.0 9 0.9362967791038519 1.0 [-1,-1] 1.0 1.0 1.0 0.0006167714992318164 0.14396928707710532 91.4938312626796 140.47882766018554 2656.230275342288 2656.230275342288 629.7588361876494 -782.033253489499 -2459.1435652123228
219.50773875646547 -1.461154301123051 39627752172683506 8 244-245-246-247-249-252-253-254 0.7879872576545074 1.0 9 0.9093811762942403 1.0 [-1,-1] 1.0 1.0 1.0 0.0007324854237337303 0.12404708914385561 91.46115430112305 140.49226124353453 2834.1098500570224 2834.1098500570224 628.0574225166202 -758.8235700704341 -2657.425315172108
220.16053995302255 0.6387539611515602 39627806539255247 8 244-245-246-247-249-252-253-254 0.8409390549875108 1.0 9 1.29015322949937 1.0 [-1,-1] 1.0 1.0 1.0 0.0006232532477076302 0.14268566385842998 89.36124603884844 139.83946004697745 2981.1017686494733 2981.1017686494733 -113.26370815862579 2933.8274180298135 516.522766851272
219.65063462626622 -1.5654793455347453 39627752172687771 9 244-245-246-247-249-252-253-254-469 0.6025722824081493 1.0 9 0.9769605350452027 1.0 [-1,-1] 1.0 1.0 1.0 0.0007756247847600315 0.11796159141779075 91.56547934553474 140.34936537373378 2280.5536512567414 2280.5536512567414 527.1373289336129 -862.6990895458191 -2044.211699800685
219.20452166708458 0.11469783958220724 39627788403086481 9 244-245-246-247-249-252-253-254-469 0.6017665846397315 1.0 9 0.9302561415841143 1.0 [-1,-1] 1.0 1.0 1.0 0.0007756247847600315 0.11796159141779075 89.8853021604178 140.79547833291542 2278.0093474171604 2278.0093474171604 -1794.458003219402 1165.927714518893 -780.9350972510741
219.20964377331876 0.11653115113780547 39627788403086626 9 244-245-246-247-249-252-253-254-469 0.6053275055424723 1.0 9 0.9284000315813411 1.0 [-1,-1] 1.0 1.0 1.0 0.0007756247847600315 0.11796159141779075 89.8834688488622 140.79035622668124 2289.244914879751 2289.244914879751 -1798.4829254759575 1181.6876845085294 -780.8429184894433
