data_rosette/LRG_3_clustering_data.ecsv
# %ECSV 1.0
# ---
# datatype:
# - {name: RA, unit: deg, datatype: float64}
# - {name: DEC, unit: deg, datatype: float64}
# - {name: TARGETID, datatype: int64}
# - {name: NTILE, datatype: int64}
# - {name: TILES, datatype: string}
# - {name: Z, datatype: float64}
# - {name: COMP_TILE, datatype: float64}
# - {name: ROSETTE_NUMBER, datatype: int32}
# - {name: ROSETTE_R, unit: deg, datatype: float64}
# - {name: FRACZ_TILELOCID, datatype: float64}
# - {name: BITWEIGHTS, datatype: string, subtype: 'int64[2]'}
# - {name: PROB_OBS, datatype: float64}
# - {name: WEIGHT_ZFAIL, datatype: float64}
# - {name: WEIGHT, datatype: float64}
# - {name: NZ, unit: h3 / Mpc3, datatype: float64}
# - {name: WEIGHT_FKP, datatype: float64}
# - {name: theta, unit: deg, datatype: float64}
# - {name: phi, unit: deg, datatype: float64}
# - {name: rho, unit: Mpc, datatype: float64}
# - {name: r, unit: Mpc, datatype: float64}
# - {name: x, unit: Mpc, datatype: float64}
# - {name: y, unit: Mpc, datatype: float64}
# - {name: z, unit: Mpc, datatype: float64}
# meta: !!omap
# - {EXTNAME: LSS}
# - {DESIDR: edr}
# - comments: ['Visit https://desidatamodel.readthedocs.io/en/latest/ for a more complet', e description]
# schema: astropy-2.0
RA DEC TARGETID NTILE TILES Z COMP_TILE ROSETTE_NUMBER ROSETTE_R FRACZ_TILELOCID BITWEIGHTS PROB_OBS WEIGHT_ZFAIL WEIGHT NZ WEIGHT_FKP theta phi rho r x y z
[from data line 1480]
189.10065207924927 61.68652735241672 39633407822529936 9 82-83-84-85-87-90-91-451-452 0.5985224165572273 1.0 3 0.39507325555795325 1.0 [-1,-1] 1.0 1.0 1.0 0.0006106036532175123 0.14488555312656437 28.313472647583282 170.89934792075073 2267.751988950876 2267.751988950876 -27.698127433526036 -84.3006486200479 -2266.015290718394
187.28963560780295 61.24443363806877 39633402017612209 9 82-83-84-85-87-90-91-451-452 0.8828762682685085 1.0 3 1.3629053632123391 1.0 [-1,-1] 1.0 1.0 1.0 0.0005346154933450218 0.1621399955636538 28.75556636193123 172.71036439219705 3094.2392847810706 3094.2392847810706 1427.9674938497794 -110.50394591267164 -2742.8114163989803
188.16541506370854 62.88454991166822 39633421894421785 8 82-83-84-85-87-90-91-452 0.4940560117104178 1.0 3 1.3506609671799725 1.0 [-1,-1] 1.0 1.0 1.0 0.0007365189099627642 0.12316671624379881 27.115450088331777 171.83458493629146 1926.4096780735943 1926.4096780735943 -1022.5045320762357 1438.990269377971 -771.2624289401639
187.31035232934119 61.64106951653747 39633407805754697 9 82-83-84-85-87-90-91-92-451 0.5216561440571245 1.0 3 1.2370703263515124 1.0 [-1,-1] 1.0 1.0 1.0 0.0006888416087567301 0.1305783864573065 28.35893048346253 172.68964767065881 2018.7044236347986 2018.7044236347986 169.75434292970428 -16.68052307687393 -2011.4852157570263
187.72077018094248 61.654168967956394 39633407809948570 9 82-83-84-85-87-90-91-92-451 0.5957446841259355 1.0 3 1.0424394374598653 1.0 [-1,-1] 1.0 1.0 1.0 0.0006106036532175123 0.14488555312656437 28.345831032043606 172.27922981905752 2258.953289461411 2258.953289461411 140.96431435721465 -78.5475137995375 -2253.1820419402957
190.55166536828105 60.79665646694856 39633396153977797 9 82-83-84-85-87-90-91-92-451 0.7605516580058629 1.0 3 1.0510066162609701 1.0 [-1,-1] 1.0 1.0 1.0 0.0007242712797402853 0.12498917450484462 29.203343533051438 169.44833463171895 2756.0796347595015 2756.0796347595015 -2164.70525403198 433.55591778402675 -1649.8652619098493
192.87403032296564 61.66185028215528 39633407851890298 9 82-83-84-85-87-90-91-92-451 0.5234876219664754 1.0 3 1.4151718638348163 1.0 [-1,-1] 1.0 1.0 1.0 0.0006888416087567301 0.1305783864573065 28.338149717844722 167.12596967703436 2024.7745324396528 2024.7745324396528 104.97495474308687 75.18991283469867 -2020.6530239258823
187.32202917043065 61.65319640264123 39633407805754775 9 82-83-84-85-87-90-91-92-451 0.8447016429014412 1.0 3 1.2298412818168074 1.0 [-1,-1] 1.0 1.0 1.0 0.0006366829495309179 0.1397804201853648 28.34680359735877 172.67797082956935 2991.3691472195096 2991.3691472195096 215.293792478422 -23.696609499837855 -2983.5174590666043
187.3176003578654 61.63928525859387 39633407805754744 9 82-83-84-85-87-90-91-92-451 0.8126588166776028 1.0 3 1.2339317684309925 1.0 [-1,-1] 1.0 1.0 1.0 0.000762533893525711 0.11946670068019369 28.360714741406127 172.6823996421346 2903.1814959557696 2903.1814959557696 249.0829643895688 -26.299692315890187 -2892.3569630138973
189.0439808817345 62.95326644336529 39633421902809000 10 82-83-84-85-87-90-91-92-451-452 0.703829560924194 1.0 3 1.219625723835157 1.0 [-1,-1] 1.0 1.0 1.0 0.0005639081233901963 0.1550231922816235 27.046733556634713 170.9560191182655 2590.577812778628 2590.577812778628 628.9893380328996 2357.023696751408 -871.7253636634437
191.48686716986242 60.53524983342492 39633393184410267 9 82-83-84-85-87-90-91-92-452 0.5690085516885035 1.0 3 1.4781526146755721 1.0 [-1,-1] 1.0 1.0 1.0 0.0006724560872077301 0.13333590500666823 29.46475016657508 168.51313283013758 2173.4996631767963 2173.4996631767963 -855.8188603154356 1827.6997289786955 -806.9625547999358
188.69939220329866 62.4255305748132 39633416336966247 9 82-83-84-85-87-90-91-92-452 0.6356330178343865 1.0 3 0.8405930437683635 1.0 [-1,-1] 1.0 1.0 1.0 0.0007982518636535506 0.11473445525619816 27.5744694251868 171.30060779670134 2383.886600922513 2383.886600922513 -128.53642285130633 1530.1054072148092 -1823.5051842181547
188.1627796811179 60.97443483308495 39633399089991111 9 82-83-84-85-87-90-92-451-452 0.868610320274348 1.0 3 1.1719631440976097 1.0 [-1,-1] 1.0 1.0 1.0 0.0006576102792991648 0.1359368301360722 29.02556516691505 171.8372203188821 3056.0718156115886 3056.0718156115886 1212.6887656506356 -1697.1498427324761 -2233.5271010563943
188.18131333220362 60.976740875130844 39633399089991229 9 82-83-84-85-87-90-92-451-452 0.8689622087416752 1.0 3 1.1640282171512017 1.0 [-1,-1] 1.0 1.0 1.0 0.0006576102792991648 0.1359368301360722 29.023259124869156 171.81868666779638 3057.0171960489906 3057.0171960489906 1178.472948244553 -1715.613132779534 -2239.023721587026
191.77163441250661 61.044116264018605 39633399119350654 8 82-83-84-85-87-90-92-452 0.6666668681920439 1.0 3 1.1716417378579063 1.0 [-1,-1] 1.0 1.0 1.0 0.0006371005092682059 0.1397016056866948 28.955883735981395 168.22836558749339 2479.0093361969393 2479.0093361969393 -238.26437683095241 1543.4875442745404 -1925.1918284561405
191.74568509083423 61.045078921865596 39633399119350492 8 82-83-84-85-87-90-92-452 0.66676326936813 1.0 3 1.1615507515109178 1.0 [-1,-1] 1.0 1.0 1.0 0.0006371005092682059 0.1397016056866948 28.954921078134404 168.25431490916577 2479.3020259127106 2479.3020259127106 -277.934634751352 1535.1426643625116 -1926.921865191859
192.54282143774952 61.690740263970106 39633407847697438 7 82-83-84-85-87-91-451 0.8679054358335101 1.0 3 1.2557614620245774 1.0 [-1,-1] 1.0 1.0 1.0 0.0006576102792991648 0.1359368301360722 28.309259736029894 167.45717856225048 3054.1774793356426 3054.1774793356426 61.79502707416556 86.92057104782708 -3052.3149025352286
192.5603302409769 61.67560622226021 39633407847697556 8 82-83-84-85-87-91-92-451 0.5268825055682532 1.0 3 1.2657223314185708 1.0 [-1,-1] 1.0 1.0 1.0 0.0006888416087567301 0.1305783864573065 28.324393777739793 167.4396697590231 2036.00848030455 2036.00848030455 60.47686434850945 81.98807263139757 -2033.457901382963
192.532191433483 61.678845089263426 39633407847697381 8 82-83-84-85-87-91-92-451 0.5036290446980655 1.0 3 1.2520837523112827 1.0 [-1,-1] 1.0 1.0 1.0 0.0007365189099627642 0.12316671624379881 28.321154910736574 167.467808566517 1958.5964258136712 1958.5964258136712 52.31910417075838 75.27349933190253 -1956.4499919106513
189.59779884610964 61.07333033719969 39633399102573275 8 82-83-84-85-87-91-92-452 0.6780249049419002 1.0 3 0.7408936608935492 1.0 [-1,-1] 1.0 1.0 1.0 0.0008053318504768218 0.11384060807160488 28.926669662800307 170.40220115389036 2513.3762217365775 2513.3762217365775 -1109.8928917521534 -1046.8960931969343 -1997.2997699088316
192.41942893577246 61.57287752719269 39633404962015891 8 82-83-84-85-88-89-451-452 0.48224129056464754 1.0 3 1.2162673602530296 1.0 [-1,-1] 1.0 1.0 1.0 0.000668512811805897 0.13401699399284683 28.427122472807312 167.58057106422754 1886.4286480374499 1886.4286480374499 136.29181402048218 252.69277409934404 -1864.4527206355717
191.6575592285027 60.69569724564465 39633396162366833 9 82-83-84-85-88-89-90-451-452 0.8828425345090993 1.0 3 1.3906620001713854 1.0 [-1,-1] 1.0 1.0 1.0 0.0005346154933450218 0.1621399955636538 29.304302754355348 168.3424407714973 3094.149416649607 3094.149416649607 -700.4471907654805 2558.4090127325235 -1593.008998427455
187.7914551226067 61.60926295132012 39633404924268262 9 82-83-84-85-88-89-90-91-451 0.9024155939175246 1.0 3 1.0174750036400297 1.0 [-1,-1] 1.0 1.0 1.0 0.0005723615213970424 0.15308410280969617 28.39073704867988 172.2085448773933 3145.9894840319084 3145.9894840319084 305.81384020166223 -199.9450756104912 -3124.699936877072
187.10292251719238 62.11864249578087 39633410670462684 9 82-83-84-85-88-89-90-91-451 0.9155722572986491 1.0 3 1.3528413501851242 1.0 [-1,-1] 1.0 1.0 1.0 0.00042618922305278896 0.1953324009783564 27.88135750421913 172.89707748280762 3180.496603625124 3180.496603625124 -1210.6461756097237 -133.0755176586119 -2938.058098430389
192.70538351970603 62.3533001056631 39633413551950306 9 82-83-84-85-88-89-90-91-451 0.6459316578164961 1.0 3 1.4253453100014248 1.0 [-1,-1] 1.0 1.0 1.0 0.0007982518636535506 0.11473445525619816 27.646699894336898 167.29461648029397 2415.6527995861607 2415.6527995861607 -998.230187989738 -1007.8749671857333 -1955.27568144617
188.99952149810665 62.23970836366277 39633413522590658 9 82-83-84-85-88-89-90-91-451 0.9470568609067661 1.0 3 0.6097657443024437 1.0 [-1,-1] 1.0 1.0 1.0 0.0003671239319408774 0.21984967794317842 27.76029163633723 171.00047850189335 3261.985386586148 3261.985386586148 344.26247523282854 1566.5402851937558 -2840.419607261084
189.95407937175557 62.98143661617412 39633421911196317 10 82-83-84-85-88-89-90-91-451-452 0.786921281003178 1.0 3 1.1817023066904608 1.0 [-1,-1] 1.0 1.0 1.0 0.0007064174578981374 0.12774458208408304 27.018563383825878 170.04592062824443 2831.102217488871 2831.102217488871 2479.379360147265 1048.0231918662582 -877.1916231112799
190.13975828928906 62.992235363141795 39633421911197467 10 82-83-84-85-88-89-90-91-451-452 1.0828079553680436 1.0 3 1.1973978337065876 1.0 [-1,-1] 1.0 1.0 1.0 0.00012850791192818028 0.44600300211103894 27.007764636858205 169.86024171071094 3596.5273702417517 3596.5273702417517 3352.9244524165474 729.5207334028782 -1077.3607756088822
188.84056500972417 61.68748118883004 39633407818337462 10 82-83-84-85-88-89-90-91-451-452 0.8786750403585022 1.0 3 0.514013407431445 1.0 [-1,-1] 1.0 1.0 1.0 0.0005346154933450218 0.1621399955636538 28.31251881116996 171.15943499027583 3083.033070262722 3083.033070262722 -6.747930617288621 -117.50319217274507 -3080.785675374901
189.78941607965763 62.93896712842659 39633421907004799 9 82-83-84-85-88-89-90-91-452 0.4533913016310187 1.0 3 1.1401207234722976 1.0 [-1,-1] 1.0 1.0 1.0 0.0005330850268982689 0.1625298359500762 27.06103287157341 170.21058392034237 1787.5968735108947 1787.5968735108947 1414.7055819573307 896.0024673187198 -625.5319952835849
192.59700094054423 61.5277716097625 39633404966207959 10 82-83-84-85-88-89-90-91-92-451 0.9530479667851224 1.0 3 1.308635908828977 1.0 [-1,-1] 1.0 1.0 1.0 0.0003767415448896098 0.21544643941305056 28.472228390237497 167.40299905945577 3277.3199091960873 3277.3199091960873 401.23941866898633 504.1619568816567 -3213.3554794564016
190.8151965088504 62.94551606783404 39633421915392412 10 82-83-84-85-88-89-90-91-92-451 0.5290764834337305 1.0 3 1.221573304557398 1.0 [-1,-1] 1.0 1.0 1.0 0.0006888416087567301 0.1305783864573065 27.054483932165958 169.1848034911496 2043.2562523873298 2043.2562523873298 1718.246351853819 -853.8721743470429 -702.4442306239055
189.25717973911503 63.213083314887946 39633424650079907 10 82-83-84-85-88-89-90-91-92-451 0.4086009954381963 1.0 3 1.4438885331387072 1.0 [-1,-1] 1.0 1.0 1.0 0.00024055914515870672 0.3007331513712552 26.786916685112054 170.74282026088497 1630.7331063642603 1630.7331063642603 741.7306520619817 1445.918845801548 -135.81161710272295
190.46848728202775 63.01693051825748 39633421915390420 10 82-83-84-85-88-89-90-91-92-451 0.7982710822519946 1.0 3 1.2450770736105294 1.0 [-1,-1] 1.0 1.0 1.0 0.0008239664519383997 0.11155322342262282 26.98306948174252 169.53151271797225 2863.026113356687 2863.026113356687 2733.880495444859 -314.378387789072 -789.9254342528878
192.60377510455223 61.518487240236624 39633404966208001 10 82-83-84-85-88-89-90-91-92-451 0.571344028395167 1.0 3 1.3139258859685894 1.0 [-1,-1] 1.0 1.0 1.0 0.0005369919189708607 0.1615383650856205 28.481512759763376 167.39622489544777 2181.0197860025532 2181.0197860025532 281.7436978200164 349.13379056579595 -2134.378924174076
190.36919088821793 61.01664977013537 39633399110959800 11 82-83-84-85-88-89-90-91-92-451-452 0.4566626500562976 1.0 3 0.8148901538935809 1.0 [-1,-1] 1.0 1.0 1.0 0.0005330850268982689 0.1625298359500762 28.983350229864627 169.63080911178207 1798.8898816300418 1798.8898816300418 -1171.099505245881 17.795268546108257 -1365.3622535653938
192.14849035584297 61.547919699495814 39633404962014108 11 82-83-84-85-88-89-90-91-92-451-452 0.4274991877932618 1.0 3 1.096197335975785 1.0 [-1,-1] 1.0 1.0 1.0 0.0005613841910631427 0.1556117057517016 28.452080300504186 167.85150964415703 1697.4299071095147 1697.4299071095147 66.57882617179463 292.64792719197925 -1670.6863081277825
189.28838257537214 60.684991738310764 39633396145587162 11 82-83-84-85-88-89-90-91-92-451-452 0.8336120378947965 1.0 3 1.1531681100296252 1.0 [-1,-1] 1.0 1.0 1.0 0.0006366829495309179 0.1397804201853648 29.315008261689236 170.71161742462786 2961.0409288034507 2961.0409288034507 -1236.3536567308774 -2235.516920965864 -1497.2164551636124
189.6744831976937 62.74622532049942 39633419134569206 11 82-83-84-85-88-89-90-91-92-451-452 1.0313523252543064 1.0 3 0.95202326359674 1.0 [-1,-1] 1.0 1.0 1.0 0.00017557006270178804 0.37077784677498654 27.25377467950058 170.3255168023063 3472.8396238574405 3472.8396238574405 2302.7152488039737 1860.264786980269 -1815.910916945321
188.45956679717233 60.94515765846505 39633399094183573 11 82-83-84-85-88-89-90-91-92-451-452 0.5247880666136329 1.0 3 1.0985973359202783 1.0 [-1,-1] 1.0 1.0 1.0 0.0006888416087567301 0.1305783864573065 29.05484234153495 171.54043320282767 2029.080540067206 2029.080540067206 454.04196418487794 -1353.6241730766415 -1441.7750625188178
188.80737003471967 61.84364614037492 39633407818337228 11 82-83-84-85-88-89-90-91-92-451-452 0.5376070128808084 1.0 3 0.5177929061913202 1.0 [-1,-1] 1.0 1.0 1.0 0.0006094867785671962 0.14511252611805409 28.156353859625078 171.19262996528033 2071.3453206356503 2071.3453206356503 5.892250157942056 243.73962564583758 -2056.946210671856
188.80609315285295 61.82682357705988 39633407818337224 11 82-83-84-85-88-89-90-91-92-451-452 0.9232063955830198 1.0 3 0.517390472586757 1.0 [-1,-1] 1.0 1.0 1.0 0.00042618922305278896 0.1953324009783564 28.173176422940116 171.19390684714705 3200.395658304502 3200.395658304502 7.398115930108571 323.1073546752103 -3184.035061824819
192.503615821716 61.313856906880375 39633402059555406 11 82-83-84-85-88-89-90-91-92-451-452 0.5026983606601929 1.0 3 1.3318355110188755 1.0 [-1,-1] 1.0 1.0 1.0 0.0007365189099627642 0.12316671624379881 28.686143093119625 167.496384178284 1955.4754118712638 1955.4754118712638 428.1750398494749 655.2156283432375 -1791.9940574839432
188.81473271580546 61.83602420572411 39633407818337283 11 82-83-84-85-88-89-90-91-92-451-452 0.6268504532705682 1.0 3 0.5138015701781871 1.0 [-1,-1] 1.0 1.0 1.0 0.0007056687116799521 0.12786279395313782 28.163975794275892 171.18526728419454 2356.6388750603674 2356.6388750603674 8.182753881009923 259.4175572457729 -2342.302790199711
189.23739481930252 60.902975625281385 39633399102570577 11 82-83-84-85-88-89-90-91-92-451-452 0.7976982361576145 1.0 3 0.9516024514370772 1.0 [-1,-1] 1.0 1.0 1.0 0.0008239664519383997 0.11155322342262282 29.097024374718615 170.76260518069748 2861.4200964588617 2861.4200964588617 -920.1927056898941 -1884.718596190746 -1946.4855935728212
189.22843640643345 63.21630972807143 39633424650079627 11 82-83-84-85-88-89-90-91-92-451-452 0.4132608082620206 1.0 3 1.4498202332906283 1.0 [-1,-1] 1.0 1.0 1.0 0.0005613841910631427 0.1556117057517016 26.78369027192857 170.77156359356655 1647.2486093916696 1647.2486093916696 707.1444494097158 1481.8838361766716 -131.89012430857105
190.64717604759656 62.71374148440769 39633419142957092 11 82-83-84-85-88-89-90-91-92-451-452 1.057766646045844 1.0 3 0.9776851535149288 1.0 [-1,-1] 1.0 1.0 1.0 0.00014839258087788972 0.41078905010633954 27.28625851559231 169.35282395240344 3536.795872102465 3536.795872102465 2827.1031691102553 -853.4418020530712 -1946.2912943945967
189.06731523151225 62.97927172330945 39633421902809179 10 82-83-84-85-88-89-90-91-92-452 0.6356141600595219 1.0 3 1.240784302861299 1.0 [-1,-1] 1.0 1.0 1.0 0.0007982518636535506 0.11473445525619816 27.020728276690548 170.93268476848775 2383.8282510723493 2383.8282510723493 634.8726889855817 2174.1118818832624 -743.5128273573297
