data_rosette/LRG_11_clustering_data.ecsv
# %ECSV 1.0
# ---
# datatype:
# - {name: RA, unit: deg, datatype: float64}
# - {name: DEC, unit: deg, datatype: float64}
# - {name: TARGETID, datatype: int64}
# - {name: NTILE, datatype: int64}
# - {name: TILES, datatype: string}
# - {name: Z, datatype: float64}
# - {name: COMP_TILE, datatype: float64}
# - {name: ROSETTE_NUMBER, datatype: int32}
# - {name: ROSETTE_R, unit: deg, datatype: float64}
# - {name: FRACZ_TILELOCID, datatype: float64}
# - {name: BITWEIGHTS, datatype: string, subtype: 'int64[2]'}
# - {name: PROB_OBS, datatype: float64}
# - {name: WEIGHT_ZFAIL, datatype: float64}
# - {name: WEIGHT, datatype: float64}
# - {name: NZ, unit: h3 / Mpc3, datatype: float64}
# - {name: WEIGHT_FKP, datatype: float64}
# - {name: theta, unit: deg, datatype: float64}
# - {name: phi, unit: deg, datatype: float64}
# - {name: rho, unit: Mpc, datatype: float64}
# - {name: r, unit: Mpc, datatype: float64}
# - {name: x, unit: Mpc, datatype: float64}
# - {name: y, unit: Mpc, datatype: float64}
# - {name: z, unit: Mpc, datatype: float64}
# meta: !!omap
# - {EXTNAME: LSS}
# - {DESIDR: edr}
# - comments: ['Visit https://desidatamodel.readthedocs.io/en/latest/ for a more complet', e description]
# schema: astropy-2.0
RA DEC TARGETID NTILE TILES Z COMP_TILE ROSETTE_NUMBER ROSETTE_R FRACZ_TILELOCID BITWEIGHTS PROB_OBS WEIGHT_ZFAIL WEIGHT NZ WEIGHT_FKP theta phi rho r x y z
[from data line 4137]
242.55833256973193 54.31254770896478 39633311957519047 10 299-301-302-303-304-305-306-307-308-475 0.9709221701575594 1.0 11 0.6766026062035662 1.0 [-1,-1] 1.0 1.0 1.0 0.00030269805442075816 0.25472307248715254 35.68745229103522 117.44166743026807 3322.7480234751683 3322.7480234751683 1081.2229746085818 2803.7860248611764 -1417.8840691254936
243.47892326417863 54.605227261005936 39633315497509592 10 299-301-302-303-304-305-306-307-308-475 0.9002055540444013 1.0 11 0.5630808919877509 1.0 [-1,-1] 1.0 1.0 1.0 0.0005723615213970424 0.15308410280969617 35.394772738994064 116.52107673582137 3140.1664110927472 3140.1664110927472 2240.308268824044 649.4249942271628 -2102.35846773731
242.85912644620257 55.9598557499076 39633336213176741 10 299-301-302-303-304-305-306-307-308-475 0.7953892392044783 1.0 11 0.9818059409399401 1.0 [-1,-1] 1.0 1.0 1.0 0.0008239664519383997 0.11155322342262282 34.0401442500924 117.14087355379743 2854.9410107013455 2854.9410107013455 -875.5939193096224 -1107.8059921652314 -2481.2878403714553
242.30271958661038 54.21574419180216 39633311957516566 10 299-301-302-303-304-305-306-307-308-475 0.7494294397746596 1.0 11 0.8069821647735043 1.0 [-1,-1] 1.0 1.0 1.0 0.0006073340474539246 0.1455520198534496 35.78425580819784 117.69728041338962 2724.0752718295926 2724.0752718295926 287.7472484727537 2548.230694971792 -918.8623035000439
242.06733644252319 55.43695350038252 39633329384850918 10 299-301-302-303-304-305-306-307-308-475 0.7967117564959434 1.0 11 0.6004391735118838 1.0 [-1,-1] 1.0 1.0 1.0 0.0008239664519383997 0.11155322342262282 34.56304649961748 117.93266355747681 2858.653123504171 2858.653123504171 -1.9376190104092692 15.68132715492442 -2858.609456034767
244.0446487225162 53.87570046555877 39633308425913474 10 299-301-302-303-304-305-306-307-308-475 0.44158198987462915 1.0 11 1.3366189610199308 1.0 [-1,-1] 1.0 1.0 1.0 0.0006285113834356281 0.1413409039925048 36.12429953444123 115.9553512774838 1746.645234223418 1746.645234223418 1676.8720886898695 -488.6925101994438 -7.014476688921663
242.70567819188145 54.60252576496544 39633315489121449 10 299-301-302-303-304-305-306-307-308-475 0.8877992173811261 1.0 11 0.3783381962202211 1.0 [-1,-1] 1.0 1.0 1.0 0.0005346154933450218 0.1621399955636538 35.39747423503456 117.29432180811855 3107.334799280608 3107.334799280608 1140.419343447074 2013.1913536955701 -2074.134481974927
243.03566775686238 54.4848324013535 39633315493314973 10 299-301-302-303-304-305-306-307-308-475 0.432779616505137 1.0 11 0.5219157401038218 1.0 [-1,-1] 1.0 1.0 1.0 0.0006285113834356281 0.1413409039925048 35.5151675986465 116.96433224313762 1715.9320303591016 1715.9320303591016 1050.037226160086 931.041390229294 -987.4241673010871
241.92013264972778 55.75492875194796 39633332807401541 10 299-301-302-303-304-305-306-307-308-475 0.4928496139007336 1.0 11 0.9071467882096138 1.0 [-1,-1] 1.0 1.0 1.0 0.0007365189099627642 0.12316671624379881 34.24507124805204 118.07986735027222 1922.3402752289353 1922.3402752289353 157.6946083535363 -569.4756887329834 -1829.2681553576494
241.59985302259713 55.564111708702995 39633329380656573 10 299-301-302-303-304-305-306-307-308-475 0.796004585496846 1.0 11 0.8777574360648691 1.0 [-1,-1] 1.0 1.0 1.0 0.0008239664519383997 0.11155322342262282 34.435888291297005 118.40014697740287 2856.6685669472554 2856.6685669472554 192.95809724967515 -287.9251010412796 -2835.563720017704
243.4366733983105 55.98019877300721 39633336217372429 10 299-301-302-303-304-305-306-307-308-475 0.9039193736386875 1.0 11 1.0732158802151526 1.0 [-1,-1] 1.0 1.0 1.0 0.0005723615213970424 0.15308410280969617 34.01980122699279 116.56332660168951 3149.947295075037 3149.947295075037 -1529.1844903018246 -514.2311186746285 -2705.4258653597462
240.68933940813366 55.12598753921549 39633325924552424 10 299-301-302-303-304-305-306-307-308-475 0.8966697797864754 1.0 11 1.1893333739772989 1.0 [-1,-1] 1.0 1.0 1.0 0.0005723615213970424 0.15308410280969617 34.87401246078451 119.31066059186634 3130.8342645273688 3130.8342645273688 -972.0512309266368 68.01842631798439 -2975.334114023812
242.05521509282067 54.15795037691381 39633311953324068 10 299-301-302-303-304-305-306-307-308-475 0.8190832411915263 1.0 11 0.9154117459352642 1.0 [-1,-1] 1.0 1.0 1.0 0.000762533893525711 0.11946670068019369 35.84204962308619 117.94478490717933 2920.999408123202 2920.999408123202 -377.30714781637994 2776.610815981367 -824.8086050945709
242.16130430028284 56.441269177615816 39633342936648390 10 299-301-302-303-304-305-306-307-308-475 1.088587181084859 1.0 11 1.4984183711319259 1.0 [-1,-1] 1.0 1.0 1.0 0.00012850791192818028 0.44600300211103894 33.558730822384184 117.83869569971716 3610.190032509785 3610.190032509785 87.92987718780452 -3034.230723151766 -1954.2733499213073
242.42406196726498 54.09261621141854 39633308409136627 10 299-301-302-303-304-305-306-307-308-475 0.9741400373973352 1.0 11 0.9073068279207562 1.0 [-1,-1] 1.0 1.0 1.0 0.00030269805442075816 0.25472307248715254 35.90738378858146 117.57593803273502 3330.875533580779 3330.875533580779 752.8837352640234 3161.5041930281377 -729.9240637541938
242.78816151767882 54.2044874122334 39633311961711484 10 299-301-302-303-304-305-306-307-308-475 0.9950986672004597 1.0 11 0.7758276834563275 1.0 [-1,-1] 1.0 1.0 1.0 0.00023297360745577845 0.30751381291380364 35.7955125877666 117.21183848232118 3383.436063890386 3383.436063890386 1800.0236762564275 2643.05954621444 -1105.3463703812856
241.6636966990121 56.011735913862246 39633336200594838 9 299-301-302-303-304-305-306-307-475 0.6415498382696588 1.0 11 1.2012726825752067 1.0 [-1,-1] 1.0 1.0 1.0 0.0007982518636535506 0.11473445525619816 33.988264086137754 118.33630330098791 2402.161409866038 2402.161409866038 650.7268688557525 -1119.3751015975881 -2023.3470693685176
243.0468057110225 54.67580435130015 39633318999752965 9 299-301-302-303-304-305-306-307-475 1.0572805353127157 1.0 11 0.3489488498980978 1.0 [-1,-1] 1.0 1.0 1.0 0.00014839258087788972 0.41078905010633954 35.32419564869985 116.9531942889775 3535.627730457624 3535.627730457624 1853.2916053123422 1606.7553980178182 -2546.4309857132066
242.14729705218983 53.850734797831805 39633304831396963 9 299-301-302-303-304-305-306-307-475 0.896275421228218 1.0 11 1.182460734834382 1.0 [-1,-1] 1.0 1.0 1.0 0.0005723615213970424 0.15308410280969617 36.149265202168195 117.85270294781017 3129.7921922647442 3129.7921922647442 -134.44266495378054 3126.2158884951486 65.56336722567328
243.26435454756773 56.174767122153284 39633339593786562 8 299-301-302-303-304-305-306-308 0.9136481191482507 1.0 11 1.2296289390007313 1.0 [-1,-1] 1.0 1.0 1.0 0.00042618922305278896 0.1953324009783564 33.825232877846716 116.73564545243227 3175.466878672667 3175.466878672667 -1866.4626527720834 -1011.711705077587 -2361.4289083440835
241.9822996266016 55.20106036571206 39633325937135308 8 299-301-302-303-304-305-306-308 0.5086803779603272 1.0 11 0.4918172873975415 1.0 [-1,-1] 1.0 1.0 1.0 0.0007365189099627642 0.12316671624379881 34.79893963428794 118.01770037339841 1975.5052955088067 1975.5052955088067 -97.52206240711972 462.1301604290293 -1918.2143610006258
241.1392886305739 53.82031368874201 39633304823006536 8 299-301-302-303-304-305-306-308 0.8580397697726547 1.0 11 1.4912329063923928 1.0 [-1,-1] 1.0 1.0 1.0 0.0006576102792991648 0.1359368301360722 36.17968631125799 118.8607113694261 3027.57985096529 3027.57985096529 -2624.212037361225 1501.8598072564762 155.46078697535413
244.7921448913815 54.566546290380494 39633315510092504 9 299-301-302-303-304-305-306-308-475 1.0788626337018088 1.0 11 1.2483342216025373 1.0 [-1,-1] 1.0 1.0 1.0 0.00012850791192818028 0.44600300211103894 35.433453709619506 115.2078551086185 3587.1739680159376 3587.1739680159376 1416.026877404842 -2363.773654908447 -2296.7932139483214
242.0141275972707 54.54518617463886 39633315480734493 9 299-301-302-303-304-305-306-308-475 0.9810436726932332 1.0 11 0.6077151324643839 1.0 [-1,-1] 1.0 1.0 1.0 0.00030269805442075816 0.25472307248715254 35.45481382536114 117.98587240272931 3348.2603705909414 3348.2603705909414 -458.6237597362758 2576.644578460487 -2088.3999790665894
240.5794504074388 54.9201113389539 39633322460056378 9 299-301-302-303-304-305-306-308-475 0.645832099421044 1.0 11 1.247913034551802 1.0 [-1,-1] 1.0 1.0 1.0 0.0007982518636535506 0.11473445525619816 35.0798886610461 119.4205495925612 2415.3466641766895 2415.3466641766895 -1204.1356829986187 -48.22581380531621 -2093.2345869399655
243.29247510567816 55.680797582048804 39633332819984854 9 299-301-302-303-304-305-306-308-475 0.7554652084787769 1.0 11 0.7657230513109957 1.0 [-1,-1] 1.0 1.0 1.0 0.0007242712797402853 0.12498917450484462 34.319202417951196 116.70752489432184 2741.470079934401 2741.470079934401 -577.4082779162442 -292.2850953939907 -2663.9871063463975
242.4995472858333 55.58158394978351 39633329389045155 9 299-301-302-303-304-305-306-308-475 0.9053556419031076 1.0 11 0.6182636419109829 1.0 [-1,-1] 1.0 1.0 1.0 0.0005723615213970424 0.15308410280969617 34.41841605021649 117.5004527141667 3153.724108131707 3153.724108131707 -133.09261138558077 -416.5330053361849 -3123.261494411139
241.8456752477133 55.02443972115954 39633322472638941 9 299-301-302-303-304-305-306-308-475 0.7036637533162322 1.0 11 0.5205672930913271 1.0 [-1,-1] 1.0 1.0 1.0 0.0005639081233901963 0.1550231922816235 34.97556027884046 118.1543247522867 2590.0856140865303 2590.0856140865303 -355.21809288754287 989.6826159124605 -2367.042862844694
244.4296197225447 54.26022668294421 39633311978488056 9 299-301-302-303-304-305-307-308-475 0.8328383415949747 1.0 11 1.2098271414945194 1.0 [-1,-1] 1.0 1.0 1.0 0.0006366829495309179 0.1397804201853648 35.73977331705579 115.57038027745531 2958.9174358540727 2958.9174358540727 2148.8580611671878 -1697.3687204730309 -1120.955330027821
244.43619775198775 54.28983903301916 39633311978488135 9 299-301-302-303-304-305-307-308-475 0.9015638093033342 1.0 11 1.1952675387331853 1.0 [-1,-1] 1.0 1.0 1.0 0.0005723615213970424 0.15308410280969617 35.71016096698084 115.56380224801225 3143.7460885029786 3143.7460885029786 2242.651727691264 -1795.5378015063104 -1276.5957467511205
241.89252906701935 53.83812945867481 39633304831394403 9 299-301-302-303-304-305-307-308-475 1.0049735986269324 1.0 11 1.2461351719826739 1.0 [-1,-1] 1.0 1.0 1.0 0.00023297360745577845 0.30751381291380364 36.16187054132519 118.10747093298065 3407.976874822477 3407.976874822477 -999.2235672062322 3256.192030669651 114.33329116176392
241.75643036606098 56.06645008604566 39633336200595510 8 299-301-302-303-304-306-307-308 0.9180313451558317 1.0 11 1.2233676720659792 1.0 [-1,-1] 1.0 1.0 1.0 0.00042618922305278896 0.1953324009783564 33.93354991395434 118.24356963393902 3186.9163096068255 3186.9163096068255 782.7118204120264 -1689.4890757748228 -2586.392165442591
242.21127032206695 55.88246638026714 39633336204790050 9 299-301-302-303-304-306-307-308-475 0.5719109882471545 1.0 11 0.9528203606579304 1.0 [-1,-1] 1.0 1.0 1.0 0.0005369919189708607 0.1615383650856205 34.11753361973286 117.78872967793305 2182.843759585607 2182.843759585607 -19.51810780216471 -929.5259072173872 -1974.9449384834363
242.9174384285042 54.31163737651708 39633311961713072 9 299-301-302-303-304-306-307-308-475 0.7029239667621112 1.0 11 0.6753476931925015 1.0 [-1,-1] 1.0 1.0 1.0 0.0005639081233901963 0.1550231922816235 35.68836262348292 117.0825615714958 2587.8889580478976 2587.8889580478976 1556.4847333236546 1749.2105590003648 -1102.1737405682723
241.95616603995515 54.042612803872146 39633308404941924 9 299-301-302-303-304-306-307-308-475 1.0919658017343377 1.0 11 1.0445316604201418 1.0 [-1,-1] 1.0 1.0 1.0 5.9370222311395755e-05 0.6353792046182113 35.957387196127854 118.04383396004485 3618.1563118553095 3618.1563118553095 -827.0971073538105 3468.1697131818887 -615.4383093318373
243.79562018765128 54.45926026231892 39633315497513118 8 299-301-302-303-304-306-307-475 0.7338616094664128 1.0 11 0.7974168429346614 1.0 [-1,-1] 1.0 1.0 1.0 0.0006073340474539246 0.1455520198534496 35.54073973768108 116.20437981234872 2678.9142900454303 2678.9142900454303 2228.2949830273615 -77.01460432133199 -1485.042757884746
244.1294771222899 53.77424825314005 39633304852367586 8 299-301-302-303-305-306-307-308 0.8454960810688554 1.0 11 1.4488694314809767 1.0 [-1,-1] 1.0 1.0 1.0 0.0006366829495309179 0.1397804201853648 36.22575174685995 115.8705228777101 2993.5340474347327 2993.5340474347327 2779.4302756716374 -1072.9426266301828 291.21736862828305
242.16137134433305 55.00535565045349 39633322476832151 8 299-301-302-303-305-306-307-308 0.901730960903763 1.0 11 0.33863472867537264 1.0 [-1,-1] 1.0 1.0 1.0 0.0005723615213970424 0.15308410280969617 34.99464434954651 117.83862865566695 3144.186415504914 3144.186415504914 -38.46749168828981 1330.4935034067598 -2848.5462090198316
244.1122481582432 53.76500261116835 39633304852367446 8 299-301-302-303-305-306-307-308 0.7375240706949556 1.0 11 1.4511111103865224 1.0 [-1,-1] 1.0 1.0 1.0 0.0006073340474539246 0.1455520198534496 36.23499738883165 115.8877518417568 2689.5772131294884 2689.5772131294884 2511.0714587643006 -919.9615426789562 286.3851852950277
243.64562549473263 54.51450906012834 39633315497511479 8 299-301-302-303-305-306-307-308 1.0002227716264736 1.0 11 0.6956262501664625 1.0 [-1,-1] 1.0 1.0 1.0 0.00023297360745577845 0.30751381291380364 35.48549093987166 116.35437450526737 3396.1880693957787 3396.1880693957787 2700.233781407375 313.12438937661045 -2035.8742704868048
243.47604318875364 55.98080667089358 39633336217372768 9 299-301-302-303-305-306-307-308-475 0.9089380321021878 1.0 11 1.0820645740111194 1.0 [-1,-1] 1.0 1.0 1.0 0.0005723615213970424 0.15308410280969617 34.01919332910642 116.52395681124636 3163.13027928892 3163.13027928892 -1556.303673973219 -456.0073864745905 -2715.7631158870386
241.89535828885093 54.096491852100954 39633308404941408 9 299-301-302-303-305-306-307-308-475 0.615851511169694 1.0 11 1.013111920031847 1.0 [-1,-1] 1.0 1.0 1.0 0.0007056687116799521 0.12786279395313782 35.903508147899046 118.10464171114907 2322.3086811270014 2322.3086811270014 -658.018624925144 2166.132626571081 -517.6857577659699
244.5014843063038 55.69584673340332 39633332828376451 9 299-301-302-303-305-306-307-308-475 0.5649604363376669 1.0 11 1.2266079270770844 1.0 [-1,-1] 1.0 1.0 1.0 0.0006724560872077301 0.13333590500666823 34.30415326659668 115.49851569369619 2160.4396124062164 2160.4396124062164 -399.7626197985424 365.3215562128478 -2091.465832193285
240.68119664172656 55.11811970890546 39633322460057241 9 299-301-302-303-305-306-307-308-475 0.8499980197332946 1.0 11 1.19314148137615 1.0 [-1,-1] 1.0 1.0 1.0 0.0006366829495309179 0.1397804201853648 34.88188029109454 119.31880335827344 3005.7826386522693 3005.7826386522693 -956.1288859098239 59.0849017289237 -2849.0447168726437
242.06454357292085 55.4218168263798 39633329384850893 9 299-301-302-303-305-306-307-308-475 0.670831046498025 1.0 11 0.5901061821709167 1.0 [-1,-1] 1.0 1.0 1.0 0.0008053318504768218 0.11384060807160488 34.5781831736202 117.93545642707915 2491.6368156109534 2491.6368156109534 -6.456075014317794 51.07707665742344 -2491.1048697803617
241.3333375827088 55.68907194026551 39633332799015569 9 299-301-302-303-305-306-307-308-475 0.8052206745360895 1.0 11 1.0733001745016577 1.0 [-1,-1] 1.0 1.0 1.0 0.0008239664519383997 0.11155322342262282 34.31092805973449 118.6666624172912 2882.4656069305283 2882.4656069305283 531.8165064358029 -460.6913675706614 -2795.271479206567
240.28379396754212 54.70356253713759 39633318970395106 8 299-301-302-303-305-306-307-475 0.7706847683544364 1.0 11 1.446704458401062 1.0 [-1,-1] 1.0 1.0 1.0 0.0007064174578981374 0.12774458208408304 35.29643746286241 119.71620603245788 2785.050552665005 2785.050552665005 -1771.00752238054 -617.8859857721924 -2058.702466399046
