data_rosette/LRG_6_clustering_data.ecsv
# %ECSV 1.0
# ---
# datatype:
# - {name: RA, unit: deg, datatype: float64}
# - {name: DEC, unit: deg, datatype: float64}
# - {name: TARGETID, datatype: int64}
# - {name: NTILE, datatype: int64}
# - {name: TILES, datatype: string}
# - {name: Z, datatype: float64}
# - {name: COMP_TILE, datatype: float64}
# - {name: ROSETTE_NUMBER, datatype: int32}
# - {name: ROSETTE_R, unit: deg, datatype: float64}
# - {name: FRACZ_TILELOCID, datatype: float64}
# - {name: BITWEIGHTS, datatype: string, subtype: 'int64[2]'}
# - {name: PROB_OBS, datatype: float64}
# - {name: WEIGHT_ZFAIL, datatype: float64}
# - {name: WEIGHT, datatype: float64}
# - {name: NZ, unit: h3 / Mpc3, datatype: float64}
# - {name: WEIGHT_FKP, datatype: float64}
# - {name: theta, unit: deg, datatype: float64}
# - {name: phi, unit: deg, datatype: float64}
# - {name: rho, unit: Mpc, datatype: float64}
# - {name: r, unit: Mpc, datatype: float64}
# - {name: x, unit: Mpc, datatype: float64}
# - {name: y, unit: Mpc, datatype: float64}
# - {name: z, unit: Mpc, datatype: float64}
# meta: !!omap
# - {EXTNAME: LSS}
# - {DESIDR: edr}
# - comments: ['Visit https://desidatamodel.readthedocs.io/en/latest/ for a more complet', e description]
# schema: astropy-2.0
RA DEC TARGETID NTILE TILES Z COMP_TILE ROSETTE_NUMBER ROSETTE_R FRACZ_TILELOCID BITWEIGHTS PROB_OBS WEIGHT_ZFAIL WEIGHT NZ WEIGHT_FKP theta phi rho r x y z
[from data line 3656]
215.44668443400883 52.82558106399556 39633290054861523 8 164-165-166-167-168-169-170-173 0.5780015637771538 1.0 6 0.32718288235627846 1.0 [-1,-1] 1.0 1.0 1.0 0.0005369919189708607 0.1615383650856205 37.17441893600444 144.55331556599117 2202.398221672697 2202.398221672697 -1102.4004515451545 -44.178624966563696 1906.1268111949328
214.4839944866644 51.25663181796293 39633267657280022 9 164-165-166-167-168-169-170-173-460 0.6312407181196918 1.0 6 1.3925750600103175 1.0 [-1,-1] 1.0 1.0 1.0 0.0007982518636535506 0.11473445525619816 38.74336818203707 145.5160055133356 2370.2778007875613 2370.2778007875613 1102.4667602316058 1727.3954212691692 1191.171253040072
214.56439237153876 51.384452704658734 39633271440541173 9 164-165-166-167-168-169-170-173-460 0.8008698108348943 1.0 6 1.2557994050202734 1.0 [-1,-1] 1.0 1.0 1.0 0.0008239664519383997 0.11155322342262282 38.615547295341266 145.43560762846124 2870.3048664864746 2870.3048664864746 1375.4449384250279 1815.1393696006244 1747.0175490998251
215.89208417828362 52.14129506491039 39633282677081096 9 164-165-166-167-168-169-170-173-460 1.0419100119075175 1.0 6 0.4313977786103376 1.0 [-1,-1] 1.0 1.0 1.0 0.00017557006270178804 0.37077784677498654 37.85870493508961 144.10791582171638 3498.520858466491 3498.520858466491 510.91989675997087 -219.24056214969025 3454.061758586285
214.5192987142006 51.26037233463751 39633267657280351 9 164-165-166-167-168-169-170-173-460 0.636124207247208 1.0 6 1.3795252883373583 1.0 [-1,-1] 1.0 1.0 1.0 0.0007982518636535506 0.11473445525619816 38.73962766536249 145.4807012857994 2385.4062063535903 2385.4062063535903 1167.620321985157 1694.4711352797756 1206.4796412294636
216.26007619560673 53.53092062234559 39633300976830775 9 164-165-166-167-168-169-170-173-460 0.6414255482129758 1.0 6 1.1277623596862048 1.0 [-1,-1] 1.0 1.0 1.0 0.0007982518636535506 0.11473445525619816 36.46907937765441 143.73992380439327 2401.7782019617953 2401.7782019617953 -1619.846965070979 1581.240292650216 802.6913965333337
214.53456948821184 51.74352734618822 39633275198639232 8 164-165-166-167-168-169-170-460 0.6852662447312043 1.0 6 0.9610307042219889 1.0 [-1,-1] 1.0 1.0 1.0 0.0008053318504768218 0.11384060807160488 38.25647265381178 145.46543051178816 2535.1631664223933 2535.1631664223933 777.6525927635731 1092.454822715741 2151.476512927349
216.73406819258778 52.43074516632123 39633286384847574 7 164-165-166-167-168-169-171 0.7051303271659147 1.0 6 0.7550182095511675 1.0 [-1,-1] 1.0 1.0 1.0 0.0005639081233901963 0.1550231922816235 37.56925483367877 143.26593180741222 2594.4374061844537 2594.4374061844537 -106.78643324964438 318.53674090175497 2572.5933329966133
215.8008095066765 52.22077921379611 39633282677080404 8 164-165-166-167-168-169-171-172 0.5860039532923773 1.0 6 0.334230890600287 1.0 [-1,-1] 1.0 1.0 1.0 0.0005369919189708607 0.1615383650856205 37.77922078620389 144.1991904933235 2227.980919653176 2227.980919653176 169.56903872448066 -55.07988103050463 2220.8357719899805
215.8058039366097 52.21877236623957 39633282677080444 8 164-165-166-167-168-169-171-172 0.8519523375217358 1.0 6 0.33758923707261895 1.0 [-1,-1] 1.0 1.0 1.0 0.0006576102792991648 0.1359368301360722 37.78122763376043 144.1941960633903 3011.0895171325874 3011.0895171325874 234.51482767206383 -77.47271361509539 3000.943327427696
214.86453849622603 51.397608701515935 39633271444734628 9 164-165-166-167-168-169-171-172-173 0.7795440059138866 1.0 6 1.1698923592029224 1.0 [-1,-1] 1.0 1.0 1.0 0.0007064174578981374 0.12774458208408304 38.602391298484065 145.13546150377397 2810.2341287206586 2810.2341287206586 1793.4447486298072 1286.320719876786 1739.6409967157572
215.85839187737656 53.0680242114191 39633293716490464 9 164-165-166-167-168-169-171-172-173 0.43877570098787694 1.0 6 0.6079763531179481 1.0 [-1,-1] 1.0 1.0 1.0 0.0006285113834356281 0.1413409039925048 36.9319757885809 144.14160812262344 1736.8710924142672 1736.8710924142672 -1123.2177505591205 437.7933734166096 1250.375958936249
215.8402862801321 53.076178154314825 39633293716490290 9 164-165-166-167-168-169-171-172-173 0.6945067987437095 1.0 6 0.61182496157179 1.0 [-1,-1] 1.0 1.0 1.0 0.0005639081233901963 0.1550231922816235 36.923821845685175 144.1597137198679 2562.82603098519 2562.82603098519 -1682.8362270540304 621.0589121726077 1830.416708189923
216.4580510718549 52.25921432320094 39633282681276927 10 164-165-166-167-168-169-171-172-173-460 0.8001681105185062 1.0 6 0.6324433135296015 1.0 [-1,-1] 1.0 1.0 1.0 0.0008239664519383997 0.11155322342262282 37.74078567679906 143.5419489281451 2868.340607196142 2868.340607196142 67.42388114893697 -98.66259080155758 2865.8502320109947
216.71876784994475 53.57034768876703 39633300981025270 10 164-165-166-167-168-169-171-172-173-460 0.9606574099221485 1.0 6 1.297165693768792 1.0 [-1,-1] 1.0 1.0 1.0 0.0003767415448896098 0.21544643941305056 36.42965231123297 143.28123215005525 3296.7183776329207 3296.7183776329207 -1046.2120895442247 2969.244977504652 978.4562272669843
216.072352186835 53.753016065708934 39633304571349323 10 164-165-166-167-168-169-171-172-173-460 0.8547667506047513 1.0 6 1.2992189669192937 1.0 [-1,-1] 1.0 1.0 1.0 0.0006576102792991648 0.1359368301360722 36.246983934291066 143.927647813165 3018.7210146577872 3018.7210146577872 -2498.02715128471 1656.7473206747 357.386669054878
217.3522242143367 52.7039899266433 39633290071641087 10 164-165-166-167-168-169-171-172-173-460 0.8277851708639755 1.0 6 1.1432564869058714 1.0 [-1,-1] 1.0 1.0 1.0 0.000762533893525711 0.11946670068019369 37.2960100733567 142.6477757856633 2945.0241050878303 2945.0241050878303 335.53581365888044 1105.4541329101119 2708.9765331823387
214.80030769990034 52.191155421548174 39633282664499692 10 164-165-166-167-168-169-171-172-173-460 0.827174631149479 1.0 6 0.5273386344984253 1.0 [-1,-1] 1.0 1.0 1.0 0.000762533893525711 0.11946670068019369 37.808844578451826 145.19969230009966 2943.3426048381984 2943.3426048381984 249.32907649103382 204.28835059365147 2925.6395832165595
214.42813960935112 51.660505125864695 39633275198638001 10 164-165-166-167-168-169-171-172-173-460 0.8689017580958135 1.0 6 1.067056201549664 1.0 [-1,-1] 1.0 1.0 1.0 0.0006576102792991648 0.1359368301360722 38.339494874135305 145.57186039064888 3056.854804066354 3056.854804066354 895.1469432141228 1592.0856282284785 2451.190852542146
214.277749199568 51.60597755550276 39633271436347949 10 164-165-166-167-168-169-171-172-173-460 0.5561900686851827 1.0 6 1.1679468574828913 1.0 [-1,-1] 1.0 1.0 1.0 0.0006724560872077301 0.13333590500666823 38.39402244449724 145.722250800432 2132.0341761744507 2132.0341761744507 483.2254771204644 1276.7936602767536 1637.6387928095312
216.68901439086454 51.98656805690012 39633278960929130 10 164-165-166-167-168-169-171-172-173-460 0.8176341532493691 1.0 6 0.8908586952755168 1.0 [-1,-1] 1.0 1.0 1.0 0.000762533893525711 0.11946670068019369 38.01343194309988 143.31098560913546 2916.986442642868 2916.986442642868 324.8760402292902 -841.296126572198 2774.0739522337626
214.4281515522399 52.415386402818186 39633286363873894 10 164-165-166-167-168-169-171-172-173-460 1.0260944178364944 1.0 6 0.6585795126823856 1.0 [-1,-1] 1.0 1.0 1.0 0.00020130102782971312 0.3394727840281335 37.584613597181814 145.5718484477601 3459.9907376471297 3459.9907376471297 -193.73735279970987 -344.56670447119143 3437.33552754222
214.23430769642525 53.751875992923196 39633304554570933 10 164-165-166-167-168-169-171-172-173-460 0.568464303778959 1.0 6 1.4641914804273133 1.0 [-1,-1] 1.0 1.0 1.0 0.0006724560872077301 0.13333590500666823 36.248124007076804 145.76569230357475 2171.7456767539084 2171.7456767539084 -674.9163118990772 -2047.8256442335532 259.57154553469627
216.86558121835495 51.42027018032575 39633271465706198 10 164-165-166-167-168-169-171-172-173-460 0.7139796528583926 1.0 6 1.3688563843499575 1.0 [-1,-1] 1.0 1.0 1.0 0.0005823912580269674 0.15084542533972659 38.57972981967425 143.13441878164505 2620.6139622347855 2620.6139622347855 385.5287433946836 -1983.724792229588 1668.4786710563897
214.3240494944025 53.772348166839514 39633304554571535 10 164-165-166-167-168-169-171-172-173-460 0.7915476894531214 1.0 6 1.4547913482097208 1.0 [-1,-1] 1.0 1.0 1.0 0.0008239664519383997 0.11155322342262282 36.227651833160486 145.6759505055975 2844.141497131597 2844.141497131597 -1123.1992988971726 -2597.692273904762 282.06212216171514
216.44305626025223 52.24236254419821 39633282681276785 10 164-165-166-167-168-169-171-172-173-460 1.0080720671551953 1.0 6 0.6307837121572182 1.0 [-1,-1] 1.0 1.0 1.0 0.00023297360745577845 0.30751381291380364 37.75763745580179 143.55694373974777 3415.647784753385 3415.647784753385 115.18464244264402 -163.2423185654399 3409.799735038034
216.44726000787136 52.252462389752424 39633282681276825 10 164-165-166-167-168-169-171-172-173-460 0.8865216018470743 1.0 6 0.6290244038654679 1.0 [-1,-1] 1.0 1.0 1.0 0.0005346154933450218 0.1621399955636538 37.747537610247576 143.55273999212864 3103.9399243327052 3103.9399243327052 86.10821431950555 -123.13008669283371 3100.301180699101
216.11094166331137 52.115276097773844 39633278956733349 10 164-165-166-167-168-169-171-172-173-460 0.7475565209704713 1.0 6 0.5362301698460916 1.0 [-1,-1] 1.0 1.0 1.0 0.0006073340474539246 0.1455520198534496 37.884723902226156 143.88905833668863 2718.6646442366155 2718.6646442366155 407.1136339721929 -293.2335175799229 2671.9674475980923
216.21306317780434 53.675161043176296 39633304575541667 9 164-165-166-167-168-169-171-172-460 0.7834309094869153 0.75 6 1.2507473595301666 1.0 [-1,-1] 1.0 1.0 1.0 0.0007064174578981374 0.12774458208408304 36.324838956823704 143.78693682219566 2821.240618221415 2821.240618221415 -2068.6161897859906 1837.596039514052 550.877918254046
216.19036347137597 53.582977667731136 39633300976830133 9 164-165-166-167-168-169-171-172-460 0.6859923598933336 0.75 6 1.1597808207150813 1.0 [-1,-1] 1.0 1.0 1.0 0.0008053318504768218 0.11384060807160488 36.417022332268864 143.80963652862403 2537.342528432038 2537.342528432038 -1854.654727740746 1573.6839288925632 722.4138975712285
214.35394093178712 53.806566098227876 39633304554571742 9 164-165-166-167-168-169-171-172-460 0.7663614466726748 0.75 6 1.4762477716241131 1.0 [-1,-1] 1.0 1.0 1.0 0.0007242712797402853 0.12498917450484462 36.193433901772124 145.64605906821288 2772.7117795088993 2772.7117795088993 -1173.4936369612585 -2505.6514954094596 180.42693754311068
213.6999886762946 52.42472008356732 39633286355486154 9 164-165-166-167-168-169-171-173-460 0.8577775187375317 1.0 6 1.0992672171075166 1.0 [-1,-1] 1.0 1.0 1.0 0.0006576102792991648 0.1359368301360722 37.57527991643268 146.3000113237054 3026.870677052384 3026.870677052384 80.11138320446454 -365.18209834257436 3003.692776721804
217.15803850760796 53.25176412375928 39633297369728295 9 164-165-166-167-168-169-171-173-460 0.9119075222173477 1.0 6 1.2515642442055026 1.0 [-1,-1] 1.0 1.0 1.0 0.00042618922305278896 0.1953324009783564 36.74823587624072 142.84196149239204 3170.911963236495 3170.911963236495 258.9532991078682 2567.8597385118196 1842.2058057685852
217.6281776158634 53.0652251825394 39633293733268816 7 164-165-166-167-168-169-172 0.9096739381138439 1.0 6 1.4057672420395577 1.0 [-1,-1] 1.0 1.0 1.0 0.0005723615213970424 0.15308410280969617 36.9347748174606 142.3718223841366 3165.0600384849627 3165.0600384849627 1183.1999759460025 1843.3449393197918 2284.671157698614
215.23919533852464 52.16082709731405 39633282668694341 8 164-165-166-167-168-169-172-173 1.0900504959462007 1.0 6 0.37475274762065885 1.0 [-1,-1] 1.0 1.0 1.0 5.9370222311395755e-05 0.6353792046182113 37.83917290268595 144.76080466147536 3613.6422179027354 3613.6422179027354 489.0996297634985 123.60815991684031 3578.2555322358103
215.11559063037035 53.91655829647084 39633308136508554 9 164-165-166-167-168-169-172-173-460 0.9509498574128954 1.0 6 1.4351390239647397 1.0 [-1,-1] 1.0 1.0 1.0 0.0003767415448896098 0.21544643941305056 36.08344170352916 144.88440936962965 3271.9558897241263 3271.9558897241263 -3046.1049794869577 -1185.49426136036 -146.77586493293933
216.58429324416778 51.78789935251711 39633275219610149 9 164-165-166-167-168-169-172-173-460 0.6949541789136504 1.0 6 0.9745839916472137 1.0 [-1,-1] 1.0 1.0 1.0 0.0005639081233901963 0.1550231922816235 38.21210064748289 143.41570675583222 2564.1613807547697 2564.1613807547697 573.5673107850203 -1120.1394178824783 2234.1064905368653
215.08259877065626 51.82793763613707 39633275207025175 9 164-165-166-167-168-169-172-173-460 0.7708253983547976 1.0 6 0.7191782356834198 1.0 [-1,-1] 1.0 1.0 1.0 0.0007064174578981374 0.12774458208408304 38.17206236386293 144.91740122934374 2785.451368658466 2785.451368658466 1166.6004758369806 498.93269114296464 2479.6872437158463
215.01253627167904 53.641962701554256 39633304562959291 7 164-165-166-167-168-169-173 0.8825905146427563 1.0 6 1.1789145576096975 1.0 [-1,-1] 1.0 1.0 1.0 0.0005346154933450218 0.1621399955636538 36.358037298445744 144.98746372832096 3093.4779678897216 3093.4779678897216 -2679.836818854842 -1375.4612182409307 704.4054224977672
213.97146354550452 51.45864829638203 39633271432154703 8 164-165-166-167-168-169-173-460 0.4743609855422556 1.0 6 1.403798622388585 1.0 [-1,-1] 1.0 1.0 1.0 0.000668512811805897 0.13401699399284683 38.54135170361797 146.02853645449548 1859.6029898445624 1859.6029898445624 76.99807138611264 1385.3791564447647 1238.1111297981483
215.291559482881 53.18686939068647 39633297348758257 8 164-165-166-167-168-169-173-460 0.886548039942291 1.0 6 0.6983111307286645 1.0 [-1,-1] 1.0 1.0 1.0 0.0005346154933450218 0.1621399955636538 36.81313060931353 144.708440517119 3104.01020182111 3104.01020182111 -2358.5199564618156 -466.2681358989673 1963.3789683670814
214.8982266887139 53.711437614971246 39633304558767489 7 164-165-166-167-168-170-171 0.8553292025889192 1.0 6 1.264145857119995 1.0 [-1,-1] 1.0 1.0 1.0 0.0006576102792991648 0.1359368301360722 36.288562385028754 145.1017733112861 3020.244600504728 3020.244600504728 -2479.957169660581 -1655.1274373711437 481.91601922770263
217.01542237705667 53.25308151027342 39633297369727115 8 164-165-166-167-168-170-171-172 0.6946673242212896 1.0 6 1.1847094751397897 1.0 [-1,-1] 1.0 1.0 1.0 0.0005639081233901963 0.1550231922816235 36.74691848972658 142.98457762294333 2563.305212635545 2563.305212635545 -87.91615457878638 2086.446112898821 1486.4545000968026
217.0171389753065 53.25490828601307 39633297369727131 8 164-165-166-167-168-170-171-172 0.8865791758854448 1.0 6 1.1866555947834991 1.0 [-1,-1] 1.0 1.0 1.0 0.0005346154933450218 0.1621399955636538 36.74509171398693 142.9828610246935 3104.0929656584126 3104.0929656584126 -102.25933701832065 2530.0899839980375 1795.433329398623
213.9645258192357 52.34327068232049 39633282656110872 9 164-165-166-167-168-170-171-172-173 0.44174891978965175 1.0 6 0.9494091972790808 1.0 [-1,-1] 1.0 1.0 1.0 0.0006285113834356281 0.1413409039925048 37.65672931767951 146.0354741807643 1747.2261244460817 1747.2261244460817 -3.595259212188455 -73.94233436125317 1745.6571070079258
216.7666049827824 51.36672024670086 39633267682444421 10 164-165-166-167-168-170-171-172-173-460 0.7179945802975558 1.0 6 1.376259188283423 1.0 [-1,-1] 1.0 1.0 1.0 0.0005823912580269674 0.15084542533972659 38.63327975329914 143.2333950172176 2632.4438616988255 2632.4438616988255 607.1770240877506 -2027.809379579885 1564.9555477723995
217.09328426096152 51.96079500586574 39633278965123181 10 164-165-166-167-168-170-171-172-173-460 0.8527225011768074 1.0 6 1.1148892977952864 1.0 [-1,-1] 1.0 1.0 1.0 0.0006576102792991648 0.1359368301360722 38.03920499413426 142.90671573903848 3013.1791574163035 3013.1791574163035 -35.92542013052836 -1004.4787288260846 2840.5950929712603
