data_rosette/LRG_18_clustering_data.ecsv
# %ECSV 1.0
# ---
# datatype:
# - {name: RA, unit: deg, datatype: float64}
# - {name: DEC, unit: deg, datatype: float64}
# - {name: TARGETID, datatype: int64}
# - {name: NTILE, datatype: int64}
# - {name: TILES, datatype: string}
# - {name: Z, datatype: float64}
# - {name: COMP_TILE, datatype: float64}
# - {name: ROSETTE_NUMBER, datatype: int32}
# - {name: ROSETTE_R, unit: deg, datatype: float64}
# - {name: FRACZ_TILELOCID, datatype: float64}
# - {name: BITWEIGHTS, datatype: string, subtype: 'int64[2]'}
# - {name: PROB_OBS, datatype: float64}
# - {name: WEIGHT_ZFAIL, datatype: float64}
# - {name: WEIGHT, datatype: float64}
# - {name: NZ, unit: h3 / Mpc3, datatype: float64}
# - {name: WEIGHT_FKP, datatype: float64}
# - {name: distance, unit: Mpc, datatype: float64}
# - {name: x, unit: Mpc, datatype: float64}
# - {name: y, unit: Mpc, datatype: float64}
# - {name: z, unit: Mpc, datatype: float64}
# meta: !!omap
# - {EXTNAME: LSS}
# - {DESIDR: edr}
# - comments: ['Visit https://desidatamodel.readthedocs.io/en/latest/ for a more complet', e description]
# schema: astropy-2.0
RA DEC TARGETID NTILE TILES Z COMP_TILE ROSETTE_NUMBER ROSETTE_R FRACZ_TILELOCID BITWEIGHTS PROB_OBS WEIGHT_ZFAIL WEIGHT NZ WEIGHT_FKP distance x y z
[from data line 2119]
269.8819703542151 62.236010391484506 39633414160123341 8 541-542-544-545-548-549-550-551 0.7510768005676175 1.0 18 0.29259945079042826 1.0 [-1,-1] 1.0 1.0 1.0 0.0007242712797402853 0.12498917450484462 2728.82921097103 -2.618620256503347 -1271.1694220154652 2414.6698130406144
267.456876598474 63.28215523334666 39633425245669261 8 541-542-544-545-548-549-550-551 0.801687443570476 1.0 18 1.2856025472594776 1.0 [-1,-1] 1.0 1.0 1.0 0.0008239664519383997 0.11155322342262282 2872.592603548332 -57.305966805344525 -1290.2376443034282 2565.889926195477
270.6603499040029 61.50798219777215 39633405591162967 8 541-542-544-545-548-549-550-551 0.4072822912742459 1.0 18 1.102140857602828 1.0 [-1,-1] 1.0 1.0 1.0 0.00024055914515870672 0.3007331513712552 1626.0509887126832 8.939793356747343 -775.6338667439599 1429.1095139099893
268.42806524635364 63.13581083977602 39633425254056604 6 541-542-544-545-548-550 0.4034760946216496 1.0 18 0.8559530901937635 1.0 [-1,-1] 1.0 1.0 1.0 0.00024055914515870672 0.3007331513712552 1612.51633034468 -19.988581771279165 -728.3852014640192 1438.4937853585834
268.50259887375034 63.001190654730706 39633422510984875 7 541-542-544-545-548-550-551 0.5132628778745922 1.0 18 0.7396780454754918 1.0 [-1,-1] 1.0 1.0 1.0 0.0006888416087567301 0.1305783864573065 1990.800178750204 -23.616895418371715 -903.4588800559562 1773.834729057552
268.99555905379475 63.45817263918973 39633427971968099 6 541-542-544-545-548-551 0.9610188028822464 1.0 18 0.9956875420199315 1.0 [-1,-1] 1.0 1.0 1.0 0.0003767415448896098 0.21544643941305056 3297.637492347343 -25.8312364727679 -1473.326246009078 2950.0941596799853
267.7085969070236 63.223916724810834 39633425245671220 6 541-542-544-545-549-550 0.4993656787966401 1.0 18 1.1596830519893742 1.0 [-1,-1] 1.0 1.0 1.0 0.0007365189099627642 0.12316671624379881 1944.2849848126389 -35.0205160851396 -875.2095655786875 1735.8069829161823
270.6657320089434 61.51034705415133 39633405591163016 7 541-542-544-545-549-550-551 0.4038125041210248 1.0 18 1.100967592279539 1.0 [-1,-1] 1.0 1.0 1.0 0.00024055914515870672 0.3007331513712552 1613.713819601322 8.943591901546043 -769.6896080524683 1418.298350486323
267.5263074138851 63.280984249437786 39633425245669859 7 541-542-544-545-549-550-551 0.81837097014077 1.0 18 1.2595861040793952 1.0 [-1,-1] 1.0 1.0 1.0 0.000762533893525711 0.11946670068019369 2919.0273510530938 -56.64578221019858 -1311.216857287547 2607.340078455207
271.85781218946664 61.794142200980595 39633408485228802 5 541-542-544-546-547 0.8957156965621872 1.0 18 1.2305488192474423 1.0 [-1,-1] 1.0 1.0 1.0 0.0005723615213970424 0.15308410280969617 3128.3127270592195 47.934091634089654 -1477.791235186106 2756.8416542026907
267.30523062971264 63.676216821189605 39633430652126287 5 541-542-544-546-547 0.7024177140747064 1.0 18 1.5936914962335547 1.0 [-1,-1] 1.0 1.0 1.0 0.0005639081233901963 0.1550231922816235 2586.385166783436 -53.92251275115417 -1145.646828609556 2318.1833270198563
267.20339708642973 63.501051592606636 39633427959383979 7 541-542-544-546-547-548-549 0.5212657453365974 1.0 18 1.5088648091250572 1.0 [-1,-1] 1.0 1.0 1.0 0.0006888416087567301 0.1305783864573065 2017.4096456595998 -43.91786889533743 -899.0586082514093 1805.465734407918
267.47675315989443 63.68557151744064 39633430652127737 7 541-542-544-546-547-548-549 0.5216576170825532 1.0 18 1.548247401609522 1.0 [-1,-1] 1.0 1.0 1.0 0.0006888416087567301 0.1305783864573065 2018.7093084218739 -39.397188384542325 -894.0200012126548 1809.520204609011
267.24719352141835 63.51420909571601 39633427959384358 7 541-542-544-546-547-548-549 0.9415778157190547 1.0 18 1.5023044692038654 1.0 [-1,-1] 1.0 1.0 1.0 0.0003671239319408774 0.21984967794317842 3247.913753457828 -69.56676214478334 -1446.819620643638 2907.0289301666417
267.3331606369251 63.59628582337639 39633427959385097 7 541-542-544-546-547-548-549 0.9401907731593734 1.0 18 1.5287765853657316 1.0 [-1,-1] 1.0 1.0 1.0 0.0003671239319408774 0.21984967794317842 3244.3442023661187 -67.12817708873534 -1441.175415981785 2905.903737503553
267.3460137207724 63.61605720704693 39633427959385215 7 541-542-544-546-547-548-549 0.7966747370030879 1.0 18 1.5384060052680075 1.0 [-1,-1] 1.0 1.0 1.0 0.0008239664519383997 0.11155322342262282 2858.5492555564056 -58.819990901754444 -1268.9314072945306 2560.792287299757
267.3604398463678 63.58975974924342 39633427959385327 7 541-542-544-546-547-548-549 0.9841763650821636 1.0 18 1.5154998985955526 1.0 [-1,-1] 1.0 1.0 1.0 0.00030269805442075816 0.25472307248715254 3356.125852129908 -68.7469898822554 -1491.2050349194208 3005.8546422852514
267.03818026983726 63.1563693763279 39633425241476241 7 541-542-544-546-547-548-549 0.5064767182878853 1.0 18 1.383681806193317 1.0 [-1,-1] 1.0 1.0 1.0 0.0007365189099627642 0.12316671624379881 1968.1350972387925 -45.92087382949177 -887.5382311554833 1756.0532231590485
267.5766891830208 63.66365446349718 39633430652128568 7 541-542-544-546-547-548-549 0.9654524743667084 1.0 18 1.502371698709512 1.0 [-1,-1] 1.0 1.0 1.0 0.0003767415448896098 0.21544643941305056 3308.897481246043 -62.06843565347074 -1466.6457940555442 2965.451089711499
270.2653087129264 62.60188562913959 39633416970307544 8 541-542-544-546-547-548-549-550 0.7513702924840748 1.0 18 0.2599082253882227 1.0 [-1,-1] 1.0 1.0 1.0 0.0007242712797402853 0.12498917450484462 2729.675668816986 5.816439477962347 -1256.1029313382592 2423.48939586017
268.2190538725921 61.85195057054757 39633408455868875 8 541-542-544-546-547-548-549-550 0.4287109164803117 1.0 18 0.9712071959079855 1.0 [-1,-1] 1.0 1.0 1.0 0.0005613841910631427 0.1556117057517016 1701.680848324204 -24.948796525791167 -802.3826902628733 1500.425701416705
268.88431490182745 62.08414194469934 39633411316387640 8 541-542-544-546-547-548-549-550 0.7723158160504277 1.0 18 0.5869202466953369 1.0 [-1,-1] 1.0 1.0 1.0 0.0007064174578981374 0.12774458208408304 2789.697178555886 -25.43058089865863 -1305.817200248345 2465.0770927363305
267.84751520713263 63.754847808118555 39633430656320233 8 541-542-544-546-547-548-549-550 0.6667612252637211 1.0 18 1.499323260349957 1.0 [-1,-1] 1.0 1.0 1.0 0.0006371005092682059 0.1397016056866948 2479.2958198561673 -41.17892065289346 -1095.6027618130063 2223.7056116217004
269.4928606311427 61.93539548228966 39633411324772587 9 541-542-544-546-547-548-549-550-551 0.725973297698333 1.0 18 0.5949544614367303 1.0 [-1,-1] 1.0 1.0 1.0 0.0005823912580269674 0.15084542533972659 2655.8674645700535 -11.059473222567782 -1249.4486331126582 2343.584389482639
267.60966813491456 62.50032466798036 39633416949336543 9 541-542-544-546-547-548-549-550-551 0.6581940246671475 1.0 18 0.9788804476010795 1.0 [-1,-1] 1.0 1.0 1.0 0.0006371005092682059 0.1397016056866948 2453.2171582049436 -47.243976677888305 -1131.7716577155306 2176.03661429918
266.80495368714253 62.75896249452809 39633419734352417 9 541-542-544-546-547-548-549-550-551 0.4007584312484712 1.0 18 1.365264351525685 1.0 [-1,-1] 1.0 1.0 1.0 0.00024055914515870672 0.3007331513712552 1602.833715227895 -40.89138897727192 -732.5324113179631 1425.0614300258976
266.82064563804414 62.75136978939549 39633419734352600 9 541-542-544-546-547-548-549-550-551 0.40424644482656313 1.0 18 1.3570204211227404 1.0 [-1,-1] 1.0 1.0 1.0 0.00024055914515870672 0.3007331513712552 1615.2581295233585 -41.01673448850375 -738.4119271966036 1436.009846156006
271.83188477360176 61.703959180520826 39633408481038836 9 541-542-544-546-547-548-549-550-551 0.4328340211878355 1.0 18 1.2775847981287218 1.0 [-1,-1] 1.0 1.0 1.0 0.0006285113834356281 0.1413409039925048 1716.1223557143664 26.004780343720768 -813.0732071902461 1511.0630863505562
272.0783324786155 62.15911446748843 39633414176901051 9 541-542-544-546-547-548-549-550-551 0.6029687191661324 1.0 18 1.1482713641389424 1.0 [-1,-1] 1.0 1.0 1.0 0.0006106036532175123 0.14488555312656437 2281.805096410163 38.646403020467346 -1064.942473856824 2017.6814617061536
268.31038885082864 62.70582648938122 39633419742744292 9 541-542-544-546-547-548-549-550-551 0.8829487575587983 1.0 18 0.6789298426116436 1.0 [-1,-1] 1.0 1.0 1.0 0.0005346154933450218 0.1621399955636538 3094.432393113906 -41.83864252213478 -1418.363463150108 2749.910262162275
272.1455379844568 62.13618077276993 39633414176901643 9 541-542-544-546-547-548-549-550-551 0.7208519692662135 1.0 18 1.1855542407743633 1.0 [-1,-1] 1.0 1.0 1.0 0.0005823912580269674 0.15084542533972659 2640.845529315847 46.20802776699664 -1233.391052498453 2334.668378912547
272.14826926776544 62.128635381694515 39633414176901668 9 541-542-544-546-547-548-549-550-551 0.7179485213367094 1.0 18 1.1893481778888124 0.5 [-1,-1] 1.0 1.0 1.0 0.0005823912580269674 0.15084542533972659 2632.3083135934316 46.12874140802157 -1229.7078371018301 2326.958923659708
266.65944995191717 62.81232821776291 39633419730161381 9 541-542-544-546-547-548-549-550-551 0.5126179298822384 1.0 18 1.4397551777349966 1.0 [-1,-1] 1.0 1.0 1.0 0.0006888416087567301 0.1305783864573065 1988.6501160791959 -52.94622842315511 -907.083333703946 1768.9335224349438
269.1065398267048 62.20292900744627 39633414151737083 9 541-542-544-546-547-548-549-550-551 0.5019964046982834 1.0 18 0.42915960272760956 1.0 [-1,-1] 1.0 1.0 1.0 0.0007365189099627642 0.12316671624379881 1953.1202676351738 -14.20260280113374 -910.7101388486481 1727.7395952281822
271.8133247436908 61.72394749207717 39633408481038659 9 541-542-544-546-547-548-549-550-551 0.42350399803863403 1.0 18 1.2579327041885704 1.0 [-1,-1] 1.0 1.0 1.0 0.0005613841910631427 0.1556117057517016 1683.3923400908293 25.23409116317234 -797.0575467325936 1482.52226914683
269.49068012473555 61.93447475424466 39633411324772574 9 541-542-544-546-547-548-549-550-551 0.7242959734178558 1.0 18 0.5960487419595221 1.0 [-1,-1] 1.0 1.0 1.0 0.0005823912580269674 0.15084542533972659 2650.9526666918905 -11.086803625851854 -1247.1736426802545 2339.2274427318675
270.57252383700416 63.355324421348115 39633425270833319 9 541-542-544-546-547-548-549-550-551 0.6840979854654461 1.0 18 0.9190550377933829 1.0 [-1,-1] 1.0 1.0 1.0 0.0008053318504768218 0.11384060807160488 2531.6547308525633 11.344573659361837 -1135.2794681565642 2262.805229373222
266.9665649069865 61.93983886705734 39633411303802007 9 541-542-544-546-547-548-549-550-551 0.7896868895132164 1.0 18 1.4120763049990046 1.0 [-1,-1] 1.0 1.0 1.0 0.0007064174578981374 0.12774458208408304 2838.9013195964108 -70.6684077804037 -1333.5435087043402 2505.2002692280994
268.3210785356813 63.35980752209852 39633425249865367 9 541-542-544-546-547-548-549-550-551 0.5881186551575931 1.0 18 1.0564040491154172 1.0 [-1,-1] 1.0 1.0 1.0 0.0005369919189708607 0.1615383650856205 2234.7205957976007 -29.357636161757107 -1001.5877582091043 1997.4824737871015
269.24932877921947 62.58813118983935 39633416961919990 9 541-542-544-546-547-548-549-550-551 0.5222697196844468 1.0 18 0.2317856073669036 1.0 [-1,-1] 1.0 1.0 1.0 0.0006888416087567301 0.1305783864573065 2020.738761183457 -12.18834690074719 -930.2353136351942 1793.8502853959444
270.9582030976521 62.603645556327024 39633416974502924 9 541-542-544-546-547-548-549-550-551 0.8414975263357758 1.0 18 0.5720841232359878 1.0 [-1,-1] 1.0 1.0 1.0 0.0006366829495309179 0.1397804201853648 2982.6271982815965 22.951272287853854 -1372.2439856439566 2648.1096440467645
266.91866959617863 63.137626610024114 39633425241475193 8 541-542-544-546-547-548-549-551 0.40090604957204323 1.0 18 1.4244769754822555 1.0 [-1,-1] 1.0 1.0 1.0 0.00024055914515870672 0.3007331513712552 1603.3600576336878 -38.943108905152826 -723.429155962379 1430.3486165922852
270.5168659477205 62.51824109337397 39633416970309481 8 541-542-544-546-547-548-549-551 0.8433363719077678 1.0 18 0.3631033337796425 1.0 [-1,-1] 1.0 1.0 1.0 0.0006366829495309179 0.1397804201853648 2987.64627064301 12.437081110251558 -1378.6416578241574 2650.513674141751
269.2544353272614 63.74191729266245 39633430664710894 8 541-542-544-546-547-548-549-551 1.0852904431736428 1.0 18 1.2406673777748327 1.0 [-1,-1] 1.0 1.0 1.0 0.00012850791192818028 0.44600300211103894 3602.401812049184 -20.738275143796038 -1593.6224143573604 3230.671190303514
268.7070148536737 63.95026303145462 39633433332288397 7 541-542-544-546-547-548-550 0.9914007447415918 1.0 18 1.5025757528673993 1.0 [-1,-1] 1.0 1.0 1.0 0.00023297360745577845 0.30751381291380364 3374.2093999096505 -33.436448883157226 -1481.4108172314984 3031.434160412235
269.2294389870388 63.39693297890531 39633427976159790 7 541-542-544-546-547-548-550 0.5034131913691021 1.0 18 0.9059735610832961 1.0 [-1,-1] 1.0 1.0 1.0 0.0007365189099627642 0.12316671624379881 1957.87272610496 -11.790890182807814 -876.6697277721942 1750.5932637086755
269.0627584865474 63.65429534983374 39633430664709530 8 541-542-544-546-547-548-550-551 0.96905753909346 1.0 18 1.1737979113630874 1.0 [-1,-1] 1.0 1.0 1.0 0.0003767415448896098 0.21544643941305056 3318.0313706363418 -24.085949496654553 -1472.2994443589519 2973.396440050342
267.5960682356203 62.48197193760943 39633416949336420 8 541-542-544-546-547-548-550-551 0.8943012159394431 1.0 18 0.9859960440454041 1.0 [-1,-1] 1.0 1.0 1.0 0.0005723615213970424 0.15308410280969617 3124.5717641517094 -60.55229158183803 -1442.3681983505903 2771.074901496743
268.0126193892314 63.850185145190345 39633430656321491 6 541-542-544-546-547-549 0.7898509467951514 1.0 18 1.5392255824747605 1.0 [-1,-1] 1.0 1.0 1.0 0.0007064174578981374 0.12774458208408304 2839.3635564941696 -43.396516667590404 -1250.6109691627069 2548.7397576249823
271.3466773330929 63.77875630204233 39633430681486985 6 541-542-544-546-547-549 0.8760210113219499 1.0 18 1.4551137858006848 1.0 [-1,-1] 1.0 1.0 1.0 0.0005346154933450218 0.1621399955636538 3075.939261628752 31.940539169632665 -1358.6930112106743 2759.4085316375417
267.3265256711862 63.632990640696434 39633430652126479 6 541-542-544-546-547-549 0.6451417568740021 1.0 18 1.5564460814206846 1.0 [-1,-1] 1.0 1.0 1.0 0.0007982518636535506 0.11473445525619816 2413.2233962633836 -49.991136686326904 -1070.5926994768954 2162.170048435729
267.2628140455878 63.590711434172576 39633427959384494 6 541-542-544-546-547-549 0.7976979114495623 1.0 18 1.547783378048305 1.0 [-1,-1] 1.0 1.0 1.0 0.0008239664519383997 0.11155322342262282 2861.4191859578737 -60.77760354355337 -1271.2510827333317 2562.8005239043973
267.39071867277744 63.59492230405104 39633427959385574 6 541-542-544-546-547-549 0.8820598330505051 1.0 18 1.5094204513701317 1.0 [-1,-1] 1.0 1.0 1.0 0.0005346154933450218 0.1621399955636538 3092.063758130983 -62.600518933309246 -1373.6600890252103 2769.4760188879827
270.4365741588483 62.6881265575085 39633419759520941 7 541-542-544-546-547-549-550 0.4380218943952063 0.8571428571428571 18 0.3660165120408562 1.0 [-1,-1] 1.0 1.0 1.0 0.0006285113834356281 0.1413409039925048 1734.2428307499085 6.063123307016748 -795.7059436715631 1540.9131986419504
269.1456108045448 62.20519621341273 39633414151737448 7 541-542-544-546-547-549-550 1.0842086413187026 0.8571428571428571 18 0.41543329537151463 1.0 [-1,-1] 1.0 1.0 1.0 0.00012850791192818028 0.44600300211103894 3599.8429242757184 -25.030640396266126 -1678.443217359099 3184.5048143472077
267.55263258158527 63.71536319961895 39633430652128383 7 541-542-544-546-547-549-550 0.4707345639232907 0.8571428571428571 18 1.5484279644373051 1.0 [-1,-1] 1.0 1.0 1.0 0.000668512811805897 0.13401699399284683 1847.2153254500174 -34.93009801140583 -817.2577000185748 1656.2228710504744
266.5984346285342 62.371603669390076 39633414134956626 7 541-542-544-546-547-549-550 1.0834399790881595 0.8571428571428571 18 1.4560580366669418 1.0 [-1,-1] 1.0 1.0 1.0 0.00012850791192818028 0.44600300211103894 3598.023761857395 -98.99998256418345 -1665.5906250693959 3187.7549880791767
