data_rosette/LRG_11_clustering_data.ecsv
# %ECSV 1.0
# ---
# datatype:
# - {name: RA, unit: deg, datatype: float64}
# - {name: DEC, unit: deg, datatype: float64}
# - {name: TARGETID, datatype: int64}
# - {name: NTILE, datatype: int64}
# - {name: TILES, datatype: string}
# - {name: Z, datatype: float64}
# - {name: COMP_TILE, datatype: float64}
# - {name: ROSETTE_NUMBER, datatype: int32}
# - {name: ROSETTE_R, unit: deg, datatype: float64}
# - {name: FRACZ_TILELOCID, datatype: float64}
# - {name: BITWEIGHTS, datatype: string, subtype: 'int64[2]'}
# - {name: PROB_OBS, datatype: float64}
# - {name: WEIGHT_ZFAIL, datatype: float64}
# - {name: WEIGHT, datatype: float64}
# - {name: NZ, unit: h3 / Mpc3, datatype: float64}
# - {name: WEIGHT_FKP, datatype: float64}
# - {name: distance, unit: Mpc, datatype: float64}
# - {name: x, unit: Mpc, datatype: float64}
# - {name: y, unit: Mpc, datatype: float64}
# - {name: z, unit: Mpc, datatype: float64}
# meta: !!omap
# - {EXTNAME: LSS}
# - {DESIDR: edr}
# - comments: ['Visit https://desidatamodel.readthedocs.io/en/latest/ for a more complet', e description]
# schema: astropy-2.0
RA DEC TARGETID NTILE TILES Z COMP_TILE ROSETTE_NUMBER ROSETTE_R FRACZ_TILELOCID BITWEIGHTS PROB_OBS WEIGHT_ZFAIL WEIGHT NZ WEIGHT_FKP distance x y z
[from data line 1457]
242.52403436647143 55.44849452117579 39633329389045415 10 298-299-300-302-303-304-305-307-308-475 0.6574729729035337 1.0 11 0.48590703032029187 1.0 [-1,-1] 1.0 1.0 1.0 0.0006371005092682059 0.1397016056866948 2451.016053636576 -641.353013590125 -1233.2905097393968 2018.6977301542247
243.22293593710006 56.278552526749024 39633339593786245 10 298-299-300-302-303-304-305-307-308-475 0.8843860769954701 1.0 11 1.325707902518222 1.0 [-1,-1] 1.0 1.0 1.0 0.0005346154933450218 0.1621399955636538 3098.259620935731 -774.9023229450343 -1535.5729604884614 2576.966191402579
243.0542140056529 56.351645381954505 39633339589594715 10 298-299-300-302-303-304-305-307-308-475 0.7204387301229416 1.0 11 1.3823317534843889 1.0 [-1,-1] 1.0 1.0 1.0 0.0005823912580269674 0.15084542533972659 2639.63137208174 -662.775237394501 -1303.8180229270106 2197.3714588720527
241.36444958175773 55.17918062484937 39633325932939089 10 298-299-300-302-303-304-305-307-308-475 0.9603172994705849 1.0 11 0.8177539514364207 1.0 [-1,-1] 1.0 1.0 1.0 0.0003767415448896098 0.21544643941305056 3295.853210307753 -901.9094571150382 -1651.7795851134822 2705.703590060211
241.51171093728092 55.13041495679794 39633325932940490 10 298-299-300-302-303-304-305-307-308-475 0.9355219038110757 1.0 11 0.7250389558790369 1.0 [-1,-1] 1.0 1.0 1.0 0.0003671239319408774 0.21984967794317842 3232.307260843843 -881.4305927720598 -1624.1847839228687 2651.964201550003
243.19165206975836 56.26107198166644 39633339593785964 10 298-299-300-302-303-304-305-307-308-475 0.757482169550803 1.0 11 1.3051132128957095 1.0 [-1,-1] 1.0 1.0 1.0 0.0007242712797402853 0.12498917450484462 2747.2686882063726 -688.1740987193087 -1361.8600834218287 2284.5653346388062
241.671852359241 53.80192924582029 39633304827201987 10 298-299-300-302-303-304-305-307-308-475 0.9051484335994643 1.0 11 1.3348488422697196 1.0 [-1,-1] 1.0 1.0 1.0 0.0005723615213970424 0.15308410280969617 3153.1794326164622 -883.6524368912787 -1639.1909841527001 2544.553364055091
241.44425912970914 54.21312261644034 39633311949127911 9 298-299-300-302-303-304-305-307-475 0.8973140922534174 1.0 11 1.0771487033517224 1.0 [-1,-1] 1.0 1.0 1.0 0.0005723615213970424 0.15308410280969617 3132.5362991830966 -875.6343112707842 -1608.982952074645 2541.106467379561
241.64628225504435 56.25263018638754 39633339577010526 9 298-299-300-302-303-304-305-307-475 0.7104101808436635 1.0 11 1.417028554780991 1.0 [-1,-1] 1.0 1.0 1.0 0.0005823912580269674 0.15084542533972659 2610.07231083742 -688.6145242367303 -1276.028495683177 2170.262376537671
243.3791106345118 55.5596318213112 39633329397433740 9 298-299-300-302-303-304-305-307-475 0.8348137583591916 1.0 11 0.6814862932043477 1.0 [-1,-1] 1.0 1.0 1.0 0.0006366829495309179 0.1397804201853648 2964.337219641521 -751.2036580652226 -1498.7539697142813 2444.734086588383
242.41125071397067 55.49790813394364 39633329389044357 9 298-299-300-302-303-304-305-307-475 0.7729227438975587 1.0 11 0.552747547237245 1.0 [-1,-1] 1.0 1.0 1.0 0.0007064174578981374 0.12774458208408304 2791.4250592448243 -732.2721051309718 -1401.3775037064343 2300.4287681935616
244.3646416002072 55.49152380810818 39633329405823553 9 298-299-300-302-303-304-305-307-475 0.6813332264810917 1.0 11 1.0531911305228672 1.0 [-1,-1] 1.0 1.0 1.0 0.0008053318504768218 0.11384060807160488 2523.341851560595 -618.4811519552295 -1288.8280170863366 2079.340642339943
245.01701577638008 54.896351301419905 39633322502000336 9 298-299-300-302-303-304-305-307-475 0.869077202451033 1.0 11 1.304935915808128 1.0 [-1,-1] 1.0 1.0 1.0 0.0006576102792991648 0.1359368301360722 3057.3260938979897 -742.5479143204855 -1593.6346155943356 2501.2385234813833
244.14115745034704 55.00554752754297 39633322493611681 9 298-299-300-302-303-304-305-307-475 0.6648163374502903 1.0 11 0.7984744580808556 1.0 [-1,-1] 1.0 1.0 1.0 0.0006371005092682059 0.1397016056866948 2473.3874905694197 -618.6781087511766 -1276.4500091674768 2026.2177697260743
243.59547633026892 53.70173371983639 39633304848171836 8 298-299-300-302-303-304-305-308 1.0346694855332674 1.0 11 1.3699722974926767 1.0 [-1,-1] 1.0 1.0 1.0 0.00017557006270178804 0.37077784677498654 3480.9255695302063 -916.3916212921935 -1845.6930417188587 2805.4387201978307
244.644748543974 54.27015199270298 39633311978490305 8 298-299-300-302-303-304-305-308 0.630038707534073 1.0 11 1.3064950262077883 1.0 [-1,-1] 1.0 1.0 1.0 0.0007982518636535506 0.11473445525619816 2366.547224313476 -591.8040835585317 -1248.852825986634 1921.114340848681
243.57060036034406 53.71957153017571 39633304848171612 8 298-299-300-302-303-304-305-308 0.585493778113749 1.0 11 1.3480953984948552 1.0 [-1,-1] 1.0 1.0 1.0 0.0005369919189708607 0.1615383650856205 2226.3536634348143 -586.3756863225444 -1179.725826217873 1794.731501961767
241.76777716875978 54.734300815270025 39633318987170231 9 298-299-300-302-303-304-305-308-475 0.8813866771015703 1.0 11 0.6164564868354903 1.0 [-1,-1] 1.0 1.0 1.0 0.0005346154933450218 0.1621399955636538 3090.2692231248257 -844.0212946347889 -1571.9696110663344 2523.153476798327
242.2926519123468 55.941544733491156 39633336204790703 9 298-299-300-302-303-304-305-308-475 0.8616372995683796 1.0 11 0.9958887508073987 1.0 [-1,-1] 1.0 1.0 1.0 0.0006576102792991648 0.1359368301360722 3037.2969574394606 -790.8908619253277 -1505.9558047110245 2516.2991806323803
243.89681120103492 53.81376960983346 39633304848174749 9 298-299-300-302-303-304-305-308-475 0.8566349961381196 1.0 11 1.3437691972997445 1.0 [-1,-1] 1.0 1.0 1.0 0.0006576102792991648 0.1359368301360722 3023.779787573553 -785.5016360726623 -1603.182482420906 2440.4993979766264
242.18820337699884 54.90185185351518 39633322476832442 9 298-299-300-302-303-304-305-308-475 0.9061661627212152 1.0 11 0.33203412949188926 1.0 [-1,-1] 1.0 1.0 1.0 0.0005723615213970424 0.15308410280969617 3155.8540269571167 -846.6119586286148 -1604.9414152965644 2582.019729675653
242.28784217728074 55.937185326977016 39633336204790667 9 298-299-300-302-303-304-305-308-475 0.8662991199218532 1.0 11 0.9924006166404398 1.0 [-1,-1] 1.0 1.0 1.0 0.0006576102792991648 0.1359368301360722 3049.857605783648 -794.3779036000097 -1512.2871577589215 2526.5752936150275
242.2878176892735 55.93800827243651 39633336204790666 9 298-299-300-302-303-304-305-308-475 0.8653273728623584 1.0 11 0.9931973149082824 1.0 [-1,-1] 1.0 1.0 1.0 0.0006576102792991648 0.1359368301360722 3047.2422607187746 -793.6804850182016 -1510.957887108912 2524.433193133681
241.3464409807651 55.47395155625444 39633329376463663 7 298-299-300-302-303-304-306 0.8153348121556737 1.0 11 0.9405945038328132 1.0 [-1,-1] 1.0 1.0 1.0 0.000762533893525711 0.11946670068019369 2910.6116654913044 -791.0414684786297 -1447.6512227754108 2397.9615509090418
244.4649943319863 54.614383311753215 39633315505899248 9 298-299-300-302-303-304-306-307-308 0.6308797301401967 1.0 11 1.05405223335797 1.0 [-1,-1] 1.0 1.0 1.0 0.0007982518636535506 0.11473445525619816 2369.157720500408 -591.384778217402 -1237.9169922446204 1931.5107737238939
243.59240436699164 54.1054971887656 39633308421718740 9 298-299-300-302-303-304-306-307-308 0.8632419270073284 1.0 11 1.0017601479842624 1.0 [-1,-1] 1.0 1.0 1.0 0.0006576102792991648 0.1359368301360722 3041.6243753899525 -793.1243502547069 -1597.2069524323872 2464.013505868224
243.58947648442398 54.1066932033358 39633308421718700 9 298-299-300-302-303-304-306-307-308 0.8596396245994365 1.0 11 0.9998846383399251 1.0 [-1,-1] 1.0 1.0 1.0 0.0006576102792991648 0.1359368301360722 3031.9037288094532 -790.6481772708096 -1592.016159327972 2456.175936081458
240.96652803446273 55.86617529694591 39633332794821839 10 298-299-300-302-303-304-306-307-308-475 0.8241171999220183 1.0 11 1.3451885184728338 1.0 [-1,-1] 1.0 1.0 1.0 0.000762533893525711 0.11946670068019369 2934.9127581764437 -799.2553704352836 -1439.9103881555425 2429.3130356170595
243.69518382944042 56.083681444305135 39633336217374774 10 298-299-300-302-303-304-306-307-308-475 0.6575669196888342 1.0 11 1.2264534035552028 1.0 [-1,-1] 1.0 1.0 1.0 0.0006371005092682059 0.1397016056866948 2451.302893223974 -606.1277037568151 -1226.1467225009383 2034.2220370369905
243.60633958246316 54.12588044570279 39633311970099807 10 298-299-300-302-303-304-306-307-308-475 0.8524395435595263 1.0 11 0.9879936432214678 1.0 [-1,-1] 1.0 1.0 1.0 0.0006576102792991648 0.1359368301360722 3012.4115373028844 -784.7361646640436 -1581.2800423209028 2440.976413180082
240.80329742889504 54.951087305590654 39633322464248611 10 298-299-300-302-303-304-306-307-308-475 1.076596793361884 1.0 11 1.1178793397711857 1.0 [-1,-1] 1.0 1.0 1.0 0.00012850791192818028 0.44600300211103894 3581.7925427845053 -1003.3926615776106 -1795.602421200259 2932.277771838585
244.39025034613016 55.09346090107219 39633322497804417 10 298-299-300-302-303-304-306-307-308-475 0.775044240383086 1.0 11 0.9467480764379804 1.0 [-1,-1] 1.0 1.0 1.0 0.0007064174578981374 0.12774458208408304 2797.4598223090106 -691.9358332303319 -1443.551058124916 2294.159236563897
243.88055701983723 54.322294053254964 39633311970102593 10 298-299-300-302-303-304-306-307-308-475 0.8161161485188021 1.0 11 0.927558948799267 1.0 [-1,-1] 1.0 1.0 1.0 0.000762533893525711 0.11946670068019369 2912.778862710548 -747.8889448446783 -1525.3209134719436 2366.080924262224
241.62795046046585 55.69310689341335 39633332803208393 10 298-299-300-302-303-304-306-307-308-475 0.40851481022832625 1.0 11 0.9569413974701633 1.0 [-1,-1] 1.0 1.0 1.0 0.00024055914515870672 0.3007331513712552 1630.4272140006983 -436.68059234412084 -808.5663886705833 1346.7825940129603
243.15482246551386 54.392876261077454 39633315493316091 10 298-299-300-302-303-304-306-307-308-475 0.45633233252212746 1.0 11 0.6320367929279743 1.0 [-1,-1] 1.0 1.0 1.0 0.0005330850268982689 0.1625298359500762 1797.7505996439659 -472.6671779116861 -933.8915058295194 1461.6222537936108
241.99372483367657 55.60681550308768 39633329384850261 10 298-299-300-302-303-304-306-307-308-475 0.8872371837300407 1.0 11 0.7604615812270209 1.0 [-1,-1] 1.0 1.0 1.0 0.0005346154933450218 0.1621399955636538 3105.8416852265127 -823.8073760195703 -1548.9470546776342 2562.8806064098844
243.64524270412733 55.75450645891138 39633332819988532 10 298-299-300-302-303-304-306-307-308-475 0.7505172584318897 1.0 11 0.9266520868209223 1.0 [-1,-1] 1.0 1.0 1.0 0.0007242712797402853 0.12498917450484462 2727.2150220489502 -681.3015841984106 -1375.198660220368 2254.408696928376
241.350830909193 54.78725028118398 39633318982976047 10 298-299-300-302-303-304-306-307-308-475 0.8930294865703697 1.0 11 0.8275994844048384 1.0 [-1,-1] 1.0 1.0 1.0 0.0005723615213970424 0.15308410280969617 3121.205644220051 -862.8724127660448 -1579.3935369248293 2550.0768475319496
242.12910063231718 53.92555620699636 39633308404943493 9 298-299-300-302-303-304-306-307-475 0.46695533710722575 1.0 11 1.1145080667899336 1.0 [-1,-1] 1.0 1.0 1.0 0.0005330850268982689 0.1625298359500762 1834.276901770483 -504.9205418366278 -954.8013097297768 1482.5590908083332
242.1300706522575 55.09711289822822 39633322476831859 9 298-299-300-302-303-304-306-307-475 0.5602382028840219 1.0 11 0.3740404207679591 1.0 [-1,-1] 1.0 1.0 1.0 0.0006724560872077301 0.13333590500666823 2145.164066396532 -573.7842296601115 -1085.0665270918514 1759.2984855723273
242.28571747422325 55.37593036355225 39633329384853108 9 298-299-300-302-303-304-306-307-475 0.767500038161112 1.0 11 0.4764941029024133 1.0 [-1,-1] 1.0 1.0 1.0 0.0007242712797402853 0.12498917450484462 2775.964458768723 -733.5312884722221 -1396.3253858637092 2284.3349014476785
243.02107121380428 53.7491473709266 39633304839785885 9 298-299-300-302-303-304-306-307-475 0.7147132125066217 1.0 11 1.2409409519689791 1.0 [-1,-1] 1.0 1.0 1.0 0.0005823912580269674 0.15084542533972659 2622.7775368539324 -703.5879531441898 -1382.125443164209 2115.1017137183
242.13719909507958 55.096879250643816 39633322476831925 9 298-299-300-302-303-304-306-307-475 0.749076966373168 1.0 11 0.3700903989633422 1.0 [-1,-1] 1.0 1.0 1.0 0.0006073340474539246 0.1455520198534496 2723.057490001288 -728.1909009278455 -1377.475140422149 2233.235845847229
241.79873390311909 54.092305195624725 39633308400750310 9 298-299-300-302-303-304-306-307-475 0.8915923529938212 1.0 11 1.0452581805198795 1.0 [-1,-1] 1.0 1.0 1.0 0.0005723615213970424 0.15308410280969617 3117.3986386125816 -863.9980453127177 -1611.2640495974272 2524.9771904304953
244.42308812305237 54.525837922893174 39633315505898834 9 298-299-300-302-303-304-306-307-475 0.694502302600596 1.0 11 1.066987463564891 1.0 [-1,-1] 1.0 1.0 1.0 0.0005639081233901963 0.1550231922816235 2562.8126089572042 -642.0970561158462 -1341.546988338156 2087.0964321847273
241.33788396239768 54.402015584260695 39633315476537896 9 298-299-300-302-303-304-306-308-475 0.4281965641231305 1.0 11 1.000079295237092 1.0 [-1,-1] 1.0 1.0 1.0 0.0005613841910631427 0.1556117057517016 1699.8767921681185 -474.60174944532105 -868.2402168904929 1382.2059230625382
241.33359196516918 54.40211492800486 39633315476537846 9 298-299-300-302-303-304-306-308-475 0.9750741354909255 1.0 11 1.002046511884041 1.0 [-1,-1] 1.0 1.0 1.0 0.00030269805442075816 0.25472307248715254 3333.23193709492 -930.7560823911713 -1702.4295598367153 2710.3250460702234
241.02856261867947 55.081784850307905 39633322464250594 9 298-299-300-302-303-304-306-308-475 0.6381813145829377 1.0 11 0.9918262214959706 1.0 [-1,-1] 1.0 1.0 1.0 0.0007982518636535506 0.11473445525619816 2391.765395927274 -663.1375479012545 -1197.7395605752943 1961.175730716542
243.20324967921482 56.08861047452443 39633336213180209 9 298-299-300-302-303-304-306-308-475 0.9071688207751555 1.0 11 1.1378901306418716 1.0 [-1,-1] 1.0 1.0 1.0 0.0005723615213970424 0.15308410280969617 3158.48742733535 -794.4255539142904 -1572.916954771492 2621.233129905813
241.32466914757595 54.809991536752186 39633318982975774 8 298-299-300-302-303-304-306-475 0.6864782450212845 1.0 11 0.8371037021205029 1.0 [-1,-1] 1.0 1.0 1.0 0.0008053318504768218 0.11384060807160488 2538.8003261931026 -702.0550617809604 -1283.6415753063459 2074.8229063346535
241.2984869294875 54.81810357943985 39633318982975544 8 298-299-300-302-303-304-306-475 0.5526321192719041 1.0 11 0.8501872357768939 1.0 [-1,-1] 1.0 1.0 1.0 0.0006724560872077301 0.13333590500666823 2120.4674884246056 -586.7454110533791 -1071.6452336139275 1733.115312189615
243.96427788478 55.25183045643776 39633325958104784 8 298-299-300-302-303-304-306-475 0.9002860248120558 1.0 11 0.7457601239774911 1.0 [-1,-1] 1.0 1.0 1.0 0.0005723615213970424 0.15308410280969617 3140.3785724332856 -785.653545667514 -1608.2827844980432 2580.339622891802
243.44953990238122 55.10162357466527 39633322489414722 8 298-299-300-302-303-304-307-308 0.6340491609769504 1.0 11 0.41887501802726607 1.0 [-1,-1] 1.0 1.0 1.0 0.0007982518636535506 0.11473445525619816 2378.9834841566453 -608.3790998782517 -1217.5332508674278 1951.1663362598313
243.44076445390715 55.11176878455093 39633322489414625 8 298-299-300-302-303-304-307-308 0.6334674933772472 1.0 11 0.41711106025576905 1.0 [-1,-1] 1.0 1.0 1.0 0.0007982518636535506 0.11473445525619816 2377.181638519183 -607.950274234504 -1216.209151684065 1949.9293079316658
242.26552366851502 55.354631683291956 39633325941328171 9 298-299-300-302-303-304-307-308-475 0.8941573801696275 1.0 11 0.4657497831927882 1.0 [-1,-1] 1.0 1.0 1.0 0.0005723615213970424 0.15308410280969617 3124.1911758440465 -826.5465353068541 -1572.040057495244 2570.2298313233373
244.63001558328497 54.83190042288622 39633319012338604 9 298-299-300-302-303-304-307-308-475 0.7001727576671912 1.0 11 1.09092395985878 1.0 [-1,-1] 1.0 1.0 1.0 0.0005639081233901963 0.1550231922816235 2579.7110839408792 -636.6321470749277 -1342.5589048146392 2108.825353845384
