data_rosette/LRG_16_clustering_data.ecsv
# %ECSV 1.0
# ---
# datatype:
# - {name: RA, unit: deg, datatype: float64}
# - {name: DEC, unit: deg, datatype: float64}
# - {name: TARGETID, datatype: int64}
# - {name: NTILE, datatype: int64}
# - {name: TILES, datatype: string}
# - {name: Z, datatype: float64}
# - {name: COMP_TILE, datatype: float64}
# - {name: ROSETTE_NUMBER, datatype: int32}
# - {name: ROSETTE_R, unit: deg, datatype: float64}
# - {name: FRACZ_TILELOCID, datatype: float64}
# - {name: BITWEIGHTS, datatype: string, subtype: 'int64[2]'}
# - {name: PROB_OBS, datatype: float64}
# - {name: WEIGHT_ZFAIL, datatype: float64}
# - {name: WEIGHT, datatype: float64}
# - {name: NZ, unit: h3 / Mpc3, datatype: float64}
# - {name: WEIGHT_FKP, datatype: float64}
# - {name: theta, unit: deg, datatype: float64}
# - {name: phi, unit: deg, datatype: float64}
# - {name: rho, unit: Mpc, datatype: float64}
# - {name: r, unit: Mpc, datatype: float64}
# - {name: x, unit: Mpc, datatype: float64}
# - {name: y, unit: Mpc, datatype: float64}
# - {name: z, unit: Mpc, datatype: float64}
# meta: !!omap
# - {EXTNAME: LSS}
# - {DESIDR: edr}
# - comments: ['Visit https://desidatamodel.readthedocs.io/en/latest/ for a more complet', e description]
# schema: astropy-2.0
RA DEC TARGETID NTILE TILES Z COMP_TILE ROSETTE_NUMBER ROSETTE_R FRACZ_TILELOCID BITWEIGHTS PROB_OBS WEIGHT_ZFAIL WEIGHT NZ WEIGHT_FKP theta phi rho r x y z
[from data line 47]
195.86869837158127 23.9141883767875 39628351643582938 10 481-482-483-484-485-486-487-488-489-490 0.5051796872023258 1.0 16 1.2872086503551279 1.0 [-1,-1] 1.0 1.0 1.0 0.0005337442823398631 0.16272042362546515 66.08581162321249 164.13130162841873 1963.792550287773 1963.792550287773 -158.31565188708606 -153.0485726554567 -1951.4080735052448
195.89078383877703 23.647535764955013 39628346111296934 10 481-482-483-484-485-486-487-488-489-490 0.7208678741946327 1.0 16 1.4801277249007982 1.0 [-1,-1] 1.0 1.0 1.0 0.0006167714992318164 0.14396928707710532 66.35246423504499 164.10921616122297 2640.8922542349137 2640.8922542349137 -717.3666861671977 -663.4861218585097 -2453.463491099187
195.83788101773195 23.626853497262143 39628346111295921 10 481-482-483-484-485-486-487-488-489-490 0.7761784253567591 1.0 16 1.4617704373676002 1.0 [-1,-1] 1.0 1.0 1.0 0.0007324854237337303 0.12404708914385561 66.37314650273785 164.16211898226805 2800.682921533445 2800.682921533445 -759.8628317073519 -781.290610004588 -2579.926023489328
194.83088338700475 23.38987783767525 39628340553844792 10 481-482-483-484-485-486-487-488-489-490 0.6970676972250678 1.0 16 1.3122026187768534 1.0 [-1,-1] 1.0 1.0 1.0 0.0005843703162771602 0.15074849413407446 66.61012216232476 165.16911661299525 2570.464941939369 2570.464941939369 356.57924315998895 -1486.026338110287 -2066.8495309357536
194.50084437420915 24.022989513858164 39628351622611390 10 481-482-483-484-485-486-487-488-489-490 1.0585517128556452 1.0 16 0.7140434766823963 1.0 [-1,-1] 1.0 1.0 1.0 0.0001568149373683449 0.39812733398474315 65.97701048614184 165.49915562579085 3538.68171901476 3538.68171901476 6.759783467529422 -10.650428113720855 -3538.6592351055397
194.3847714799229 23.903106827293403 39628351618419954 10 481-482-483-484-485-486-487-488-489-490 0.8831482935831808 1.0 16 0.863617868800217 1.0 [-1,-1] 1.0 1.0 1.0 0.0005690156306133545 0.15418916366201427 66.0968931727066 165.6152285200771 3094.963905190563 3094.963905190563 240.10836327904522 -295.942446459119 -3071.411339547288
195.7457426132725 25.627202910676242 39628390059217672 10 481-482-483-484-485-486-487-488-489-490 0.4267397238266897 1.0 16 1.2930246861147736 1.0 [-1,-1] 1.0 1.0 1.0 0.0006262316776515472 0.14210347001521706 64.37279708932375 164.2542573867275 1694.7640164690515 1694.7640164690515 1064.3337050542066 1317.8998379627083 50.58510553279929
194.83283553683577 23.394089471485927 39628340553844834 10 481-482-483-484-485-486-487-488-489-490 1.0416390084410625 1.0 16 1.3080994920745326 1.0 [-1,-1] 1.0 1.0 1.0 0.00017111768859933566 0.3774092623312036 66.60591052851407 165.16716446316423 3497.8636277543496 3497.8636277543496 478.5353762648011 -2011.5717960073523 -2821.282113071587
195.73091965036912 24.511829087291648 39628362674603685 10 481-482-483-484-485-486-487-488-489-490 0.9744421224121993 1.0 16 0.9114779173079276 1.0 [-1,-1] 1.0 1.0 1.0 0.0003578035202613049 0.22475091060875194 65.48817091270836 164.26908034963088 3331.637730770357 3331.637730770357 958.3690501736879 1223.3526644478225 -2946.989479307697
193.6552803945719 25.811546182714586 39628390029854828 10 481-482-483-484-485-486-487-488-489-490 0.9422641126233321 1.0 16 1.4885335443889904 1.0 [-1,-1] 1.0 1.0 1.0 0.0004445766401596716 0.18918261239264766 64.18845381728542 166.3447196054281 3249.67885106798 3249.67885106798 -3135.013675928356 504.9330300766058 690.756485281421
193.37313500028785 25.028555735745773 39628373625932847 10 481-482-483-484-485-486-487-488-489-490 0.5110845977692241 1.0 16 1.2917139787710754 1.0 [-1,-1] 1.0 1.0 1.0 0.0006865842838717192 0.13125169390769817 64.97144426425423 166.62686499971215 1983.535079077691 1983.535079077691 -1658.7144076606962 -204.13818726412936 -1068.3658194883826
195.55462011648302 24.450316515848453 39628362670410842 10 481-482-483-484-485-486-487-488-489-490 0.719382451060197 1.0 16 0.7731589655811454 1.0 [-1,-1] 1.0 1.0 1.0 0.0006167714992318164 0.14396928707710532 65.54968348415154 164.44537988351698 2636.5264828449517 2636.5264828449517 508.52563545895737 957.454698283278 -2403.3214669617364
194.57324209083606 23.837764600088878 39628346090325821 10 481-482-483-484-485-486-487-488-489-490 0.8826638937153346 1.0 16 0.8771626392568351 1.0 [-1,-1] 1.0 1.0 1.0 0.0005690156306133545 0.15418916366201427 66.16223539991113 165.42675790916394 3093.6734799397773 3093.6734799397773 274.84988253501524 -511.41246210016226 -3038.7053881812612
193.66642825831536 25.79758485713356 39628390029855139 10 481-482-483-484-485-486-487-488-489-490 0.9283634121741148 1.0 16 1.4714414110492002 1.0 [-1,-1] 1.0 1.0 1.0 0.0004951280553168204 0.17321314004730964 64.20241514286644 166.33357174168464 3213.7868127493357 3213.7868127493357 -3103.725424404874 535.4564618614185 639.2186990030648
194.10448880984868 24.458594882487972 39628362649438644 10 481-482-483-484-485-486-487-488-489-490 0.9137980394901521 1.0 16 0.6347176058888765 1.0 [-1,-1] 1.0 1.0 1.0 0.0004951280553168204 0.17321314004730964 65.54140511751203 165.89551119015132 3175.858979757461 3175.858979757461 -1090.8145632303185 760.6053230463473 -2884.03942249483
193.2622619057995 25.08184850704411 39628373625930732 10 481-482-483-484-485-486-487-488-489-490 0.7882667624465707 1.0 16 1.4025140779937113 1.0 [-1,-1] 1.0 1.0 1.0 0.0007324854237337303 0.12404708914385561 64.91815149295589 166.7377380942005 2834.89814659145 2834.89814659145 -2399.6539448477324 -570.2921275239908 -1397.5247174230994
193.25785667220595 24.46877717512692 39628362636854940 10 481-482-483-484-485-486-487-488-489-490 0.9926265517859385 1.0 16 1.3764318636683872 1.0 [-1,-1] 1.0 1.0 1.0 0.0002622817504223413 0.28340640119267335 65.53122282487308 166.74214332779405 3377.270127918888 3377.270127918888 -1404.651413210989 -340.3680199311704 -3052.3855482729846
194.51813280037732 23.600145351660696 39628340549649942 10 481-482-483-484-485-486-487-488-489-490 0.8662752389520716 1.0 16 1.1200184692558894 1.0 [-1,-1] 1.0 1.0 1.0 0.0006812235016579503 0.1321480675826358 66.3998546483393 165.48186719962268 3049.79335117524 3049.79335117524 657.4413001714802 -1076.530320359837 -2776.7054022793777
194.53348983142166 23.590743950084196 39628340549650211 10 481-482-483-484-485-486-487-488-489-490 0.881955845257307 1.0 16 1.126712058171103 1.0 [-1,-1] 1.0 1.0 1.0 0.0005690156306133545 0.15418916366201427 66.4092560499158 165.46651016857834 3091.786589140715 3091.786589140715 663.0716457302927 -1124.2053557483594 -2802.7919336842688
195.41283572906173 24.066902966648374 39628351635196317 10 481-482-483-484-485-486-487-488-489-490 0.9880200230735471 1.0 16 0.8747995351087262 1.0 [-1,-1] 1.0 1.0 1.0 0.0003578035202613049 0.22475091060875194 65.93309703335163 164.58716427093827 3365.756595919432 3365.756595919432 46.10117798795622 127.70030561156562 -3363.0172132045354
195.31258456391407 24.058377704688112 39628351635194223 10 481-482-483-484-485-486-487-488-489-490 0.9615542924402289 1.0 16 0.8211270348758698 1.0 [-1,-1] 1.0 1.0 1.0 0.00041974738576830407 0.19815580287489248 65.94162229531189 164.68741543608593 3298.999018071063 3298.999018071063 25.58265758598384 101.80253016593227 -3297.3286602515814
193.97520831523883 25.66908227345443 39628390034049615 10 481-482-483-484-485-486-487-488-489-490 0.41614066318167886 1.0 16 1.1961182827225172 1.0 [-1,-1] 1.0 1.0 1.0 0.0006262316776515472 0.14210347001521706 64.33091772654558 166.02479168476117 1657.432645748269 1657.432645748269 -1466.6445071874853 762.8408489150328 118.78848410295127
194.2997884848389 24.96665914965783 39628373638516889 10 481-482-483-484-485-486-487-488-489-490 0.6584687260855816 1.0 16 0.4878992398882587 1.0 [-1,-1] 1.0 1.0 1.0 0.000700708733790897 0.12894715825466588 65.03334085034217 165.7002115151611 2454.055465873831 2454.055465873831 -1374.8514855167377 1427.5454518388224 -1447.1646780141984
193.96246021648588 24.545492383219308 39628362645246373 10 481-482-483-484-485-486-487-488-489-490 0.7560436671017163 1.0 16 0.7324108169979324 1.0 [-1,-1] 1.0 1.0 1.0 0.0006416626200019751 0.139161677870846 65.45450761678069 166.03753978351412 2743.1338295045757 2743.1338295045757 -1214.8829427920161 612.344225651486 -2381.99017445428
193.9874939502156 25.67147373128945 39628390034049890 10 481-482-483-484-485-486-487-488-489-490 0.5704029805861842 1.0 16 1.1915805832615571 1.0 [-1,-1] 1.0 1.0 1.0 0.0006621615122706149 0.13543705131792066 64.32852626871055 166.0125060497844 2177.990941401665 2177.990941401665 -1914.485859994651 1025.8525310348145 161.29171484524096
195.37495791968405 24.04696087549117 39628351635195545 10 481-482-483-484-485-486-487-488-489-490 0.9791883196637295 1.0 16 0.8663192311006432 1.0 [-1,-1] 1.0 1.0 1.0 0.0003578035202613049 0.22475091060875194 65.95303912450883 164.62504208031595 3343.595146231431 3343.595146231431 20.720347097702607 65.00420412788095 -3342.89898479811
194.02119451449812 24.388208583506938 39628362649436775 10 481-482-483-484-485-486-487-488-489-490 0.6489068368459673 1.0 16 0.7326092775345621 1.0 [-1,-1] 1.0 1.0 1.0 0.000833303205902425 0.11070054926254569 65.61179141649306 165.97880548550188 2424.7927147094474 2424.7927147094474 -742.1400226780104 430.4623993723829 -2267.939597690835
194.67778217081872 23.623215329120182 39628340549652839 10 481-482-483-484-485-486-487-488-489-490 0.7993919334954068 1.0 16 1.078798714739636 1.0 [-1,-1] 1.0 1.0 1.0 0.0007229154976227362 0.12548315978664992 66.37678467087981 165.32221782918128 2866.166896158599 2866.166896158599 426.2381127428355 -1041.0692320977669 -2636.1730978560963
194.22912018753948 25.02673660515882 39628373638515786 10 481-482-483-484-485-486-487-488-489-490 0.5935068991937328 1.0 16 0.574549631190847 1.0 [-1,-1] 1.0 1.0 1.0 0.0007756247847600315 0.11796159141779075 64.97326339484118 165.77087981246052 2251.8540923523133 2251.8540923523133 -1407.7028359282028 1268.7573565625596 -1216.3364456974648
194.31440835308078 24.626745284942412 39628368152363395 10 481-482-483-484-485-486-487-488-489-490 0.9104921868361827 1.0 16 0.4025756457359541 1.0 [-1,-1] 1.0 1.0 1.0 0.0004951280553168204 0.17321314004730964 65.37325471505758 165.68559164691922 3167.204730425975 3167.204730425975 -1221.9267236342291 1306.4589462894744 -2613.6652249592694
194.1907183923819 25.00878401761287 39628373638515138 10 481-482-483-484-485-486-487-488-489-490 0.6484601002609864 1.0 16 0.5940391022413527 1.0 [-1,-1] 1.0 1.0 1.0 0.000833303205902425 0.11070054926254569 64.99121598238713 165.8092816076181 2423.421371694012 2423.421371694012 -1547.960878207274 1290.9926606648764 -1345.4093111140842
194.66919530937872 23.439821341868093 39628340549652687 10 481-482-483-484-485-486-487-488-489-490 0.6874399625237853 1.0 16 1.2623363978720574 1.0 [-1,-1] 1.0 1.0 1.0 0.0007209928471550773 0.12577569469930108 66.5601786581319 165.33080469062128 2541.684489614555 2541.684489614555 544.3405642761616 -1297.6392347944893 -2116.5976970488946
195.5803593474882 24.4357411224131 39628362670411252 10 481-482-483-484-485-486-487-488-489-490 0.4482636518310944 1.0 16 0.8000849399825501 1.0 [-1,-1] 1.0 1.0 1.0 0.0005288673958748294 0.16397488484989944 65.5642588775869 164.4196406525118 1769.8510963860742 1769.8510963860742 346.1937187044608 613.180123756721 -1623.7404190135373
193.16298159672326 24.90171697719298 39628373621739639 10 481-482-483-484-485-486-487-488-489-490 0.9249574387991724 1.0 16 1.4546938215178808 1.0 [-1,-1] 1.0 1.0 1.0 0.0004951280553168204 0.17321314004730964 65.09828302280702 166.83701840327674 3204.9471743709482 3204.9471743709482 -2325.4332525013647 -803.3004379469481 -2053.960804169225
193.9884981076188 25.67156130397606 39628390034049915 10 481-482-483-484-485-486-487-488-489-490 0.5544664900827251 1.0 16 1.191125917247906 1.0 [-1,-1] 1.0 1.0 1.0 0.000677088223595666 0.13284793461577618 64.32843869602394 166.0115018923812 2126.4340425197506 2126.4340425197506 -1868.1477617203318 1003.4386895595478 157.65936020807524
194.46390649946136 23.717818966007407 39628346090324096 10 481-482-483-484-485-486-487-488-489-490 0.8776932437162528 1.0 16 1.0162495358639312 1.0 [-1,-1] 1.0 1.0 1.0 0.0005690156306133545 0.15418916366201427 66.2821810339926 165.53609350053864 3080.4101936355937 3080.4101936355937 530.4160526702374 -771.1973069612146 -2934.764127806453
193.6465779416855 25.80832033494842 39628390029854594 10 481-482-483-484-485-486-487-488-489-490 1.042362163459023 1.0 16 1.4913899186771704 1.0 [-1,-1] 1.0 1.0 1.0 0.00017111768859933566 0.3774092623312036 64.19167966505158 166.3534220583145 3499.6171737291857 3499.6171737291857 -3383.0918825481876 514.7256989804705 732.8486417439001
195.7251736785654 25.62060884664715 39628384602427495 10 481-482-483-484-485-486-487-488-489-490 0.5607319998649577 1.0 16 1.2753674536162678 1.0 [-1,-1] 1.0 1.0 1.0 0.000677088223595666 0.13284793461577618 64.37939115335286 164.2748263214346 2146.7634602526605 2146.7634602526605 1313.8049831976946 1697.061363028772 49.92544958044034
193.24740398539507 24.45895195931579 39628362636854756 10 481-482-483-484-485-486-487-488-489-490 0.9930899894081143 1.0 16 1.387528526007156 1.0 [-1,-1] 1.0 1.0 1.0 0.0002622817504223413 0.28340640119267335 65.54104804068422 166.75259601460493 3378.4267143396964 3378.4267143396964 -1372.3482084286732 -347.7665892993251 -3067.488526197587
195.7784311700494 25.579971049444556 39628384606617939 10 481-482-483-484-485-486-487-488-489-490 0.6822017237187135 1.0 16 1.2810531199560535 1.0 [-1,-1] 1.0 1.0 1.0 0.0007209928471550773 0.12577569469930108 64.42002895055545 164.2215688299506 2525.954694200665 2525.954694200665 1650.1681826254826 1911.927057622665 -43.8977509130699
194.14819119670193 25.76503264591414 39628390038241942 10 481-482-483-484-485-486-487-488-489-490 1.0440048855318278 1.0 16 1.1960925720917548 1.0 [-1,-1] 1.0 1.0 1.0 0.00017111768859933566 0.3774092623312036 64.23496735408585 165.85180880329807 3503.5977900433295 3503.5977900433295 -2744.5888068280606 2097.738658667866 584.7412040902967
193.244546692192 24.4759422815285 39628362636854694 10 481-482-483-484-485-486-487-488-489-490 0.7967117976360497 1.0 16 1.3871507165949426 1.0 [-1,-1] 1.0 1.0 1.0 0.0007229154976227362 0.12548315978664992 65.5240577184715 166.755453307808 2858.6532389322942 2858.6532389322942 -1202.9132893788571 -308.49056102744646 -2574.826505310757
195.77357576767744 25.584284767234465 39628384606617849 10 481-482-483-484-485-486-487-488-489-490 0.8206062770802733 1.0 16 1.2808248144542271 1.0 [-1,-1] 1.0 1.0 1.0 0.0006627118749498285 0.13533979738261318 64.41571523276554 164.22642423232256 2925.213380214776 2925.213380214776 1900.3496871859834 2223.5295531980464 -38.21926548989176
195.34611183312538 23.925681716296655 39628351635194945 10 481-482-483-484-485-486-487-488-489-490 0.9036048990420704 1.0 16 0.945872285227096 1.0 [-1,-1] 1.0 1.0 1.0 0.0005275616701708153 0.16431404058018498 66.07431828370335 164.65388816687462 3149.1199202731277 3149.1199202731277 -87.55480886602135 -304.79518117032035 -3133.1119235100455
195.702362170497 24.563511742891823 39628362674603157 10 481-482-483-484-485-486-487-488-489-490 0.859447125321054 1.0 16 0.8763936257038227 1.0 [-1,-1] 1.0 1.0 1.0 0.0006812235016579503 0.1321480675826358 65.43648825710818 164.297637829503 3031.383686713496 3031.383686713496 921.0147727444407 1247.4659725520637 -2604.7739809403706
195.5308856481381 24.443188312152586 39628362670410471 10 481-482-483-484-485-486-487-488-489-490 0.845289736595394 1.0 16 0.7551765757530707 1.0 [-1,-1] 1.0 1.0 1.0 0.0006232532477076302 0.14268566385842998 65.55681168784741 164.4691143518619 2992.9718435509976 2992.9718435509976 542.5927646143315 1082.877062153228 -2736.9418730290254
