data_rosette/LRG_0_clustering_data.ecsv
# %ECSV 1.0
# ---
# datatype:
# - {name: RA, unit: deg, datatype: float64}
# - {name: DEC, unit: deg, datatype: float64}
# - {name: TARGETID, datatype: int64}
# - {name: NTILE, datatype: int64}
# - {name: TILES, datatype: string}
# - {name: Z, datatype: float64}
# - {name: COMP_TILE, datatype: float64}
# - {name: ROSETTE_NUMBER, datatype: int32}
# - {name: ROSETTE_R, unit: deg, datatype: float64}
# - {name: FRACZ_TILELOCID, datatype: float64}
# - {name: BITWEIGHTS, datatype: string, subtype: 'int64[2]'}
# - {name: PROB_OBS, datatype: float64}
# - {name: WEIGHT_ZFAIL, datatype: float64}
# - {name: WEIGHT, datatype: float64}
# - {name: NZ, unit: h3 / Mpc3, datatype: float64}
# - {name: WEIGHT_FKP, datatype: float64}
# - {name: theta, unit: deg, datatype: float64}
# - {name: phi, unit: deg, datatype: float64}
# - {name: rho, unit: Mpc, datatype: float64}
# - {name: r, unit: Mpc, datatype: float64}
# - {name: x, unit: Mpc, datatype: float64}
# - {name: y, unit: Mpc, datatype: float64}
# - {name: z, unit: Mpc, datatype: float64}
# meta: !!omap
# - {EXTNAME: LSS}
# - {DESIDR: edr}
# - comments: ['Visit https://desidatamodel.readthedocs.io/en/latest/ for a more complet', e description]
# schema: astropy-2.0
RA DEC TARGETID NTILE TILES Z COMP_TILE ROSETTE_NUMBER ROSETTE_R FRACZ_TILELOCID BITWEIGHTS PROB_OBS WEIGHT_ZFAIL WEIGHT NZ WEIGHT_FKP theta phi rho r x y z
[from data line 150]
149.48018722722708 1.175968016114964 39627817431864410 10 1-2-3-4-5-6-7-8-9-10 0.6293121309300116 1.0 0 1.1814941981440592 1.0 [-1,-1] 1.0 1.0 1.0 0.0007214233604467519 0.12571007283523317 88.82403198388504 210.51981277277292 2364.290886459643 2364.290886459643 -1789.9113133243695 -59.27663839451065 1543.5592526269286
149.03760336478757 2.429146836982768 39627847626654608 10 1-2-3-4-5-6-7-8-9-10 0.745536653868807 1.0 0 1.089926477923513 1.0 [-1,-1] 1.0 1.0 1.0 0.0007126833197713517 0.12705585074725267 87.57085316301723 210.96239663521243 2712.8226055134123 2712.8226055134123 925.2152453201776 476.6185729469949 2505.2381073929228
151.4089151441782 1.6065590219818855 39627823505214388 10 1-2-3-4-5-6-7-8-9-10 0.8371942944223522 1.0 0 1.4291622203707643 1.0 [-1,-1] 1.0 1.0 1.0 0.0006232532477076302 0.14268566385842998 88.39344097801812 208.5910848558218 2970.859938116014 2970.859938116014 394.2549563238357 1170.74822915758 2701.8364838089606
151.05946955162455 3.1232738307458003 39627859739804860 10 1-2-3-4-5-6-7-8-9-10 0.829546800600982 1.0 0 1.3433486544373467 1.0 [-1,-1] 1.0 1.0 1.0 0.0006627118749498285 0.13533979738261318 86.8767261692542 208.94053044837545 2949.8723814157624 2949.8723814157624 64.31113858044846 -2611.730178347425 1369.845472892222
151.14289955928615 2.8324581576749 39627853700008931 10 1-2-3-4-5-6-7-8-9-10 0.9272968468240687 1.0 0 1.2282679455984051 1.0 [-1,-1] 1.0 1.0 1.0 0.0004951280553168204 0.17321314004730964 87.1675418423251 208.85710044071385 3211.020644544474 3211.020644544474 -135.0017242194122 -2292.870218810696 2243.9194000319144
149.16183197321968 1.043959239889022 39627811387870238 10 1-2-3-4-5-6-7-8-9-10 0.7560766364758408 1.0 0 1.4746422130203265 1.0 [-1,-1] 1.0 1.0 1.0 0.0006416626200019751 0.139161677870846 88.95604076011098 210.83816802678032 2743.2286376911115 2743.2286376911115 -2155.2583631571074 -790.2991566876676 1501.8628398188503
150.03012140284625 0.7566151547255423 39627805364847230 10 1-2-3-4-5-6-7-8-9-10 0.6605000144578832 1.0 0 1.4270954813181063 1.0 [-1,-1] 1.0 1.0 1.0 0.000700708733790897 0.12894715825466588 89.24338484527446 209.96987859715375 2460.250007504631 2460.250007504631 -2048.373731742389 1164.2119801247206 708.241215878018
150.02960047464643 0.7736786647347104 39627805364847217 10 1-2-3-4-5-6-7-8-9-10 0.7298636986096437 1.0 0 1.410078554612706 1.0 [-1,-1] 1.0 1.0 1.0 0.0006167714992318164 0.14396928707710532 89.22632133526528 209.97039952535357 2667.2476272817444 2667.2476272817444 -2209.6577356144576 1254.3567656201922 811.3024720917186
149.71246155720314 2.5446587816917554 39627847635046442 10 1-2-3-4-5-6-7-8-9-10 0.4767784249595537 1.0 0 0.5305200775718975 1.0 [-1,-1] 1.0 1.0 1.0 0.00048380039118235755 0.17655271186088778 87.45534121830825 210.28753844279686 1867.8458300983852 1867.8458300983852 892.6201460525626 -180.17126684666044 1630.8328039624103
149.20798042384027 1.1675804164107038 39627817427669103 10 1-2-3-4-5-6-7-8-9-10 0.8037910175736271 1.0 0 1.3505722887254146 1.0 [-1,-1] 1.0 1.0 1.0 0.0007229154976227362 0.12548315978664992 88.8324195835893 210.79201957615973 2878.4732151276353 2878.4732151276353 -2094.4981353323997 -660.1144904654197 1860.896147229583
151.14359129498519 2.831477422455325 39627853700008946 10 1-2-3-4-5-6-7-8-9-10 0.8968275305952346 1.0 0 1.2283357139402948 1.0 [-1,-1] 1.0 1.0 1.0 0.0005275616701708153 0.16431404058018498 87.16852257754468 208.85640870501481 3131.251044225495 3131.251044225495 -133.06689558543624 -2233.6748212416505 2190.3705385650137
149.56870611039855 2.0077875744877463 39627835555448400 11 1-2-3-4-5-6-7-8-9-10-11 0.7643910672332543 0.9880952380952381 0 0.5587895491079548 0.5 [-1,-1] 1.0 1.0 1.0 0.0006416626200019751 0.139161677870846 87.99221242551225 210.43129388960145 2767.077579146551 2767.077579146551 -76.29449078643097 4.232108085173257 2766.02233703062
149.13033868429847 2.6249811718449356 39627847626656478 11 1-2-3-4-5-6-7-8-9-10-11 0.8386274941288947 0.9880952380952381 0 1.0652779295357413 1.0 [-1,-1] 1.0 1.0 1.0 0.0006232532477076302 0.14268566385842998 87.37501882815506 210.86966131570153 2974.7824310576866 2974.7824310576866 1534.1958349531435 618.0377189897471 2472.5701264166114
149.60898217829424 1.1386423220324096 39627817436056114 11 1-2-3-4-5-6-7-8-9-10-11 0.807714916442036 0.9880952380952381 0 1.1530328138606976 1.0 [-1,-1] 1.0 1.0 1.0 0.0007229154976227362 0.12548315978664992 88.86135767796759 210.39101782170576 2889.4226614365098 2889.4226614365098 -2247.2096352803455 215.69416170949756 1803.4101585968886
150.572763226603 1.01567995076294 39627811413034388 11 1-2-3-4-5-6-7-8-9-10-11 0.9284055355547319 0.9880952380952381 0 1.2584219478056784 1.0 [-1,-1] 1.0 1.0 1.0 0.0004951280553168204 0.17321314004730964 88.98432004923706 209.427236773397 3213.8960249591214 3213.8960249591214 -1339.8563075850316 2387.910084281757 1682.7947479292116
150.14998010604037 0.7983503531351145 39627805364850036 11 1-2-3-4-5-6-7-8-9-10-11 0.5087001475610604 0.9880952380952381 0 1.3845513877530382 1.0 [-1,-1] 1.0 1.0 1.0 0.0005337442823398631 0.16272042362546515 89.20164964686488 209.85001989395963 1975.5713710332293 1975.5713710332293 -1500.8486565340404 1109.7399755105928 647.1574298266447
149.24393679612393 2.4551624130341887 39627847626658835 11 1-2-3-4-5-6-7-8-9-10-11 0.7053482386326145 0.9880952380952381 0 0.8979204144251715 1.0 [-1,-1] 1.0 1.0 1.0 0.0005843703162771602 0.15074849413407446 87.54483758696581 210.75606320387607 2595.083687766963 2595.083687766963 1019.4618589707464 281.43702524743236 2369.799583390538
149.24300047379327 2.5756237317502624 39627847626658816 11 1-2-3-4-5-6-7-8-9-10-11 0.7370263861954739 0.9880952380952381 0 0.942400991214297 1.0 [-1,-1] 1.0 1.0 1.0 0.0007126833197713517 0.12705585074725267 87.42437626824974 210.75699952620673 2688.129641892331 2688.129641892331 1332.370068854618 369.16276275076393 2305.330741095246
150.4120359615422 0.7844637115865292 39627805369044632 11 1-2-3-4-5-6-7-8-9-10-11 0.5424036769124166 0.9880952380952381 0 1.431923199417043 1.0 [-1,-1] 1.0 1.0 1.0 0.0007045118177349687 0.128340413101622 89.21553628841347 209.5879640384578 2087.0759308065913 2087.0759308065913 -1233.4960010821874 1550.396155709005 656.2357172763382
149.5517512255378 2.3956949738728985 39627847635043386 11 1-2-3-4-5-6-7-8-9-10-11 0.6770290486097771 0.9880952380952381 0 0.5880157235239724 1.0 [-1,-1] 1.0 1.0 1.0 0.0007209928471550773 0.12577569469930108 87.60430502612711 210.4482487744622 2510.372479368644 2510.372479368644 884.3647055691871 -34.028575239151486 2349.1937146140567
150.1187691501405 0.6825328195911129 39627805364849274 11 1-2-3-4-5-6-7-8-9-10-11 0.7091582244519496 0.9880952380952381 0 1.499584564437083 1.0 [-1,-1] 1.0 1.0 1.0 0.0005843703162771602 0.15074849413407446 89.31746718040888 209.8812308498595 2606.369509255763 2606.369509255763 -2092.351105537031 1448.341159539432 563.5039977853447
149.83176158627316 1.270020640707136 39627817440249873 11 1-2-3-4-5-6-7-8-9-10-11 0.6259716929214212 0.9880952380952381 0 0.9505742478183337 1.0 [-1,-1] 1.0 1.0 1.0 0.0007214233604467519 0.12571007283523317 88.72997935929287 210.16823841372684 2353.90450916322 2353.90450916322 -1548.815215667006 510.6312898588828 1697.4373484150628
149.82914602506122 1.2726159303277378 39627817440249818 11 1-2-3-4-5-6-7-8-9-10-11 1.024196683788144 0.9880952380952381 0 0.9488272044260168 1.0 [-1,-1] 1.0 1.0 1.0 0.00020304675497218746 0.33812883710054276 88.72738406967227 210.17085397493878 3455.3434847972876 3455.3434847972876 -2269.3351251559984 741.6055085304847 2497.906715107975
150.4318539957286 0.7344201624493981 39627805369045076 11 1-2-3-4-5-6-7-8-9-10-11 0.8700867233779335 0.9880952380952381 0 1.485105140152433 1.0 [-1,-1] 1.0 1.0 1.0 0.0005690156306133545 0.15418916366201427 89.2655798375506 209.5681460042714 3060.036970567056 3060.036970567056 -1790.1358366154438 2343.9187226002045 815.6500288399156
149.11287644706024 3.2142744617798873 39627865741855686 11 1-2-3-4-5-6-7-8-9-10-11 0.4946022898631612 0.9880952380952381 0 1.4275215185621195 1.0 [-1,-1] 1.0 1.0 1.0 0.0005337442823398631 0.16272042362546515 86.7857255382201 210.88712355293976 1928.2514009395404 1928.2514009395404 1641.0795906386118 694.6417267937261 736.5352088065694
149.20491349449068 2.5796911335383133 39627847626657974 11 1-2-3-4-5-6-7-8-9-10-11 0.9401871170581113 0.9880952380952381 0 0.9787503420790781 1.0 [-1,-1] 1.0 1.0 1.0 0.0004445766401596716 0.18918261239264766 87.42030886646168 210.79508650550932 3244.3347895145744 3244.3347895145744 1600.6910620607453 509.88539039424217 2775.520354628287
149.20584865236785 2.56542382071536 39627847626657998 11 1-2-3-4-5-6-7-8-9-10-11 0.9337104786275593 0.9880952380952381 0 0.9721861824079748 1.0 [-1,-1] 1.0 1.0 1.0 0.0004445766401596716 0.18918261239264766 87.43457617928463 210.79415134763215 3227.628183391801 3227.628183391801 1555.213105195402 493.79734069961796 2784.7908492329398
149.20610115170896 2.600939860962726 39627847626658008 11 1-2-3-4-5-6-7-8-9-10-11 0.5457652182391228 0.9880952380952381 0 0.9864942446977054 1.0 [-1,-1] 1.0 1.0 1.0 0.0007045118177349687 0.128340413101622 87.39906013903727 210.79389884829104 2098.0728228004796 2098.0728228004796 1071.6561353096745 339.96481320011856 1771.4080905350165
149.20649217705378 2.605022114377136 39627847626658021 11 1-2-3-4-5-6-7-8-9-10-11 0.538673090669319 0.9880952380952381 0 0.9878804853493044 1.0 [-1,-1] 1.0 1.0 1.0 0.0007045118177349687 0.128340413101622 87.39497788562286 210.79350782294622 2074.8454681747967 2074.8454681747967 1066.73192102198 337.94364950436716 1747.24377670602
148.84252412068744 1.528178802853544 39627823463270065 11 1-2-3-4-5-6-7-8-9-10-11 0.8038695586117697 0.9880952380952381 0 1.4167051376987525 1.0 [-1,-1] 1.0 1.0 1.0 0.0007229154976227362 0.12548315978664992 88.47182119714645 211.15747587931256 2878.6926345753322 2878.6926345753322 -1095.381744742252 -869.1910323876388 2516.250596991603
151.06492234986843 1.089782136905718 39627811421422833 11 1-2-3-4-5-6-7-8-9-10-11 1.0920020159028239 0.9880952380952381 0 1.4571300344159996 1.0 [-1,-1] 1.0 1.0 1.0 4.689797466212482e-05 0.6886505109163528 88.91021786309429 208.93507765013157 3618.241615226806 3618.241615226806 -56.22813042225635 2933.3558618410216 2117.5302055251123
151.0417630416146 1.107336430398194 39627811421422398 11 1-2-3-4-5-6-7-8-9-10-11 0.7503464718586335 0.9880952380952381 0 1.4286576778290905 1.0 [-1,-1] 1.0 1.0 1.0 0.0006416626200019751 0.139161677870846 88.89266356960181 208.9582369583854 2726.7222211391204 2726.7222211391204 -92.35388538506486 2180.6887429007998 1634.3443448961023
149.53051012738567 3.25265272743952 39627865750242818 11 1-2-3-4-5-6-7-8-9-10-11 0.4906694462224382 0.9880952380952381 0 1.2123850724815208 1.0 [-1,-1] 1.0 1.0 1.0 0.0005337442823398631 0.16272042362546515 86.74734727256048 210.46948987261433 1914.9786484472872 1914.9786484472872 1796.2704525209024 -30.931093818006495 663.0225884874311
150.6223133599794 2.802205545818011 39627853691619962 11 1-2-3-4-5-6-7-8-9-10-11 0.8770337134907563 0.9880952380952381 0 0.8105230996780097 1.0 [-1,-1] 1.0 1.0 1.0 0.0005690156306133545 0.15418916366201427 87.19779445418199 209.3776866400206 3078.6473879964897 3078.6473879964897 951.7009301443383 -1912.345342596097 2217.040903959831
149.17658769650436 2.5632114902846994 39627847626657311 11 1-2-3-4-5-6-7-8-9-10-11 0.5407223660370875 0.9880952380952381 0 0.998272489079948 1.0 [-1,-1] 1.0 1.0 1.0 0.0007045118177349687 0.128340413101622 87.4367885097153 210.82341230349564 2081.567297967985 2081.567297967985 989.4915155277787 346.3550115764771 1798.295627149256
149.43076142671543 1.9390343787571485 39627835551256448 11 1-2-3-4-5-6-7-8-9-10-11 0.8987687172127217 0.9880952380952381 0 0.7115707112739178 1.0 [-1,-1] 1.0 1.0 1.0 0.0005275616701708153 0.16431404058018498 88.06096562124286 210.56923857328457 3136.3764716869 3136.3764716869 -300.7618859754994 -24.8786250518006 3121.823299629747
149.22361022009682 2.5879881944049705 39627847626658417 11 1-2-3-4-5-6-7-8-9-10-11 0.8352526230817997 0.9880952380952381 0 0.9651694897332703 1.0 [-1,-1] 1.0 1.0 1.0 0.0006232532477076302 0.14268566385842998 87.41201180559503 210.77638977990318 2965.540420904925 2965.540420904925 1491.718957894147 444.6314336996609 2524.1845072906904
149.27195104364648 0.9865720197113383 39627811392061952 11 1-2-3-4-5-6-7-8-9-10-11 0.7880874200688655 0.9880952380952381 0 1.4540165399866392 1.0 [-1,-1] 1.0 1.0 1.0 0.0007324854237337303 0.12404708914385561 89.01342798028867 210.72804895635352 2834.3923567216475 2834.3923567216475 -2385.764017947116 -587.228742967546 1413.178150815984
149.0656206911297 1.9459389608372308 39627835547059737 11 1-2-3-4-5-6-7-8-9-10-11 0.8090476374602963 0.9880952380952381 0 1.0603188171511015 1.0 [-1,-1] 1.0 1.0 1.0 0.0007229154976227362 0.12548315978664992 88.05406103916278 210.9343793088703 2893.1356562751 2893.1356562751 -233.02156820409152 -111.89380480925928 2881.5646185375344
149.74286764958478 2.1795884539246857 39627841595250530 11 1-2-3-4-5-6-7-8-9-10-11 0.6310158618677443 0.9880952380952381 0 0.35688183642031773 1.0 [-1,-1] 1.0 1.0 1.0 0.000833303205902425 0.11070054926254569 87.82041154607532 210.25713235041522 2369.5801415076107 2369.5801415076107 331.53719107121606 -77.47877325590325 2344.9925751819765
150.36410917112298 1.6329304093077024 39627829528234370 11 1-2-3-4-5-6-7-8-9-10-11 0.5245817916483086 0.9880952380952381 0 0.6092234838214118 1.0 [-1,-1] 1.0 1.0 1.0 0.0006865842838717192 0.13125169390769817 88.3670695906923 209.63589082887702 2028.397752609905 2028.397752609905 -523.8802668180905 597.3335405913765 1866.3171086704665
149.19025992769855 1.036369358841002 39627811387870867 11 1-2-3-4-5-6-7-8-9-10-11 0.7568936129271097 0.9880952380952381 0 1.4626743567221598 1.0 [-1,-1] 1.0 1.0 1.0 0.0006416626200019751 0.139161677870846 88.963630641159 210.80974007230145 2745.577365856836 2745.577365856836 -2189.470672174766 -732.9430080029211 1485.6674576134355
149.3129623050516 1.0316441157306422 39627811392062835 11 1-2-3-4-5-6-7-8-9-10-11 0.752354473963038 0.9880952380952381 0 1.393642386695453 1.0 [-1,-1] 1.0 1.0 1.0 0.0006416626200019751 0.139161677870846 88.96835588426936 210.6870376949484 2732.513039506936 2732.513039506936 -2258.772607609973 -458.6517269238277 1467.7235473944222
149.21824726258234 2.5964511535356003 39627847626658273 11 1-2-3-4-5-6-7-8-9-10-11 0.4809520600248719 0.9880952380952381 0 0.9736031260983515 1.0 [-1,-1] 1.0 1.0 1.0 0.00048380039118235755 0.17655271186088778 87.4035488464644 210.78175273741766 1882.0486334659058 1882.0486334659058 958.1140029616876 291.18552147998173 1593.5292931540498
150.3629809858194 1.6293269125488032 39627829528234344 11 1-2-3-4-5-6-7-8-9-10-11 0.525750706916924 0.9880952380952381 0 0.6119881739710832 1.0 [-1,-1] 1.0 1.0 1.0 0.0006865842838717192 0.13125169390769817 88.3706730874512 209.6370190141806 2032.2658325423406 2032.2658325423406 -529.9993219826721 602.937011698394 1866.9954720730127
149.60472962446724 2.4526099308846416 39627847635044374 11 1-2-3-4-5-6-7-8-9-10-11 0.6764058573158456 0.9880952380952381 0 0.5640221599028524 1.0 [-1,-1] 1.0 1.0 1.0 0.0007209928471550773 0.12577569469930108 87.54739006911535 210.39527037553276 2508.491857792698 2508.491857792698 1012.2099119157064 -92.81266479204143 2293.326907374101
149.74613853168984 1.188312687831898 39627817436059265 11 1-2-3-4-5-6-7-8-9-10-11 0.8358232525551821 0.9880952380952381 0 1.054761101704998 1.0 [-1,-1] 1.0 1.0 1.0 0.0006232532477076302 0.14268566385842998 88.8116873121681 210.25386146831016 2967.1043961012965 2967.1043961012965 -2163.4230555060803 513.0508864972304 1964.7106576116444
