data_rosette/LRG_6_clustering_data.ecsv
# %ECSV 1.0
# ---
# datatype:
# - {name: RA, unit: deg, datatype: float64}
# - {name: DEC, unit: deg, datatype: float64}
# - {name: TARGETID, datatype: int64}
# - {name: NTILE, datatype: int64}
# - {name: TILES, datatype: string}
# - {name: Z, datatype: float64}
# - {name: COMP_TILE, datatype: float64}
# - {name: ROSETTE_NUMBER, datatype: int32}
# - {name: ROSETTE_R, unit: deg, datatype: float64}
# - {name: FRACZ_TILELOCID, datatype: float64}
# - {name: BITWEIGHTS, datatype: string, subtype: 'int64[2]'}
# - {name: PROB_OBS, datatype: float64}
# - {name: WEIGHT_ZFAIL, datatype: float64}
# - {name: WEIGHT, datatype: float64}
# - {name: NZ, unit: h3 / Mpc3, datatype: float64}
# - {name: WEIGHT_FKP, datatype: float64}
# - {name: theta, unit: deg, datatype: float64}
# - {name: phi, unit: deg, datatype: float64}
# - {name: rho, unit: Mpc, datatype: float64}
# - {name: r, unit: Mpc, datatype: float64}
# - {name: x, unit: Mpc, datatype: float64}
# - {name: y, unit: Mpc, datatype: float64}
# - {name: z, unit: Mpc, datatype: float64}
# meta: !!omap
# - {EXTNAME: LSS}
# - {DESIDR: edr}
# - comments: ['Visit https://desidatamodel.readthedocs.io/en/latest/ for a more complet', e description]
# schema: astropy-2.0
RA DEC TARGETID NTILE TILES Z COMP_TILE ROSETTE_NUMBER ROSETTE_R FRACZ_TILELOCID BITWEIGHTS PROB_OBS WEIGHT_ZFAIL WEIGHT NZ WEIGHT_FKP theta phi rho r x y z
[from data line 1685]
215.38785203001092 51.03330112316201 39633263865628269 10 163-164-166-167-168-169-170-171-172-173 0.49487109978734695 1.0 6 1.4683395551011662 1.0 [-1,-1] 1.0 1.0 1.0 0.0007365189099627642 0.12316671624379881 38.96669887683799 -215.38785203001092 1929.157444165746 1929.157444165746 -345.4677819511024 -1808.4537972472474 576.0167699259378
216.50741642879746 52.30893218132433 39633282681277357 10 163-164-166-167-168-169-170-171-172-173 0.6541546887420648 1.0 6 0.6436161348854245 1.0 [-1,-1] 1.0 1.0 1.0 0.0006371005092682059 0.1397016056866948 37.69106781867567 -216.50741642879746 2440.874088816183 2440.874088816183 18.96177241847462 5.094558603585317 2440.7951192416
214.81075877768478 51.282702569264586 39633267661473492 10 163-164-166-167-168-169-170-171-172-173 0.7862059326304259 1.0 6 1.2894611226973987 1.0 [-1,-1] 1.0 1.0 1.0 0.0007064174578981374 0.12774458208408304 38.717297430735414 -214.81075877768478 2829.082788172507 2829.082788172507 911.7884541912205 -2228.6936377414045 1485.0171400453582
213.80612939607792 51.89493818215507 39633278931568576 10 163-164-166-167-168-169-170-171-172-173 0.990223852300828 1.0 6 1.2016414545982914 1.0 [-1,-1] 1.0 1.0 1.0 0.00023297360745577845 0.30751381291380364 38.10506181784493 -213.80612939607792 3371.2687290821123 3371.2687290821123 1310.2917544891338 -235.4954266207864 3097.2778799851653
215.0114259106656 51.79075085278822 39633275202833890 10 163-164-166-167-168-169-170-171-172-173 0.4692641443361047 1.0 6 0.7700118504624416 1.0 [-1,-1] 1.0 1.0 1.0 0.0005330850268982689 0.1625298359500762 38.20924914721178 -215.0114259106656 1842.1847445997785 1842.1847445997785 167.82699332806126 -883.7389173536336 1607.633123415054
214.8148208398827 51.33348845268875 39633267661473532 10 163-164-166-167-168-169-170-171-172-173 0.4906741867868805 1.0 6 1.2406939037525586 1.0 [-1,-1] 1.0 1.0 1.0 0.0007365189099627642 0.12316671624379881 38.66651154731125 -214.8148208398827 1914.9946661017264 1914.9946661017264 591.1351507493783 -1461.8333363448678 1086.649484193226
213.89506117334517 52.21061938447745 39633282656110173 10 163-164-166-167-168-169-170-171-172-173 0.7543844996967325 1.0 6 1.0220344166332167 1.0 [-1,-1] 1.0 1.0 1.0 0.0007242712797402853 0.12498917450484462 37.78938061552255 -213.89506117334517 2738.360205565868 2738.360205565868 238.121629151453 -65.07241779566543 2727.2110819661957
213.35086998179497 52.255639084948086 39633282651914582 10 163-164-166-167-168-169-170-171-172-173 0.9168609001903844 1.0 6 1.3344502097915938 1.0 [-1,-1] 1.0 1.0 1.0 0.00042618922305278896 0.1953324009783564 37.744360915051914 -213.35086998179497 3183.861913065721 3183.861913065721 138.51074655488947 39.4443102244451 3180.603024734498
215.06641518571394 51.29625223976053 39633267665666352 10 163-164-166-167-168-169-170-171-172-173 0.7145017169791881 1.0 6 1.2331160540808326 1.0 [-1,-1] 1.0 1.0 1.0 0.0005823912580269674 0.15084542533972659 38.70374776023947 -215.06641518571394 2622.153846964742 2622.153846964742 292.76499587965617 -2193.5598032090757 1406.5115869003503
216.65346441644854 52.232033210851974 39633282685469397 10 163-164-166-167-168-169-170-171-172-173 0.6350603876952229 1.0 6 0.7535652757590551 1.0 [-1,-1] 1.0 1.0 1.0 0.0007982518636535506 0.11473445525619816 37.767966789148026 -216.65346441644854 2382.1144661517255 2382.1144661517255 -162.78122245868096 -19.038507275728872 2376.469890132187
215.77287076245892 53.04410567048388 39633293716489678 10 163-164-166-167-168-169-170-171-172-173 0.618573162495374 1.0 6 0.5685967059019928 1.0 [-1,-1] 1.0 1.0 1.0 0.0007056687116799521 0.12786279395313782 36.95589432951612 -215.77287076245892 2330.8249951214952 2330.8249951214952 856.1004388438199 1324.605454927245 1716.1752781320222
214.34369845658108 53.27006020554218 39633297340369108 10 163-164-166-167-168-169-170-171-172-173 0.6451028264770803 1.0 6 1.0391176090835474 1.0 [-1,-1] 1.0 1.0 1.0 0.0007982518636535506 0.11473445525619816 36.72993979445782 -214.34369845658108 2413.103632497978 2413.103632497978 -1501.66672462301 1304.8860892781713 1365.7739503092225
217.02920916948486 51.44677124435335 39633271465707928 10 163-164-166-167-168-169-170-171-172-173 1.0834931804124817 1.0 6 1.4129897926400758 1.0 [-1,-1] 1.0 1.0 1.0 0.00012850791192818028 0.44600300211103894 38.55322875564665 -217.02920916948486 3598.1496973792778 3598.1496973792778 -2622.2662481166103 695.659299977276 2363.5691458246256
216.69596658711538 52.25126156430292 39633282685469767 10 163-164-166-167-168-169-170-171-172-173 0.9388561967347747 1.0 6 0.7713126717695045 1.0 [-1,-1] 1.0 1.0 1.0 0.0003671239319408774 0.21984967794317842 37.74873843569708 -216.69596658711538 3240.9068981901773 3240.9068981901773 -160.33004499345122 -11.874280143710834 3236.9168665383027
217.0429812334263 51.37826373424696 39633271465708105 10 163-164-166-167-168-169-170-171-172-173 0.562252992262464 1.0 6 1.4706990044371302 1.0 [-1,-1] 1.0 1.0 1.0 0.0006724560872077301 0.13333590500666823 38.62173626575304 -217.0429812334263 2151.6868958091977 2151.6868958091977 -1651.7361226427565 462.62760547291975 1299.0380969811804
217.00659933391128 53.39330115208209 39633300985218654 10 163-164-166-167-168-169-170-171-172-173 0.729892364693803 1.0 6 1.27356921175156 1.0 [-1,-1] 1.0 1.0 1.0 0.0005823912580269674 0.15084542533972659 36.60669884791791 -217.00659933391128 2667.3313812441947 2667.3313812441947 2301.87027283438 -555.2766825974475 1227.8915873052529
215.20126501044848 51.29729009633213 39633267665667834 11 163-164-166-167-168-169-170-171-172-173-460 0.78111300088572 1.0 6 1.2167511674069724 1.0 [-1,-1] 1.0 1.0 1.0 0.0007064174578981374 0.12774458208408304 38.70270990366787 -215.20126501044848 2814.680145938171 2814.680145938171 -5.14724093737702 -2373.922603150923 1512.2464429114723
217.72646227202992 51.99094173242859 39633278973510691 11 163-164-166-167-168-169-170-171-172-173-460 0.45853536709962406 1.0 6 1.4550888686641614 1.0 [-1,-1] 1.0 1.0 1.0 0.0005330850268982689 0.1625298359500762 38.00905826757141 -217.72646227202992 1805.3447097814887 1805.3447097814887 -317.35099691323285 449.9967004999278 1719.3198758326978
216.87945702445978 52.36277602902425 39633282685471384 11 163-164-166-167-168-169-170-171-172-173-460 0.8239035885031063 1.0 6 0.8521771724349049 1.0 [-1,-1] 1.0 1.0 1.0 0.000762533893525711 0.11946670068019369 37.63722397097575 -216.87945702445978 2934.3232152786077 2934.3232152786077 180.3949225601268 -19.84424482208098 2928.7056201648115
216.02062448836566 52.292887310965625 39633282677082102 11 163-164-166-167-168-169-170-171-172-173-460 0.8215516522988255 1.0 6 0.37923144827073696 1.0 [-1,-1] 1.0 1.0 1.0 0.000762533893525711 0.11946670068019369 37.707112689034375 -216.02062448836566 2927.8271212588093 2927.8271212588093 -17.151371247102787 -15.954741441977342 2927.7334114752507
214.84780254050528 52.790921547539114 39633290046474867 11 163-164-166-167-168-169-170-171-172-173-460 0.7382921191090446 1.0 6 0.4911463697539413 1.0 [-1,-1] 1.0 1.0 1.0 0.0006073340474539246 0.1455520198534496 37.209078452460886 -214.84780254050528 2691.810309879161 2691.810309879161 -435.9622552900555 1189.5420683335615 2375.0303838054087
215.3859075460598 51.42102651153822 39633271448929913 11 163-164-166-167-168-169-170-171-172-173-460 0.48590472124454576 1.0 6 1.0812611232294758 1.0 [-1,-1] 1.0 1.0 1.0 0.000668512811805897 0.13401699399284683 38.57897348846178 -215.3859075460598 1898.8561816068013 1898.8561816068013 -271.7832060010188 -1437.8947795241697 1210.0608622624354
214.09008631164065 52.1358054362773 39633282656112077 11 163-164-166-167-168-169-170-171-172-173-460 0.6384925005566954 1.0 6 0.9356214716854474 1.0 [-1,-1] 1.0 1.0 1.0 0.0007982518636535506 0.11473445525619816 37.8641945637227 -214.09008631164065 2392.726679596156 2392.726679596156 352.02106495458634 -175.19207813991417 2360.196997887359
217.67890926861244 52.3298492168706 39633282693859758 11 163-164-166-167-168-169-170-171-172-173-460 0.8143379710587989 1.0 6 1.3397962550881286 1.0 [-1,-1] 1.0 1.0 1.0 0.000762533893525711 0.11946670068019369 37.6701507831294 -217.67890926861244 2907.8452381971765 2907.8452381971765 51.74430978807407 -66.42731987313957 2906.625856020176
215.2568657392378 53.58085205368617 39633300968440614 11 163-164-166-167-168-169-170-171-172-173-460 0.557118015502185 1.0 6 1.0906911333851546 1.0 [-1,-1] 1.0 1.0 1.0 0.0006724560872077301 0.13333590500666823 36.41914794631383 -215.2568657392378 2135.0467708450906 2135.0467708450906 118.09416121239535 2041.9745291002246 612.224227950435
216.91965146276246 51.47988590366243 39633271465706777 11 163-164-166-167-168-169-170-171-172-173-460 0.7174151870630406 1.0 6 1.343410445139893 1.0 [-1,-1] 1.0 1.0 1.0 0.0005823912580269674 0.15084542533972659 38.52011409633757 -216.91965146276246 2630.7384739477257 2630.7384739477257 -1903.702255141793 287.2459643794923 1792.8168891508562
214.0160546358228 52.16288153120496 39633282656111353 11 163-164-166-167-168-169-170-171-172-173-460 0.870444053714098 1.0 6 0.9674416137941557 1.0 [-1,-1] 1.0 1.0 1.0 0.0005346154933450218 0.1621399955636538 37.83711846879504 -214.0160546358228 3060.9961202986465 3060.9961202986465 389.8359894968045 -159.22151554560486 3031.8927518571254
215.37618383172426 53.47159641390235 39633300968441527 11 163-164-166-167-168-169-170-171-172-173-460 0.7660150834956634 1.0 6 0.9744510288268559 1.0 [-1,-1] 1.0 1.0 1.0 0.0007242712797402853 0.12498917450484462 36.52840358609765 -215.37618383172426 2771.72185881206 2771.72185881206 449.71400945960585 2512.9061676143765 1079.584163035923
213.91190483171218 52.14375569816069 39633282656110315 11 163-164-166-167-168-169-170-171-172-173-460 0.41944184516690347 1.0 6 1.033963211247607 1.0 [-1,-1] 1.0 1.0 1.0 0.0005613841910631427 0.1556117057517016 37.85624430183931 -213.91190483171218 1669.08516284002 1669.08516284002 250.7558191018252 -73.08549588828022 1648.5221594780076
215.87921901218652 52.27642913537788 39633282677081011 11 163-164-166-167-168-169-170-171-172-173-460 0.8524517498509128 1.0 6 0.32178886840511717 1.0 [-1,-1] 1.0 1.0 1.0 0.0006576102792991648 0.1359368301360722 37.72357086462212 -215.87921901218652 3012.4446537704407 3012.4446537704407 -46.332764083360125 -57.28130870217383 3011.543610621615
217.76629559991687 52.20438349037771 39633282693860486 11 163-164-166-167-168-169-170-171-172-173-460 0.8238526562501185 1.0 6 1.4154158750593608 1.0 [-1,-1] 1.0 1.0 1.0 0.000762533893525711 0.11946670068019369 37.79561650962229 -217.76629559991687 2934.1826369242026 2934.1826369242026 -153.61075438421184 237.3521234456994 2920.529995131157
215.32934745314463 52.826600511870105 39633290050669720 11 163-164-166-167-168-169-170-171-172-173-460 0.8741136968391221 1.0 6 0.3426077092784932 1.0 [-1,-1] 1.0 1.0 1.0 0.0005346154933450218 0.1621399955636538 37.173399488129895 -215.32934745314463 3070.834337607407 3070.834337607407 200.15374720828117 1527.9810904594574 2656.169383474167
215.15775932603884 53.82574933786329 39633304562960605 11 163-164-166-167-168-169-170-171-172-173-460 0.6391420234877973 1.0 6 1.341529472139917 1.0 [-1,-1] 1.0 1.0 1.0 0.0007982518636535506 0.11473445525619816 36.17425066213671 -215.15775932603884 2394.7325319994616 2394.7325319994616 -98.85954325652217 2390.16289687292 109.96370735707568
213.948559872489 52.145511756765615 39633282656110700 11 163-164-166-167-168-169-170-171-172-173-460 0.618337407682469 1.0 6 1.0123276103977359 1.0 [-1,-1] 1.0 1.0 1.0 0.0007056687116799521 0.12786279395313782 37.854488243234385 -213.948559872489 2330.087853430236 2330.087853430236 342.25127936610033 -113.51699686712686 2302.0181054669533
213.9615217380601 52.158340584940774 39633282656110846 11 163-164-166-167-168-169-170-171-172-173-460 0.6194373091938264 1.0 6 1.0003301296627314 1.0 [-1,-1] 1.0 1.0 1.0 0.0007056687116799521 0.12786279395313782 37.841659415059226 -213.9615217380601 2333.5260439678736 2333.5260439678736 313.277748629073 -108.43422639994111 2309.8577593945693
215.27284291258522 52.926311446266304 39633293712294787 11 163-164-166-167-168-169-170-171-172-173-460 0.6319485426746865 1.0 6 0.4479712603502991 1.0 [-1,-1] 1.0 1.0 1.0 0.0007982518636535506 0.11473445525619816 37.073688553733696 -215.27284291258522 2372.47333737992 2372.47333737992 102.33629241872963 1385.166794771737 1923.4006266231684
213.84779923125487 52.28892244420384 39633282656109755 11 163-164-166-167-168-169-170-171-172-173-460 0.8586981369680302 1.0 6 1.0300425440442376 1.0 [-1,-1] 1.0 1.0 1.0 0.0006576102792991648 0.1359368301360722 37.71107755579616 -213.84779923125487 3029.3597022773624 3029.3597022773624 35.3778840213329 -7.8925655016671525 3029.1428356077836
216.86329388941775 52.3570115631607 39633282685471237 11 163-164-166-167-168-169-170-171-172-173-460 0.7051220281794687 1.0 6 0.8434644805504758 1.0 [-1,-1] 1.0 1.0 1.0 0.0005639081233901963 0.1550231922816235 37.6429884368393 -216.86329388941775 2594.4127913664584 2594.4127913664584 144.89653221924218 -13.572942595913016 2590.32787542157
213.37245819064134 52.263259501813906 39633282651914774 11 163-164-166-167-168-169-170-171-172-173-460 0.9169655177497665 1.0 6 1.3200004072235585 1.0 [-1,-1] 1.0 1.0 1.0 0.00042618922305278896 0.1953324009783564 37.736740498186094 -213.37245819064134 3184.135009994005 3184.135009994005 115.88745636423103 30.31319825161492 3181.8810426127984
216.03697772810398 53.16151002247481 39633297357146678 11 163-164-166-167-168-169-170-171-172-173-460 0.9660598898034412 1.0 6 0.736777024376481 1.0 [-1,-1] 1.0 1.0 1.0 0.0003767415448896098 0.21544643941305056 36.83848997752519 -216.03697772810398 3310.437808686617 3310.437808686617 1865.5990298567083 1679.377735160092 2158.293114391119
214.66904806470382 51.67235386070001 39633275202830685 11 163-164-166-167-168-169-170-171-172-173-460 0.8900047315784809 1.0 6 0.9724609704995574 1.0 [-1,-1] 1.0 1.0 1.0 0.0005723615213970424 0.15308410280969617 38.32764613929999 -214.66904806470382 3113.1891834175394 3113.1891834175394 925.420354649643 -1579.2629423792214 2518.228071040393
214.68718824449738 51.649401142090575 39633275202830877 11 163-164-166-167-168-169-170-171-172-173-460 0.8407737672095245 1.0 6 0.9864431772412962 1.0 [-1,-1] 1.0 1.0 1.0 0.0006366829495309179 0.1397804201853648 38.350598857909425 -214.68718824449738 2980.6501971154107 2980.6501971154107 885.3284247810965 -1575.690189253873 2370.1623584319814
214.69839765623766 51.655223701347396 39633275202830988 11 163-164-166-167-168-169-170-171-172-173-460 0.6767909351721848 1.0 6 0.9779222173242299 1.0 [-1,-1] 1.0 1.0 1.0 0.0008053318504768218 0.11384060807160488 38.344776298652604 -214.69839765623766 2509.6540021057403 2509.6540021057403 724.922315401194 -1324.7592713542765 2004.4609549401596
213.75405616294154 53.51363705615611 39633300951665058 11 163-164-166-167-168-169-170-171-172-173-460 0.7291111988496858 1.0 6 1.4597672678450089 1.0 [-1,-1] 1.0 1.0 1.0 0.0005823912580269674 0.15084542533972659 36.48636294384389 -213.75405616294154 2665.048520035779 2665.048520035779 -2476.3280115403372 313.0644711659069 933.9560109015771
216.63619059772205 52.254467831532324 39633282685469278 11 163-164-166-167-168-169-170-171-172-173-460 0.8129391643059337 1.0 6 0.7357656127341907 1.0 [-1,-1] 1.0 1.0 1.0 0.000762533893525711 0.11946670068019369 37.745532168467676 -216.63619059772205 2903.960471906011 2903.960471906011 -133.551716407565 -17.963365999381356 2900.8322390167878
215.57071232692633 51.68850572214564 39633275211220212 11 163-164-166-167-168-169-170-171-172-173-460 0.8970477092755561 1.0 6 0.8126561886467943 1.0 [-1,-1] 1.0 1.0 1.0 0.0005723615213970424 0.15308410280969617 38.31149427785436 -215.57071232692633 3131.832693530309 3131.832693530309 -653.7037066815127 -1677.3550234675317 2562.7187924905843
