data_rosette/LRG_19_clustering_data.ecsv
# %ECSV 1.0
# ---
# datatype:
# - {name: RA, unit: deg, datatype: float64}
# - {name: DEC, unit: deg, datatype: float64}
# - {name: TARGETID, datatype: int64}
# - {name: NTILE, datatype: int64}
# - {name: TILES, datatype: string}
# - {name: Z, datatype: float64}
# - {name: COMP_TILE, datatype: float64}
# - {name: ROSETTE_NUMBER, datatype: int32}
# - {name: ROSETTE_R, unit: deg, datatype: float64}
# - {name: FRACZ_TILELOCID, datatype: float64}
# - {name: BITWEIGHTS, datatype: string, subtype: 'int64[2]'}
# - {name: PROB_OBS, datatype: float64}
# - {name: WEIGHT_ZFAIL, datatype: float64}
# - {name: WEIGHT, datatype: float64}
# - {name: NZ, unit: h3 / Mpc3, datatype: float64}
# - {name: WEIGHT_FKP, datatype: float64}
# - {name: theta, unit: deg, datatype: float64}
# - {name: phi, unit: deg, datatype: float64}
# - {name: rho, unit: Mpc, datatype: float64}
# - {name: r, unit: Mpc, datatype: float64}
# - {name: x, unit: Mpc, datatype: float64}
# - {name: y, unit: Mpc, datatype: float64}
# - {name: z, unit: Mpc, datatype: float64}
# meta: !!omap
# - {EXTNAME: LSS}
# - {DESIDR: edr}
# - comments: ['Visit https://desidatamodel.readthedocs.io/en/latest/ for a more complet', e description]
# schema: astropy-2.0
RA DEC TARGETID NTILE TILES Z COMP_TILE ROSETTE_NUMBER ROSETTE_R FRACZ_TILELOCID BITWEIGHTS PROB_OBS WEIGHT_ZFAIL WEIGHT NZ WEIGHT_FKP theta phi rho r x y z
[from data line 3711]
237.0513515150308 42.28821229767902 39633118675601591 10 572-573-574-575-576-577-578-579-580-581 0.5076643645922179 1.0 19 1.35493547809543 1.0 [-1,-1] 1.0 1.0 1.0 0.0007365189099627642 0.12316671624379881 47.71178770232098 -237.0513515150308 1972.1084317027412 1972.1084317027412 151.42813905577646 -1083.2239621968051 -1641.007931978942
236.28821592203448 44.03437931391911 39633149596010717 10 572-573-574-575-576-577-578-579-580-581 0.49856934081848703 1.0 19 0.5999905236066346 0.5 [-1,-1] 1.0 1.0 1.0 0.0007365189099627642 0.12316671624379881 45.96562068608089 -236.28821592203448 1941.6077176250185 1941.6077176250185 -1395.5659453901742 1102.8446783795466 -778.440644222909
235.85099459680367 42.970225691858715 39633132017683428 10 572-573-574-575-576-577-578-579-580-581 0.9311668575568149 1.0 19 0.5129524398367736 1.0 [-1,-1] 1.0 1.0 1.0 0.0003671239319408774 0.21984967794317842 47.029774308141285 -235.85099459680367 3221.049272039959 3221.049272039959 -294.6250285218391 69.46499949044703 -3206.7942121881542
235.62540640509286 42.45079370899317 39633123129952071 10 572-573-574-575-576-577-578-579-580-581 0.6863951712243133 1.0 19 1.057861936049094 1.0 [-1,-1] 1.0 1.0 1.0 0.0008053318504768218 0.11384060807160488 47.54920629100683 -235.62540640509286 2538.5511110138677 2538.5511110138677 1047.4106850189794 -6.239903421995559 -2312.3870056162955
235.35855810266213 43.05697095018633 39633132013487712 10 572-573-574-575-576-577-578-579-580-581 0.4711481360264406 1.0 19 0.6678927306076698 1.0 [-1,-1] 1.0 1.0 1.0 0.000668512811805897 0.13401699399284683 46.94302904981367 -235.35855810266213 1848.6294316181643 1848.6294316181643 -321.27227154456176 -85.77190005989202 -1818.4768582914687
234.96473230679214 42.98278818865151 39633132009292640 10 572-573-574-575-576-577-578-579-580-581 1.0290375299839478 1.0 19 0.950144246460668 1.0 [-1,-1] 1.0 1.0 1.0 0.00020130102782971312 0.3394727840281335 47.01721181134849 -234.96473230679214 3467.187763546754 3467.187763546754 -292.8343821982466 -224.8012795626047 -3447.4778312554713
234.97254616140387 43.257364756996125 39633136425896446 10 572-573-574-575-576-577-578-579-580-581 0.6599251549939485 1.0 19 0.842126253270812 1.0 [-1,-1] 1.0 1.0 1.0 0.0006371005092682059 0.1397016056866948 46.742635243003875 -234.97254616140387 2458.4977148523476 2458.4977148523476 -729.9452537916948 -551.3487083656172 -2281.9740450287245
235.6960598762961 42.54223094691379 39633123129953010 10 572-573-574-575-576-577-578-579-580-581 0.5362247964768266 1.0 19 0.9546327796089079 1.0 [-1,-1] 1.0 1.0 1.0 0.0006094867785671962 0.14511252611805409 47.45776905308621 -235.6960598762961 2066.803856416596 2066.803856416596 675.3266765447022 -51.83881305031733 -1952.6711956463982
235.16729422359455 43.62723553935916 39633145212964686 10 572-573-574-575-576-577-578-579-580-581 0.4720699021650664 1.0 19 0.6989673357939202 1.0 [-1,-1] 1.0 1.0 1.0 0.000668512811805897 0.13401699399284683 46.37276446064084 -235.16729422359455 1851.7799143664317 1851.7799143664317 -1136.7699411801625 -552.1467113228478 -1353.5054345127555
236.3067935669786 42.48861373247481 39633123138340595 10 572-573-574-575-576-577-578-579-580-581 0.611726239683649 1.0 19 0.9732203079229282 1.0 [-1,-1] 1.0 1.0 1.0 0.0007056687116799521 0.12786279395313782 47.51138626752519 -236.3067935669786 2309.3733621870992 2309.3733621870992 674.4980207709826 -553.6829909866508 -2138.15174659037
236.3395573875576 42.47078055920661 39633123138340927 10 572-573-574-575-576-577-578-579-580-581 0.6346732166716276 1.0 19 0.9947879306573024 1.0 [-1,-1] 1.0 1.0 1.0 0.0007982518636535506 0.11473445525619816 47.52921944079339 -236.3395573875576 2380.9159266947354 2380.9159266947354 705.7633403403213 -619.1376999067418 -2187.9961759506145
236.29004923219452 44.10477895064476 39633149596010729 10 572-573-574-575-576-577-578-579-580-581 0.746187279490947 1.0 19 0.6690026456445254 1.0 [-1,-1] 1.0 1.0 1.0 0.0006073340474539246 0.1455520198534496 45.89522104935524 -236.29004923219452 2714.7051845005226 2714.7051845005226 -2003.567719803165 1589.2932005586356 -910.7621827759712
234.56842725651367 43.14347559909492 39633136421701289 10 572-573-574-575-576-577-578-579-580-581 0.6345187780128683 1.0 19 1.156053777442351 1.0 [-1,-1] 1.0 1.0 1.0 0.0007982518636535506 0.11473445525619816 46.85652440090508 -234.56842725651367 2380.43776239901 2380.43776239901 -312.36045575345304 -545.8341931311621 -2295.8614766456517
235.40894266071828 43.742511294523034 39633145217158316 10 572-573-574-575-576-577-578-579-580-581 0.9252524884558926 1.0 19 0.5796852928835051 1.0 [-1,-1] 1.0 1.0 1.0 0.00042618922305278896 0.1953324009783564 46.257488705476966 -235.40894266071828 3205.7136352966795 3205.7136352966795 -2388.840994925408 -510.42810770463757 -2075.933948697767
237.30487476395933 42.587542186886914 39633123150923356 10 572-573-574-575-576-577-578-579-580-581 0.8907642113784162 1.0 19 1.2327967881405086 1.0 [-1,-1] 1.0 1.0 1.0 0.0005723615213970424 0.15308410280969617 47.412457813113086 -237.30487476395933 3115.2033836737096 3115.2033836737096 -101.39929847906978 -880.7057132393398 -2986.3971187013403
237.6462945399242 44.06394069251705 39633149612787874 10 572-573-574-575-576-577-578-579-580-581 0.6559578879864615 1.0 19 1.2744459796290144 1.0 [-1,-1] 1.0 1.0 1.0 0.0006371005092682059 0.1397016056866948 45.93605930748295 -237.6462945399242 2446.387908631519 2446.387908631519 999.3539210603201 2037.2620149792074 -914.1493435334957
236.3324591696752 42.481370554780725 39633123138340861 10 572-573-574-575-576-577-578-579-580-581 0.8230107630287393 1.0 19 0.9834511382247504 1.0 [-1,-1] 1.0 1.0 1.0 0.000762533893525711 0.11946670068019369 47.518629445219275 -236.3324591696752 2931.8582981138497 2931.8582981138497 852.8357133807051 -737.5120925345541 -2706.3887820427367
236.18917005495862 43.02594258774177 39633132021877791 10 572-573-574-575-576-577-578-579-580-581 0.5548015628044108 1.0 19 0.4290042438379134 1.0 [-1,-1] 1.0 1.0 1.0 0.0006724560872077301 0.13333590500666823 46.97405741225823 -236.18917005495862 2127.5231969194897 2127.5231969194897 -267.41913206526124 171.30202333541126 -2103.68666346421
235.43130402712129 43.236794687403815 39633136430092331 10 572-573-574-575-576-577-578-579-580-581 0.6362333408234081 1.0 19 0.5309923118335323 1.0 [-1,-1] 1.0 1.0 1.0 0.0007982518636535506 0.11473445525619816 46.763205312596185 -235.43130402712129 2385.7437740065657 2385.7437740065657 -827.1059574906201 -157.47841230514945 -2232.2342260507667
235.2631468737787 42.46223485129859 39633123125757356 10 572-573-574-575-576-577-578-579-580-581 0.7980462786520014 1.0 19 1.1622246301170895 1.0 [-1,-1] 1.0 1.0 1.0 0.0008239664519383997 0.11155322342262282 47.53776514870141 -235.2631468737787 2862.3959259148473 2862.3959259148473 1078.8428186264973 401.53120439825267 -2620.7215230326246
236.1191900900359 42.09142700829085 39633114170918820 10 572-573-574-575-576-577-578-579-580-581 0.8378221423044447 1.0 19 1.3586460114169148 1.0 [-1,-1] 1.0 1.0 1.0 0.0006366829495309179 0.1397804201853648 47.90857299170915 -236.1191900900359 2972.578697631616 2972.578697631616 1843.5589527991078 -1006.5211187298388 -2103.432846258317
235.0170013732521 44.58649087268676 39633158253053392 10 572-573-574-575-576-577-578-579-580-581 0.7019271725765633 1.0 19 1.3777022511559223 1.0 [-1,-1] 1.0 1.0 1.0 0.0005639081233901963 0.1550231922816235 45.41350912731324 -235.0170013732521 2584.927602755227 2584.927602755227 -2109.1387922016524 -1450.5308716852246 359.6449040430572
235.01721332715306 44.581256753610106 39633158253053398 10 572-573-574-575-576-577-578-579-580-581 0.7024088686372834 1.0 19 1.3733210474088395 1.0 [-1,-1] 1.0 1.0 1.0 0.0005639081233901963 0.1550231922816235 45.418743246389894 -235.01721332715306 2586.3588878599303 2586.3588878599303 -2112.13739188577 -1451.9337951555624 346.4335276719022
235.01772093122776 44.57906803276782 39633158253053404 10 572-573-574-575-576-577-578-579-580-581 0.7016749799937213 1.0 19 1.3713197439250944 1.0 [-1,-1] 1.0 1.0 1.0 0.0005639081233901963 0.1550231922816235 45.42093196723218 -235.01772093122776 2584.1780843345646 2584.1780843345646 -2111.7120461896166 -1450.063504584347 340.53551680446736
235.02182625491352 44.60179670385919 39633158253053464 10 572-573-574-575-576-577-578-579-580-581 1.0889012540139071 1.0 19 1.3883583490313436 1.0 [-1,-1] 1.0 1.0 1.0 0.00012850791192818028 0.44600300211103894 45.39820329614081 -235.02182625491352 3610.9312250279177 3610.9312250279177 -2949.3328152610907 -2007.4710010587737 557.0641225332981
235.1771649790051 43.06236566327042 39633132009295439 10 572-573-574-575-576-577-578-579-580-581 0.8495643306079226 1.0 19 0.775864175462526 1.0 [-1,-1] 1.0 1.0 1.0 0.0006366829495309179 0.1397804201853648 46.93763433672958 -235.1771649790051 3004.604126578607 3004.604126578607 -502.8556909793863 -238.13927921444477 -2952.6381077263877
236.71700373860415 43.15878720108299 39633136446868010 10 572-573-574-575-576-577-578-579-580-581 1.0073782815184962 1.0 19 0.5351717773579714 1.0 [-1,-1] 1.0 1.0 1.0 0.00023297360745577845 0.30751381291380364 46.84121279891701 -236.71700373860415 3413.9313843927343 3413.9313843927343 -434.0058031051045 847.5836951818403 -3278.4399247011806
237.21889914643717 42.97851043209613 39633132034460849 10 572-573-574-575-576-577-578-579-580-581 1.001035382105871 1.0 19 0.9419344066953679 1.0 [-1,-1] 1.0 1.0 1.0 0.00023297360745577845 0.30751381291380364 47.02148956790387 -237.21889914643717 3398.206831561658 3398.206831561658 9.952090422840868 347.22677072938353 -3380.4059217285403
235.270828244813 43.63286890228444 39633145217156363 10 572-573-574-575-576-577-578-579-580-581 0.680789358324071 1.0 19 0.6282471106596997 1.0 [-1,-1] 1.0 1.0 1.0 0.0008053318504768218 0.11384060807160488 46.36713109771556 -235.270828244813 2521.7049402628995 2521.7049402628995 -1627.174823689801 -591.4231780438223 -1833.4438969788314
236.7156245103138 43.156660246980934 39633136446867976 10 572-573-574-575-576-577-578-579-580-581 1.0071241680539673 1.0 19 0.5354986850180189 1.0 [-1,-1] 1.0 1.0 1.0 0.00023297360745577845 0.30751381291380364 46.843339753019066 -236.7156245103138 3413.3025420903778 3413.3025420903778 -431.9071366863459 840.6251861883895 -3279.853619518068
235.42538548856473 43.12683617509288 39633136430092256 10 572-573-574-575-576-577-578-579-580-581 0.965524086049936 1.0 19 0.587852630627355 1.0 [-1,-1] 1.0 1.0 1.0 0.0003767415448896098 0.21544643941305056 46.87316382490712 -235.42538548856473 3309.079108019959 3309.079108019959 -805.5953297672041 -158.32927692865633 -3205.612663416884
237.15287419836775 43.77050851453132 39633145238129346 10 572-573-574-575-576-577-578-579-580-581 0.8088649784836862 1.0 19 0.8269596271271447 1.0 [-1,-1] 1.0 1.0 1.0 0.0008239664519383997 0.11155322342262282 46.22949148546868 -237.15287419836775 2892.6269403245856 2892.6269403245856 -84.28089544464399 2254.1897003639333 -1810.7501598309423
235.15002772045997 43.02738273000368 39633132009295119 10 572-573-574-575-576-577-578-579-580-581 0.8517599530385263 1.0 19 0.8108885695483601 1.0 [-1,-1] 1.0 1.0 1.0 0.0006576102792991648 0.1359368301360722 46.97261726999632 -235.15002772045997 3010.567380564051 3010.567380564051 -404.6066351840514 -205.23189597542165 -2976.187039242605
235.1769647317825 43.06170092521794 39633132009295437 10 572-573-574-575-576-577-578-579-580-581 0.8505648854489261 1.0 19 0.7763259458612551 1.0 [-1,-1] 1.0 1.0 1.0 0.0006576102792991648 0.1359368301360722 46.93829907478206 -235.1769647317825 3007.3225834170626 3007.3225834170626 -501.48749906688306 -237.61429425529957 -2955.6790854515098
234.2556383142383 43.54969618490809 39633140817333887 10 572-573-574-575-576-577-578-579-580-581 0.5179511461460957 1.0 19 1.341537651060902 1.0 [-1,-1] 1.0 1.0 1.0 0.0006888416087567301 0.1305783864573065 46.45030381509191 -234.2556383142383 2006.4042648532045 2006.4042648532045 -257.2133047147682 -1224.865285967696 -1568.1850723464083
235.1235460383308 44.56507515023962 39633158253054540 10 572-573-574-575-576-577-578-579-580-581 1.0766748355707263 1.0 19 1.3177902604959506 1.0 [-1,-1] 1.0 1.0 1.0 0.00012850791192818028 0.44600300211103894 45.43492484976038 -235.1235460383308 3581.978012365537 3581.978012365537 -3128.519949489912 -1692.5123380690866 422.29301698905044
237.48619021337862 43.206368916079214 39633136455257682 10 572-573-574-575-576-577-578-579-580-581 0.9163625736718519 1.0 19 1.0373642036533268 1.0 [-1,-1] 1.0 1.0 1.0 0.00042618922305278896 0.1953324009783564 46.793631083920786 -237.48619021337862 3182.5608324618024 3182.5608324618024 300.9954977821899 987.1985971716274 -3010.5703931941507
234.87587523687876 44.32487417269047 39633153924532301 10 572-573-574-575-576-577-578-579-580-581 0.5589700528898348 1.0 19 1.242442849756687 1.0 [-1,-1] 1.0 1.0 1.0 0.0006724560872077301 0.13333590500666823 45.67512582730953 -234.87587523687876 2141.0543670961624 2141.0543670961624 -1564.2120730774966 -1438.5501217203566 -260.62989198957195
237.21447224669402 42.97953699639217 39633132034460810 10 572-573-574-575-576-577-578-579-580-581 0.46319221168222474 1.0 19 0.9386220041098419 1.0 [-1,-1] 1.0 1.0 1.0 0.0005330850268982689 0.1625298359500762 47.02046300360783 -237.21447224669402 1821.3643628946004 1821.3643628946004 4.555234497780361 187.98703579059924 -1811.6313826592286
235.92123470568302 44.53497278620618 39633158261444420 10 572-573-574-575-576-577-578-579-580-581 0.9132332848674249 1.0 19 1.0925678054611188 1.0 [-1,-1] 1.0 1.0 1.0 0.00042618922305278896 0.1953324009783564 45.46502721379382 -235.92123470568302 3174.381740139652 3174.381740139652 -3019.176912065395 939.8513252374644 279.19472099717575
237.06518056237863 44.40033861827077 39633158278218623 10 572-573-574-575-576-577-578-579-580-581 1.0324284907277013 1.0 19 1.177435532805695 1.0 [-1,-1] 1.0 1.0 1.0 0.00017557006270178804 0.37077784677498654 45.59966138172923 -237.06518056237863 3475.4646135598364 3475.4646135598364 -433.0560389769566 3444.5815185836414 -161.78661577591652
237.27748101019995 43.2805402718362 39633136455255537 10 572-573-574-575-576-577-578-579-580-581 0.6306374758617783 1.0 19 0.872622192401609 1.0 [-1,-1] 1.0 1.0 1.0 0.0007982518636535506 0.11473445525619816 46.7194597281638 -237.27748101019995 2368.405911271064 2368.405911271064 81.19668843332077 928.4117229371601 -2177.3390482522545
236.57976219198892 44.627265661961715 39633162581574385 10 572-573-574-575-576-577-578-579-580-581 0.7593688392063601 1.0 19 1.2267377026572184 1.0 [-1,-1] 1.0 1.0 1.0 0.0007242712797402853 0.12498917450484462 45.372734338038285 -236.57976219198892 2752.6863028888224 2752.6863028888224 -1552.4178898910577 2218.8864552733007 493.7848477450621
235.3197708469791 44.28373441492199 39633153928727576 10 572-573-574-575-576-577-578-579-580-581 0.7673390992775045 1.0 19 1.0057358648332027 1.0 [-1,-1] 1.0 1.0 1.0 0.0007242712797402853 0.12498917450484462 45.71626558507801 -235.3197708469791 2775.5048316459083 2775.5048316459083 -2616.580797097808 -808.4807155757978 -450.8779605290406
235.23251752175625 43.142671469099234 39633136430089835 10 572-573-574-575-576-577-578-579-580-581 1.0568830147216444 1.0 19 0.7021890769863147 1.0 [-1,-1] 1.0 1.0 1.0 0.00014839258087788972 0.41078905010633954 46.857328530900766 -235.23251752175625 3534.672228694788 3534.672228694788 -862.2541032969584 -351.3447894058067 -3409.836134568805
236.55436251661848 42.99088212626936 39633132026072044 10 572-573-574-575-576-577-578-579-580-581 0.9377623366395998 1.0 19 0.5660541981483425 1.0 [-1,-1] 1.0 1.0 1.0 0.0003671239319408774 0.21984967794317842 47.00911787373064 -236.55436251661848 3238.0875463438297 3238.0875463438297 -220.22922778187476 298.3473539103742 -3216.783937635893
