data_rosette/LRG_12_clustering_data.ecsv
# %ECSV 1.0
# ---
# datatype:
# - {name: RA, unit: deg, datatype: float64}
# - {name: DEC, unit: deg, datatype: float64}
# - {name: TARGETID, datatype: int64}
# - {name: NTILE, datatype: int64}
# - {name: TILES, datatype: string}
# - {name: Z, datatype: float64}
# - {name: COMP_TILE, datatype: float64}
# - {name: ROSETTE_NUMBER, datatype: int32}
# - {name: ROSETTE_R, unit: deg, datatype: float64}
# - {name: FRACZ_TILELOCID, datatype: float64}
# - {name: BITWEIGHTS, datatype: string, subtype: 'int64[2]'}
# - {name: PROB_OBS, datatype: float64}
# - {name: WEIGHT_ZFAIL, datatype: float64}
# - {name: WEIGHT, datatype: float64}
# - {name: NZ, unit: h3 / Mpc3, datatype: float64}
# - {name: WEIGHT_FKP, datatype: float64}
# - {name: theta, unit: deg, datatype: float64}
# - {name: phi, unit: deg, datatype: float64}
# - {name: rho, unit: Mpc, datatype: float64}
# - {name: r, unit: Mpc, datatype: float64}
# - {name: x, unit: Mpc, datatype: float64}
# - {name: y, unit: Mpc, datatype: float64}
# - {name: z, unit: Mpc, datatype: float64}
# meta: !!omap
# - {EXTNAME: LSS}
# - {DESIDR: edr}
# - comments: ['Visit https://desidatamodel.readthedocs.io/en/latest/ for a more complet', e description]
# schema: astropy-2.0
RA DEC TARGETID NTILE TILES Z COMP_TILE ROSETTE_NUMBER ROSETTE_R FRACZ_TILELOCID BITWEIGHTS PROB_OBS WEIGHT_ZFAIL WEIGHT NZ WEIGHT_FKP theta phi rho r x y z
[from data line 932]
239.24264464194457 43.90472661843762 39633149633757756 8 325-326-327-328-329-332-334-335 0.7066618079517409 1.0 12 1.383951220976631 1.0 [-1,-1] 1.0 1.0 1.0 0.0005639081233901963 0.1550231922816235 46.09527338156238 -239.24264464194457 2598.977656222156 2598.977656222156 1973.0198338064822 -1031.1987738018747 -1341.084144212347
242.04923004741494 43.68672372332653 39633145296850566 8 325-326-327-328-329-332-334-335 0.8990137682228323 1.0 12 0.7617068584495126 1.0 [-1,-1] 1.0 1.0 1.0 0.0005723615213970424 0.15308410280969617 46.31327627667347 -242.04923004741494 3137.0230718406906 3137.0230718406906 -2249.0475317041987 332.08301475759424 -2161.5780866546465
241.14446474812522 44.36718605121037 39633154000029907 9 325-326-327-328-329-332-334-335-478 0.8631213574369169 1.0 12 0.919707352173831 1.0 [-1,-1] 1.0 1.0 1.0 0.0006576102792991648 0.1359368301360722 45.63281394878963 -241.14446474812522 3041.2993636970223 3041.2993636970223 -2201.2612648817258 -2084.53621551379 -242.19708827040083
241.18488950538605 42.731950269281604 39633127651410660 9 325-326-327-328-329-332-334-335-478 0.9478526930745103 1.0 12 0.7247746787642021 1.0 [-1,-1] 1.0 1.0 1.0 0.0003671239319408774 0.21984967794317842 47.268049730718396 -241.18488950538605 3264.0254939577044 3264.0254939577044 353.2282948818998 308.398607850396 -3230.167564628281
241.8587445171874 43.015045560654436 39633132093179536 8 325-326-327-328-329-332-334-478 0.901457515454231 1.0 12 0.7323759243588434 1.0 [-1,-1] 1.0 1.0 1.0 0.0005723615213970424 0.15308410280969617 46.984954439345564 -241.8587445171874 3143.46605605843 3143.46605605843 -434.91566547260896 -19.100631776028827 -3113.175609467576
240.54361352838472 42.562103017380146 39633123188674920 8 325-326-327-328-329-332-334-478 0.8943589280847065 1.0 12 0.9620192679992373 1.0 [-1,-1] 1.0 1.0 1.0 0.0005723615213970424 0.15308410280969617 47.437896982619854 -240.54361352838472 3124.724460837266 3124.724460837266 202.8688627187202 943.5790041417625 -2971.9363794732885
239.22370620086852 43.914853146735936 39633149633757543 8 325-326-327-328-329-333-334-335 0.7104928877292916 1.0 12 1.4001176369469719 1.0 [-1,-1] 1.0 1.0 1.0 0.0005823912580269674 0.15084542533972659 46.085146853264064 -239.22370620086852 2610.316826481787 2610.316826481787 2012.9889403259642 -1004.0220208091407 -1324.2240152140528
242.47892949159018 43.82999561115735 39633145305236085 9 325-326-327-328-329-333-334-335-478 0.8321656339655927 1.0 12 1.101691132525817 1.0 [-1,-1] 1.0 1.0 1.0 0.0006366829495309179 0.1397804201853648 46.17000438884265 -242.47892949159018 2957.0703130914626 2957.0703130914626 -2022.4244253035272 1314.3455771074769 -1710.7191424779674
241.52620017902035 42.84067808943675 39633127655604884 9 325-326-327-328-329-333-334-335-478 0.7534197493032225 1.0 12 0.7014180849468276 1.0 [-1,-1] 1.0 1.0 1.0 0.0007242712797402853 0.12498917450484462 47.15932191056325 -241.52620017902035 2735.5822933455033 2735.5822933455033 90.12185777391254 35.62371666954062 -2733.8653012223317
239.72283273869536 42.40538066320821 39633123180284243 9 325-326-327-328-329-333-334-335-478 0.8483377450000148 1.0 12 1.426693127636265 1.0 [-1,-1] 1.0 1.0 1.0 0.0006366829495309179 0.1397804201853648 47.59461933679179 -239.72283273869536 3001.269324768073 3001.269324768073 -778.6686510300643 1116.4680926573117 -2674.844236544433
239.72295685736344 42.41205671442548 39633123180284246 9 325-326-327-328-329-333-334-335-478 0.6800804216677101 1.0 12 1.4217145458087972 1.0 [-1,-1] 1.0 1.0 1.0 0.0008053318504768218 0.11384060807160488 47.58794328557452 -239.72295685736344 2519.57039896141 2519.57039896141 -644.9884561976388 925.0398791540377 -2253.114757101606
239.99390135044334 44.369721534644135 39633153987445957 9 325-326-327-328-329-333-334-335-478 0.6792915575195974 1.0 12 1.1936167759236047 0.5 [-1,-1] 1.0 1.0 1.0 0.0008053318504768218 0.11384060807160488 45.630278465355865 -239.99390135044334 2517.194120373499 2517.194120373499 832.0687319911556 -2367.7530106824693 -194.09674208920904
241.95575140742562 42.435877182805875 39633123209642457 9 325-326-327-328-329-333-334-335-478 0.4946040348505 1.0 12 1.2116191363111932 1.0 [-1,-1] 1.0 1.0 1.0 0.0007365189099627642 0.12316671624379881 47.564122817194125 -241.95575140742562 1928.2572830192041 1928.2572830192041 820.5684187721591 -43.62723721077102 -1744.402557841428
239.94566301498642 44.37732576599625 39633158311774229 8 325-326-327-328-329-333-334-478 0.8456093287694308 1.0 12 1.2217892689392218 1.0 [-1,-1] 1.0 1.0 1.0 0.0006366829495309179 0.1397804201853648 45.62267423400375 -239.94566301498642 2993.8425712328494 2993.8425712328494 1124.8957859186933 -2766.654684940227 -208.14578171746714
241.67882181390482 43.54953702628493 39633140909607152 7 325-326-327-328-329-334-335 0.9253417617237364 1.0 12 0.4668658572494028 1.0 [-1,-1] 1.0 1.0 1.0 0.00042618922305278896 0.1953324009783564 46.45046297371507 -241.67882181390482 3205.945517116717 3205.945517116717 -1949.5772903718093 -443.7745123098521 -2506.052519364157
240.63133859310958 44.557929053359686 39633158320162908 8 325-326-327-328-329-334-335-478 0.5027362351071029 1.0 12 1.1481206256019902 1.0 [-1,-1] 1.0 1.0 1.0 0.0007365189099627642 0.12316671624379881 45.442070946640314 -240.63133859310958 1955.602456666328 1955.602456666328 -573.4346295650898 -1857.0427371157466 216.67017944466173
242.72703133001465 43.43124427951237 39633140922190318 8 325-326-327-328-329-334-335-478 0.6800555958420148 1.0 12 1.2177951032887255 1.0 [-1,-1] 1.0 1.0 1.0 0.0008053318504768218 0.11384060807160488 46.56875572048763 -242.72703133001465 2519.495634048971 2519.495634048971 -901.6563231313081 974.8760325558474 -2141.142416117463
242.841338888574 43.43870926306844 39633140922191580 7 325-326-327-328-329-335-478 0.7838850195065041 1.0 12 1.3006122159628868 1.0 [-1,-1] 1.0 1.0 1.0 0.0007064174578981374 0.12774458208408304 46.56129073693156 -242.841338888574 2822.524826900651 2822.524826900651 -889.4980626488059 1214.6246765107817 -2387.493767578389
241.6291780718871 42.334021542351344 39633118734320305 8 325-326-327-328-330-331-332-333 0.7345160812833911 1.0 12 1.1939182635331707 1.0 [-1,-1] 1.0 1.0 1.0 0.0006073340474539246 0.1455520198534496 47.665978457648656 -241.6291780718871 2680.821466040022 2680.821466040022 1331.7146304986236 373.5229151846509 -2296.4800255018217
241.13788693647558 43.07649987317755 39633132084790593 9 325-326-327-328-330-331-332-333-334 0.8274101876331107 1.0 12 0.3789437136375562 1.0 [-1,-1] 1.0 1.0 1.0 0.000762533893525711 0.11946670068019369 46.92350012682245 -241.13788693647558 2943.9914291768014 2943.9914291768014 -422.83624435401236 -405.72341387140557 -2885.0794715160955
240.00776527207796 44.72213149643427 39633162623516799 9 325-326-327-328-330-331-332-333-334 0.9774948049256611 1.0 12 1.4760331677791407 1.0 [-1,-1] 1.0 1.0 1.0 0.00030269805442075816 0.25472307248715254 45.27786850356573 -240.00776527207796 3339.3324010936435 3339.3324010936435 1023.3234411669639 -3046.3713417140684 907.5084948006088
242.08685614489406 42.76161724077943 39633127659801682 9 325-326-327-328-330-331-332-333-334 0.9245331826856896 1.0 12 1.0231762578857424 1.0 [-1,-1] 1.0 1.0 1.0 0.00042618922305278896 0.1953324009783564 47.23838275922057 -242.08685614489406 3203.844833471954 3203.844833471954 359.8234409661377 -67.04752942392113 -3182.8687433028667
240.7239415135797 43.89360707496064 39633149650536112 9 325-326-327-328-330-331-332-333-334 0.9754541435683368 1.0 12 0.5024010588789513 1.0 [-1,-1] 1.0 1.0 1.0 0.00030269805442075816 0.25472307248715254 46.10639292503936 -240.7239415135797 3334.190193238054 3334.190193238054 -1084.0021614007524 -2621.427478002941 -1752.1077410748603
242.5335188614389 42.51410055947307 39633123213839084 9 325-326-327-328-330-331-332-333-334 0.7312099821023643 1.0 12 1.4330546559876929 1.0 [-1,-1] 1.0 1.0 1.0 0.0006073340474539246 0.1455520198534496 47.48589944052693 -242.5335188614389 2671.179502402797 2671.179502402797 763.9086551963908 -558.0126342313098 -2498.052321431865
242.0349942747591 42.187463453802756 39633118738515545 9 325-326-327-328-330-331-332-333-334 0.40817367542294575 1.0 12 1.4546218000678146 1.0 [-1,-1] 1.0 1.0 1.0 0.00024055914515870672 0.3007331513712552 47.812536546197244 -242.0349942747591 1629.2162894933256 1629.2162894933256 1026.2993493775518 -136.63980036390473 -1257.9288248442856
240.85605018821784 42.02663735149357 39633114229639057 10 325-326-327-328-330-331-332-333-334-335 0.6917906102887222 0.9090909090909091 12 1.4304716331070833 1.0 [-1,-1] 1.0 1.0 1.0 0.0005639081233901963 0.1550231922816235 47.97336264850643 -240.85605018821784 2554.7108859124683 2554.7108859124683 960.2265135222592 1660.807546764085 -1687.077664465989
242.4321267749883 42.476619264921496 39633123213838109 10 325-326-327-328-330-331-332-333-334-335 1.0928929503705476 0.9090909090909091 12 1.4036890127737505 1.0 [-1,-1] 1.0 1.0 1.0 5.9370222311395755e-05 0.6353792046182113 47.523380735078504 -242.4321267749883 3620.3396717162886 3620.3396717162886 1215.3047819090211 -711.2394069474917 -3335.2709232799743
242.07780839442069 42.19097508705234 39633118738516049 10 325-326-327-328-330-331-332-333-334-335 0.7518452155127476 0.9090909090909091 12 1.4674453741354727 1.0 [-1,-1] 1.0 1.0 1.0 0.0007242712797402853 0.12498917450484462 47.80902491294766 -242.07780839442069 2731.045071570551 2731.045071570551 1701.697102420928 -301.1801918158078 -2114.7398531781178
240.3480374641386 42.67028667730581 39633127638829993 10 325-326-327-328-330-331-332-333-334-335 0.7585411825976166 0.9090909090909091 12 0.9332644961478526 1.0 [-1,-1] 1.0 1.0 1.0 0.0007242712797402853 0.12498917450484462 47.32971332269419 -240.3480374641386 2750.310431189313 2750.310431189313 9.10516201008596 562.0164492673518 -2692.2596595957148
242.66410828845403 42.86435006779453 39633127668189321 10 325-326-327-328-330-331-332-333-334-335 0.5898141205822193 0.9090909090909091 12 1.3150325903883477 1.0 [-1,-1] 1.0 1.0 1.0 0.0005369919189708607 0.1615383650856205 47.13564993220547 -242.66410828845403 2240.117881752819 2240.117881752819 19.067922189038182 -18.176704206469168 -2239.962978693246
239.7702803541756 42.40105359962295 39633123180284854 10 325-326-327-328-330-331-332-333-334-335 0.8493247736642043 0.9090909090909091 12 1.4065089358141105 1.0 [-1,-1] 1.0 1.0 1.0 0.0006366829495309179 0.1397804201853648 47.59894640037705 -239.7702803541756 3003.9530199511723 3003.9530199511723 -731.6486166016507 1162.968594069118 -2671.31579883539
240.86129752694325 44.91820831747296 39633166922681827 10 325-326-327-328-330-331-332-333-334-335 0.45579053665230934 0.9090909090909091 12 1.4744297630315022 0.5 [-1,-1] 1.0 1.0 1.0 0.0005330850268982689 0.1625298359500762 45.08179168252704 -240.86129752694325 1795.8814290877206 1795.8814290877206 -808.1529632483216 -1381.006630326732 815.4137491658545
241.73674828351722 43.2740228938938 39633136509781550 10 325-326-327-328-330-331-332-333-334-335 0.6017673067947282 0.9090909090909091 12 0.52938924666588 1.0 [-1,-1] 1.0 1.0 1.0 0.0006106036532175123 0.14488555312656437 46.7259771061062 -241.73674828351722 2278.0116284610067 2278.0116284610067 -870.6004605648652 -145.75994066699897 -2100.0347276091807
241.5247802992636 43.46266634444233 39633140909605350 10 325-326-327-328-330-331-332-333-334-335 0.8941959720438224 0.9090909090909091 12 0.3448746483556456 1.0 [-1,-1] 1.0 1.0 1.0 0.0005723615213970424 0.15308410280969617 46.53733365555767 -241.5247802992636 3124.2932928478626 3124.2932928478626 -1607.297802654727 -637.979135637644 -2602.073207234276
242.0194952813745 42.179947637981776 39633118738515344 10 325-326-327-328-330-331-332-333-334-335 0.5398085504113378 0.9090909090909091 12 1.455583707767569 1.0 [-1,-1] 1.0 1.0 1.0 0.0006094867785671962 0.14511252611805409 47.820052362018224 -242.0194952813745 2078.5709227127354 2078.5709227127354 1323.8503309046296 -155.41453079356086 -1594.9055475885687
241.80794295416712 44.00501743078077 39633149663119270 11 325-326-327-328-330-331-332-333-334-335-478 0.6148548505766146 1.0 12 0.7797606708160495 1.0 [-1,-1] 1.0 1.0 1.0 0.0007056687116799521 0.12786279395313782 45.99498256921923 -241.80794295416712 2319.186499937103 2319.186499937103 -2087.0262933559466 -198.2161702587765 -991.7951513187552
241.1791440538696 42.946935928793756 39633132084791098 11 325-326-327-328-330-331-332-333-334-335-478 0.634104586831557 1.0 12 0.5117972301893887 1.0 [-1,-1] 1.0 1.0 1.0 0.0007982518636535506 0.11473445525619816 47.053064071206244 -241.1791440538696 2379.155144842006 2379.155144842006 -126.1891932392256 -111.45812483342527 -2373.1903794568266
241.19778799537616 44.49851383641143 39633158328549751 11 325-326-327-328-330-331-332-333-334-335-478 0.8273995147781315 1.0 12 1.053893563347605 1.0 [-1,-1] 1.0 1.0 1.0 0.000762533893525711 0.11946670068019369 45.50148616358857 -241.19778799537616 2943.9620335139007 2943.9620335139007 -2239.4631232258653 -1904.9029222379788 151.8625409110619
241.16081864561738 43.21542234513211 39633136501394271 11 325-326-327-328-330-331-332-333-334-335-478 0.665776959286342 1.0 12 0.24804070801919587 1.0 [-1,-1] 1.0 1.0 1.0 0.0006371005092682059 0.1397016056866948 46.78457765486789 -241.16081864561738 2476.3066158215133 2476.3066158215133 -607.6432974146985 -556.8592286210783 -2335.11710159639
239.61111874590046 43.763015389856605 39633145267490006 11 325-326-327-328-330-331-332-333-334-335-478 0.6207956999023788 1.0 12 1.0878717654384404 1.0 [-1,-1] 1.0 1.0 1.0 0.0007056687116799521 0.12786279395313782 46.236984610143395 -239.61111874590046 2337.769070670161 2337.769070670161 1195.8187494522476 -1361.4512136786655 -1477.0349823255303
239.87554758979792 42.26198200060617 39633118709157675 11 325-326-327-328-330-331-332-333-334-335-478 1.062646217661828 1.0 12 1.4671453731016941 1.0 [-1,-1] 1.0 1.0 1.0 0.00014839258087788972 0.41078905010633954 47.73801799939383 -239.87554758979792 3548.503392340621 3548.503392340621 -900.9871350765052 1835.6135681887295 -2900.1071249457264
239.8029093262888 44.5827455615451 39633158311772637 11 325-326-327-328-330-331-332-333-334-335-478 0.7545784399671277 1.0 12 1.4447523937341031 1.0 [-1,-1] 1.0 1.0 1.0 0.0007242712797402853 0.12498917450484462 45.4172544384549 -239.8029093262888 2738.918442978882 2738.918442978882 1369.3504204523692 -2342.8572829319396 370.9089040580639
242.40657169837112 43.208473585291 39633136518170142 11 325-326-327-328-330-331-332-333-334-335-478 0.48941039377264633 1.0 12 1.0159156548913013 1.0 [-1,-1] 1.0 1.0 1.0 0.000668512811805897 0.13401699399284683 46.791526414709 -242.40657169837112 1910.7228775620945 1910.7228775620945 -545.9274355475546 301.0385839643316 -1806.156394369101
241.1891865435601 44.521394449667596 39633158328549654 11 325-326-327-328-330-331-332-333-334-335-478 0.9080129547478742 1.0 12 1.0760642580741338 1.0 [-1,-1] 1.0 1.0 1.0 0.0005723615213970424 0.15308410280969617 45.478605550332404 -241.1891865435601 3160.7032564673914 3160.7032564673914 -2383.212424655187 -2062.7692009272873 235.2165770487166
240.57083157067873 43.91160726968035 39633149646344059 11 325-326-327-328-330-331-332-333-334-335-478 0.5001360171487159 1.0 12 0.5772038404105793 1.0 [-1,-1] 1.0 1.0 1.0 0.0007365189099627642 0.12316671624379881 46.08839273031965 -240.57083157067873 1946.8736170011393 1946.8736170011393 -396.40468717806465 -1626.9413353938694 -993.097223712348
239.6166825721209 43.74064689784586 39633145267490057 11 325-326-327-328-330-331-332-333-334-335-478 0.7650248591638403 1.0 12 1.0779543891851577 1.0 [-1,-1] 1.0 1.0 1.0 0.0007242712797402853 0.12498917450484462 46.25935310215414 -239.6166825721209 2768.8906091426993 2768.8906091426993 1381.3428110516313 -1590.4324335343606 -1796.9896822510077
