data_rosette/LRG_2_clustering_data.ecsv
# %ECSV 1.0
# ---
# datatype:
# - {name: RA, unit: deg, datatype: float64}
# - {name: DEC, unit: deg, datatype: float64}
# - {name: TARGETID, datatype: int64}
# - {name: NTILE, datatype: int64}
# - {name: TILES, datatype: string}
# - {name: Z, datatype: float64}
# - {name: COMP_TILE, datatype: float64}
# - {name: ROSETTE_NUMBER, datatype: int32}
# - {name: ROSETTE_R, unit: deg, datatype: float64}
# - {name: FRACZ_TILELOCID, datatype: float64}
# - {name: BITWEIGHTS, datatype: string, subtype: 'int64[2]'}
# - {name: PROB_OBS, datatype: float64}
# - {name: WEIGHT_ZFAIL, datatype: float64}
# - {name: WEIGHT, datatype: float64}
# - {name: NZ, unit: h3 / Mpc3, datatype: float64}
# - {name: WEIGHT_FKP, datatype: float64}
# - {name: distance, unit: Mpc, datatype: float64}
# - {name: x, unit: Mpc, datatype: float64}
# - {name: y, unit: Mpc, datatype: float64}
# - {name: z, unit: Mpc, datatype: float64}
# meta: !!omap
# - {EXTNAME: LSS}
# - {DESIDR: edr}
# - comments: ['Visit https://desidatamodel.readthedocs.io/en/latest/ for a more complet', e description]
# schema: astropy-2.0
RA DEC TARGETID NTILE TILES Z COMP_TILE ROSETTE_NUMBER ROSETTE_R FRACZ_TILELOCID BITWEIGHTS PROB_OBS WEIGHT_ZFAIL WEIGHT NZ WEIGHT_FKP distance x y z
[from data line 1204]
183.29804531496166 0.5440500796788488 39627799882892257 9 55-56-57-58-59-62-64-65-448 0.5095804075101574 1.0 2 0.5789743147739708 1.0 [-1,-1] 1.0 1.0 1.0 0.0005337442823398631 0.16272042362546515 1978.5126451175222 -1975.1467458745246 -113.81863742156953 18.786615626774385
182.99418622213136 -1.4686985987295222 39627751556126513 8 55-56-57-58-59-62-65-448 0.6051084767959214 1.0 2 1.4725045592575885 1.0 [-1,-1] 1.0 1.0 1.0 0.0007756247847600315 0.11796159141779075 2288.55452892516 -2284.6794687528545 -119.5025164066027 -58.65752718556747
183.7697737550296 0.3240256145300869 39627793851482599 8 55-56-57-58-59-63-64-65 0.42255805847117006 1.0 2 0.7440327273154319 1.0 [-1,-1] 1.0 1.0 1.0 0.0006262316776515472 0.14210347001521706 1680.0637704929516 -1676.40179501549 -110.45823229973807 9.501237237995264
183.56707463919844 1.033364808742348 39627811966682338 9 55-56-57-58-59-63-64-65-448 0.5668942835865044 1.0 2 1.1340096522661758 1.0 [-1,-1] 1.0 1.0 1.0 0.000677088223595666 0.13284793461577618 2166.6826088684866 -2162.133278076354 -134.78253988385617 39.07534197428435
182.3445698972668 -1.1124436194605243 39627763627329632 9 55-56-57-58-59-63-64-65-448 0.8211402534417521 1.0 2 1.3446686336167195 1.0 [-1,-1] 1.0 1.0 1.0 0.0006627118749498285 0.13533979738261318 2926.689882855615 -2923.6887134211547 -119.70552194637737 -56.82046672380454
182.36804387755873 -1.1562205786332675 39627757587532432 9 55-56-57-58-59-63-64-65-448 0.8016105694020401 1.0 2 1.3684052994860558 1.0 [-1,-1] 1.0 1.0 1.0 0.0007229154976227362 0.12548315978664992 2872.3775576841513 -2869.340299609574 -118.65787162512272 -57.96023141265307
183.56253874075497 1.0375441027836172 39627811966682264 9 55-56-57-58-59-63-64-65-448 0.6366479941195667 1.0 2 1.1359649933042981 1.0 [-1,-1] 1.0 1.0 1.0 0.000833303205902425 0.11070054926254569 2387.026158572586 -2382.022785310055 -148.3006507026351 43.223245767739684
184.02372721836016 -0.17150814532186154 39627781776081549 9 55-56-57-58-59-63-64-65-448 0.43471534654813054 1.0 2 0.9395128893586369 1.0 [-1,-1] 1.0 1.0 1.0 0.0005288673958748294 0.16397488484989944 1722.700041842074 -1718.4460204585014 -120.88059177482836 -5.156691302586403
182.9928879949511 -0.43958090401711 39627775715316783 9 55-56-57-58-59-63-64-65-448 0.7962620312894035 1.0 2 0.4524424026265591 1.0 [-1,-1] 1.0 1.0 1.0 0.0007229154976227362 0.12548315978664992 2857.3911434840584 -2853.4097486159976 -149.18571004188388 -21.922072977356923
183.64986672608387 0.4825458424571487 39627799887089193 8 55-56-57-58-59-63-65-448 0.6180485298544935 1.0 2 0.7315714303976317 1.0 [-1,-1] 1.0 1.0 1.0 0.0007214233604467519 0.12571007283523317 2329.184466104733 -2324.377747717852 -148.26856740894985 19.616191683757563
184.14961537928278 0.015983962578410792 39627787815882015 8 55-56-57-58-59-63-65-448 0.9430907179378989 1.0 2 1.049737063700248 1.0 [-1,-1] 1.0 1.0 1.0 0.0004445766401596716 0.18918261239264766 3251.803856262215 -3243.27911202609 -235.30426717171795 0.9071647321731798
182.1006245492521 -1.1099280808332388 39627763623135451 7 55-56-57-58-59-64-448 0.5771591688626525 1.0 2 1.4935081842955429 1.0 [-1,-1] 1.0 1.0 1.0 0.0006621615122706149 0.13543705131792066 2199.697933693143 -2197.8072735172877 -80.61392351464214 -42.60966209633712
184.34642535145952 0.5429396803225227 39627799899670424 8 55-56-57-58-59-64-65-448 0.7969469605027852 1.0 2 1.3595268109694847 1.0 [-1,-1] 1.0 1.0 1.0 0.0007229154976227362 0.12548315978664992 2859.3129960768583 -2850.96175526774 -216.688157117814 27.094687663664715
182.84833581654078 0.7309218393068959 39627805914302901 8 55-56-57-58-59-64-65-448 0.9065129183434995 1.0 2 0.7730317979530653 1.0 [-1,-1] 1.0 1.0 1.0 0.0005275616701708153 0.16431404058018498 3156.764930721791 -3152.6084262989402 -156.8543487518037 40.26973480818148
184.07882827867675 0.11386164049461796 39627787815880416 7 55-56-57-58-59-65-448 0.4323713886248669 1.0 2 0.9854278314710355 1.0 [-1,-1] 1.0 1.0 1.0 0.0005288673958748294 0.16397488484989944 1714.5037184877024 -1710.1577339417936 -121.9504693940799 3.407163305721939
183.37129506193583 0.013537885503630434 39627787803298258 6 55-56-57-58-60-61 0.7809112733900215 1.0 2 0.2716326261785432 1.0 [-1,-1] 1.0 1.0 1.0 0.0007324854237337303 0.12404708914385561 2814.108752863351 -2809.238619717602 -165.4871847343798 0.6649195117040934
183.4500503837323 0.006272020256774829 39627787803299842 6 55-56-57-58-60-61 0.71055896769142 1.0 2 0.350106567918206 1.0 [-1,-1] 1.0 1.0 1.0 0.0006167714992318164 0.14396928707710532 2610.5121772491984 -2605.7809746649123 -157.09633343439347 0.28576599119007656
183.43705508994006 0.005564514172452035 39627787803299542 6 55-56-57-58-60-61 0.4366061374121856 1.0 2 0.33710101915545865 1.0 [-1,-1] 1.0 1.0 1.0 0.0005288673958748294 0.16397488484989944 1729.303374685798 -1726.1928058853482 -103.67511949692113 0.16794837601579315
182.6175746262759 -0.7781905497465378 39627769671322748 9 55-56-57-58-60-61-62-63-448 0.9177735461220455 1.0 2 0.9155874954509416 1.0 [-1,-1] 1.0 1.0 1.0 0.0004951280553168204 0.17321314004730964 3186.2437392969214 -3182.6256666202653 -145.50043549082022 -43.274191508577566
183.17123720329056 -0.780438942616005 39627769679712276 9 55-56-57-58-60-61-62-63-64 0.7131188135570677 1.0 2 0.7836832066772885 1.0 [-1,-1] 1.0 1.0 1.0 0.0006167714992318164 0.14396928707710532 2618.0737556552185 -2613.8220971481196 -144.81912495537784 -35.66027983606258
183.16621871132457 -0.7771352459392773 39627769679712125 9 55-56-57-58-60-61-62-63-64 0.7134834362961249 1.0 2 0.7799511775160556 1.0 [-1,-1] 1.0 1.0 1.0 0.0006167714992318164 0.14396928707710532 2619.149864524471 -2614.911187774205 -144.6497261808127 -35.52393007070556
183.76682866468684 -0.45819652022426444 39627775732089249 9 55-56-57-58-60-61-62-63-64 0.8458727960017349 1.0 2 0.8090704790072722 1.0 [-1,-1] 1.0 1.0 1.0 0.0006232532477076302 0.14268566385842998 2994.56026092159 -2987.9954757740907 -196.72497846992584 -23.947356646459628
183.16726807617076 -0.7801206441034356 39627769679712150 9 55-56-57-58-60-61-62-63-64 0.7126880598307795 1.0 2 0.7830152832481178 1.0 [-1,-1] 1.0 1.0 1.0 0.0006167714992318164 0.14396928707710532 2616.8021673622984 -2612.5627926433303 -144.5678146109995 -35.628423853799056
184.28831975826887 -0.4077428318089752 39627775740478432 9 55-56-57-58-60-61-62-63-64 0.7906473288905872 1.0 2 1.2563177248837067 1.0 [-1,-1] 1.0 1.0 1.0 0.0007229154976227362 0.12548315978664992 2841.6067382725378 -2833.57961667173 -212.47701493136307 -20.22199555536146
181.84147820330628 -0.038045987776638146 39627787778132248 10 55-56-57-58-60-61-62-63-64-448 0.5434651728012185 1.0 2 1.2590966512295723 1.0 [-1,-1] 1.0 1.0 1.0 0.0007045118177349687 0.128340413101622 2090.5509146479517 -2089.4708082652537 -67.17842725664835 -1.3881837262008137
181.8442555315647 -0.017878932829517632 39627787778132339 10 55-56-57-58-60-61-62-63-64-448 0.462655722434518 1.0 2 1.2558717191899085 1.0 [-1,-1] 1.0 1.0 1.0 0.0005635091211985168 0.1554616369400361 1819.5211101759505 -1818.5785104134472 -58.55723243287786 -0.567774720219251
183.00589797830992 -0.261431135302068 39627781759303846 10 55-56-57-58-60-61-62-63-64-448 0.7215031739827004 1.0 2 0.2778513407163012 1.0 [-1,-1] 1.0 1.0 1.0 0.0006167714992318164 0.14396928707710532 2642.7582455001375 -2639.0947130506797 -138.5815069927457 -12.05842554139597
183.0245208062481 -1.4828300377778028 39627751560315503 10 55-56-57-58-60-61-62-63-64-448 0.7567348279121603 1.0 2 1.4847493921925823 1.0 [-1,-1] 1.0 1.0 1.0 0.0006416626200019751 0.139161677870846 2745.1209654154236 -2740.379142858136 -144.7932296796743 -71.0365313788975
182.98180476364243 -0.24241973582846907 39627781755114210 10 55-56-57-58-60-61-62-63-64-448 0.7967345735431155 1.0 2 0.26969864451610254 1.0 [-1,-1] 1.0 1.0 1.0 0.0007229154976227362 0.12548315978664992 2858.717141588415 -2854.8211844316224 -148.70576721159216 -12.09526063710054
184.0860638429919 0.591015898941966 39627799895475792 10 55-56-57-58-60-61-62-63-64-448 0.4821056701965588 1.0 2 1.1496030655873608 1.0 [-1,-1] 1.0 1.0 1.0 0.00048380039118235755 0.17655271186088778 1885.9680533225824 -1881.074113668257 -134.37718908164254 19.453742443789512
183.6199321943508 -0.6691231567964395 39627769688100077 10 55-56-57-58-60-61-62-63-64-448 0.7245257795285865 1.0 2 0.8473741770129836 1.0 [-1,-1] 1.0 1.0 1.0 0.0006167714992318164 0.14396928707710532 2651.6263273499135 -2646.155408676744 -167.4062020230154 -30.96605480575487
182.90269132636354 -0.8260693617412727 39627769675517789 10 55-56-57-58-60-61-62-63-64-448 0.9770829737837184 1.0 2 0.8493047777899806 1.0 [-1,-1] 1.0 1.0 1.0 0.0003578035202613049 0.22475091060875194 3338.2951373623905 -3333.6655253111317 -169.0332031069273 -48.12863738826175
183.62128315184376 -0.6595737854982553 39627769688100120 10 55-56-57-58-60-61-62-63-64-448 0.7048531526658879 1.0 2 0.8406912032653425 1.0 [-1,-1] 1.0 1.0 1.0 0.0005843703162771602 0.15074849413407446 2593.6152385800915 -2588.265150739131 -163.805108705033 -29.85634984957847
182.96774547872778 -1.1257990645712332 39627757595924035 10 55-56-57-58-60-61-62-63-64-448 0.9181043816383919 1.0 2 1.1335398277622333 1.0 [-1,-1] 1.0 1.0 1.0 0.0004951280553168204 0.17321314004730964 3187.1068352693896 -3182.2180185449047 -164.9766900970344 -62.61911524152222
182.7502209176478 1.030508214782693 39627811954098200 10 55-56-57-58-60-61-62-63-64-448 0.6241732233276444 1.0 2 1.0882460174337394 1.0 [-1,-1] 1.0 1.0 1.0 0.0007214233604467519 0.12571007283523317 2348.303795618584 -2345.219646913117 -112.65804113832169 42.233754465359596
183.74639846293883 -0.9462279133569057 39627763648304821 10 55-56-57-58-60-61-62-63-64-448 0.654955253907125 1.0 2 1.1459233175534524 1.0 [-1,-1] 1.0 1.0 1.0 0.000700708733790897 0.12894715825466588 2443.3228031874705 -2437.7690272112695 -159.62593098919606 -40.349135072902364
183.09077148257305 0.8387723605782788 39627805918496976 10 55-56-57-58-60-61-62-63-64-448 0.4528415313604777 1.0 2 0.8388231233817967 1.0 [-1,-1] 1.0 1.0 1.0 0.0005635091211985168 0.1554616369400361 1785.6968378745742 -1782.9082408258946 -96.27084949232645 26.140488296756015
182.96569233196453 -1.1149267896752182 39627763635722083 10 55-56-57-58-60-61-62-63-64-448 0.8128956386084882 1.0 2 1.1229862061284688 1.0 [-1,-1] 1.0 1.0 1.0 0.0006627118749498285 0.13533979738261318 2903.8395397286986 -2899.4013809228118 -150.21036501255227 -56.502663985591205
183.63871364281425 -0.6422167732002105 39627769688100642 10 55-56-57-58-60-61-62-63-64-448 0.4325207762040308 1.0 2 0.8382378056035654 1.0 [-1,-1] 1.0 1.0 1.0 0.0005288673958748294 0.16397488484989944 1715.0264376849468 -1711.4615545842537 -108.83706234242437 -19.22298101335602
183.07733502678755 0.8491977016730677 39627805918496684 10 55-56-57-58-60-61-62-63-64-65 0.44900544901514466 1.0 2 0.8495000882414803 1.0 [-1,-1] 1.0 1.0 1.0 0.0005288673958748294 0.16397488484989944 1772.4216848192025 -1769.6714350986663 -95.1398968960715 26.26862447431995
183.80551275779266 0.7596712251966813 39627805931078970 10 55-56-57-58-60-61-62-63-64-65 0.7941250806810257 1.0 2 1.0367349969855473 1.0 [-1,-1] 1.0 1.0 1.0 0.0007229154976227362 0.12548315978664992 2851.3899275291674 -2844.85278751733 -189.2298426770336 37.80479877069555
183.01856556520886 1.4029473646587203 39627824037888442 10 55-56-57-58-60-61-62-63-64-65 0.8805888086585214 1.0 2 1.405308346863673 1.0 [-1,-1] 1.0 1.0 1.0 0.0005690156306133545 0.15418916366201427 3088.1412863842024 -3082.932121512769 -162.57135017909422 75.60882829668627
182.12533605530524 1.0079983737830795 39627811941518181 10 55-56-57-58-60-61-62-63-64-65 0.7654830642291778 1.0 2 1.4021171543079203 1.0 [-1,-1] 1.0 1.0 1.0 0.0006416626200019751 0.139161677870846 2770.2009203782377 -2767.8668816760523 -102.71868080534493 48.73332739441791
182.39625605434242 -0.269598275243997 39627781746723750 10 55-56-57-58-60-61-62-63-64-65 0.5164511810223734 1.0 2 0.7536146999235506 1.0 [-1,-1] 1.0 1.0 1.0 0.0006865842838717192 0.13125169390769817 2001.4167067046765 -1999.6444596314807 -83.67904022533855 -9.41738651019644
182.11731545396168 1.0076313728407962 39627811941517989 10 55-56-57-58-60-61-62-63-64-65 0.7782185763781184 1.0 2 1.4074410613194588 1.0 [-1,-1] 1.0 1.0 1.0 0.0007324854237337303 0.12404708914385561 2806.475004603847 -2804.125259042516 -103.67119375323034 49.353486722697895
183.8121347268604 1.131880565790022 39627818010674337 10 55-56-57-58-60-61-62-63-64-65 0.8293005594131636 1.0 2 1.3372447457791692 1.0 [-1,-1] 1.0 1.0 1.0 0.0006627118749498285 0.13533979738261318 2949.194997005848 -2942.0954498031288 -196.03963104389751 58.257683375000845
184.2649298369287 -0.407531620633579 39627775740477841 10 55-56-57-58-60-61-62-63-64-65 0.4397779798245435 1.0 2 1.2341477467573438 1.0 [-1,-1] 1.0 1.0 1.0 0.0005288673958748294 0.16397488484989944 1740.3638556158767 -1735.5006087080817 -129.42470733979778 -12.378700983768077
182.15297245831255 0.4789619778012834 39627799861923677 10 55-56-57-58-60-61-62-63-64-65 0.5123863034744626 1.0 2 1.0612468371406183 1.0 [-1,-1] 1.0 1.0 1.0 0.0006865842838717192 0.13125169390769817 1987.8777385418903 -1986.4050640841533 -74.67721780710293 16.617397866124985
182.77322211258112 -0.22016783563979236 39627781755109898 10 55-56-57-58-60-61-62-63-64-65 0.7261017594675856 1.0 2 0.39402682391602734 1.0 [-1,-1] 1.0 1.0 1.0 0.0006167714992318164 0.14396928707710532 2656.2436692892634 -2653.11324484754 -128.51598273950358 -10.206999282163975
182.77683929094428 -0.23121979814508972 39627781755109964 10 55-56-57-58-60-61-62-63-64-65 0.7315087030520095 1.0 2 0.3973598772033825 1.0 [-1,-1] 1.0 1.0 1.0 0.0007126833197713517 0.12705585074725267 2672.0514931516386 -2668.8922440084293 -129.44920006112383 -10.783159513128982
183.81441027829425 0.7691738815592026 39627805931079185 10 55-56-57-58-60-61-62-63-64-65 0.7213253589273626 1.0 2 1.0497522777832173 1.0 [-1,-1] 1.0 1.0 1.0 0.0006167714992318164 0.14396928707710532 2642.236042882183 -2636.145316762916 -175.75852329977667 35.469940824946924
182.13323146937097 1.00039320746485 39627811941518352 10 55-56-57-58-60-61-62-63-64-65 1.042685261932564 1.0 2 1.3911624564705365 1.0 [-1,-1] 1.0 1.0 1.0 0.00017111768859933566 0.3774092623312036 3500.4004016858826 -3497.441350076493 -130.27663425577077 61.114429268312335
182.25394612427226 0.49826406811815216 39627799866114199 10 55-56-57-58-60-61-62-63-64-65 1.0956459411178303 1.0 2 0.9818636347271312 1.0 [-1,-1] 1.0 1.0 1.0 4.689797466212482e-05 0.6886505109163528 3626.8158584445123 -3623.872864894976 -142.63232510351963 31.539657227829135
182.07212262217254 1.0532659396269526 39627811941516834 10 55-56-57-58-60-61-62-63-64-65 0.738545378617207 1.0 2 1.4716596161485913 1.0 [-1,-1] 1.0 1.0 1.0 0.0007126833197713517 0.12705585074725267 2692.5464322914036 -2690.3311483869784 -97.33924203640932 49.49418171610262
182.4160424093602 0.4192783322763735 39627799866118265 10 55-56-57-58-60-61-62-63-64-65 0.6084564799516711 1.0 2 0.8022368449556683 1.0 [-1,-1] 1.0 1.0 1.0 0.0007756247847600315 0.11796159141779075 2299.097502356621 -2296.992253181362 -96.91677834218459 16.824156532700258
184.3840550057463 0.08259968568041577 39627787820075698 10 55-56-57-58-60-61-62-63-64-65 0.7866263944565225 1.0 2 1.2867085231617557 1.0 [-1,-1] 1.0 1.0 1.0 0.0007324854237337303 0.12404708914385561 2830.2698582792545 -2821.9857372037613 -216.34999772760548 4.080218851954882
183.83573023723915 1.1507837299920898 39627818010674757 10 55-56-57-58-60-61-62-63-64-65 0.8283523071001387 1.0 2 1.3658438361411767 1.0 [-1,-1] 1.0 1.0 1.0 0.0006627118749498285 0.13533979738261318 2946.585512924801 -2939.392016280643 -197.07540052415288 59.17808810845697
183.84196690230405 1.1452770737959688 39627818010674889 10 55-56-57-58-60-61-62-63-64-65 0.6355525643631329 1.0 2 1.3645882664372664 1.0 [-1,-1] 1.0 1.0 1.0 0.000833303205902425 0.11070054926254569 2383.637656596367 -2377.805696251278 -159.68309801928186 47.643016551862424
