data_rosette/LRG_2_clustering_data.ecsv
# %ECSV 1.0
# ---
# datatype:
# - {name: RA, unit: deg, datatype: float64}
# - {name: DEC, unit: deg, datatype: float64}
# - {name: TARGETID, datatype: int64}
# - {name: NTILE, datatype: int64}
# - {name: TILES, datatype: string}
# - {name: Z, datatype: float64}
# - {name: COMP_TILE, datatype: float64}
# - {name: ROSETTE_NUMBER, datatype: int32}
# - {name: ROSETTE_R, unit: deg, datatype: float64}
# - {name: FRACZ_TILELOCID, datatype: float64}
# - {name: BITWEIGHTS, datatype: string, subtype: 'int64[2]'}
# - {name: PROB_OBS, datatype: float64}
# - {name: WEIGHT_ZFAIL, datatype: float64}
# - {name: WEIGHT, datatype: float64}
# - {name: NZ, unit: h3 / Mpc3, datatype: float64}
# - {name: WEIGHT_FKP, datatype: float64}
# - {name: theta, unit: deg, datatype: float64}
# - {name: phi, unit: deg, datatype: float64}
# - {name: rho, unit: Mpc, datatype: float64}
# - {name: r, unit: Mpc, datatype: float64}
# - {name: x, unit: Mpc, datatype: float64}
# - {name: y, unit: Mpc, datatype: float64}
# - {name: z, unit: Mpc, datatype: float64}
# meta: !!omap
# - {EXTNAME: LSS}
# - {DESIDR: edr}
# - comments: ['Visit https://desidatamodel.readthedocs.io/en/latest/ for a more complet', e description]
# schema: astropy-2.0
RA DEC TARGETID NTILE TILES Z COMP_TILE ROSETTE_NUMBER ROSETTE_R FRACZ_TILELOCID BITWEIGHTS PROB_OBS WEIGHT_ZFAIL WEIGHT NZ WEIGHT_FKP theta phi rho r x y z
[from data line 2668]
183.82724774949364 0.9024614291337422 39627811970876890 10 55-57-58-59-60-61-62-63-64-448 0.4817162874359872 0.95 2 1.159000509647548 1.0 [-1,-1] 1.0 1.0 1.0 0.00048380039118235755 0.17655271186088778 89.09753857086626 176.17275225050636 1884.6454200566861 1884.6454200566861 1656.4780498674616 411.6299562539788 799.0804770248623
181.85117525126296 -0.09989418449150651 39627787778132536 10 55-57-58-59-60-61-62-63-64-448 0.5757674220021447 0.95 2 1.2528130430694873 0.5 [-1,-1] 1.0 1.0 1.0 0.0006621615122706149 0.13543705131792066 90.0998941844915 178.14882474873704 2195.2336723239014 2195.2336723239014 -1120.696833291886 1477.7600955283772 -1174.4422437983842
184.11817513732538 -0.06795879170083133 39627787815881339 10 55-57-58-59-60-61-62-63-64-448 0.7708111599066219 0.95 2 1.0204403566483855 1.0 [-1,-1] 1.0 1.0 1.0 0.0007324854237337303 0.12404708914385561 90.06795879170083 175.88182486267462 2785.4107885598255 2785.4107885598255 2396.9568323168496 -113.61380647505669 -1414.2853700768076
181.9534441194092 -0.08603524640686191 39627787778134823 10 55-57-58-59-60-61-62-63-64-448 0.6992462567644974 0.95 2 1.149778875640749 1.0 [-1,-1] 1.0 1.0 1.0 0.0005843703162771602 0.15074849413407446 90.08603524640687 178.0465558805908 2576.9540096558917 2576.9540096558917 -1141.4195758616083 1876.1095753980874 -1348.3568447636892
183.07455599345843 -0.9215127686988481 39627763639912297 10 55-57-58-59-60-61-62-63-64-448 0.8029337461352924 0.95 2 0.9218639403518414 1.0 [-1,-1] 1.0 1.0 1.0 0.0007229154976227362 0.12548315978664992 90.92151276869885 176.92544400654157 2876.0775860879216 2876.0775860879216 287.00838385229963 443.3288947165609 -2827.1731393576183
182.00256649987 -0.08776738258205484 39627787782324305 10 55-57-58-59-60-61-62-63-64-448 0.6379699299789283 0.95 2 1.1009370820432964 1.0 [-1,-1] 1.0 1.0 1.0 0.000833303205902425 0.11070054926254569 90.08776738258206 177.99743350013 2391.1123044436563 2391.1123044436563 -971.3125400386248 1788.808309231357 -1254.6453024063896
182.35472089638753 -0.2531875535858489 39627781746722802 10 55-57-58-59-60-61-62-63-64-448 0.6975426536734777 0.95 2 0.7871094359292209 1.0 [-1,-1] 1.0 1.0 1.0 0.0005843703162771602 0.15074849413407446 90.25318755358585 177.64527910361247 2571.880382740791 2571.880382740791 -280.4870439296674 1916.873323187437 -1691.594627612321
182.15515830289675 1.090380597021395 39627811941518767 10 55-57-58-59-60-61-62-63-64-65 0.5794530967109391 1.0 2 1.4427570488219497 1.0 [-1,-1] 1.0 1.0 1.0 0.0006621615122706149 0.13543705131792066 88.9096194029786 177.84484169710325 2207.04785096113 2207.04785096113 -604.7379312261495 1683.5181336480807 1292.7176585188822
182.30748669332993 -0.21521583644938228 39627781746721881 10 55-57-58-59-60-61-62-63-64-65 0.694876095841118 1.0 2 0.8212138841814779 1.0 [-1,-1] 1.0 1.0 1.0 0.0005843703162771602 0.15074849413407446 90.21521583644939 177.69251330667007 2563.9283429388274 2563.9283429388274 -381.5194581471679 1957.0819665973993 -1611.831761319831
182.14838080085264 1.0873343109528883 39627811941518625 10 55-57-58-59-60-61-62-63-64-65 0.5795815696654358 1.0 2 1.444910476537176 1.0 [-1,-1] 1.0 1.0 1.0 0.0006621615122706149 0.13543705131792066 88.91266568904712 177.85161919914736 2207.4591848369196 2207.4591848369196 -617.602595490305 1683.383794047749 1287.5022674550605
184.51842741295363 -0.39146570519298113 39627775744672153 10 55-57-58-59-60-61-62-63-64-65 0.9927303072939262 1.0 2 1.4714450095867555 1.0 [-1,-1] 1.0 1.0 1.0 0.0002622817504223413 0.28340640119267335 90.39146570519299 175.48157258704637 3377.529094611662 3377.529094611662 1995.5698296841938 -958.1093379641087 -2550.966549429539
182.58601427935199 -0.6979548520913572 39627769671321895 10 55-57-58-59-60-61-62-63-64-65 0.5632871687185882 1.0 2 0.8667809578874124 1.0 [-1,-1] 1.0 1.0 1.0 0.000677088223595666 0.13284793461577618 90.69795485209136 177.41398572064801 2155.031916052658 2155.031916052658 73.48341610252331 852.3586594694553 -1977.9402069807181
183.1856238556635 -0.3717746913484127 39627781759307468 10 55-57-58-59-60-61-62-63-64-65 0.6118466456305631 1.0 2 0.38150722521775854 1.0 [-1,-1] 1.0 1.0 1.0 0.0007214233604467519 0.12571007283523317 90.3717746913484 176.8143761443365 2309.75137103442 2309.75137103442 980.0329162633064 1198.1131140737348 -1714.3546438588369
182.10309884566695 0.8858825150341679 39627811941517618 10 55-57-58-59-60-61-62-63-64-65 0.6441824621132629 1.0 2 1.3336118421490217 1.0 [-1,-1] 1.0 1.0 1.0 0.000833303205902425 0.11070054926254569 89.11411748496583 177.89690115433305 2410.2714365857037 2410.2714365857037 -850.2893791129547 2028.541454404612 985.6144974332706
182.26489352085633 -0.1938884588816834 39627781746721113 10 55-57-58-59-60-61-62-63-64-65 0.7289889733942625 1.0 2 0.857317271420166 1.0 [-1,-1] 1.0 1.0 1.0 0.0006167714992318164 0.14396928707710532 90.19388845888169 177.73510647914367 2664.6912331324947 2664.6912331324947 -490.9743807948771 2049.550479573621 -1630.603065438
182.86503550994394 1.4152484225988073 39627824033696185 10 55-57-58-59-60-61-62-63-64-65 0.8567504296713042 1.0 2 1.4346167365408433 1.0 [-1,-1] 1.0 1.0 1.0 0.0006812235016579503 0.1321480675826358 88.58475157740119 177.13496449005606 3024.09216853495 3024.09216853495 627.3687087764123 1641.7012381182672 2460.9670846648037
184.37581318406245 0.7617826977794374 39627805939468607 10 55-57-58-59-60-61-62-63-64-65 0.6758659113179794 1.0 2 1.4859058663469618 1.0 [-1,-1] 1.0 1.0 1.0 0.0007209928471550773 0.12577569469930108 89.23821730222056 175.62418681593755 2506.861870793621 2506.861870793621 2286.3518601047485 -719.8011554131808 734.0557933156717
184.4552420097453 -0.19149648295989785 39627781780279417 10 55-57-58-59-60-61-62-63-64-65 0.7866809348643296 1.0 2 1.3687019283848496 1.0 [-1,-1] 1.0 1.0 1.0 0.0007324854237337303 0.12404708914385561 90.19149648295989 175.5447579902547 2830.4238175270875 2830.4238175270875 2079.059846636858 -841.1029777940033 -1726.6600480908216
181.91815838089192 -0.06931058074423724 39627787778134120 10 55-57-58-59-60-61-62-63-64-65 0.5161385611948738 1.0 2 1.1838719896675294 1.0 [-1,-1] 1.0 1.0 1.0 0.0006865842838717192 0.13125169390769817 90.06931058074424 178.08184161910808 2000.3766392339808 2000.3766392339808 -946.3489417302434 1438.6021139369502 -1018.0149002127731
184.48303173226466 -0.1970226374121087 39627781780279952 10 55-57-58-59-60-61-62-63-64-65 0.7314159301359053 1.0 2 1.3969921805516738 1.0 [-1,-1] 1.0 1.0 1.0 0.0007126833197713517 0.12705585074725267 90.1970226374121 175.51696826773534 2671.7806984028207 2671.7806984028207 1931.4292044080187 -844.5628518872119 -1641.5562487864413
182.99579962694042 1.4679567774892834 39627824033699315 10 55-57-58-59-60-61-62-63-64-65 0.7191932656015494 1.0 2 1.4716495651072201 1.0 [-1,-1] 1.0 1.0 1.0 0.0006167714992318164 0.14396928707710532 88.53204322251072 177.00420037305958 2635.970169378044 2635.970169378044 673.9970356343384 1246.2006535386563 2222.8474218728697
182.99257631346998 1.480022873893002 39627824033699234 10 55-57-58-59-60-61-62-63-64-65 0.40600143606762196 1.0 2 1.483915425112502 1.0 [-1,-1] 1.0 1.0 1.0 0.0003379611466139912 0.2348475370676925 88.519977126107 177.00742368653002 1621.499742196832 1621.499742196832 404.2998925462934 753.331504198477 1377.7861429167838
183.42136604717396 1.2241744063916111 39627818002288147 10 55-57-58-59-60-61-62-63-64-65 0.8475346439057665 1.0 2 1.2656474223987828 1.0 [-1,-1] 1.0 1.0 1.0 0.0006232532477076302 0.14268566385842998 88.77582559360839 176.57863395282604 2999.0845470447853 2999.0845470447853 1732.0073658185388 1315.1644300740586 2065.187915648629
183.82368316224208 1.0866350149339343 39627811970876825 10 55-57-58-59-60-61-62-63-64-65 0.8286888666655027 1.0 2 1.3055382728056415 1.0 [-1,-1] 1.0 1.0 1.0 0.0006627118749498285 0.13533979738261318 88.91336498506607 176.17631683775792 2947.5118577591975 2947.5118577591975 2322.666204122893 585.9741998337536 1717.4638549284289
182.3953843394736 1.278619808315976 39627817985510368 10 55-57-58-59-60-61-62-63-64-65 0.6418050303794531 1.0 2 1.4598867839419392 1.0 [-1,-1] 1.0 1.0 1.0 0.000833303205902425 0.11070054926254569 88.72138019168402 177.6046156605264 2402.9481206852643 2402.9481206852643 -172.30873214737514 1640.8131708015333 1747.0550964565557
183.35983929752615 -1.0966451221321774 39627763644107055 10 55-57-58-59-60-61-62-63-64-65 0.44492708976999806 1.0 2 1.1270043209823581 1.0 [-1,-1] 1.0 1.0 1.0 0.0005288673958748294 0.16397488484989944 91.09664512213217 176.64016070247385 1758.2745979325907 1758.2745979325907 12.71232938035557 10.9481168733733 -1758.1945561153539
183.81443313840364 1.0977482154767149 39627811970876650 10 55-57-58-59-60-61-62-63-64-65 0.8322340318717781 1.0 2 1.3097340941523017 1.0 [-1,-1] 1.0 1.0 1.0 0.0006232532477076302 0.14268566385842998 88.90225178452329 176.18556686159636 2957.25815445132 2957.25815445132 2306.1416604027354 604.5486178473645 1749.7449536668432
183.5275617738827 -0.7411515170092616 39627769688097662 11 55-57-58-59-60-61-62-63-64-65-448 0.8391692633010591 0.9896907216494846 2 0.855631021607978 1.0 [-1,-1] 1.0 1.0 1.0 0.0006232532477076302 0.14268566385842998 90.74115151700926 176.4724382261173 2976.264306457377 2976.264306457377 909.513208185107 549.2145776605131 -2780.1615589231915
184.44417364051455 -0.38863152677235985 39627775740481941 11 55-57-58-59-60-61-62-63-64-65-448 0.5887342997057858 0.9896907216494846 2 1.399217470370665 1.0 [-1,-1] 1.0 1.0 1.0 0.0006621615122706149 0.13543705131792066 90.38863152677236 175.55582635948545 2236.681061177171 2236.681061177171 1369.3948321604234 -536.441633310187 -1685.1499449996911
183.32751936402056 -1.2187344923288417 39627757604308488 11 55-57-58-59-60-61-62-63-64-65-448 0.6439529413189883 0.9896907216494846 2 1.2397866818435792 1.0 [-1,-1] 1.0 1.0 1.0 0.000833303205902425 0.11070054926254569 91.21873449232884 176.67248063597944 2409.564895177562 2409.564895177562 -199.24140946988345 -183.13163916690831 -2394.3200804321364
183.28967710536776 -0.4606574109706082 39627775723701093 11 55-57-58-59-60-61-62-63-64-65-448 0.42832198877679883 0.9896907216494846 2 0.4981785617315568 1.0 [-1,-1] 1.0 1.0 1.0 0.0006262316776515472 0.14210347001521706 90.46065741097061 176.71032289463224 1700.3167617347387 1700.3167617347387 726.4104727343749 720.2420971581306 -1358.1812238501857
183.96209012697233 0.888483602682751 39627811970879290 11 55-57-58-59-60-61-62-63-64-65-448 0.6475061309832691 0.9896907216494846 2 1.2379591778513033 1.0 [-1,-1] 1.0 1.0 1.0 0.000833303205902425 0.11070054926254569 89.11151639731725 176.03790987302767 2420.4917318426096 2420.4917318426096 2193.2572168807787 239.39771069676738 995.5359062494755
183.45205865545262 -0.7475211064405639 39627769683907900 11 55-57-58-59-60-61-62-63-64-65-448 0.6202250548533134 0.9896907216494846 2 0.8262723938532555 1.0 [-1,-1] 1.0 1.0 1.0 0.0007214233604467519 0.12571007283523317 90.74752110644056 176.54794134454738 2335.9870491937772 2335.9870491937772 667.9663582076678 475.61057644784364 -2187.3387981459996
183.06326212939024 -0.9205711646817957 39627763639912032 11 55-57-58-59-60-61-62-63-64-65-448 0.8103076731689053 0.9896907216494846 2 0.9213038718249712 1.0 [-1,-1] 1.0 1.0 1.0 0.0006627118749498285 0.13533979738261318 90.92057116468179 176.93673787060976 2896.643401996466 2896.643401996466 285.43106570392194 452.00180114153216 -2846.8871556185
184.15583870117882 -0.1611031240941195 39627781776084704 11 55-57-58-59-60-61-62-63-64-65-448 0.8086122134331972 0.9896907216494846 2 1.0680574149055613 1.0 [-1,-1] 1.0 1.0 1.0 0.0007229154976227362 0.12548315978664992 90.16110312409413 175.84416129882118 2891.9228823306566 2891.9228823306566 2335.568452961267 -199.06704388075175 -1693.7267403333822
183.20019115629907 1.0877680934540095 39627811958296170 11 55-57-58-59-60-61-62-63-64-65-448 0.8544892594731248 0.9896907216494846 2 1.092371954445478 1.0 [-1,-1] 1.0 1.0 1.0 0.0006812235016579503 0.1321480675826358 88.912231906546 176.79980884370093 3017.9691492318675 3017.9691492318675 1579.1200264568565 1874.1275007198515 1761.296067901073
184.09341673372163 1.1153241612756666 39627811975071246 11 55-57-58-59-60-61-62-63-64-65-448 0.8882338680948655 0.9896907216494846 2 1.493552856141911 1.0 [-1,-1] 1.0 1.0 1.0 0.0005690156306133545 0.15418916366201427 88.88467583872433 175.90658326627837 3108.4891602690886 3108.4891602690886 2472.6406594578675 -55.90439255116592 1882.9837300411468
182.35036776717806 -0.17220268664501998 39627781746722702 11 55-57-58-59-60-61-62-63-64-65-448 0.8303307196870059 0.9896907216494846 2 0.7691557434723739 1.0 [-1,-1] 1.0 1.0 1.0 0.0006232532477076302 0.14268566385842998 90.17220268664502 177.64963223282194 2952.0281940349805 2952.0281940349805 -353.8513476648913 2346.891419794542 -1755.3803991807388
184.0968196456245 1.1034926763272834 39627811975071308 11 55-57-58-59-60-61-62-63-64-65-448 1.029952153756173 0.9896907216494846 2 1.4870180323358162 1.0 [-1,-1] 1.0 1.0 1.0 0.00020304675497218746 0.33812883710054276 88.89650732367272 175.9031803543755 3469.421844860385 3469.421844860385 2784.1786023771474 -72.42793533560847 2068.8140665228216
184.24014125232878 -0.24720039061765456 39627781776086521 11 55-57-58-59-60-61-62-63-64-65-448 0.8530501879580359 0.9896907216494846 2 1.166628493707058 1.0 [-1,-1] 1.0 1.0 1.0 0.0006812235016579503 0.1321480675826358 90.24720039061765 175.75985874767122 3014.0679577885103 3014.0679577885103 2249.554771414158 -384.59964903437043 -1968.8047375343845
183.15311236803174 -1.0443347313694364 39627763639914026 11 55-57-58-59-60-61-62-63-64-65-448 0.683616285083169 0.9896907216494846 2 1.0456842938383664 1.0 [-1,-1] 1.0 1.0 1.0 0.0007209928471550773 0.12577569469930108 91.04433473136943 176.84688763196826 2530.2073949065293 2530.2073949065293 95.03584007741878 124.2130987813064 -2525.3690337120256
183.14064864810945 -1.034189711543213 39627763639913719 11 55-57-58-59-60-61-62-63-64-65-448 0.9369099320701454 0.9896907216494846 2 1.0349881606122466 1.0 [-1,-1] 1.0 1.0 1.0 0.0004445766401596716 0.18918261239264766 91.0341897115432 176.85935135189055 3235.8892605733877 3235.8892605733877 139.1297657664393 186.61883075243438 -3227.5061002236007
182.63721411296467 -0.3594923896044386 39627781750918460 11 55-57-58-59-60-61-62-63-64-65-448 0.9702289920359952 0.9896907216494846 2 0.5860057550668485 1.0 [-1,-1] 1.0 1.0 1.0 0.0003578035202613049 0.22475091060875194 90.35949238960444 177.36278588703533 3320.9952104320323 3320.9952104320323 308.50641127260093 2234.478059139754 -2437.404518158453
182.94507310128077 0.44429846981089716 39627799874507381 11 55-57-58-59-60-61-62-63-64-65-448 0.65910041485508 0.9896907216494846 2 0.4705347948023051 1.0 [-1,-1] 1.0 1.0 1.0 0.000700708733790897 0.12894715825466588 89.5557015301891 177.05492689871923 2455.9826615959055 2455.9826615959055 1057.107644219219 2216.2775702920885 -49.87979564112248
184.0896953197506 1.115406571991591 39627811975071171 11 55-57-58-59-60-61-62-63-64-65-448 0.8879813853203091 0.9896907216494846 2 1.491142147228825 1.0 [-1,-1] 1.0 1.0 1.0 0.0005690156306133545 0.15418916366201427 88.88459342800842 175.9103046802494 3107.8186439628435 3107.8186439628435 2472.1430535238383 -46.68930354933387 1882.781335049548
183.3068974147679 -1.2745134546332062 39627757604308071 11 55-57-58-59-60-61-62-63-64-65-448 0.44024659771301583 0.9896907216494846 2 1.2911948054373719 1.0 [-1,-1] 1.0 1.0 1.0 0.0005288673958748294 0.16397488484989944 91.27451345463321 176.6931025852321 1741.996187130195 1741.996187130195 -210.74860118076208 -201.88220284976555 -1717.3757070743186
