data_rosette/LRG_8_clustering_data.ecsv
# %ECSV 1.0
# ---
# datatype:
# - {name: RA, unit: deg, datatype: float64}
# - {name: DEC, unit: deg, datatype: float64}
# - {name: TARGETID, datatype: int64}
# - {name: NTILE, datatype: int64}
# - {name: TILES, datatype: string}
# - {name: Z, datatype: float64}
# - {name: COMP_TILE, datatype: float64}
# - {name: ROSETTE_NUMBER, datatype: int32}
# - {name: ROSETTE_R, unit: deg, datatype: float64}
# - {name: FRACZ_TILELOCID, datatype: float64}
# - {name: BITWEIGHTS, datatype: string, subtype: 'int64[2]'}
# - {name: PROB_OBS, datatype: float64}
# - {name: WEIGHT_ZFAIL, datatype: float64}
# - {name: WEIGHT, datatype: float64}
# - {name: NZ, unit: h3 / Mpc3, datatype: float64}
# - {name: WEIGHT_FKP, datatype: float64}
# - {name: theta, unit: deg, datatype: float64}
# - {name: phi, unit: deg, datatype: float64}
# - {name: rho, unit: Mpc, datatype: float64}
# - {name: r, unit: Mpc, datatype: float64}
# - {name: x, unit: Mpc, datatype: float64}
# - {name: y, unit: Mpc, datatype: float64}
# - {name: z, unit: Mpc, datatype: float64}
# meta: !!omap
# - {EXTNAME: LSS}
# - {DESIDR: edr}
# - comments: ['Visit https://desidatamodel.readthedocs.io/en/latest/ for a more complet', e description]
# schema: astropy-2.0
RA DEC TARGETID NTILE TILES Z COMP_TILE ROSETTE_NUMBER ROSETTE_R FRACZ_TILELOCID BITWEIGHTS PROB_OBS WEIGHT_ZFAIL WEIGHT NZ WEIGHT_FKP theta phi rho r x y z
[from data line 47]
216.53179958108325 -2.0690006116124557 39627740042756823 11 217-218-219-220-221-222-223-224-225-226-227 0.6742207044601234 1.0 8 1.4871656776494804 1.0 [-1,-1] 1.0 1.0 1.0 0.0007209928471550773 0.12577569469930108 92.06900061161245 -216.53179958108325 2501.8920211976083 2501.8920211976083 1995.6258723096628 484.33238640148295 -1429.1127327762476
216.27775325903747 -1.593137562548796 39627752118158099 11 217-218-219-220-221-222-223-224-225-226-227 0.5639940228197835 1.0 8 0.9933866024696825 1.0 [-1,-1] 1.0 1.0 1.0 0.000677088223595666 0.13284793461577618 91.59313756254879 -216.27775325903747 2157.3170105926174 2157.3170105926174 889.678806515224 476.9923246923085 -1906.5588445192404
216.17711385661858 -2.0438767758625973 39627740034371460 11 217-218-219-220-221-222-223-224-225-226-227 0.7825438574212924 1.0 8 1.449093617008889 1.0 [-1,-1] 1.0 1.0 1.0 0.0007324854237337303 0.12404708914385561 92.0438767758626 -216.17711385661858 2818.731045095333 2818.731045095333 1884.7437968597894 1269.5414613374196 -1667.7080088336863
216.29634219340784 -1.6038863927209708 39627752118158647 11 217-218-219-220-221-222-223-224-225-226-227 0.563021315014533 1.0 8 1.0038930539400466 1.0 [-1,-1] 1.0 1.0 1.0 0.000677088223595666 0.13284793461577618 91.60388639272097 -216.29634219340784 2154.1722189891884 2154.1722189891884 915.2410761828602 469.00717123341207 -1892.834909563979
217.62950126403246 -1.079133163416009 39627764218727423 11 217-218-219-220-221-222-223-224-225-226-227 0.6561806153423191 1.0 8 1.4130648879167989 1.0 [-1,-1] 1.0 1.0 1.0 0.000700708733790897 0.12894715825466588 91.079133163416 -217.62950126403246 2447.0685439015797 2447.0685439015797 -43.20736286863768 50.14801113266346 -2446.1730844987183
216.31213408176598 -1.6091272282580011 39627752118159115 11 217-218-219-220-221-222-223-224-225-226-227 0.9072467359275227 1.0 8 1.0092001487464866 1.0 [-1,-1] 1.0 1.0 1.0 0.0005275616701708153 0.16431404058018498 91.609127228258 -216.31213408176598 3158.6919992582293 3158.6919992582293 1365.7525820319531 672.8527359875472 -2767.5484144861994
216.32222421989098 -1.4261542401433989 39627752118159394 11 217-218-219-220-221-222-223-224-225-226-227 0.8658023805755541 1.0 8 0.82645301227203 1.0 [-1,-1] 1.0 1.0 1.0 0.0006812235016579503 0.1321480675826358 91.4261542401434 -216.32222421989098 3048.5208795820745 3048.5208795820745 864.3798720611916 415.06071278874634 -2893.7953615835795
216.32266227623862 -1.431441408856062 39627752118159414 11 217-218-219-220-221-222-223-224-225-226-227 0.7947389486579641 1.0 8 0.831750097517786 1.0 [-1,-1] 1.0 1.0 1.0 0.0007229154976227362 0.12548315978664992 91.43144140885606 -216.32266227623862 2853.1146516364884 2853.1146516364884 822.0439114520623 394.28865563887706 -2703.524270107794
217.62326566058934 -1.0874076952569296 39627764218727281 11 217-218-219-220-221-222-223-224-225-226-227 0.8623649893884678 1.0 8 1.410038306678551 1.0 [-1,-1] 1.0 1.0 1.0 0.0006812235016579503 0.1321480675826358 91.08740769525693 -217.62326566058934 3039.259934220797 3039.259934220797 -37.52153760216193 43.00363374741399 -3038.724036410725
215.45819328649 -1.740023814581079 39627746061586880 11 217-218-219-220-221-222-223-224-225-226-227 0.5977271256572716 1.0 8 1.4170299841500789 1.0 [-1,-1] 1.0 1.0 1.0 0.0007756247847600315 0.11796159141779075 91.74002381458108 -215.45819328649 2265.2343581910286 2265.2343581910286 343.7185257513382 1296.785066454129 -1825.2377280798269
217.60995215597865 -1.0726200497219207 39627764218726925 11 217-218-219-220-221-222-223-224-225-226-227 0.6542216411942163 1.0 8 1.3924686866417144 1.0 [-1,-1] 1.0 1.0 1.0 0.000700708733790897 0.12894715825466588 91.07262004972192 -217.60995215597865 2441.078924186357 2441.078924186357 -54.677672594631815 61.00742907675852 -2439.7038262510273
216.63199079966654 -1.3590932512174354 39627758162152196 11 217-218-219-220-221-222-223-224-225-226-227 0.8968526777503733 1.0 8 0.8284966083811293 1.0 [-1,-1] 1.0 1.0 1.0 0.0005275616701708153 0.16431404058018498 91.35909325121743 -216.63199079966654 3131.317479709378 3131.317479709378 776.0764157234876 107.7063404046973 -3031.7080829011065
216.7032257093898 -1.3353351903734632 39627758162153811 11 217-218-219-220-221-222-223-224-225-226-227 0.9461451078660416 1.0 8 0.838606110775062 1.0 [-1,-1] 1.0 1.0 1.0 0.0004445766401596716 0.18918261239264766 91.33533519037346 -216.7032257093898 3259.6469340552535 3259.6469340552535 738.7778213526265 49.32548592579755 -3174.4404958687546
215.73109046811402 -1.4070286763243343 39627752105579478 11 217-218-219-220-221-222-223-224-225-226-227 0.8076056558966401 1.0 8 0.9873442706586119 1.0 [-1,-1] 1.0 1.0 1.0 0.0007229154976227362 0.12548315978664992 91.40702867632433 -215.73109046811402 2889.1181262517703 2889.1181262517703 434.26684073620305 737.7983525806106 -2759.360333374906
216.58905954011016 -1.0198241416486358 39627764201948844 11 217-218-219-220-221-222-223-224-225-226-227 0.759591524688294 1.0 8 0.5096966342940166 1.0 [-1,-1] 1.0 1.0 1.0 0.0006416626200019751 0.139161677870846 91.01982414164864 -216.58905954011016 2753.3253404905404 2753.3253404905404 -233.6169678944628 -42.712381568797 -2743.063833628352
216.71317955135734 0.12841482576126248 39627794400940994 11 217-218-219-220-221-222-223-224-225-226-227 0.5443614560046629 1.0 8 0.8374367494329781 1.0 [-1,-1] 1.0 1.0 1.0 0.0007045118177349687 0.128340413101622 89.87158517423873 -216.71317955135734 2093.4833051006644 2093.4833051006644 -1973.1061982847498 -112.02197904977454 -690.6340240932783
215.74396944990295 -0.3894853756741249 39627776264771896 11 217-218-219-220-221-222-223-224-225-226-227 0.4632518604148451 1.0 8 0.5945275267929788 1.0 [-1,-1] 1.0 1.0 1.0 0.0005635091211985168 0.1554616369400361 90.38948537567413 -215.74396944990295 1821.5692654207664 1821.5692654207664 -620.2042662745719 -1023.3168071454253 -1373.4205361192408
215.76128467080227 -0.37695288323934095 39627776268960112 11 217-218-219-220-221-222-223-224-225-226-227 0.6385472066616293 1.0 8 0.5830461061679381 1.0 [-1,-1] 1.0 1.0 1.0 0.000833303205902425 0.11070054926254569 90.37695288323934 -215.76128467080227 2392.895653232232 2392.895653232232 -849.8678628288892 -1348.9931499180914 -1784.346296115872
215.76272498669871 -1.435488340339117 39627752109768977 11 217-218-219-220-221-222-223-224-225-226-227 0.7707248032996298 1.0 8 0.9932819423131696 1.0 [-1,-1] 1.0 1.0 1.0 0.0007324854237337303 0.12404708914385561 91.43548834033912 -215.76272498669871 2785.1646615691834 2785.1646615691834 481.19017762486885 761.3582826329751 -2635.5135686384347
216.7190081379577 0.14483625627024185 39627794400941141 11 217-218-219-220-221-222-223-224-225-226-227 0.5976092800181323 1.0 8 0.8546014426353904 1.0 [-1,-1] 1.0 1.0 1.0 0.0007756247847600315 0.11796159141779075 89.85516374372976 -216.7190081379577 2264.8611937780256 2264.8611937780256 -2147.265113245288 -109.35790117482259 -711.9618037310435
215.76346383049219 -0.38106213964339625 39627776268960179 11 217-218-219-220-221-222-223-224-225-226-227 0.7744230603433981 1.0 8 0.5794682025423685 1.0 [-1,-1] 1.0 1.0 1.0 0.0007324854237337303 0.12404708914385561 90.38106213964339 -215.76346383049219 2795.6936296267245 2795.6936296267245 -991.7684169666555 -1566.6513063128464 -2092.3436530052027
215.70404106239693 -0.7562628281056886 39627770224973296 11 217-218-219-220-221-222-223-224-225-226-227 0.6227720618875126 1.0 8 0.6160642465628605 1.0 [-1,-1] 1.0 1.0 1.0 0.0007214233604467519 0.12571007283523317 90.75626282810569 -215.70404106239693 2343.936107908539 2343.936107908539 -388.73081633405576 -703.2799102268824 -2201.8905963423695
216.72343842569256 0.15093125713087716 39627794400941223 11 217-218-219-220-221-222-223-224-225-226-227 0.8606892255414249 1.0 8 0.8620861517413019 1.0 [-1,-1] 1.0 1.0 1.0 0.0006812235016579503 0.1321480675826358 89.84906874286912 -216.72343842569256 3034.7381979949355 3034.7381979949355 -2883.5442226558152 -134.0505436036567 -936.3968699848283
216.72797366714053 0.14286223606182832 39627794400941324 11 217-218-219-220-221-222-223-224-225-226-227 0.8552078471983553 1.0 8 0.8573215737046278 1.0 [-1,-1] 1.0 1.0 1.0 0.0006812235016579503 0.1321480675826358 89.85713776393817 -216.72797366714053 3019.915913125934 3019.915913125934 -2862.4302229182813 -120.06177892181185 -954.9714710489372
217.21216004627422 -0.42772682802533707 39627776289935758 11 217-218-219-220-221-222-223-224-225-226-227 0.7533262890366808 1.0 8 0.9282491280122294 1.0 [-1,-1] 1.0 1.0 1.0 0.0006416626200019751 0.139161677870846 90.42772682802534 -217.21216004627422 2735.313096517156 2735.313096517156 -1551.4971871368414 734.7159502998827 -2129.55081805053
215.08937966117287 -0.37229769828641573 39627782296176967 11 217-218-219-220-221-222-223-224-225-226-227 0.8492387365002672 1.0 8 1.2318045699520772 1.0 [-1,-1] 1.0 1.0 1.0 0.0006232532477076302 0.14268566385842998 90.37229769828642 -215.08937966117287 3003.719151346256 3003.719151346256 220.2840228098449 -1999.6826225605532 -2230.4871885954267
215.97459255713275 -0.4344339033501872 39627776268966055 11 217-218-219-220-221-222-223-224-225-226-227 0.6358333413066447 1.0 8 0.36509373296960357 1.0 [-1,-1] 1.0 1.0 1.0 0.000833303205902425 0.11070054926254569 90.43443390335018 -215.97459255713275 2384.5064017454984 2384.5064017454984 -1038.9176620372048 -1059.6996413795512 -1866.4290882678781
217.39675292527428 -1.6038770683809613 39627752134937772 11 217-218-219-220-221-222-223-224-225-226-227 0.6934456325275621 1.0 8 1.4866608452039003 1.0 [-1,-1] 1.0 1.0 1.0 0.0005843703162771602 0.15074849413407446 91.60387706838097 -217.39675292527428 2559.65718550183 2559.65718550183 989.6436246604543 -716.8148955615001 -2249.1391261905574
217.37743262982778 -1.5692866475060931 39627752134937346 11 217-218-219-220-221-222-223-224-225-226-227 0.45852807474915247 1.0 8 1.4491148999953636 1.0 [-1,-1] 1.0 1.0 1.0 0.0005635091211985168 0.1554616369400361 91.56928664750609 -217.37743262982778 1805.3195887831218 1805.3195887831218 662.1633406680295 -460.37751598579274 -1615.169053286425
215.13523386646645 -1.180699362846093 39627758136986812 11 217-218-219-220-221-222-223-224-225-226-227 0.5025476414036155 1.0 8 1.3013656998649035 1.0 [-1,-1] 1.0 1.0 1.0 0.0005337442823398631 0.16272042362546515 91.1806993628461 -215.13523386646645 1954.9698153651796 1954.9698153651796 -9.287955518814858 145.23807337003498 -1949.545232846626
217.32687285786852 -1.6149945749961725 39627752134936178 11 217-218-219-220-221-222-223-224-225-226-227 0.8682387112745803 1.0 8 1.4436967533430818 1.0 [-1,-1] 1.0 1.0 1.0 0.0006812235016579503 0.1321480675826358 91.61499457499617 -217.32687285786852 3055.0732376311703 3055.0732376311703 1263.2981957905342 -786.7190544384171 -2668.0748275087985
215.78339922571698 -1.4366042162382142 39627752109769413 11 217-218-219-220-221-222-223-224-225-226-227 0.6801653366654644 1.0 8 0.9832059500179489 1.0 [-1,-1] 1.0 1.0 1.0 0.0007209928471550773 0.12577569469930108 91.43660421623821 -215.78339922571698 2519.826118564841 2519.826118564841 450.96220078662003 681.8966317177033 -2383.521291055587
216.70844727947957 0.14823202608857677 39627794400940887 11 217-218-219-220-221-222-223-224-225-226-227 0.5375193927035001 1.0 8 0.8524525681825644 1.0 [-1,-1] 1.0 1.0 1.0 0.0007045118177349687 0.128340413101622 89.85176797391142 -216.70844727947957 2071.0575453446645 2071.0575453446645 -1964.5538588866689 -120.86577073163637 -644.3593385123037
215.7434566382015 -1.4102487635223997 39627752105579748 11 217-218-219-220-221-222-223-224-225-226-227 0.7972688376072063 1.0 8 0.9829257827856953 1.0 [-1,-1] 1.0 1.0 1.0 0.0007229154976227362 0.12548315978664992 91.4102487635224 -215.7434566382015 2860.2158808761783 2860.2158808761783 443.4750363044126 732.5666033337886 -2729.01281584955
215.64487174279208 -0.8402689906188511 39627770224971663 11 217-218-219-220-221-222-223-224-225-226-227 0.9027565912414982 1.0 8 0.6977490911118516 1.0 [-1,-1] 1.0 1.0 1.0 0.0005275616701708153 0.16431404058018498 90.84026899061885 -215.64487174279208 3146.887269259596 3146.887269259596 -356.5612170034191 -746.1707191758436 -3036.2794406644725
216.92706696102462 -1.396073800094978 39627752126550374 11 217-218-219-220-221-222-223-224-225-226-227 1.0129952143631302 1.0 8 1.013321686540967 1.0 [-1,-1] 1.0 1.0 1.0 0.00020304675497218746 0.33812883710054276 91.39607380009498 -216.92706696102462 3427.8074270257084 3427.8074270257084 967.739853708565 -153.36841483729546 -3284.7863646890382
215.00040150600452 -1.323428164830548 39627758136983612 11 217-218-219-220-221-222-223-224-225-226-227 0.8063562355800404 1.0 8 1.4872142697679118 1.0 [-1,-1] 1.0 1.0 1.0 0.0007229154976227362 0.12548315978664992 91.32342816483055 -215.00040150600452 2885.634265338828 2885.634265338828 -122.76885841846347 609.722429871417 -2817.809695350607
217.26542558281284 0.491044268366899 39627800453317003 11 217-218-219-220-221-222-223-224-225-226-227 0.9290734612410538 1.0 8 1.4568442416376624 1.0 [-1,-1] 1.0 1.0 1.0 0.0004951280553168204 0.17321314004730964 89.5089557316331 -217.26542558281284 3215.6273733432754 3215.6273733432754 -2827.849342123974 1528.497096431739 84.99487421792556
215.0116511468429 -1.207911183736041 39627758136983884 11 217-218-219-220-221-222-223-224-225-226-227 0.7311674237906618 1.0 8 1.424419199123317 1.0 [-1,-1] 1.0 1.0 1.0 0.0007126833197713517 0.12705585074725267 91.20791118373604 -215.0116511468429 2671.0552583519698 2671.0552583519698 -50.54603876866032 266.4914414721042 -2657.2473732711874
215.87170858804356 0.1287331515685129 39627794388356678 11 217-218-219-220-221-222-223-224-225-226-227 0.7915554338366599 1.0 8 0.8452691668292304 1.0 [-1,-1] 1.0 1.0 1.0 0.0007229154976227362 0.12548315978664992 89.87126684843149 -215.87170858804356 2844.163293683606 2844.163293683606 -1672.985929045973 -2100.3843978140176 -937.4264257907428
215.01187266746092 -1.3260871259454288 39627758136983888 11 217-218-219-220-221-222-223-224-225-226-227 0.8056143810047848 1.0 8 1.4785072100845722 1.0 [-1,-1] 1.0 1.0 1.0 0.0007229154976227362 0.12548315978664992 91.32608712594543 -215.01187266746092 2883.564447668679 2883.564447668679 -117.07684733830051 618.0063257783421 -2814.125995220195
216.87593817115973 0.3931421298357575 39627800444931365 12 217-218-219-220-221-222-223-224-225-226-227-466 0.8532811448526547 1.0 8 1.148053431188302 1.0 [-1,-1] 1.0 1.0 1.0 0.0006812235016579503 0.1321480675826358 89.60685787016425 -216.87593817115973 3014.6942880148586 3014.6942880148586 -2990.106838379697 318.28007372407444 -215.26852982864227
216.5695992002786 -1.1310500751724266 39627758162150827 12 217-218-219-220-221-222-223-224-225-226-227-466 0.7995437211830558 1.0 8 0.5955508420162463 1.0 [-1,-1] 1.0 1.0 1.0 0.0007229154976227362 0.12548315978664992 91.13105007517242 -216.5695992002786 2866.592063098254 2866.592063098254 69.84036156186185 14.178712785001444 -2865.70608126838
216.41608641066784 -1.3616226228104873 39627758157959352 12 217-218-219-220-221-222-223-224-225-226-227-466 0.5984801442918314 1.0 8 0.770416074040675 1.0 [-1,-1] 1.0 1.0 1.0 0.0007756247847600315 0.11796159141779075 91.36162262281049 -216.41608641066784 2267.6181994551002 2267.6181994551002 537.4638958483808 198.51144641125018 -2194.041491130736
216.56402563934276 -1.2911962105585766 39627758162150725 12 217-218-219-220-221-222-223-224-225-226-227-466 0.8943213727503839 1.0 8 0.7398931736206797 1.0 [-1,-1] 1.0 1.0 1.0 0.0005275616701708153 0.16431404058018498 91.29119621055858 -216.56402563934276 3124.625096301075 3124.625096301075 562.6550857682031 117.49697723358597 -3071.301956375284
216.87153099371002 0.40212955174285475 39627800444931260 12 217-218-219-220-221-222-223-224-225-226-227-466 0.7243247087537571 1.0 8 1.1536472658272994 1.0 [-1,-1] 1.0 1.0 1.0 0.0006167714992318164 0.14396928707710532 89.59787044825714 -216.87153099371002 2651.036907480288 2651.036907480288 -2632.2096529310893 268.4572996522156 -165.52856582017944
