data_rosette/LRG_18_clustering_data.ecsv
# %ECSV 1.0
# ---
# datatype:
# - {name: RA, unit: deg, datatype: float64}
# - {name: DEC, unit: deg, datatype: float64}
# - {name: TARGETID, datatype: int64}
# - {name: NTILE, datatype: int64}
# - {name: TILES, datatype: string}
# - {name: Z, datatype: float64}
# - {name: COMP_TILE, datatype: float64}
# - {name: ROSETTE_NUMBER, datatype: int32}
# - {name: ROSETTE_R, unit: deg, datatype: float64}
# - {name: FRACZ_TILELOCID, datatype: float64}
# - {name: BITWEIGHTS, datatype: string, subtype: 'int64[2]'}
# - {name: PROB_OBS, datatype: float64}
# - {name: WEIGHT_ZFAIL, datatype: float64}
# - {name: WEIGHT, datatype: float64}
# - {name: NZ, unit: h3 / Mpc3, datatype: float64}
# - {name: WEIGHT_FKP, datatype: float64}
# - {name: theta, unit: deg, datatype: float64}
# - {name: phi, unit: deg, datatype: float64}
# - {name: rho, unit: Mpc, datatype: float64}
# - {name: r, unit: Mpc, datatype: float64}
# - {name: x, unit: Mpc, datatype: float64}
# - {name: y, unit: Mpc, datatype: float64}
# - {name: z, unit: Mpc, datatype: float64}
# meta: !!omap
# - {EXTNAME: LSS}
# - {DESIDR: edr}
# - comments: ['Visit https://desidatamodel.readthedocs.io/en/latest/ for a more complet', e description]
# schema: astropy-2.0
RA DEC TARGETID NTILE TILES Z COMP_TILE ROSETTE_NUMBER ROSETTE_R FRACZ_TILELOCID BITWEIGHTS PROB_OBS WEIGHT_ZFAIL WEIGHT NZ WEIGHT_FKP theta phi rho r x y z
[from data line 4840]
269.75235161628484 62.590966930169316 39633416966113655 4 545-549-550-551 0.7509806379282237 1.0 18 0.07171072771362924 1.0 [-1,-1] 1.0 1.0 1.0 0.0007242712797402853 0.12498917450484462 27.409033069830684 -269.75235161628484 2728.5518362390276 2728.5518362390276 1892.756280860463 855.7554133186281 -1769.223405023374
273.0991760965868 62.59834962028463 39633416991280663 3 545-549-551 0.7345483603431509 1.0 18 1.554423227700319 1.0 [-1,-1] 1.0 1.0 1.0 0.0006073340474539246 0.1455520198534496 27.40165037971537 -273.0991760965868 2680.9155098308174 2680.9155098308174 -2004.508114674962 -446.9522118334529 -1723.2205051562166
273.12471446694536 62.63571048515794 39633419780492621 2 545-551 0.8334654698640069 0.5714285714285714 18 1.5675048106553988 1.0 [4604860250191427023,-5838353988415661338] 0.7890625 1.0 1.2647058823529411 0.0006366829495309179 0.1397804201853648 27.364289514842064 -273.12471446694536 2960.6387329719155 2960.6387329719155 -2293.7355722498255 -450.2866058527674 -1816.9757302613887
271.7431716515614 61.11230861096245 39633399773663598 2 545-551 0.8449533424760038 0.5714285714285714 18 1.6985497734946504 1.0 [-1,-1] 1.0 1.0 1.0 0.0006366829495309179 0.1397804201853648 28.88769138903755 -271.7431716515614 2992.055158281941 2992.055158281941 -7.910183331760867 1722.2572543252872 -2446.66332974628
271.8039961429412 61.12088518326132 39633399777853580 2 545-551 0.526532396909231 0.5714285714285714 18 1.7076742045515292 1.0 [-1,-1] 1.0 1.0 1.0 0.0006888416087567301 0.1305783864573065 28.879114816738678 -271.8039961429412 2034.851010149837 2034.851010149837 65.0245317196948 1155.1507154843437 -1673.922718735383
271.65272622960316 61.07854867633397 39633399773662795 2 545-551 0.8870861864016341 0.5714285714285714 18 1.7037578863063316 1.0 [-1,-1] 1.0 1.0 1.0 0.0005346154933450218 0.1621399955636538 28.921451323666027 -271.65272622960316 3105.4404560400676 3105.4404560400676 -177.66643003320655 1863.7873960200918 -2477.5979512596964
268.71795907478054 61.0116310751911 39633399752687642 2 545-551 0.7141342194150374 0.5714285714285714 18 1.582480510049163 1.0 [-1,-1] 1.0 1.0 1.0 0.0005823912580269674 0.15084542533972659 28.988368924808903 -268.71795907478054 2621.069923987926 2621.069923987926 -191.4842740446008 -1705.79459091308 -1980.8094640422537
268.7525441270842 60.941485671385756 39633399752687941 2 545-551 0.9838804976154704 0.5714285714285714 18 1.6449502353589114 0.5 [-3450441238208915323,-2820604497779311033] 0.5390625 1.0 1.8428571428571427 0.00030269805442075816 0.25472307248715254 29.058514328614244 -268.7525441270842 3355.3836166533492 3355.3836166533492 -345.6245105845536 -2344.383400811472 -2375.5019222447563
268.677704809291 60.9639490817262 39633399748497413 2 545-551 0.5576585988056901 0.5714285714285714 18 1.6338055107301652 0.5 [-5229965777542737302,6049464402927753161] 0.53125 1.0 1.8695652173913044 0.0006724560872077301 0.13333590500666823 29.0360509182738 -268.677704809291 2136.8010009739764 2136.8010009739764 -105.40290143901582 -1470.9737621367767 -1546.300403297109
273.19801518227314 62.55415981868023 39633416991281537 1 546 0.9014612273338694 0.4642857142857143 18 1.5995323596800604 0.5 [-5250809689197910339,2589690623322210155] 0.5390625 1.0 1.8428571428571427 0.0005723615213970424 0.15308410280969617 27.445840181319767 -273.19801518227314 3143.4758353500647 3143.4758353500647 -2299.6610031045075 -278.56480773104175 -2124.9473513769517
273.18873991882697 63.11273577276465 39633422548731187 1 546 0.7463757469486879 0.4642857142857143 18 1.6873615016440635 0.5 [-8577729597834784549,-7199614482491447636] 0.4921875 1.0 2.015625 0.0006073340474539246 0.1455520198534496 26.88726422723535 -273.18873991882697 2715.2503744474056 2715.2503744474056 -2647.087797085796 -345.59109072324355 -496.06208126499877
270.6935385006394 63.994519152072016 39633433349063549 1 546 0.9111637037621299 0.4642857142857143 18 1.5368995536952714 0.3333333333333333 [7463531193664351360,2886878980538122504] 0.3203125 1.0 3.0714285714285716 0.00042618922305278896 0.1953324009783564 26.005480847927984 -270.6935385006394 3168.9640458774907 3168.9640458774907 2110.9468313770235 -1199.0530080097453 2036.7887674342473
270.1910435095577 64.15748609392074 39633435991477760 1 546 0.7040795838432644 0.4642857142857143 18 1.6504911559302151 0.5 [-1,-1] 1.0 1.0 1.0 0.0005639081233901963 0.1550231922816235 25.84251390607926 -270.1910435095577 2591.319910155863 2591.319910155863 1688.4957891521633 -23.76765578166364 1965.542150482723
269.31260040008215 64.1139270393444 39633433336482942 1 546 0.6456864465878542 0.4642857142857143 18 1.6049006335265679 1.0 [-1,-1] 1.0 1.0 1.0 0.0007982518636535506 0.11473445525619816 25.886072960655596 -269.31260040008215 2414.8987580049466 2414.8987580049466 1072.3263626066455 1256.6261892799198 1761.4604179170365
273.26287556043644 62.83697570594718 39633419784683637 1 546 0.689082024177038 0.4642857142857143 18 1.651997208139722 0.5 [-6468584134459159511,5072884841136107757] 0.46875 1.0 2.1147540983606556 0.0008053318504768218 0.11384060807160488 27.163024294052818 -273.26287556043644 2546.6050852859494 2546.6050852859494 -2278.9339291560486 -127.03445600283085 -1129.3891507951091
272.77971186148204 63.46492771872789 39633428001327120 1 546 0.643961202043462 0.4642857142857143 18 1.6762830694344313 1.0 [-1,-1] 1.0 1.0 1.0 0.0007982518636535506 0.11473445525619816 26.535072281272107 -272.77971186148204 2409.5903261509316 2409.5903261509316 -2038.872806961016 -1218.9729941535809 404.01492106024347
272.96951752246525 63.38601717094094 39633428001328558 1 546 0.7688933453285706 0.4642857142857143 18 1.708498280152543 0.2 [8432181061710381057,4634486781373317636] 0.1875 1.0 5.16 0.0007242712797402853 0.12498917450484462 26.61398282905906 -272.96951752246525 2779.9417469691384 2779.9417469691384 -2601.843711623451 -946.9273379676439 248.62428167184797
272.13517877637884 63.838410428024126 39633430685682821 1 546 0.7011577557100132 0.4642857142857143 18 1.707369139122564 0.5 [7857481201165535979,-350491173773581323] 0.46875 1.0 2.1147540983606556 0.0005639081233901963 0.1550231922816235 26.161589571975874 -272.13517877637884 2582.640529723799 2582.640529723799 -835.8962445903062 -2048.587294738037 1332.1410097620064
269.32912952813126 64.12573688528987 39633435987281277 1 546 0.4460454589420624 0.4642857142857143 18 1.615783030086995 1.0 [-1,-1] 1.0 1.0 1.0 0.0006285113834356281 0.1413409039925048 25.874263114710132 -269.32912952813126 1762.1574572606971 1762.1574572606971 787.429812814812 892.4595032520073 1299.488064248801
268.17829907214644 63.977629552507906 39633433328094808 1 546 0.6783043431650305 0.4642857142857143 18 1.6162150671639564 1.0 [-1,-1] 1.0 1.0 1.0 0.0008053318504768218 0.11384060807160488 26.022370447492094 -268.17829907214644 2514.21874751122 2514.21874751122 -810.4293285588667 1777.0666551093366 1583.203814120919
268.8524986794878 64.12016791604704 39633433332289483 2 546-547 0.7656948806031323 0.8333333333333334 18 1.6479209573450857 1.0 [-1,-1] 1.0 1.0 1.0 0.0007242712797402853 0.12498917450484462 25.879832083952962 -268.8524986794878 2770.80652047698 2770.80652047698 459.10405085992596 1825.950754773703 2032.8541722275852
268.8444537541685 64.07012790053975 39633433332289434 2 546-547 0.5403838274841434 0.8333333333333334 18 1.6003570507380114 1.0 [-1,-1] 1.0 1.0 1.0 0.0006094867785671962 0.14511252611805409 25.929872099460255 -268.8444537541685 2080.457433419295 2080.457433419295 351.27999356167476 1446.2129808426064 1453.7446517305757
268.8032847550749 64.12581638324062 39633435983087433 2 546-547 0.8526570852703456 0.8333333333333334 18 1.6587956296994477 1.0 [-1,-1] 1.0 1.0 1.0 0.0006576102792991648 0.1359368301360722 25.87418361675938 -268.8032847550749 3013.001705806618 3013.001705806618 398.5004650986369 1995.4353916060843 2222.074313886831
269.32040506249905 64.19914165936936 39633435987281227 2 546-547 0.8477685305296572 0.8333333333333334 18 1.6891464558135023 1.0 [-1,-1] 1.0 1.0 1.0 0.0006366829495309179 0.1397804201853648 25.80085834063064 -269.32040506249905 2999.72092732378 2999.72092732378 1217.2930155294591 1404.164573944665 2354.749499510772
269.1248241538193 64.17184651557417 39633435983089806 2 546-547 0.7854751758690534 0.8333333333333334 18 1.673987396459443 1.0 [8181979086668488752,-8951992358803554743] 0.390625 1.0 2.5294117647058822 0.0007064174578981374 0.12774458208408304 25.828153484425826 -269.1248241538193 2827.018958421499 2827.018958421499 897.8681867116887 1573.0722191864359 2170.555851340735
272.547396675908 63.31285871997369 39633425283418671 3 546-547-549 0.8543884006678493 1.0 18 1.5077913350246408 1.0 [-1,-1] 1.0 1.0 1.0 0.0006576102792991648 0.1359368301360722 26.68714128002631 -272.547396675908 3017.6958400856165 3017.6958400856165 -2163.698064321551 -2102.9624153553796 49.476755389524776
268.16257460048746 63.90829581295052 39633433328094680 3 546-547-549 0.6562727149293246 1.0 18 1.5575587521103451 1.0 [-2488384554109293508,-59889471728411297] 0.6875 1.0 1.449438202247191 0.0006371005092682059 0.1397016056866948 26.09170418704948 -268.16257460048746 2447.3499651813063 2447.3499651813063 -859.8384206512139 1809.4906808710175 1405.68247420458
269.38645403023304 64.11893397931085 39633433336483472 3 546-547-549 0.6786698360473845 1.0 18 1.6063515434144684 1.0 [-1,-1] 1.0 1.0 1.0 0.0008053318504768218 0.11384060807160488 25.881066020689147 -269.38645403023304 2515.320517775317 2515.320517775317 1203.9739309891625 1216.3564859615014 1843.3016518463223
269.46936688848007 64.13157416032593 39633435987282298 3 546-547-549 0.43840436593794785 1.0 18 1.6158122517871283 1.0 [-1,-1] 1.0 1.0 1.0 0.0006285113834356281 0.1413409039925048 25.868425839674074 -269.46936688848007 1735.5765242070404 1735.5765242070404 885.1103204064708 757.0936632394621 1286.706950774417
273.04880085145095 62.47099332956397 39633416991280247 4 546-547-549-551 1.0495666615633412 1.0 18 1.5332972900395967 1.0 [-1,-1] 1.0 1.0 1.0 0.00017557006270178804 0.37077784677498654 27.529006670436033 -273.04880085145095 3517.0467343653495 3517.0467343653495 -2299.0395520506977 -635.6839347372407 -2584.5581450092154
272.4951608932174 61.61850421210251 39633405607937523 3 546-548-549 0.7851889502045256 1.0 18 1.5778504039814558 1.0 [-1,-1] 1.0 1.0 1.0 0.0007064174578981374 0.12774458208408304 28.381495787897492 -272.4951608932174 2826.210340811186 2826.210340811186 205.4710802280782 221.71265254379745 -2809.9982251595784
272.56248568495744 61.62341933661702 39633405607938189 3 546-548-549 0.664216477524791 1.0 18 1.6009785775010554 1.0 [-1,-1] 1.0 1.0 1.0 0.0006371005092682059 0.1397016056866948 28.37658066338298 -272.56248568495744 2471.56377762889 2471.56377762889 183.5346085040486 173.07475890520678 -2458.655665642987
273.10045755244477 62.25130179267514 39633414185289136 4 546-548-549-551 0.5100378297528652 1.0 18 1.5850150515855348 0.5 [3918122046426430847,-3179620778786556545] 0.78125 1.0 1.2772277227722773 0.0006888416087567301 0.1305783864573065 27.748698207324857 -273.10045755244477 1980.0404439925835 1980.0404439925835 -969.9743055943147 -214.97417164852916 -1712.7451975869624
269.65182560981657 62.57942546221779 39633416966112828 4 546-548-549-551 0.6798787565161792 1.0 18 0.06949842090169248 1.0 [-1,-1] 1.0 1.0 1.0 0.0008053318504768218 0.11384060807160488 27.42057453778221 -269.65182560981657 2518.96303591858 2518.96303591858 1642.8409956980624 951.8793856192246 -1655.347055578109
273.2393431215197 62.469333331003405 39633416995471438 2 546-549 0.9259515565793641 0.7391304347826086 18 1.6213159847702046 0.5 [-3436771582536937804,5926813786699661312] 0.390625 1.0 2.5294117647058822 0.00042618922305278896 0.1953324009783564 27.530666668996595 -273.2393431215197 3207.5290925045592 3207.5290925045592 -2164.659996376399 -171.83908084895418 -2360.7120344599084
270.3848975478953 64.1185788456586 39633433344871602 2 546-549 0.9470515765728073 0.7391304347826086 18 1.6253778481928118 1.0 [-1,-1] 1.0 1.0 1.0 0.0003671239319408774 0.21984967794317842 25.881421154341396 -270.3848975478953 3261.971837035175 3261.971837035175 2172.5088637856175 -458.35302181151644 2389.6815707913493
273.2499217873751 62.475267340709756 39633416995471524 2 546-549 0.7597946628483373 0.7391304347826086 18 1.6258618249956003 0.5 [5482463636964827641,4805938451492148033] 0.4609375 1.0 2.15 0.0007242712797402853 0.12498917450484462 27.524732659290244 -273.2499217873751 2753.908208155735 2753.908208155735 -1871.9485400065635 -128.6909811981323 -2015.7523939891744
273.29707690827826 62.477848001274126 39633416995471960 2 546-549 0.541708028918628 0.7391304347826086 18 1.6474818188288654 1.0 [-7242981194626769506,958614422937140922] 0.6484375 1.0 1.5357142857142858 0.0006094867785671962 0.14511252611805409 27.522151998725874 -273.29707690827826 2084.79739694397 2084.79739694397 -1424.0749113908591 -30.59946791481689 -1522.318792373923
273.2452806060418 62.488168573514685 39633416995471490 2 546-549 0.9856837181188134 0.7391304347826086 18 1.6230652868612783 1.0 [-1,-2233382993921] 0.984375 1.0 1.015748031496063 0.00030269805442075816 0.25472307248715254 27.511831426485315 -273.2452806060418 3359.905303875801 3359.905303875801 -2314.569445183914 -169.91650134832202 -2429.580275891973
270.7161085999185 63.960504652253924 39633433349063708 2 546-549 0.8624169084968719 0.7391304347826086 18 1.5073317805952118 1.0 [-1,-1] 1.0 1.0 1.0 0.0006576102792991648 0.1359368301360722 26.039495347746076 -270.7161085999185 3039.3999556523777 3039.3999556523777 2054.0257623175667 -1228.8450363498282 1873.197836533505
268.3784729596667 63.99294388231424 39633433332285947 2 546-549 0.8747621868806823 0.7391304347826086 18 1.5934793934952434 1.0 [-1,-1] 1.0 1.0 1.0 0.0005346154933450218 0.1621399955636538 26.007056117685757 -268.3784729596667 3072.570674543747 3072.570674543747 -532.0566739096948 2296.14432601326 1971.1234055562022
273.15347346437255 63.13621763023696 39633425287613189 2 546-549 0.5599309204265046 0.7391304347826086 18 1.6801721354530452 1.0 [-1,-1] 1.0 1.0 1.0 0.0006724560872077301 0.13333590500666823 26.863782369763037 -273.15347346437255 2144.1685453796595 2144.1685453796595 -2087.9193610811235 -347.8550608481221 -342.12329540746845
273.14988165217216 63.135733111893714 39633425287613162 2 546-549 0.5608294935125663 0.7391304347826086 18 1.6784812303833474 1.0 [-1,-1] 1.0 1.0 1.0 0.0006724560872077301 0.13333590500666823 26.864266888106286 -273.14988165217216 2147.0791825903625 2147.0791825903625 -2089.325152517307 -355.80668562034606 -343.614647300279
273.1963997950488 63.03722632525438 39633422548731264 2 546-549 0.9849921108987825 0.7391304347826086 18 1.667616257484306 1.0 [-1,-1] 1.0 1.0 1.0 0.00030269805442075816 0.25472307248715254 26.96277367474562 -273.1963997950488 3358.171623709336 3358.171623709336 -3221.771760125552 -395.5446510097359 -860.8413378792209
273.040429295713 63.2774897344314 39633425287612384 2 546-549 0.646271639311224 0.7391304347826086 18 1.687389663279103 1.0 [-1,-1] 1.0 1.0 1.0 0.0007982518636535506 0.11473445525619816 26.7225102655686 -273.040429295713 2416.6980800199126 2416.6980800199126 -2323.406411161847 -663.4079951122009 -45.84856121154711
273.04221795773606 63.26378812933975 39633425287612394 2 546-549 1.038525053551285 0.7391304347826086 18 1.6823345631744955 1.0 [9223298369563118591,-1171358158552104961] 0.859375 1.0 1.162162162162162 0.00017557006270178804 0.37077784677498654 26.73621187066025 -273.04221795773606 3490.304283873459 3490.304283873459 -3356.08868595009 -951.7833151763496 -114.02301090190728
