data_rosette/LRG_7_clustering_data.ecsv
# %ECSV 1.0
# ---
# datatype:
# - {name: RA, unit: deg, datatype: float64}
# - {name: DEC, unit: deg, datatype: float64}
# - {name: TARGETID, datatype: int64}
# - {name: NTILE, datatype: int64}
# - {name: TILES, datatype: string}
# - {name: Z, datatype: float64}
# - {name: COMP_TILE, datatype: float64}
# - {name: ROSETTE_NUMBER, datatype: int32}
# - {name: ROSETTE_R, unit: deg, datatype: float64}
# - {name: FRACZ_TILELOCID, datatype: float64}
# - {name: BITWEIGHTS, datatype: string, subtype: 'int64[2]'}
# - {name: PROB_OBS, datatype: float64}
# - {name: WEIGHT_ZFAIL, datatype: float64}
# - {name: WEIGHT, datatype: float64}
# - {name: NZ, unit: h3 / Mpc3, datatype: float64}
# - {name: WEIGHT_FKP, datatype: float64}
# - {name: theta, unit: deg, datatype: float64}
# - {name: phi, unit: deg, datatype: float64}
# - {name: rho, unit: Mpc, datatype: float64}
# - {name: r, unit: Mpc, datatype: float64}
# - {name: x, unit: Mpc, datatype: float64}
# - {name: y, unit: Mpc, datatype: float64}
# - {name: z, unit: Mpc, datatype: float64}
# meta: !!omap
# - {EXTNAME: LSS}
# - {DESIDR: edr}
# - comments: ['Visit https://desidatamodel.readthedocs.io/en/latest/ for a more complet', e description]
# schema: astropy-2.0
RA DEC TARGETID NTILE TILES Z COMP_TILE ROSETTE_NUMBER ROSETTE_R FRACZ_TILELOCID BITWEIGHTS PROB_OBS WEIGHT_ZFAIL WEIGHT NZ WEIGHT_FKP theta phi rho r x y z
[from data line 5569]
218.2181991897459 32.79135762303521 39632936152075785 2 194-198 0.589755464712248 1.0 7 1.6459208539866845 1.0 [-1,-1] 1.0 1.0 1.0 0.0005369919189708607 0.1615383650856205 57.20864237696479 141.7818008102541 2239.9312516506643 2239.9312516506643 -1259.40520091881 -547.5735556943239 1769.5631531890122
218.26161210998245 32.84258990268108 39632936156266631 2 194-198 0.5921085652882413 1.0 7 1.6041389195461695 1.0 [-1,-1] 1.0 1.0 1.0 0.0006106036532175123 0.14488555312656437 57.15741009731892 141.73838789001755 2247.413077204551 2247.413077204551 -1199.7009886253668 -460.79646450882507 1843.705425434745
218.85728562014629 33.011939314359765 39632941243959841 3 194-198-200 0.7997790771543174 1.0 7 1.6432373794394297 1.0 [-594836413933986857,-917650486875193601] 0.75 1.0 1.3298969072164948 0.0008239664519383997 0.11155322342262282 56.988060685640235 141.14271437985371 2867.2512330034897 2867.2512330034897 -1187.8711892802528 276.82313509002444 2594.891254506994
217.15433884047755 32.969781390284204 39632941218795083 3 194-198-200 0.9138774103527051 1.0 7 1.5277867033543755 1.0 [-1,-1] 1.0 1.0 1.0 0.00042618922305278896 0.1953324009783564 57.030218609715796 142.84566115952245 3176.066551827096 3176.066551827096 -142.17806341811212 -1464.1214762176148 2814.8769853753624
219.55631605688623 34.79664502677488 39632976425780410 3 194-199-200 0.909587350414223 1.0 7 1.4991168619000994 1.0 [-1,-1] 1.0 1.0 1.0 0.0005723615213970424 0.15308410280969617 55.20335497322512 140.44368394311377 3164.8330243448922 3164.8330243448922 1849.1274562837395 -2469.0519888689932 707.5860362272083
215.9500251328561 34.33833664599673 39632966397199389 4 194-199-200-463 0.6001851059463055 1.0 7 1.5282246742000827 1.0 [-1,-1] 1.0 1.0 1.0 0.0006106036532175123 0.14488555312656437 55.66166335400327 144.0499748671439 2273.0115838079405 2273.0115838079405 -1576.2641547020621 787.4220765629988 1435.9454892396475
216.9947021908271 32.87201917277901 39632936135298301 2 194-200 0.47610889770733383 0.7142857142857143 7 1.6685893384926065 1.0 [-1,-1] 1.0 1.0 1.0 0.000668512811805897 0.13401699399284683 57.12798082722099 143.0052978091729 1865.5641170272834 1865.5641170272834 64.12828016275954 -1019.2862828029956 1561.1766434688952
217.82642144006067 32.70229725235533 39632936147879932 2 194-200 0.5956703866945416 0.7142857142857143 7 1.697845514964738 1.0 [-1,-1] 1.0 1.0 1.0 0.0006106036532175123 0.14488555312656437 57.29770274764467 142.17357855993933 2258.7177418270426 2258.7177418270426 -1069.4502444795003 -1105.3617968477568 1654.1636285133613
218.57108376141488 32.96335100105718 39632941239765606 2 194-200 0.9424915846285676 0.7142857142857143 7 1.573408402908417 1.0 [-1,-1] 1.0 1.0 1.0 0.0003671239319408774 0.21984967794317842 57.03664899894282 141.42891623858512 3250.26373128081 3250.26373128081 -1521.3693729445458 -87.18883523982792 2870.8966649733834
219.45365384947806 33.570871770260624 39632951369010756 2 194-200 0.5412116720930412 0.7142857142857143 7 1.6023293732380401 1.0 [-1,-1] 1.0 1.0 1.0 0.0006094867785671962 0.14511252611805409 56.429128229739376 140.54634615052194 2083.171035878735 2083.171035878735 168.51399053425342 -182.53719524742326 2068.304806373932
217.13341003156907 32.79808189124832 39632936139490170 2 194-200 0.8219741223745758 0.7142857142857143 7 1.695395705695092 1.0 [-1,-1] 1.0 1.0 1.0 0.000762533893525711 0.11946670068019369 57.20191810875168 142.86658996843093 2928.994670569707 2928.994670569707 -134.94123878600735 -1775.0354469548192 2325.9513761801963
218.0177631513989 32.70171886320405 39632936152073158 2 194-200 0.7333572812310083 0.7142857142857143 7 1.707948839040767 0.5 [-6819285446405192719,3059083286285012482] 0.3515625 1.0 2.8043478260869565 0.0006073340474539246 0.1455520198534496 57.29828113679595 141.9822368486011 2677.44412555101 2677.44412555101 -1494.6841733516071 -1045.9259075655925 1959.761532243892
218.09999950365298 32.72594896126933 39632936152074214 2 194-200 0.6330728951038342 0.7142857142857143 7 1.6926098531455784 1.0 [-268439554,9223301668110598143] 0.9609375 1.0 1.0403225806451613 0.0007982518636535506 0.11473445525619816 57.27405103873067 141.90000049634702 2375.9589185323753 2375.9589185323753 -1361.3397714611312 -794.583188729452 1777.7998665148516
218.22850517354982 32.736989684667776 39632936152075930 2 194-200 0.9802862592228129 0.7142857142857143 7 1.700900030307064 1.0 [-55169095704264705,-19140300563843073] 0.9140625 1.0 1.0932203389830508 0.00030269805442075816 0.25472307248715254 57.263010315332224 141.77149482645018 3346.3564956388095 3346.3564956388095 -2019.3614438628003 -853.3567850826096 2528.253023788931
217.70084252274677 32.702889762264235 39632936147878302 2 194-200 0.6433683865483494 0.7142857142857143 7 1.6991206101818452 0.5 [1489449625338176990,-2326523405959743656] 0.546875 1.0 1.8169014084507042 0.0007982518636535506 0.11473445525619816 57.297110237735765 142.29915747725323 2407.7649948067715 2407.7649948067715 -982.8352039274525 -1310.9735670977532 1764.288961170683
217.20160722489157 32.90724276310664 39632941222985906 2 194-200 0.40086068622112203 0.7142857142857143 7 1.5736576183257045 1.0 [-1,-1] 1.0 1.0 1.0 0.00024055914515870672 0.3007331513712552 57.09275723689336 142.79839277510843 1603.1983166620225 1603.1983166620225 -119.14983885062325 -821.2803752879757 1371.694828894771
217.12522994189203 32.828694558210046 39632936139490072 2 194-200 1.091740844570953 0.7142857142857143 7 1.668750011189148 1.0 [-1,-1] 1.0 1.0 1.0 5.9370222311395755e-05 0.6353792046182113 57.171305441789954 142.87477005810797 3617.6263797151596 3617.6263797151596 -142.71034193555602 -2104.8946553232445 2938.7536255200584
218.832897113729 33.02041096805716 39632941243959473 2 194-200 0.8806840190212576 0.7142857142857143 7 1.6252498340951254 1.0 [-3622779927275862877,8393916942548703415] 0.5625 1.0 1.7671232876712328 0.0005346154933450218 0.1621399955636538 56.97958903194284 141.167102886271 3088.3952683994116 3088.3952683994116 -1263.1488829317723 262.0637853224857 2806.0582327960587
217.99884596901853 32.70351366167379 39632936152072857 2 194-200 0.8338149405610802 0.7142857142857143 7 1.7045594453335369 1.0 [-1,-1] 1.0 1.0 1.0 0.0006366829495309179 0.1397804201853648 57.29648633832621 142.00115403098147 2961.5976533625844 2961.5976533625844 -1627.9850668446136 -1185.703305675658 2171.366609636319
219.81334707553955 34.10629959151843 39632961439532091 1 195 0.5810575175311501 0.46153846153846156 7 1.6898371417866183 0.3333333333333333 [-8177391687303918324,-8610581577250502120] 0.3359375 1.0 2.9318181818181817 0.0005369919189708607 0.1615383650856205 55.89370040848157 140.18665292446045 2212.182445442858 2212.182445442858 507.04500515088085 -1248.4789352037121 1754.4106939453175
219.4831103530912 33.462656363156334 39632951373201599 1 195 0.41664941364374386 0.46153846153846156 7 1.681858415797911 1.0 [-1,-1] 1.0 1.0 1.0 0.0005613841910631427 0.1556117057517016 56.537343636843666 140.5168896469088 1659.2299273070812 1659.2299273070812 12.332765832313513 -14.174864450799515 1659.1235420474839
219.8008322848799 34.236444637513074 39632966451724341 1 195 0.8779225902462419 0.46153846153846156 7 1.6605716132794373 1.0 [-1,-1] 1.0 1.0 1.0 0.0005346154933450218 0.1621399955636538 55.763555362486926 140.1991677151201 3081.0230325299653 3081.0230325299653 844.7268025806859 -2007.5047810188364 2179.23475334083
219.41852108838287 33.48190747454749 39632951369010306 1 195 0.8630802231356074 0.46153846153846156 7 1.6265713854653676 0.5 [-5201267051842900619,86838412608481399] 0.453125 1.0 2.1864406779661016 0.0006576102792991648 0.1359368301360722 56.51809252545251 140.58147891161713 3041.1884752088986 3041.1884752088986 65.42432355586239 -66.05441875876433 3039.7670656471564
219.7854670864386 34.718694553267234 39632976429973868 1 195 0.8642113573243128 0.46153846153846156 7 1.6658472743374915 0.3333333333333333 [-8610301916928409079,5119889368664791812] 0.2890625 1.0 3.3947368421052633 0.0006576102792991648 0.1359368301360722 55.281305446732766 140.2145329135614 3044.236752614765 3044.236752614765 1167.7688746097122 -2660.1303523507427 909.6151768553395
218.73403723699926 34.81443632399908 39632976413198895 7 195-196-197-198-199-200-463 0.7287548590085886 1.0 7 0.8733608714173595 1.0 [-1,-1] 1.0 1.0 1.0 0.0005823912580269674 0.15084542533972659 55.18556367600092 141.26596276300074 2664.006800760038 2664.006800760038 2592.2054065893576 -275.03852704353017 549.3242878176444
218.2018087638633 34.514835920323684 39632971426170178 4 195-196-198-199 0.8492715423563322 1.0 7 0.35064724207178816 1.0 [-1,-1] 1.0 1.0 1.0 0.0006366829495309179 0.1397804201853648 55.485164079676316 141.7981912361367 3003.8083265602318 3003.8083265602318 2390.2980460398903 1086.194361387543 1459.2880192410173
218.19724552890924 34.50417377204218 39632971426170102 5 195-196-198-199-463 0.8494481164103062 1.0 7 0.3437340230869577 1.0 [-1,-1] 1.0 1.0 1.0 0.0006366829495309179 0.1397804201853648 55.49582622795782 141.80275447109076 3004.2882725321433 3004.2882725321433 2371.424462262848 1090.7010187556273 1487.4358244781415
219.51363013089633 35.28068532541251 39632986336920730 4 195-196-198-463 0.794350342039528 0.8571428571428571 7 1.659392787542437 0.5 [9222808807728480238,-360850920146225153] 0.8984375 1.0 1.1120689655172413 0.0008239664519383997 0.11155322342262282 54.71931467458749 140.48636986910367 2852.0228964137837 2852.0228964137837 1745.4802684636559 -2134.378102287235 -729.2210573956658
218.22549980546896 35.88050738967716 39633001084092530 4 195-196-198-463 0.52431290125508 0.8571428571428571 7 1.5208401609991826 1.0 [-1,-1] 1.0 1.0 1.0 0.0006888416087567301 0.1305783864573065 54.11949261032284 141.77450019453104 2027.5075747432813 2027.5075747432813 1219.2265496463795 519.5539147062899 -1534.3849960137568
219.6733129186135 34.30289661205553 39632966447532563 4 195-196-198-463 0.5794932237555638 0.8571428571428571 7 1.5496150642404907 1.0 [-1,-1] 1.0 1.0 1.0 0.0005369919189708607 0.1615383650856205 55.69710338794447 140.3266870813865 2207.176329801477 2207.176329801477 833.4260593211202 -1436.1796019405247 1454.1033338282198
219.5561518277687 35.11796636999725 39632981387644337 4 195-196-198-463 0.7888751237917145 0.8571428571428571 7 1.6115116276033228 1.0 [-1,-1] 1.0 1.0 1.0 0.0007064174578981374 0.12774458208408304 54.88203363000275 140.4438481722313 2836.6134674301547 2836.6134674301547 1692.9694184531559 -2259.768010985966 -271.4388482016527
219.55560644481216 35.11137846264916 39632981387644326 4 195-196-198-463 0.4248792020216253 0.8571428571428571 7 1.608237526522023 1.0 [-1,-1] 1.0 1.0 1.0 0.0005613841910631427 0.1556117057517016 54.88862153735084 140.44439355518784 1688.228056536804 1688.228056536804 1008.9312595625505 -1345.1874181156475 -150.47423200972892
219.50071514345703 35.264995802490915 39632986336920536 4 195-196-198-463 0.7936689510874281 0.8571428571428571 7 1.6422145829278771 1.0 [-598135130824705,-1729384528981524481] 0.9140625 1.0 1.0932203389830508 0.0008239664519383997 0.11155322342262282 54.735004197509085 140.49928485654297 2850.1079708245416 2850.1079708245416 1778.8423991731681 -2118.7364351066826 -685.4130745855815
216.91983076262537 35.78686740265672 39632996159980236 4 195-196-199-463 1.0455371542765297 1.0 7 1.5626827061323338 1.0 [-1,-1] 1.0 1.0 1.0 0.00017557006270178804 0.37077784677498654 54.21313259734328 143.08016923737463 3507.3073234233343 3507.3073234233343 -347.3919646392672 2506.787467634287 -2428.2792417583896
219.4856315024646 35.07496114260489 39632981387643363 4 195-196-200-463 0.9922368596657177 1.0 7 1.5408644228012294 1.0 [-1,-1] 1.0 1.0 1.0 0.00023297360745577845 0.30751381291380364 54.92503885739511 140.5143684975354 3376.29734168785 3376.29734168785 2206.6377539551418 -2549.1850201363227 -178.2955283253766
219.55562262480177 34.897805037095814 39632981387644327 4 195-196-200-463 0.9275085316466594 1.0 7 1.5276216125970534 1.0 [-1,-1] 1.0 1.0 1.0 0.00042618922305278896 0.1953324009783564 55.102194962904186 140.44437737519823 3211.5697948103266 3211.5697948103266 1912.077426039549 -2549.4196692948926 398.2459209839285
219.71777747381643 34.363922048466335 39632966447533224 3 195-196-463 0.6954536174738983 0.7142857142857143 7 1.5831126472020496 1.0 [-1,-1] 1.0 1.0 1.0 0.0005639081233901963 0.1550231922816235 55.636077951533665 140.28222252618357 2565.651686132015 2565.651686132015 939.6845942612757 -1799.0342522385033 1569.406638552521
218.3628411177218 35.800394804214804 39632996176760438 3 195-196-463 1.0722222616478414 0.7142857142857143 7 1.474153076415748 1.0 [-1,-1] 1.0 1.0 1.0 0.00012850791192818028 0.44600300211103894 54.199605195785196 141.6371588822782 3571.3829180555294 3571.3829180555294 2454.188878297239 667.3139424464413 -2507.274416420659
219.7160771721094 34.35767722699004 39632966447533203 3 195-196-463 0.5803741358868044 0.7142857142857143 7 1.5819235136211294 1.0 [-1,-1] 1.0 1.0 1.0 0.0005369919189708607 0.1615383650856205 55.64232277300996 140.2839228278906 2209.996045957479 2209.996045957479 808.1203795130701 -1540.763815401825 1362.7438646024991
219.50733541925098 35.28462468524332 39632986336920636 3 195-196-463 0.7935979506206112 0.7142857142857143 7 1.6570876055006591 0.3333333333333333 [-35192962056194,-594756626066457093] 0.90625 1.0 1.1025641025641026 0.0008239664519383997 0.11155322342262282 54.71537531475668 140.49266458074902 2849.908391518929 2849.908391518929 1755.7320521563317 -2119.547263568389 -739.5283622557546
218.49578963199255 32.90386269125566 39632941239764587 3 195-197-198 1.0635711447653258 1.0 7 1.6043194079132543 1.0 [-1301051679847760457,-2598653985435054217] 0.7265625 1.0 1.372340425531915 0.00014839258087788972 0.41078905010633954 57.09613730874434 141.50421036800745 3550.7188235812446 3550.7188235812446 -1832.0391239924604 -244.25216344223205 3031.76148351893
218.92388963176742 34.519870030919485 39632971434559904 6 195-197-198-199-200-463 0.6733734291755511 1.0 7 0.934387424162513 1.0 [-1,-1] 1.0 1.0 1.0 0.0008053318504768218 0.11384060807160488 55.480129969080515 141.07611036823258 2499.3306247417822 2499.3306247417822 2095.6690290491647 -638.0829897270186 1203.193662997486
218.4505141374793 32.94521833569329 39632941239763954 4 195-197-198-200 0.6633341660537895 1.0 7 1.5522351383209354 0.5 [-1,-1] 1.0 1.0 1.0 0.0006371005092682059 0.1397016056866948 57.05478166430671 141.5494858625207 2468.8801357253888 2468.8801357253888 -1177.9967361488286 -211.70317543749735 2159.369023513999
219.37864128663642 33.41346989129168 39632951369009831 2 195-198 0.4942533077575959 0.6190476190476191 7 1.6400307836734196 0.3333333333333333 [-1724156339396151162,8203092945040711221] 0.4921875 1.0 2.015625 0.0007365189099627642 0.12316671624379881 56.58653010870832 140.62135871336358 1927.07491227229 1927.07491227229 -53.3584285580029 49.73949838541987 1925.693791315598
219.85634699642122 34.140766426667284 39632966451725190 2 195-198 0.5371888947274703 0.6190476190476191 7 1.7189707254785644 1.0 [-1,-1] 1.0 1.0 1.0 0.0006094867785671962 0.14511252611805409 55.859233573332716 140.14365300357878 2069.9719368406986 2069.9719368406986 442.5550999262178 -1240.109590642046 1597.202869404806
219.8394733432831 34.23392618641747 39632966451724927 2 195-198 1.0235047652158287 0.6190476190476191 7 1.6926025047429305 1.0 [-1,-1] 1.0 1.0 1.0 0.00020130102782971312 0.3394727840281335 55.76607381358253 140.1605266567169 3453.647800935312 3453.647800935312 857.0827059211945 -2279.4304596758975 2448.936329841559
219.66541979792746 34.94516876419475 39632981391836211 2 195-198 0.9069345308193875 0.6190476190476191 7 1.6281031821709235 0.5 [-1,-1] 1.0 1.0 1.0 0.0005723615213970424 0.15308410280969617 55.05483123580525 140.33458020207254 3157.872224676534 3157.872224676534 1601.7440962955661 -2710.650504188289 242.7893768466778
