data_rosette/LRG_3_clustering_data.ecsv
# %ECSV 1.0
# ---
# datatype:
# - {name: RA, unit: deg, datatype: float64}
# - {name: DEC, unit: deg, datatype: float64}
# - {name: TARGETID, datatype: int64}
# - {name: NTILE, datatype: int64}
# - {name: TILES, datatype: string}
# - {name: Z, datatype: float64}
# - {name: COMP_TILE, datatype: float64}
# - {name: ROSETTE_NUMBER, datatype: int32}
# - {name: ROSETTE_R, unit: deg, datatype: float64}
# - {name: FRACZ_TILELOCID, datatype: float64}
# - {name: BITWEIGHTS, datatype: string, subtype: 'int64[2]'}
# - {name: PROB_OBS, datatype: float64}
# - {name: WEIGHT_ZFAIL, datatype: float64}
# - {name: WEIGHT, datatype: float64}
# - {name: NZ, unit: h3 / Mpc3, datatype: float64}
# - {name: WEIGHT_FKP, datatype: float64}
# - {name: theta, unit: deg, datatype: float64}
# - {name: phi, unit: deg, datatype: float64}
# - {name: rho, unit: Mpc, datatype: float64}
# - {name: r, unit: Mpc, datatype: float64}
# - {name: x, unit: Mpc, datatype: float64}
# - {name: y, unit: Mpc, datatype: float64}
# - {name: z, unit: Mpc, datatype: float64}
# meta: !!omap
# - {EXTNAME: LSS}
# - {DESIDR: edr}
# - comments: ['Visit https://desidatamodel.readthedocs.io/en/latest/ for a more complet', e description]
# schema: astropy-2.0
RA DEC TARGETID NTILE TILES Z COMP_TILE ROSETTE_NUMBER ROSETTE_R FRACZ_TILELOCID BITWEIGHTS PROB_OBS WEIGHT_ZFAIL WEIGHT NZ WEIGHT_FKP theta phi rho r x y z
[from data line 1287]
190.8301429862231 62.94275964356631 39633421915392523 12 82-83-84-85-87-88-89-90-91-92-451-452 0.5321402307347756 1.0 3 1.2214252703780695 1.0 [-1,-1] 1.0 1.0 1.0 0.0006094867785671962 0.14511252611805409 27.057240356433688 169.1698570137769 2053.361185373701 2053.361185373701 1711.9901740226073 -882.9117021721531 -711.2304322909728
191.29892241882385 62.61701763572889 39633416353745719 12 82-83-84-85-87-88-89-90-91-92-451-452 0.9745428553701535 1.0 3 1.0453959688564047 1.0 [-1,-1] 1.0 1.0 1.0 0.00030269805442075816 0.25472307248715254 27.382982364271108 168.70107758117615 3331.891862051745 3331.891862051745 1518.372885062154 -2100.6555310432495 -2093.6316539000077
189.7880328906973 61.36701719776421 39633402034392619 12 82-83-84-85-87-88-89-90-91-92-451-452 0.45164449587650574 1.0 3 0.4362487723366982 1.0 [-1,-1] 1.0 1.0 1.0 0.0005330850268982689 0.1625298359500762 28.632982802235787 170.2119671093027 1781.5576513970639 1781.5576513970639 -527.8350887306841 -335.3277208556721 -1668.2005586804705
189.88673796585041 60.96041470532556 39633399106765978 12 82-83-84-85-87-88-89-90-91-92-451-452 0.7903067782803539 1.0 3 0.8396093214427024 1.0 [-1,-1] 1.0 1.0 1.0 0.0008239664519383997 0.11155322342262282 29.03958529467444 170.11326203414959 2840.6476363011802 2840.6476363011802 -1756.8365363696307 -886.3628564504234 -2048.698431884324
191.96561245807004 61.7682005875437 39633407843502739 12 82-83-84-85-87-88-89-90-91-92-451-452 0.5051501149579432 1.0 3 0.977088267347158 1.0 [-1,-1] 1.0 1.0 1.0 0.0007365189099627642 0.12316671624379881 28.231799412456297 168.03438754192996 1963.693500734085 1963.693500734085 -3.4074542855509558 -83.42992425572159 -1961.9174299188187
187.72634251035214 62.76208021893369 39633419121984350 12 82-83-84-85-87-88-89-90-91-92-451-452 1.023819453276415 1.0 3 1.3955026482096782 1.0 [-1,-1] 1.0 1.0 1.0 0.00020130102782971312 0.3394727840281335 27.23791978106631 172.27365748964786 3454.4190916249736 3454.4190916249736 -2588.7728560648543 1461.4681317725071 -1759.3684264810202
189.6969104870302 61.25173057820133 39633402034391872 12 82-83-84-85-87-88-89-90-91-92-451-452 0.6103950433414914 1.0 3 0.5567528179767071 1.0 [-1,-1] 1.0 1.0 1.0 0.0007056687116799521 0.12786279395313782 28.748269421798668 170.3030895129698 2305.192285997175 2305.192285997175 -833.0033676356829 -642.6175905731061 -2051.111771019441
187.67122677274276 62.70600025778422 39633419121984001 12 82-83-84-85-87-88-89-90-91-92-451-452 0.9390923146326386 1.0 3 1.3773792137604792 1.0 [-1,-1] 1.0 1.0 1.0 0.0003671239319408774 0.21984967794317842 27.29399974221578 172.32877322725724 3241.5152362347653 3241.5152362347653 -2414.182069719833 1192.565763460291 -1804.697443010258
189.60502736822616 62.191412266555936 39633413526785563 12 82-83-84-85-87-88-89-90-91-92-451-452 0.9143488667581473 1.0 3 0.4151928824053175 1.0 [-1,-1] 1.0 1.0 1.0 0.00042618922305278896 0.1953324009783564 27.808587733444064 170.39497263177384 3177.2993105882147 3177.2993105882147 1045.0429435521075 971.548376864777 -2838.874760641566
187.43366705047714 62.40312359018624 39633416324386216 12 82-83-84-85-87-88-89-90-91-92-451-452 0.5068635466268174 1.0 3 1.3019967912648194 1.0 [-1,-1] 1.0 1.0 1.0 0.0007365189099627642 0.12316671624379881 27.59687640981376 172.56633294952286 1969.4295654739994 1969.4295654739994 -1204.3710230267557 270.9183861181763 -1534.518321923761
188.557254762044 61.5974499941649 39633404932654633 12 82-83-84-85-87-88-89-90-91-92-451-452 0.6244119604202162 1.0 3 0.6680378194735931 1.0 [-1,-1] 1.0 1.0 1.0 0.0007056687116799521 0.12786279395313782 28.402550005835103 171.442745237956 2349.0476131588284 2349.0476131588284 67.28934107350287 -292.7268670308287 -2329.7656137009576
189.70024065497662 62.91083350311706 39633421907004198 12 82-83-84-85-87-88-89-90-91-92-451-452 0.5287895218174936 1.0 3 1.1146920842851864 1.0 [-1,-1] 1.0 1.0 1.0 0.0006888416087567301 0.1305783864573065 27.08916649688294 170.29975934502338 2042.3088266837885 2042.3088266837885 1502.1378614804157 1150.860086550737 -768.1980537869035
188.2155600345312 60.71001259182419 39633396137198252 12 82-83-84-85-87-88-89-90-91-92-451-452 0.8636934972241974 1.0 3 1.357950186922481 1.0 [-1,-1] 1.0 1.0 1.0 0.0006576102792991648 0.1359368301360722 29.28998740817581 171.7844399654688 3042.8414355149434 3042.8414355149434 1390.2845076169774 -2180.3443155034115 -1603.7741909068184
191.745132762316 61.3824753567956 39633404957820646 12 82-83-84-85-87-88-89-90-91-92-451-452 0.72640166930262 1.0 3 0.9720270138517803 1.0 [-1,-1] 1.0 1.0 1.0 0.0005823912580269674 0.15084542533972659 28.617524643204398 168.254867237684 2657.12185128286 2657.12185128286 -159.77224125137718 879.7131238163482 -2502.1738914942835
190.84717802645812 61.27995414816695 39633402042781237 12 82-83-84-85-87-88-89-90-91-92-451-452 0.6524338472896786 1.0 3 0.6885973878090265 1.0 [-1,-1] 1.0 1.0 1.0 0.0006371005092682059 0.1397016056866948 28.72004585183305 169.15282197354188 2435.6064523679274 2435.6064523679274 -924.8647473376882 497.0977116867055 -2197.6573561372384
190.04788898129533 63.131501593663636 39633424658465472 12 82-83-84-85-87-88-89-90-91-92-451-452 0.43300928861266347 1.0 3 1.3332546120121787 1.0 [-1,-1] 1.0 1.0 1.0 0.0006285113834356281 0.1413409039925048 26.868498406336364 169.95211101870467 1716.7354563657664 1716.7354563657664 1614.7091322679776 510.3145589798919 -281.9115042117471
187.38351912156585 61.25577419536253 39633402017613028 12 82-83-84-85-87-88-89-90-91-92-451-452 0.8796086245315293 1.0 3 1.3172411761152172 1.0 [-1,-1] 1.0 1.0 1.0 0.0005346154933450218 0.1621399955636538 28.744225804637473 172.61648087843415 3085.5257172940064 3085.5257172940064 1376.6910880047144 -237.89905956204092 -2751.107892786211
192.00777118856698 61.361433390969275 39633402055361310 12 82-83-84-85-87-88-89-90-91-92-451-452 0.9603286227959708 1.0 3 1.0947462553921 1.0 [-1,-1] 1.0 1.0 1.0 0.0003767415448896098 0.21544643941305056 28.638566609030725 167.99222881143302 3295.8820171960397 3295.8820171960397 97.31290364667645 1170.0604222429333 -3079.663468361564
189.85689754644469 62.58699662528448 39633416345355188 12 82-83-84-85-87-88-89-90-91-92-451-452 0.8595537595278423 1.0 3 0.7872533861894022 1.0 [-1,-1] 1.0 1.0 1.0 0.0006576102792991648 0.1359368301360722 27.413003374715522 170.14310245355531 3031.6717693794335 3031.6717693794335 2021.7703577088678 1096.8950367097982 -1974.9176226828786
187.44740454261483 62.38448847898818 39633416324386328 12 82-83-84-85-87-88-89-90-91-92-451-452 0.7945928285342341 1.0 3 1.2880578086654693 1.0 [-1,-1] 1.0 1.0 1.0 0.0008239664519383997 0.11155322342262282 27.61551152101182 172.55259545738517 2852.7041704218773 2852.7041704218773 -1698.3850806398077 406.63452634174 -2255.6723086009883
190.57426876616944 61.79012707366138 39633407835111994 12 82-83-84-85-87-88-89-90-91-92-451-452 0.9297059987952481 1.0 3 0.31882888548514093 1.0 [-1,-1] 1.0 1.0 1.0 0.00042618922305278896 0.1953324009783564 28.20987292633862 169.42573123383056 3217.266357565249 3217.266357565249 202.23703891338346 -45.2819051215827 -3210.584455310477
189.8237347500302 62.76431611936841 39633419138761164 12 82-83-84-85-87-88-89-90-91-92-451-452 0.9628595483525426 1.0 3 0.9649681398579191 1.0 [-1,-1] 1.0 1.0 1.0 0.0003767415448896098 0.21544643941305056 27.23568388063159 170.1762652499698 3302.31593154682 3302.31593154682 2454.8888486526116 1439.2251124593618 -1675.5423982028433
189.2973732153139 60.99790377347256 39633399102571100 12 82-83-84-85-87-88-89-90-91-92-451-452 1.0308913076434543 1.0 3 0.8523876338234264 1.0 [-1,-1] 1.0 1.0 1.0 0.00017557006270178804 0.37077784677498654 29.002096226527442 170.7026267846861 3471.714601687597 3471.714601687597 -1135.790408483167 -2010.7823225980023 -2592.2069505916947
189.493576602204 62.805935854417825 39633419134567988 12 82-83-84-85-87-88-89-90-91-92-451-452 0.6429970379500406 1.0 3 1.0235138824667145 1.0 [-1,-1] 1.0 1.0 1.0 0.0007982518636535506 0.11473445525619816 27.194064145582175 170.506423397796 2406.6212438308276 2406.6212438308276 1384.3471707273568 1609.3634628178206 -1133.7362862253442
187.17672238182612 61.18788140560876 39633402013420826 12 82-83-84-85-87-88-89-90-91-92-451-452 0.9020423015961276 1.0 3 1.436473207878988 1.0 [-1,-1] 1.0 1.0 1.0 0.0005723615213970424 0.15308410280969617 28.812118594391237 172.82327761817388 3145.006462337135 3145.006462337135 1609.9558887307517 57.47030803716516 -2701.074757976467
187.62430237556504 61.56055336482622 39633404924266858 12 82-83-84-85-87-88-89-90-91-92-451-452 0.8639976757610563 1.0 3 1.1057443132688527 1.0 [-1,-1] 1.0 1.0 1.0 0.0006576102792991648 0.1359368301360722 28.43944663517378 172.37569762443496 3043.661063662242 3043.661063662242 458.42585622631253 -200.28167018406208 -3002.2667532024907
189.5160410981656 60.982509259948515 39633399102572669 12 82-83-84-85-87-88-89-90-91-92-451-452 0.9960002300713758 1.0 3 0.837905291601428 1.0 [-1,-1] 1.0 1.0 1.0 0.00023297360745577845 0.30751381291380364 29.017490740051485 170.4839589018344 3385.6825068780645 3385.6825068780645 -1532.5121985629603 -1702.7036086730648 -2493.0007660744063
191.88433420220017 62.22618604654147 39633413547754191 11 82-83-84-85-87-88-89-90-91-92-452 0.7776207901389591 1.0 3 1.0240272132898893 1.0 [-1,-1] 1.0 1.0 1.0 0.0007064174578981374 0.12774458208408304 27.77381395345853 168.11566579779983 2804.7786027658326 2804.7786027658326 54.44119637652123 -1344.860612418546 -2460.7253198671656
188.0694698294606 62.856142971153524 39633419121986557 11 82-83-84-85-87-88-89-90-91-92-452 0.7634040080108543 1.0 3 1.3556690396463777 1.0 [-1,-1] 1.0 1.0 1.0 0.0007242712797402853 0.12498917450484462 27.143857028846476 171.9305301705394 2764.252602842755 2764.252602842755 -1637.0293788965355 1890.2551339239021 -1178.20320557487
187.75834978531714 61.19577099330876 39633402017615920 11 82-83-84-85-87-88-89-90-91-92-452 0.642405602063091 1.0 3 1.1871507198069282 1.0 [-1,-1] 1.0 1.0 1.0 0.0007982518636535506 0.11473445525619816 28.804229006691237 172.24165021468286 2404.7990913944054 2404.7990913944054 1038.8009950571086 -631.1139420013144 -2075.005145740916
190.0980956325813 62.56300950489735 39633416345356879 11 82-83-84-85-87-88-89-90-91-92-452 0.5254012414928706 1.0 3 0.768588460271299 1.0 [-1,-1] 1.0 1.0 1.0 0.0006888416087567301 0.1305783864573065 27.43699049510265 169.9019043674187 2031.1096967872966 2031.1096967872966 1459.710370038414 381.91468104408244 -1359.703428100664
189.93975555338764 60.34683855944727 39633390172900227 11 82-83-84-85-87-88-89-90-91-92-452 0.8060839724369093 1.0 3 1.4532885893244263 1.0 [-1,-1] 1.0 1.0 1.0 0.0008239664519383997 0.11155322342262282 29.65316144055273 170.06024444661236 2884.8747429312625 2884.8747429312625 -2592.3662825922875 -1139.8190511218318 -550.4106375980466
189.11042606423968 61.93323607853427 39633410687238991 11 82-83-84-85-87-88-89-90-91-92-452 0.8215156648495809 1.0 3 0.39542385727080254 1.0 [-1,-1] 1.0 1.0 1.0 0.000762533893525711 0.11946670068019369 28.06676392146573 170.88957393576032 2927.7276516622155 2927.7276516622155 193.9282756766936 571.3384818118287 -2864.8827838851576
188.4034469256294 63.00475596812805 39633421898614079 11 82-83-84-85-87-88-89-90-91-92-452 0.6363002691305987 1.0 3 1.3899126672720563 1.0 [-1,-1] 1.0 1.0 1.0 0.0007982518636535506 0.11473445525619816 26.995244031871948 171.5965530743706 2385.9507828940245 2385.9507828940245 -847.0875785741113 2122.3516598505157 -686.1684957412568
190.30462531755092 60.34087291080314 39633390177093570 11 82-83-84-85-87-88-89-90-91-92-452 0.5047707704099013 1.0 3 1.4721888382081987 1.0 [-1,-1] 1.0 1.0 1.0 0.0007365189099627642 0.12316671624379881 29.659127089196858 169.69537468244908 1962.4227635198533 1962.4227635198533 -1926.2233915853053 -95.17766910176135 -362.91563729723356
191.92624192736045 60.73090463629238 39633396166559218 11 82-83-84-85-87-88-89-90-91-92-452 0.8503483606581849 1.0 3 1.4462009767255106 1.0 [-1,-1] 1.0 1.0 1.0 0.0006576102792991648 0.1359368301360722 29.26909536370762 168.07375807263955 3006.734435088606 3006.734435088606 3.6534365507733404 2521.532251034713 -1637.7770674120395
188.60357678235613 60.46615251429442 39633393163436133 11 82-83-84-85-87-88-89-90-91-92-452 0.52872342724125 1.0 3 1.4733206458770973 1.0 [-1,-1] 1.0 1.0 1.0 0.0006888416087567301 0.1305783864573065 29.53384748570558 171.39642321764387 2042.0905870477588 2042.0905870477588 347.30475940996996 -1912.674533821714 -625.4514349413017
190.18411134933228 63.02253875123806 39633421911197684 11 82-83-84-85-87-88-89-90-91-92-452 0.7723327235701324 1.0 3 1.2295958289147755 1.0 [-1,-1] 1.0 1.0 1.0 0.0007064174578981374 0.12774458208408304 26.97746124876194 169.81588865066772 2789.745321670567 2789.745321670567 2647.071568115286 454.0754888524479 -754.6565599542013
188.18229514886528 61.48483680287289 39633404928461390 11 82-83-84-85-87-88-89-90-91-92-452 0.8278521823723125 1.0 3 0.8745873037178157 1.0 [-1,-1] 1.0 1.0 1.0 0.000762533893525711 0.11946670068019369 28.51516319712711 171.81770485113472 2945.20862522636 2945.20862522636 397.1611956024142 -579.4027378882681 -2860.2114079457456
192.53087220212316 61.16668333185297 39633402059555625 11 82-83-84-85-87-88-89-90-91-92-452 0.6569076228947508 1.0 3 1.4065107933462357 1.0 [-1,-1] 1.0 1.0 1.0 0.0006371005092682059 0.1397016056866948 28.833316668147027 167.46912779787684 2449.2895727870578 2449.2895727870578 739.9273837120974 1067.564275747091 -2076.4954599866014
188.5210948942236 61.540428289964325 39633404932654372 11 82-83-84-85-87-88-89-90-91-92-452 0.6109648925711884 1.0 3 0.7039403139498299 1.0 [-1,-1] 1.0 1.0 1.0 0.0007056687116799521 0.12786279395313782 28.459571710035675 171.4789051057764 2306.9825067381134 2306.9825067381134 110.09802405211857 -410.3889025489528 -2267.515746397399
191.79063446007643 60.691142902643335 39633396166558421 11 82-83-84-85-87-88-89-90-91-92-452 0.8498615939084434 1.0 3 1.4340213752562914 1.0 [-1,-1] 1.0 1.0 1.0 0.0006366829495309179 0.1397804201853648 29.308857097356665 168.20936553992357 3005.411946575985 3005.411946575985 -345.56106853311627 2560.293934561206 -1535.5726896454628
187.74169138601494 61.81567196253918 39633407809948737 10 82-83-84-85-87-88-89-90-92-451 0.8138236368537777 1.0 3 1.0197238036985707 1.0 [-1,-1] 1.0 1.0 1.0 0.000762533893525711 0.11946670068019369 28.184328037460823 172.25830861398506 2906.4172102871507 2906.4172102871507 -225.4950589170331 131.90560949309145 -2894.652636991458
188.78498313961327 62.604249668765085 39633416336966815 10 82-83-84-85-87-88-89-90-92-451 0.639499088380382 1.0 3 0.9576797875743474 1.0 [-1,-1] 1.0 1.0 1.0 0.0007982518636535506 0.11473445525619816 27.395750331234915 171.21501686038673 2395.8348794403896 2395.8348794403896 3.2881195209485994 1844.3960844175415 -1529.1229648391277
189.83363341744356 63.27209741745423 39633424654273913 10 82-83-84-85-87-88-89-90-92-451 0.8356535923601931 1.0 3 1.4724153659135897 1.0 [-1,-1] 1.0 1.0 1.0 0.0006366829495309179 0.1397804201853648 26.727902582545767 170.16636658255644 2966.6394493533912 2966.6394493533912 2573.206945602682 1474.5616120236689 -72.27509881048479
188.1996247369737 60.72668437896691 39633396137198120 11 82-83-84-85-87-88-89-90-92-451-452 0.6059507348995554 1.0 3 1.349104767217247 1.0 [-1,-1] 1.0 1.0 1.0 0.0006106036532175123 0.14488555312656437 29.273315621033092 171.8003752630263 2291.2088511474994 2291.2088511474994 1061.6468511463509 -1607.8470613014288 -1239.9079766224759
