data_rosette/LRG_15_clustering_data.ecsv
# %ECSV 1.0
# ---
# datatype:
# - {name: RA, unit: deg, datatype: float64}
# - {name: DEC, unit: deg, datatype: float64}
# - {name: TARGETID, datatype: int64}
# - {name: NTILE, datatype: int64}
# - {name: TILES, datatype: string}
# - {name: Z, datatype: float64}
# - {name: COMP_TILE, datatype: float64}
# - {name: ROSETTE_NUMBER, datatype: int32}
# - {name: ROSETTE_R, unit: deg, datatype: float64}
# - {name: FRACZ_TILELOCID, datatype: float64}
# - {name: BITWEIGHTS, datatype: string, subtype: 'int64[2]'}
# - {name: PROB_OBS, datatype: float64}
# - {name: WEIGHT_ZFAIL, datatype: float64}
# - {name: WEIGHT, datatype: float64}
# - {name: NZ, unit: h3 / Mpc3, datatype: float64}
# - {name: WEIGHT_FKP, datatype: float64}
# - {name: theta, unit: deg, datatype: float64}
# - {name: phi, unit: deg, datatype: float64}
# - {name: rho, unit: Mpc, datatype: float64}
# - {name: r, unit: Mpc, datatype: float64}
# - {name: x, unit: Mpc, datatype: float64}
# - {name: y, unit: Mpc, datatype: float64}
# - {name: z, unit: Mpc, datatype: float64}
# meta: !!omap
# - {EXTNAME: LSS}
# - {DESIDR: edr}
# - comments: ['Visit https://desidatamodel.readthedocs.io/en/latest/ for a more complet', e description]
# schema: astropy-2.0
RA DEC TARGETID NTILE TILES Z COMP_TILE ROSETTE_NUMBER ROSETTE_R FRACZ_TILELOCID BITWEIGHTS PROB_OBS WEIGHT_ZFAIL WEIGHT NZ WEIGHT_FKP theta phi rho r x y z
[from data line 1340]
266.7767303121367 65.63338478379264 39633451346824235 10 406-407-408-410-411-412-413-414-415-416 0.605118263899829 1.0 15 1.269512083034159 1.0 [-1,-1] 1.0 1.0 1.0 0.0006106036532175123 0.14488555312656437 24.366615216207364 -266.7767303121367 2288.5853801697826 2288.5853801697826 1534.0072912566357 405.8545084044063 1649.1594194334778
270.2884972713333 67.18578797894641 39633465880086299 10 406-407-408-410-411-412-413-414-415-416 1.0274140499771378 1.0 15 1.186683958297213 1.0 [-1,-1] 1.0 1.0 1.0 0.00020130102782971312 0.3394727840281335 22.814212021053592 -270.2884972713333 3463.219270561983 3463.219270561983 -2523.5676334934865 282.6239332579117 -2354.913549904919
272.84999947295586 65.60506895429455 39633448884765874 11 406-407-408-410-411-412-413-414-415-416-439 0.9322546080831315 1.0 15 1.3438244083168456 1.0 [-1,-1] 1.0 1.0 1.0 0.0003671239319408774 0.21984967794317842 24.394931045705448 -272.84999947295586 3223.863885215554 3223.863885215554 1934.8604412300685 979.3439362256186 2385.476656338985
273.278423600545 65.79284330955839 39633451392960297 11 406-407-408-410-411-412-413-414-415-416-439 0.47655402230576294 1.0 15 1.466063401751463 1.0 [-1,-1] 1.0 1.0 1.0 0.000668512811805897 0.13401699399284683 24.207156690441607 -273.278423600545 1867.081180320837 1867.081180320837 1490.5449326561134 59.85853962172317 1122.8022501205576
268.46077023074224 65.08385617609531 39633443776104137 11 406-407-408-410-411-412-413-414-415-416-439 0.6403380259161715 1.0 15 1.0734032347075102 1.0 [-1,-1] 1.0 1.0 1.0 0.0007982518636535506 0.11473445525619816 24.91614382390469 -268.46077023074224 2398.423943448268 2398.423943448268 74.68202221364372 -510.000939987561 2342.383198641039
267.59621742787584 66.9773942167306 39633463506111520 11 406-407-408-410-411-412-413-414-415-416-439 0.6128243092263465 1.0 15 1.2807264048874876 1.0 [-1,-1] 1.0 1.0 1.0 0.0007056687116799521 0.12786279395313782 23.022605783269398 -267.59621742787584 2312.819674361391 2312.819674361391 1680.4989822045275 -1055.5599592269643 -1187.7925700219919
273.29502916220207 65.7865515390074 39633451392960409 11 406-407-408-410-411-412-413-414-415-416-439 0.7785469369289636 1.0 15 1.4739171298638387 1.0 [-1,-1] 1.0 1.0 1.0 0.0007064174578981374 0.12774458208408304 24.213448460992595 -273.29502916220207 2807.406567212058 2807.406567212058 2231.7557556788056 52.52670291396285 1702.3627187238633
270.3313146391426 64.80096607264743 39633441217577236 11 406-407-408-410-411-412-413-414-415-416-439 0.6654949993784874 1.0 15 1.2444335816025078 1.0 [-1,-1] 1.0 1.0 1.0 0.0006371005092682059 0.1397016056866948 25.199033927352573 -270.3313146391426 2475.449976740199 2475.449976740199 162.0346798424691 -25.20998407785256 2470.0125114205784
268.6439858936206 65.7141587775692 39633451359406922 11 406-407-408-410-411-412-413-414-415-416-439 0.9209065794068467 1.0 15 0.5391494782646352 1.0 [-1,-1] 1.0 1.0 1.0 0.00042618922305278896 0.1953324009783564 24.285841222430804 -268.6439858936206 3194.4104990498095 3194.4104990498095 -90.48063263393641 -2391.639987474278 2115.686617122643
272.49184840306185 65.85723874904963 39633451388764692 11 406-407-408-410-411-412-413-414-415-416-439 0.9206796591841914 1.0 15 1.1376534039445994 1.0 [-1,-1] 1.0 1.0 1.0 0.00042618922305278896 0.1953324009783564 24.14276125095037 -272.49184840306185 3193.819506142507 3193.819506142507 1808.4407499304818 1964.401829721103 1752.469840880472
268.11186984649595 67.09407302047892 39633463510305079 11 406-407-408-410-411-412-413-414-415-416-439 0.7908164138836061 1.0 15 1.2521255704686252 1.0 [-1,-1] 1.0 1.0 1.0 0.0008239664519383997 0.11155322342262282 22.905926979521084 -268.11186984649595 2842.0828635778903 2842.0828635778903 1068.4563983679711 -1982.5628729575494 -1733.5744526843812
272.27239624028005 67.08676832594816 39633463539663181 11 406-407-408-410-411-412-413-414-415-416-439 0.8314959829561362 1.0 15 1.4699311864821867 1.0 [-1,-1] 1.0 1.0 1.0 0.0006366829495309179 0.1397804201853648 22.913231674051843 -272.27239624028005 2955.230839952432 2955.230839952432 1179.5613361655676 2038.1952536735457 -1785.4367755627436
267.3582055266716 66.08921064287054 39633453834044185 11 406-407-408-410-411-412-413-414-415-416-439 0.44229869551765433 1.0 15 0.9650569045200967 1.0 [-1,-1] 1.0 1.0 1.0 0.0006285113834356281 0.1413409039925048 23.91078935712946 -267.3582055266716 1749.1388484803495 1749.1388484803495 1558.869636122351 -521.493519723701 597.8768081512424
269.4978568248077 65.11820737661324 39633443784491678 12 406-407-408-410-411-412-413-414-415-416-439-440 0.7009055381884148 0.9814814814814815 15 0.9068878285937694 1.0 [-1,-1] 1.0 1.0 1.0 0.0005639081233901963 0.1550231922816235 24.881792623386758 -269.4978568248077 2581.8905862316906 2581.8905862316906 -498.8931340895632 -402.702905123798 2501.018794458564
267.54648202360784 65.02893860581632 39633443767717235 12 406-407-408-410-411-412-413-414-415-416-439-440 0.6221155932844905 0.9814814814814815 15 1.341708283398158 1.0 [-1,-1] 1.0 1.0 1.0 0.0007056687116799521 0.12786279395313782 24.97106139418368 -267.54648202360784 2341.8884874190535 2341.8884874190535 328.8109698240836 -184.4012292166827 2311.3461922205906
269.94490491411943 65.49656937133133 39633448863795071 12 406-407-408-410-411-412-413-414-415-416-439-440 0.6891617233413708 0.9814814814814815 15 0.5308149938319153 1.0 [-1,-1] 1.0 1.0 1.0 0.0008053318504768218 0.11384060807160488 24.503430628668667 -269.94490491411943 2546.8437863836 2546.8437863836 -1458.8572050492908 -344.758342963838 2058.9537664730005
269.99783509922133 65.60475703523932 39633448863795509 12 406-407-408-410-411-412-413-414-415-416-439-440 0.7242821554118233 0.9814814814814815 15 0.42949797656257643 1.0 [-1,-1] 1.0 1.0 1.0 0.0005823912580269674 0.15084542533972659 24.395242964760683 -269.99783509922133 2650.912157168121 2650.912157168121 -1754.0511627702863 -317.6131905840181 1962.0809475077704
270.03630300563475 65.62291780780264 39633448863795800 12 406-407-408-410-411-412-413-414-415-416-439-440 0.6441007639176011 0.9814814814814815 15 0.4164282005823284 1.0 [-1,-1] 1.0 1.0 1.0 0.0007982518636535506 0.11473445525619816 24.377082192197363 -270.03630300563475 2410.0199536656955 2410.0199536656955 -1636.3917625968004 -231.71368239161447 1754.0601317413998
269.467289226056 64.95065884619362 39633443784491459 12 406-407-408-410-411-412-413-414-415-416-439-440 0.47586587209317444 0.9814814814814815 15 1.0748801719759042 1.0 [-1,-1] 1.0 1.0 1.0 0.000668512811805897 0.13401699399284683 25.04934115380638 -269.467289226056 1864.7356712073074 1864.7356712073074 -117.83557542320024 -101.21729935240965 1858.2542772584852
270.3204708611791 65.00174329649933 39633443788687920 12 406-407-408-410-411-412-413-414-415-416-439-440 0.756913629842188 0.9814814814814815 15 1.0472490112567878 1.0 [-1,-1] 1.0 1.0 1.0 0.0007242712797402853 0.12498917450484462 24.998256703500672 -270.3204708611791 2745.6348979458394 2745.6348979458394 -364.3493905753718 52.646987750202726 2720.8434003239227
270.505621773846 66.56231339200373 39633458741380505 12 406-407-408-410-411-412-413-414-415-416-439-440 0.8464459473904985 0.9814814814814815 15 0.625582016472371 1.0 [-1,-1] 1.0 1.0 1.0 0.0006366829495309179 0.1397804201853648 23.43768660799627 -270.505621773846 2996.1211434996567 2996.1211434996567 -2813.898009553267 959.5987551086462 -371.33559962894424
270.26113821196384 65.22443506639931 39633446334632053 12 406-407-408-410-411-412-413-414-415-416-439-440 0.7777521860453889 0.9814814814814815 15 0.8252103530335194 1.0 [-1,-1] 1.0 1.0 1.0 0.0007064174578981374 0.12774458208408304 24.77556493360069 -270.26113821196384 2805.1515316008526 2805.1515316008526 -977.2934014907177 82.45359742810808 2628.1122744122777
267.97260808304685 65.21773658780128 39633446322045391 12 406-407-408-410-411-412-413-414-415-416-439-440 1.0180041403046334 0.9814814814814815 15 1.0815495260775219 1.0 [-1,-1] 1.0 1.0 1.0 0.00020130102782971312 0.3394727840281335 24.782263412198716 -267.97260808304685 3440.142970265962 3440.142970265962 699.2719776232973 -951.9249271360941 3231.012424964977
270.2711860614473 64.76787628495563 39633441213386942 12 406-407-408-410-411-412-413-414-415-416-439-440 0.7943508090269674 0.9814814814814815 15 1.272226202748448 1.0 [-1,-1] 1.0 1.0 1.0 0.0008239664519383997 0.11155322342262282 25.232123715044366 -270.2711860614473 2852.0242085267632 2852.0242085267632 281.71984566453534 -26.62185970287255 2837.951248906052
271.3326306094222 66.5683948886843 39633458745575886 12 406-407-408-410-411-412-413-414-415-416-439-440 1.0102980027309518 0.9814814814814815 15 0.8460574235736235 1.0 [-1,-1] 1.0 1.0 1.0 0.00020130102782971312 0.3394727840281335 23.431605111315704 -271.3326306094222 3421.1499540428904 3421.1499540428904 -1368.0887961898984 3104.0112763250113 -444.6504809786229
266.5851234470454 66.13908414951045 39633456283518986 12 406-407-408-410-411-412-413-414-415-416-439-440 0.751995022754288 0.9814814814814815 15 1.2805584036165827 1.0 [-1,-1] 1.0 1.0 1.0 0.0007242712797402853 0.12498917450484462 23.860915850489548 -266.5851234470454 2731.476946983335 2731.476946983335 2350.158743240788 1135.9869228259413 804.5209162220269
272.4798432275296 66.10425894213024 39633453867600317 12 406-407-408-410-411-412-413-414-415-416-439-440 0.8029553810300528 0.9814814814814815 15 1.1188235171650973 1.0 [-1,-1] 1.0 1.0 1.0 0.0008239664519383997 0.11155322342262282 23.895741057869756 -272.4798432275296 2876.1380596556664 2876.1380596556664 1816.3507017487693 2021.1588043362035 942.3148911647648
272.48246348753634 66.10238696953155 39633453867600333 12 406-407-408-410-411-412-413-414-415-416-439-440 0.8023510946699756 0.9814814814814815 15 1.119785168865475 1.0 [-1,-1] 1.0 1.0 1.0 0.0008239664519383997 0.11155322342262282 23.89761303046845 -272.48246348753634 2874.448669273522 2874.448669273522 1819.3854159315306 2013.8964708709009 946.843632918182
267.4615438634049 65.57083852239023 39633448847017179 12 406-407-408-410-411-412-413-414-415-416-439-440 0.6247860128995781 0.9814814814814815 15 1.0327581654255578 1.0 [-1,-1] 1.0 1.0 1.0 0.0007056687116799521 0.12786279395313782 24.429161477609767 -267.4615438634049 2350.212806547961 2350.212806547961 1384.4770456823237 -628.5408278072365 1792.1104803611252
268.3602504345979 65.01714257222503 39633443776103359 12 406-407-408-410-411-412-413-414-415-416-439-440 0.6394210113552206 0.9814814814814815 15 1.1522923395720897 1.0 [-1,-1] 1.0 1.0 1.0 0.0007982518636535506 0.11473445525619816 24.982857427774974 -268.3602504345979 2395.5938568757138 2395.5938568757138 87.08646006756892 -346.9553201401989 2368.735502625814
267.79220864688654 65.58999009869827 39633448847019785 12 406-407-408-410-411-412-413-414-415-416-439-440 0.5417578420154219 0.9814814814814815 15 0.9030787496738688 1.0 [-1,-1] 1.0 1.0 1.0 0.0006094867785671962 0.14511252611805409 24.410009901301734 -267.79220864688654 2084.9605873284177 2084.9605873284177 1002.6013569500299 -946.8985997258194 1563.7244679265275
267.80619383049697 65.5853351815261 39633448847019922 12 406-407-408-410-411-412-413-414-415-416-439-440 0.5426830857797318 0.9814814814814815 15 0.9003434806160745 1.0 [-1,-1] 1.0 1.0 1.0 0.0006094867785671962 0.14511252611805409 24.414664818473895 -267.80619383049697 2087.9908393513197 2087.9908393513197 985.4591378161745 -957.1343354237541 1572.408947081693
266.70359833463874 66.19099962126464 39633456283519846 12 406-407-408-410-411-412-413-414-415-416-439-440 0.635424862338135 0.9814814814814815 15 1.2375995077066744 1.0 [-1,-1] 1.0 1.0 1.0 0.0007982518636535506 0.11473445525619816 23.809000378735362 -266.70359833463874 2383.2424876938103 2383.2424876938103 2184.855483245322 752.708514930007 582.8217257735814
269.0427854923141 66.3647360470652 39633456300296312 12 406-407-408-410-411-412-413-414-415-416-439-440 0.6688094974962908 0.9814814814814815 15 0.4424843640857113 1.0 [-1,-1] 1.0 1.0 1.0 0.0006371005092682059 0.1397016056866948 23.635263952934807 -269.0427854923141 2485.510657337954 2485.510657337954 -1048.2320068369213 -2246.290866065172 182.07205336176065
268.1050470213805 65.32564838820255 39633446322046446 12 406-407-408-410-411-412-413-414-415-416-439-440 0.8099898386231238 0.9814814814814815 15 0.9644176348567874 1.0 [-1,-1] 1.0 1.0 1.0 0.0008239664519383997 0.11155322342262282 24.674351611797448 -268.1050470213805 2895.7588510524524 2895.7588510524524 615.5939310903094 -1123.8306577071073 2596.818840090893
269.74782664567425 64.89413385977883 39633443784493541 12 406-407-408-410-411-412-413-414-415-416-439-440 0.7587185808720773 0.9814814814814815 15 1.1258904781370564 1.0 [-1,-1] 1.0 1.0 1.0 0.0007242712797402853 0.12498917450484462 25.105866140221167 -269.74782664567425 2750.8197712036745 2750.8197712036745 -67.21683592142054 -30.757243611119723 2749.8264131721467
269.97325849874903 66.88066397774115 39633463522887359 12 406-407-408-410-411-412-413-414-415-416-439-440 0.9503327201368924 0.9814814814814815 15 0.86613270319872 1.0 [-1,-1] 1.0 1.0 1.0 0.0003767415448896098 0.21544643941305056 23.11933602225885 -269.97325849874903 3270.376849337356 3270.376849337356 -2894.1288145980825 -597.8549688254492 -1400.6971754970987
269.7359397116632 64.89018922513338 39633443784493446 12 406-407-408-410-411-412-413-414-415-416-439-440 0.5848833854990537 0.9814814814814815 15 1.1298134677906637 1.0 [-1,-1] 1.0 1.0 1.0 0.0005369919189708607 0.1615383650856205 25.109810774866617 -269.7359397116632 2224.4060896833503 2224.4060896833503 -46.12193207340653 -21.771285370250386 2223.8213125913503
268.72990248947895 65.7946684897537 39633451359407443 12 406-407-408-410-411-412-413-414-415-416-439-440 0.46499439911435886 0.9814814814814815 15 0.4663026642101768 1.0 [-1,-1] 1.0 1.0 1.0 0.0005330850268982689 0.1625298359500762 24.205331510246296 -268.72990248947895 1827.551912945629 1827.551912945629 -180.45356153743174 -1450.988995383469 1096.3637361367603
267.85179361798555 67.01150152269436 39633463510303314 12 406-407-408-410-411-412-413-414-415-416-439-440 0.5874437404897049 0.9814814814814815 15 1.2421709181218394 1.0 [-1,-1] 1.0 1.0 1.0 0.0005369919189708607 0.1615383650856205 22.98849847730564 -267.85179361798555 2232.57054604685 2232.57054604685 1284.3683660169913 -1366.628405492623 -1211.237361028574
269.4046303851942 67.28556561956404 39633465875890458 12 406-407-408-410-411-412-413-414-415-416-439-440 0.9771261097549384 0.9814814814814815 15 1.2721129971161256 1.0 [-1,-1] 1.0 1.0 1.0 0.00030269805442075816 0.25472307248715254 22.71443438043596 -269.4046303851942 3338.4037941381353 3338.4037941381353 -1582.642950807403 -1541.833900883531 -2502.584545037751
270.81899548332797 66.70708388374426 39633461148910796 12 406-407-408-410-411-412-413-414-415-416-439-440 0.8556635817941298 0.9814814814814815 15 0.8140469616322837 1.0 [-1,-1] 1.0 1.0 1.0 0.0006576102792991648 0.1359368301360722 23.29291611625574 -270.81899548332797 3021.150132483581 3021.150132483581 -2332.555243791924 1744.0507980280722 -803.0074542381283
267.56451478946383 66.9778659021373 39633463506111306 12 406-407-408-410-411-412-413-414-415-416-439-440 0.9675270540516884 0.9814814814814815 15 1.289499949626694 1.0 [-1,-1] 1.0 1.0 1.0 0.0003767415448896098 0.21544643941305056 23.022134097862704 -267.56451478946383 3314.156068771084 3314.156068771084 2454.1127675089847 -1435.0702452213077 -1703.3890817432327
271.9205511200908 66.22938510881808 39633456321266104 12 406-407-408-410-411-412-413-414-415-416-439-440 0.8314519892182346 0.9814814814814815 15 0.9109572505436196 1.0 [-1,-1] 1.0 1.0 1.0 0.0006366829495309179 0.1397804201853648 23.77061489118192 -271.9205511200908 2955.109967009049 2955.109967009049 497.045122264818 2847.957143696427 612.1774017533338
