data_rosette/LRG_1_clustering_data.ecsv
# %ECSV 1.0
# ---
# datatype:
# - {name: RA, unit: deg, datatype: float64}
# - {name: DEC, unit: deg, datatype: float64}
# - {name: TARGETID, datatype: int64}
# - {name: NTILE, datatype: int64}
# - {name: TILES, datatype: string}
# - {name: Z, datatype: float64}
# - {name: COMP_TILE, datatype: float64}
# - {name: ROSETTE_NUMBER, datatype: int32}
# - {name: ROSETTE_R, unit: deg, datatype: float64}
# - {name: FRACZ_TILELOCID, datatype: float64}
# - {name: BITWEIGHTS, datatype: string, subtype: 'int64[2]'}
# - {name: PROB_OBS, datatype: float64}
# - {name: WEIGHT_ZFAIL, datatype: float64}
# - {name: WEIGHT, datatype: float64}
# - {name: NZ, unit: h3 / Mpc3, datatype: float64}
# - {name: WEIGHT_FKP, datatype: float64}
# - {name: distance, unit: Mpc, datatype: float64}
# - {name: x, unit: Mpc, datatype: float64}
# - {name: y, unit: Mpc, datatype: float64}
# - {name: z, unit: Mpc, datatype: float64}
# meta: !!omap
# - {EXTNAME: LSS}
# - {DESIDR: edr}
# - comments: ['Visit https://desidatamodel.readthedocs.io/en/latest/ for a more complet', e description]
# schema: astropy-2.0
RA DEC TARGETID NTILE TILES Z COMP_TILE ROSETTE_NUMBER ROSETTE_R FRACZ_TILELOCID BITWEIGHTS PROB_OBS WEIGHT_ZFAIL WEIGHT NZ WEIGHT_FKP distance x y z
[from data line 610]
179.62365750379328 -0.8001416436526816 39627769620991013 11 28-29-30-31-32-33-34-35-37-38-445 0.9960757527771059 1.0 1 0.8004912810326665 1.0 [-1,-1] 1.0 1.0 1.0 0.0002622817504223413 0.28340640119267335 3385.8706343245353 -3385.4674435915153 22.237477226359736 -47.282505959068935
179.63971263475185 1.1536723246134122 39627817939373040 11 28-29-30-31-32-33-34-35-37-38-445 0.6893163048671415 1.0 1 1.1543555400295313 1.0 [-1,-1] 1.0 1.0 1.0 0.0007209928471550773 0.12577569469930108 2547.3067291209495 -2546.740013011915 16.014623609561394 51.28752459990603
179.36166727718796 -1.0520068268563156 39627763576998380 11 28-29-30-31-32-33-34-35-37-38-445 1.0518449288457592 1.0 1 1.0786632779376835 1.0 [-1,-1] 1.0 1.0 1.0 0.0001568149373683449 0.39812733398474315 3522.543252660693 -3521.7309258841838 39.237254906724466 -64.67372235839396
179.36496350494488 -0.8932833375890785 39627763576998467 11 28-29-30-31-32-33-34-35-37-38-445 0.824925335911751 1.0 1 0.9236843612525107 1.0 [-1,-1] 1.0 1.0 1.0 0.0006627118749498285 0.13533979738261318 2937.142433811765 -2936.6050932993867 32.54912991885223 -45.79035539635687
179.35835824503454 1.3859389187682967 39627823974975660 11 28-29-30-31-32-33-34-35-37-38-445 0.7077596147401619 1.0 1 1.4068425766108006 1.0 [-1,-1] 1.0 1.0 1.0 0.0005843703162771602 0.15074849413407446 2602.229628726083 -2601.305234799654 29.132614115626964 62.939707805123454
180.09008737005593 0.9664274116929912 39627811907962721 11 28-29-30-31-32-33-34-35-37-38-445 0.749101581413107 1.0 1 1.0835796203502752 1.0 [-1,-1] 1.0 1.0 1.0 0.0007126833197713517 0.12705585074725267 2723.12857403802 -2722.737842849446 -4.281022019927138 45.92975841813295
180.3242729948589 -0.3353308275005337 39627781713168229 11 28-29-30-31-32-33-34-35-37-38-445 1.0704323283646902 1.0 1 0.7981304062956566 1.0 [-1,-1] 1.0 1.0 1.0 0.0001075182622224553 0.4910338705006151 3567.1159812123337 -3566.997759962926 -20.188108204736952 -20.8768802030135
180.2662312800318 -0.8163552883695182 39627769633571215 11 28-29-30-31-32-33-34-35-37-38-445 0.4673668520765489 1.0 1 1.0536935221759516 1.0 [-1,-1] 1.0 1.0 1.0 0.0005635091211985168 0.1554616369400361 1835.6871762864118 -1835.4810347258735 -8.528830333355183 -26.154146844444526
180.0890137611882 0.9728946566293283 39627811907962692 11 28-29-30-31-32-33-34-35-37-38-445 0.9906054216452725 1.0 1 1.0888689030117775 1.0 [-1,-1] 1.0 1.0 1.0 0.0002622817504223413 0.28340640119267335 3372.2223697115182 -3371.7321597826035 -5.238270694270626 57.258309358917565
180.16750355263224 1.127938642929666 39627817947761771 11 28-29-30-31-32-33-34-35-37-38-445 0.7895140195310791 1.0 1 1.262641777580963 1.0 [-1,-1] 1.0 1.0 1.0 0.0007324854237337303 0.12404708914385561 2838.414202995715 -2837.8520823492495 -8.29645156975955 55.87410281322689
180.33105967829923 0.4750636717992575 39627799832561824 11 28-29-30-31-32-33-34-35-37-38-445 0.7270752002215368 1.0 1 0.8718494697713343 1.0 [-1,-1] 1.0 1.0 1.0 0.0006167714992318164 0.14396928707710532 2659.0934699614418 -2658.9576802652095 -15.363844914753777 22.04742206406104
178.57773737932814 0.9837782404207787 39627811882796387 10 28-29-30-31-32-33-34-35-37-445 0.9293967698873342 1.0 1 1.4187099040699422 1.0 [-1,-1] 1.0 1.0 1.0 0.0004951280553168204 0.17321314004730964 3216.465183629295 -3215.0002854769104 79.82288037296145 55.224538493165035
180.81509348076366 -0.3966542930506823 39627775681758620 10 28-29-30-31-32-33-34-35-37-445 0.6061921619310149 1.0 1 1.278187469491354 1.0 [-1,-1] 1.0 1.0 1.0 0.0007756247847600315 0.11796159141779075 2291.9694419576194 -2291.6826027402935 -32.60382504711092 -15.867002152017546
179.87955495001276 -0.3714650189712213 39627781704780462 10 28-29-30-31-32-33-34-35-37-445 0.8072071016391346 1.0 1 0.4649044368660609 1.0 [-1,-1] 1.0 1.0 1.0 0.0007229154976227362 0.12548315978664992 2888.0070902335697 -2887.9400135760807 6.070928690175845 -18.72364949454144
179.38427126357988 1.4622129879631345 39627823974976254 10 28-29-30-31-32-33-34-35-37-445 0.7885906499338319 1.0 1 1.4780377552560562 1.0 [-1,-1] 1.0 1.0 1.0 0.0007324854237337303 0.12404708914385561 2835.8114504273253 -2834.724334363316 30.464520103628082 72.36327492619053
180.06445607972273 1.1322562512514853 39627817947759792 10 28-29-30-31-32-33-34-35-37-445 0.9042276614027385 1.0 1 1.2238037369842805 1.0 [-1,-1] 1.0 1.0 1.0 0.0005275616701708153 0.16431404058018498 3150.758241802835 -3150.141050135933 -3.5438182366385518 62.259970199811086
179.37883607753355 -0.15953191437617414 39627781696391777 9 28-29-30-31-32-33-34-35-38 0.5528169338913075 1.0 1 0.2726972421980397 1.0 [-1,-1] 1.0 1.0 1.0 0.000677088223595666 0.13284793461577618 2121.068925565288 -2120.9360554178816 22.994722971888322 -5.905805835509575
179.97408477408317 -0.9006838710277631 39627763585390345 9 28-29-30-31-32-33-34-35-38 0.6815870170759498 1.0 1 0.9752739750726328 1.0 [-1,-1] 1.0 1.0 1.0 0.0007209928471550773 0.12577569469930108 2524.1055142829437 -2523.7933900922453 1.1415270180053259 -39.67704974317054
180.69972740035743 -0.3711912937950772 39627781717365079 9 28-29-30-31-32-33-34-35-38 0.7027808538040826 1.0 1 1.1606749808933101 1.0 [-1,-1] 1.0 1.0 1.0 0.0005843703162771602 0.15074849413407446 2587.4638971023187 -2587.216649054493 -31.598075860335335 -16.762794071537712
179.27460198119965 -0.29367962270397435 39627781696389656 10 28-29-30-31-32-33-34-35-38-445 0.5272093973773141 1.0 1 0.4383271200223732 1.0 [-1,-1] 1.0 1.0 1.0 0.0006865842838717192 0.13125169390769817 2037.0889732325754 -2036.8989549618968 25.789707905126264 -10.441413077215653
179.02537188020705 1.0948000222284557 39627811891184116 10 28-29-30-31-32-33-34-35-38-445 0.5716486138964235 1.0 1 1.2364240281113967 1.0 [-1,-1] 1.0 1.0 1.0 0.0006621615122706149 0.13543705131792066 2181.9997499484666 -2181.285804345156 37.108275260141255 41.690819669247894
179.4311372524595 0.9056338619289876 39627811895381561 10 28-29-30-31-32-33-34-35-38-445 0.734896875181034 1.0 1 0.9212409807704468 1.0 [-1,-1] 1.0 1.0 1.0 0.0007126833197713517 0.12705585074725267 2681.930776915636 -2681.463589628176 26.623860987759937 42.3896177358077
179.19383446290433 0.5940543154536705 39627799811592206 10 28-29-30-31-32-33-34-35-38-445 0.5257567896453175 1.0 1 0.71962841922056 1.0 [-1,-1] 1.0 1.0 1.0 0.0006865842838717192 0.13125169390769817 2032.2859538534751 -2031.975566360579 28.592276709434813 21.07077730660465
180.39423569900856 0.5541351829809559 39627799832563548 10 28-29-30-31-32-33-34-35-38-445 0.7250268248800935 1.0 1 0.9684299035361428 1.0 [-1,-1] 1.0 1.0 1.0 0.0006167714992318164 0.14396928707710532 2653.0947808955907 -2652.907898696091 -18.254180575803616 25.658962231927443
179.3431661973794 -1.1087463791776437 39627763576997999 10 28-29-30-31-32-33-34-35-38-445 0.8304720969185565 1.0 1 1.138101006700929 1.0 [-1,-1] 1.0 1.0 1.0 0.0006232532477076302 0.14268566385842998 2952.416879436029 -2951.670131427134 33.83917050699917 -57.12946489425213
178.56655934992625 -0.808672423280629 39627769604212149 10 28-29-30-31-32-33-34-35-38-445 0.9344186328323248 1.0 1 1.3122041556120887 1.0 [-1,-1] 1.0 1.0 1.0 0.0004445766401596716 0.18918261239264766 3229.4580100188523 -3228.125826483015 80.77894217405377 -45.579045289676834
179.6558158855376 1.1355352368096492 39627817939373405 10 28-29-30-31-32-33-34-35-38-445 0.705578149039293 1.0 1 1.1369060115977787 1.0 [-1,-1] 1.0 1.0 1.0 0.0005843703162771602 0.15074849413407446 2595.765462932415 -2595.2088636895646 15.589986149825798 51.44166318950523
179.6473121273639 1.145604260004346 39627817939373216 10 28-29-30-31-32-33-34-35-38-445 0.9458832835670065 1.0 1 1.146580681693219 1.0 [-1,-1] 1.0 1.0 1.0 0.0004445766401596716 0.18918261239264766 3258.975176806034 -3258.262027255343 20.056695746205662 65.15745344596807
180.23784798985903 -0.6299923284212295 39627769629382184 10 28-29-30-31-32-33-34-35-38-445 0.7877351355349691 1.0 1 0.8965065508693633 1.0 [-1,-1] 1.0 1.0 1.0 0.0007324854237337303 0.12404708914385561 2833.3986674404023 -2833.2029785631685 -11.761346297173096 -31.15383840098206
178.80548114551766 0.6718121712233889 39627805847192751 8 28-29-30-31-32-33-34-36 0.7143435370806677 1.0 1 1.0404628170268748 1.0 [-1,-1] 1.0 1.0 1.0 0.0006167714992318164 0.14396928707710532 2621.687329814161 -2620.9374127485294 54.64997347748697 30.739456111949483
178.9970394734906 -0.625808626717752 39627769608410749 9 28-29-30-31-32-33-34-36-37 0.581689841974863 1.0 1 0.8690128744980408 1.0 [-1,-1] 1.0 1.0 1.0 0.0006621615122706149 0.13543705131792066 2214.204684101944 -2213.733395352743 38.75528077867365 -24.18399492998114
180.5124865117866 0.44899359988213305 39627799836754282 9 28-29-30-31-32-33-34-36-37 0.7984930414836132 1.0 1 1.0169610822249506 1.0 [-1,-1] 1.0 1.0 1.0 0.0007229154976227362 0.12548315978664992 2863.648243255654 -2863.4457667453235 -25.612994217232707 22.44051106163106
180.95169977863168 -0.2584087628115346 39627781721558846 9 28-29-30-31-32-33-34-36-37 0.7215285651669271 1.0 1 1.3761740411619126 1.0 [-1,-1] 1.0 1.0 1.0 0.0006167714992318164 0.14396928707710532 2642.8328090632776 -2642.4413611788923 -43.89576659461094 -11.919356837098832
180.37706326119402 -0.5316699444921721 39627775673371505 9 28-29-30-31-32-33-34-36-37 0.7935791635898083 1.0 1 0.9415322141009043 1.0 [-1,-1] 1.0 1.0 1.0 0.0007229154976227362 0.12548315978664992 2849.8555805376513 -2849.6711749893675 -18.753943625218383 -26.444544897072436
178.61046491347417 -1.0603578102526912 39627763564415011 9 28-29-30-31-32-33-34-36-37 0.8893547947688939 1.0 1 1.4503194748126162 1.0 [-1,-1] 1.0 1.0 1.0 0.0005690156306133545 0.15418916366201427 3111.4647735165195 -3110.0171371458696 75.43880901300948 -57.57976717489002
179.93597890306768 -0.12450680591813552 39627787744579791 9 28-29-30-31-32-33-34-36-37 0.7461735558511369 1.0 1 0.35830655916936693 1.0 [-1,-1] 1.0 1.0 1.0 0.0007126833197713517 0.12705585074725267 2714.6654829542454 -2714.657378736951 3.0333022255572857 -5.899109241214698
178.75631793405597 -0.7065789631639441 39627769608405163 10 28-29-30-31-32-33-34-36-37-38 1.0358313108047146 1.0 1 1.1004622550877075 1.0 [-1,-1] 1.0 1.0 1.0 0.00017111768859933566 0.3774092623312036 3483.7539454205425 -3482.6684239658093 75.60788392556307 -42.96101526968933
181.06950302332416 -0.11266706747798465 39627787765548343 10 28-29-30-31-32-33-34-36-37-38 1.0949920068680363 1.0 1 1.4738148527464696 1.0 [-1,-1] 1.0 1.0 1.0 4.689797466212482e-05 0.6886505109163528 3625.2784631745762 -3624.63989109024 -67.66665290223226 -7.12878389085352
178.74429757834855 -0.724412117269437 39627769604216135 10 28-29-30-31-32-33-34-36-37-38 0.8981187225837388 1.0 1 1.1211425120747571 1.0 [-1,-1] 1.0 1.0 1.0 0.0005275616701708153 0.16431404058018498 3134.6609148005255 -3133.6576469913107 68.68868278335486 -39.63164251501135
178.95303769529374 -0.553375151253684 39627775648207730 10 28-29-30-31-32-33-34-36-37-38 0.5350627283746906 1.0 1 0.8513349910267555 1.0 [-1,-1] 1.0 1.0 1.0 0.0007045118177349687 0.128340413101622 2062.982773802604 -2062.542166163886 37.69290325007957 -19.92442839452614
179.9982714783737 -0.3395486119663885 39627781704783066 10 28-29-30-31-32-33-34-36-37-38 0.8094133248879586 1.0 1 0.5233656211803362 1.0 [-1,-1] 1.0 1.0 1.0 0.0007229154976227362 0.12548315978664992 2894.1539486481315 -2894.103125651254 0.0873104421560867 -17.151354118601056
180.70557909155372 -0.9859361281916197 39627763597971729 10 28-29-30-31-32-33-34-36-37-38 0.6691780355123453 1.0 1 1.4813016322827754 1.0 [-1,-1] 1.0 1.0 1.0 0.000700708733790897 0.12894715825466588 2486.628047346206 -2486.071379481992 -30.616716925499098 -42.78736512120275
179.60767815149285 1.1729926812541014 39627817939372314 10 28-29-30-31-32-33-34-36-37-38 0.9746876748886805 1.0 1 1.173017807217811 1.0 [-1,-1] 1.0 1.0 1.0 0.0003578035202613049 0.22475091060875194 3332.257189389703 -3331.48079397266 22.812031558891807 68.21515115288652
179.39628125550075 1.1114811240588116 39627811895380913 10 28-29-30-31-32-33-34-36-37-38 0.5893425847763223 1.0 1 1.1299939866737372 1.0 [-1,-1] 1.0 1.0 1.0 0.0006621615122706149 0.13543705131792066 2238.617369858571 -2238.071915602436 23.583167651576442 43.42422627596048
180.83559377670207 0.5960746829169553 39627799840950419 10 28-29-30-31-32-33-34-36-37-38 0.6881660620115879 1.0 1 1.3718388854043162 1.0 [-1,-1] 1.0 1.0 1.0 0.0007209928471550773 0.12577569469930108 2543.8609230809875 -2543.4527543710537 -37.0959955394098 26.464492734504656
180.8091488413506 0.27628369021025656 39627793801151825 10 28-29-30-31-32-33-34-36-37-38 0.5029904869599332 1.0 1 1.2403073271337892 1.0 [-1,-1] 1.0 1.0 1.0 0.0005337442823398631 0.16272042362546515 1956.4552354312127 -1956.2373975769733 -27.62843050008449 9.434108096419681
180.43532575906272 -0.24110139966361988 39627781713171044 10 28-29-30-31-32-33-34-36-37-38 0.7921928477298001 1.0 1 0.8694221587103647 1.0 [-1,-1] 1.0 1.0 1.0 0.0007229154976227362 0.12548315978664992 2845.9569439511324 -2845.849602771167 -21.622805180600565 -11.975789200778157
179.3119627568356 -0.8593146753269642 39627769616795150 10 28-29-30-31-32-33-34-36-37-38 0.7672693094273506 1.0 1 0.9063006917879554 1.0 [-1,-1] 1.0 1.0 1.0 0.0006416626200019751 0.139161677870846 2775.3055041148586 -2774.793295967568 33.32274944270382 -41.62211183071196
178.39675844176136 -0.367485429912428 39627781679615372 10 28-29-30-31-32-33-34-36-37-38 0.794765660099898 1.0 1 1.25810012929837 1.0 [-1,-1] 1.0 1.0 1.0 0.0007229154976227362 0.12548315978664992 2853.189685602507 -2852.0140951576604 79.82544829298413 -18.29975014550801
180.07751501858024 -1.1446460388647441 39627757549782765 10 28-29-30-31-32-33-34-36-37-38 0.8321024178414443 1.0 1 1.2402438513832177 1.0 [-1,-1] 1.0 1.0 1.0 0.0006232532477076302 0.14268566385842998 2956.8966955946307 -2956.3039400348207 -3.999563259263339 -59.068486071500516
179.7886444338985 -0.7325483022307514 39627769625183243 10 28-29-30-31-32-33-34-36-37-38 0.7269021081084447 1.0 1 0.7564468246000566 1.0 [-1,-1] 1.0 1.0 1.0 0.0006167714992318164 0.14396928707710532 2658.586856603322 -2658.3514783493947 9.806305715807436 -33.99011664775008
179.78565839291954 -0.7304103002703292 39627769625183166 10 28-29-30-31-32-33-34-36-37-38 0.9056756657087797 1.0 1 0.7536354412827907 1.0 [-1,-1] 1.0 1.0 1.0 0.0005275616701708153 0.16431404058018498 3154.565202433949 -3154.286804752284 11.800137158995275 -40.21351185605617
179.30776674767637 -0.40633321459584804 39627775656592677 10 28-29-30-31-32-33-34-36-37-38 0.5804607763473213 1.0 1 0.5005052680263027 1.0 [-1,-1] 1.0 1.0 1.0 0.0006621615122706149 0.13543705131792066 2210.2732922629193 -2210.056401035905 26.702646958866886 -15.674800680612229
179.95394662127592 -1.2211577127060984 39627757545591224 10 28-29-30-31-32-33-34-36-37-38 0.6072804969659006 1.0 1 1.2714107912225658 1.0 [-1,-1] 1.0 1.0 1.0 0.0007756247847600315 0.11796159141779075 2295.39674101129 -2294.8746734628303 1.844581854365315 -48.918598323151535
180.1818070855282 0.5030323869728092 39627799828369765 10 28-29-30-31-32-33-34-36-37-38 0.9474527734327598 1.0 1 0.7691114156812265 1.0 [-1,-1] 1.0 1.0 1.0 0.0004445766401596716 0.18918261239264766 3263.0004244645133 -3262.8582412595088 -10.353515448285298 28.64737716372368
179.74499973804825 -1.0402703663105564 39627763581195945 10 28-29-30-31-32-33-34-36-37-38 0.8224504787529858 1.0 1 1.0503261630318705 1.0 [-1,-1] 1.0 1.0 1.0 0.0006627118749498285 0.13533979738261318 2930.310784875632 -2929.7987995623407 13.03943153472285 -53.20021867212291
179.74588298193953 -1.0451602446541302 39627763581195964 10 28-29-30-31-32-33-34-36-37-38 0.8239791454456709 1.0 1 1.0552911545386965 1.0 [-1,-1] 1.0 1.0 1.0 0.0006627118749498285 0.13533979738261318 2934.53175240734 -2934.014673029543 13.012964563384381 -53.52725555741254
