data_rosette/LRG_14_clustering_data.ecsv
# %ECSV 1.0
# ---
# datatype:
# - {name: RA, unit: deg, datatype: float64}
# - {name: DEC, unit: deg, datatype: float64}
# - {name: TARGETID, datatype: int64}
# - {name: NTILE, datatype: int64}
# - {name: TILES, datatype: string}
# - {name: Z, datatype: float64}
# - {name: COMP_TILE, datatype: float64}
# - {name: ROSETTE_NUMBER, datatype: int32}
# - {name: ROSETTE_R, unit: deg, datatype: float64}
# - {name: FRACZ_TILELOCID, datatype: float64}
# - {name: BITWEIGHTS, datatype: string, subtype: 'int64[2]'}
# - {name: PROB_OBS, datatype: float64}
# - {name: WEIGHT_ZFAIL, datatype: float64}
# - {name: WEIGHT, datatype: float64}
# - {name: NZ, unit: h3 / Mpc3, datatype: float64}
# - {name: WEIGHT_FKP, datatype: float64}
# - {name: theta, unit: deg, datatype: float64}
# - {name: phi, unit: deg, datatype: float64}
# - {name: rho, unit: Mpc, datatype: float64}
# - {name: r, unit: Mpc, datatype: float64}
# - {name: x, unit: Mpc, datatype: float64}
# - {name: y, unit: Mpc, datatype: float64}
# - {name: z, unit: Mpc, datatype: float64}
# meta: !!omap
# - {EXTNAME: LSS}
# - {DESIDR: edr}
# - comments: ['Visit https://desidatamodel.readthedocs.io/en/latest/ for a more complet', e description]
# schema: astropy-2.0
RA DEC TARGETID NTILE TILES Z COMP_TILE ROSETTE_NUMBER ROSETTE_R FRACZ_TILELOCID BITWEIGHTS PROB_OBS WEIGHT_ZFAIL WEIGHT NZ WEIGHT_FKP theta phi rho r x y z
[from data line 461]
252.12690975796087 34.108825194540444 39632961888324690 11 379-380-381-382-383-384-385-386-388-389-437 0.53954759185179 1.0 14 0.4979956577006624 1.0 [-1,-1] 1.0 1.0 1.0 0.0006094867785671962 0.14511252611805409 55.891174805459556 -252.12690975796087 2077.7149421712706 2077.7149421712706 -885.1100590331116 910.4275736781049 1644.5671763131984
251.83439951530715 33.99220529710485 39632961884130195 10 379-380-381-382-383-384-385-386-388-436 0.5538055315316001 1.0 14 0.7487149700879011 1.0 [-1,-1] 1.0 1.0 1.0 0.0006724560872077301 0.13333590500666823 56.00779470289515 -251.83439951530715 2124.2849459029285 2124.2849459029285 -956.1788190173885 531.0712240956179 1821.063412512014
251.8334633822069 33.998348042384364 39632961884130180 10 379-380-381-382-383-384-385-386-388-436 0.5129975472836439 1.0 14 0.7451197228852354 1.0 [-1,-1] 1.0 1.0 1.0 0.0006888416087567301 0.1305783864573065 56.001651957615636 -251.8334633822069 1989.9157479049506 1989.9157479049506 -905.310578726169 501.71014810710466 1699.5482832485095
251.83305591207292 33.998735590190044 39632961884130167 10 379-380-381-382-383-384-385-386-388-436 0.5132950736730885 1.0 14 0.7451070906181502 1.0 [-1,-1] 1.0 1.0 1.0 0.0006888416087567301 0.1305783864573065 56.001264409809956 -251.83305591207292 1990.9074878800516 1990.9074878800516 -906.5426816407988 501.9102343774916 1699.9938553675713
252.77707367231022 33.52712754211963 39632951838770943 11 379-380-381-382-383-384-385-386-388-436-437 0.9661903746212565 1.0 14 0.9996124681041433 1.0 [-1,-1] 1.0 1.0 1.0 0.0003767415448896098 0.21544643941305056 56.47287245788037 -252.77707367231022 3310.7686292634803 3310.7686292634803 -30.294377537116386 248.86341924538698 3301.2631167124982
250.81035075366972 34.720995939578586 39632976857794017 10 379-380-381-382-383-384-385-386-388-437 0.9396983311909408 1.0 14 1.4080683374107061 1.0 [-1,-1] 1.0 1.0 1.0 0.0003671239319408774 0.21984967794317842 55.279004060421414 -250.81035075366972 3243.076197151924 3243.076197151924 -2692.2692517387563 -1531.0035944159654 961.903056737433
253.05121306941626 35.335205554326045 39632986798293249 9 379-380-381-382-383-384-385-386-389 1.002415705045654 1.0 14 0.9496558274005801 1.0 [-1,-1] 1.0 1.0 1.0 0.00023297360745577845 0.30751381291380364 54.664794445673955 -253.05121306941626 3401.633749595024 3401.633749595024 493.23577760784275 3198.474272160145 -1047.6607105361538
251.33247966539943 35.56417306121969 39632991709823118 10 379-380-381-382-383-384-385-386-389-436 0.8300769513058177 1.0 14 1.430499120928656 1.0 [-1,-1] 1.0 1.0 1.0 0.0006366829495309179 0.1397804201853648 54.43582693878031 -251.33247966539943 2951.330431025953 2951.330431025953 -2528.2416904380875 12.811666527729269 -1522.5574304542286
251.60159419740282 35.311757763395256 39632986777322815 10 379-380-381-382-383-384-385-386-389-436 0.7565187556456058 1.0 14 1.0962500771884034 1.0 [-1,-1] 1.0 1.0 1.0 0.0007242712797402853 0.12498917450484462 54.688242236604744 -251.60159419740282 2744.4998319476194 2744.4998319476194 -2531.945518913336 712.1491828884574 -783.8206160381923
251.73493249231885 35.37002139848038 39632986777324784 11 379-380-381-382-383-384-385-386-389-436-437 0.8525510077127557 1.0 14 1.0725210950037536 1.0 [-1,-1] 1.0 1.0 1.0 0.0006576102792991648 0.1359368301360722 54.62997860151962 -251.73493249231885 3012.713937831695 3012.713937831695 -2600.29033652998 1122.5092826829616 -1027.087312376482
252.9808958677478 34.191984564256494 39632966913098025 11 379-380-381-382-383-384-385-386-389-436-437 0.8833353409255904 1.0 14 0.502514360705131 1.0 [-1,-1] 1.0 1.0 1.0 0.0005346154933450218 0.1621399955636538 55.808015435743506 -252.9808958677478 3095.4620930442547 3095.4620930442547 172.5140587105993 2081.5869621228444 2284.5393820508552
251.13514976047043 34.76472213712198 39632976861988535 11 379-380-381-382-383-384-385-386-389-436-437 0.43917581177161624 1.0 14 1.1537880688702364 1.0 [-1,-1] 1.0 1.0 1.0 0.0006285113834356281 0.1413409039925048 55.23527786287802 -251.13514976047043 1738.2656583483367 1738.2656583483367 -1650.0225449364266 -321.20506006132854 442.5159992426187
253.54689346771886 33.52867608696313 39632951847162278 11 379-380-381-382-383-384-385-386-389-436-437 0.7168168559801964 1.0 14 1.30247508019164 1.0 [-1,-1] 1.0 1.0 1.0 0.0005823912580269674 0.15084542533972659 56.47132391303687 -253.54689346771886 2628.9767139307614 2628.9767139307614 122.72025911479565 161.8720414082002 2621.117269906733
252.24507823454803 34.112621821655274 39632961892515988 11 379-380-381-382-383-384-385-386-389-436-437 0.6709839516748524 1.0 14 0.440911660017195 1.0 [-1,-1] 1.0 1.0 1.0 0.0008053318504768218 0.11384060807160488 55.887378178344726 -252.24507823454803 2492.0998770091237 2492.0998770091237 -930.0388278910594 1215.4897099536515 1966.7674851391819
252.2343549230693 35.831607675270796 39632996642325252 11 379-380-381-382-383-384-385-386-389-436-437 0.976807287013349 1.0 14 1.3491971567109453 1.0 [-1,-1] 1.0 1.0 1.0 0.00030269805442075816 0.25472307248715254 54.168392324729204 -252.2343549230693 3337.6006345670266 3337.6006345670266 -1418.718789738009 1813.5264180262225 -2416.1823032684256
251.36938151701617 35.515688752809126 39632991709823749 11 379-380-381-382-383-384-385-386-389-436-437 0.6091249276646922 1.0 14 1.3744618737413075 1.0 [-1,-1] 1.0 1.0 1.0 0.0006106036532175123 0.14488555312656437 54.484311247190874 -251.36938151701617 2301.199894035969 2301.199894035969 -2024.7711774397421 85.02801601107979 -1090.226062710691
252.51971674692473 35.325320075130875 39632986789905869 11 379-380-381-382-383-384-385-386-389-436-437 0.6356574515935187 1.0 14 0.8254784231449157 1.0 [-1,-1] 1.0 1.0 1.0 0.0007982518636535506 0.11473445525619816 54.674679924869125 -252.51971674692473 2383.962203022851 2383.962203022851 -840.7403837291371 2114.192310164757 -711.7740289226318
251.6823595175902 34.609444060509865 39632971887546777 10 379-380-381-382-383-384-385-386-389-437 0.49064549383136213 1.0 14 0.6822300111545927 1.0 [-1,-1] 1.0 1.0 1.0 0.0007365189099627642 0.12316671624379881 55.390555939490135 -251.6823595175902 1914.8977162189944 1914.8977162189944 -1644.792734460681 609.6343867537951 768.0078376770643
251.8581103895176 34.272445246720466 39632966896322015 10 379-380-381-382-383-384-385-386-389-437 0.8201687504143216 1.0 14 0.5765253927948603 1.0 [-1,-1] 1.0 1.0 1.0 0.000762533893525711 0.11946670068019369 55.727554753279534 -251.8581103895176 2924.003217107389 2924.003217107389 -1845.730521391884 1083.1764739323112 1992.4362931788735
253.58547253467393 35.43177384639475 39632991739185189 10 379-380-381-382-383-384-385-386-389-437 0.9332261377346994 1.0 14 1.2881881855752586 1.0 [-1,-1] 1.0 1.0 1.0 0.0003671239319408774 0.21984967794317842 54.56822615360525 -253.58547253467393 3226.3762331846606 3226.3762331846606 1877.5370227507256 2287.5964205735336 -1285.0139854641031
251.62352751077557 35.07334634317464 39632981832237796 10 379-380-381-382-383-384-385-386-436-437 0.7772098275345873 1.0 14 0.9202547769599833 1.0 [-1,-1] 1.0 1.0 1.0 0.0007064174578981374 0.12774458208408304 54.92665365682536 -251.62352751077557 2803.6120141484903 2803.6120141484903 -2678.0747822292537 817.039991574559 -143.53201326998595
253.3289233548802 34.416171641971786 39632971912710094 10 379-380-381-382-383-384-385-386-436-437 0.6535029551830837 1.0 14 0.6886002372577619 1.0 [-1,-1] 1.0 1.0 1.0 0.0006371005092682059 0.1397016056866948 55.583828358028214 -253.3289233548802 2438.879728597547 2438.879728597547 836.984461911357 1821.5653276344412 1389.06122911952
251.53006568089253 35.238289186340424 39632986777321767 10 379-380-381-382-383-384-385-386-436-437 0.9040793539029232 1.0 14 1.0855089410903118 1.0 [-1,-1] 1.0 1.0 1.0 0.0005723615213970424 0.15308410280969617 54.761710813659576 -251.53006568089253 3150.368139580176 3150.368139580176 -3014.0842745982964 619.3158132407591 -675.6946973086721
253.36241277042978 33.449423980746296 39632951847159366 9 379-380-381-382-383-384-385-386-437 0.8372107967269543 1.0 14 1.2708907163207148 1.0 [-1,-1] 1.0 1.0 1.0 0.0006366829495309179 0.1397804201853648 56.550576019253704 -253.36241277042978 2970.9051221670284 2970.9051221670284 -2.5381829251087784 -5.069310606464043 2970.899712988592
252.4573037747624 35.38809759987342 39632991722409114 9 379-380-381-382-383-384-385-387-388 0.7800521213142578 1.0 14 0.8887869195266662 1.0 [-1,-1] 1.0 1.0 1.0 0.0007064174578981374 0.12774458208408304 54.61190240012658 -252.4573037747624 2811.674423426629 2811.674423426629 -1120.4436412534155 2374.392832058151 -1006.1698610061466
253.70396568861003 35.461063173505664 39632991739187334 10 379-380-381-382-383-384-385-387-388-389 0.9863210462746281 1.0 14 1.3772031789932961 1.0 [-1,-1] 1.0 1.0 1.0 0.00030269805442075816 0.25472307248715254 54.538936826494336 -253.70396568861003 3361.5022953184625 3361.5022953184625 2194.9744969958515 2107.371316731611 -1428.555484531832
252.25488550299755 35.86203990820535 39632996642325581 10 379-380-381-382-383-384-385-387-388-389 0.6011503127393691 1.0 14 1.3766932996371266 1.0 [-1,-1] 1.0 1.0 1.0 0.0006106036532175123 0.14488555312656437 54.13796009179465 -252.25488550299755 2276.0623869352935 2276.0623869352935 -911.3860038878073 1215.6320697024405 -1694.719508429038
252.40467563660505 34.75508990546738 39632976878766551 10 379-380-381-382-383-384-385-387-388-389 0.6589503317772899 1.0 14 0.2668773101173303 1.0 [-1,-1] 1.0 1.0 1.0 0.0006371005092682059 0.1397016056866948 55.24491009453262 -252.40467563660505 2455.5248458783876 2455.5248458783876 -1122.050164202075 2085.8476770410566 647.9546017450638
253.71075479609905 35.4677576126667 39632991739187462 10 379-380-381-382-383-384-385-387-388-389 0.8193473815718797 1.0 14 1.3858298754686216 1.0 [-1,-1] 1.0 1.0 1.0 0.000762533893525711 0.11946670068019369 54.5322423873333 -253.71075479609905 2921.7305154388087 2921.7305154388087 1914.128195409497 1812.9213204887103 -1259.3405981314904
251.72012688734034 35.17438296550267 39632986777324540 10 379-380-381-382-383-384-385-387-388-389 0.5282859667357229 1.0 14 0.9297907028888793 1.0 [-1,-1] 1.0 1.0 1.0 0.0006888416087567301 0.1305783864573065 54.82561703449733 -251.72012688734034 2040.645902885747 2040.645902885747 -1863.4891077825434 771.9163420999757 -309.49831492142255
251.3975219421587 34.18529000051848 39632966887935725 11 379-380-381-382-383-384-385-387-388-389-436 0.8607263010013987 1.0 14 0.9631520257624024 1.0 [-1,-1] 1.0 1.0 1.0 0.0006576102792991648 0.1359368301360722 55.81470999948152 -251.3975219421587 3034.8382884026955 3034.8382884026955 -2027.7821787109244 142.40050216000765 2253.456227540699
253.6963075070282 35.488781470656335 39632991739187204 11 379-380-381-382-383-384-385-387-388-389-436 0.6686605348208016 1.0 14 1.3921448429250916 1.0 [-1,-1] 1.0 1.0 1.0 0.0006371005092682059 0.1397016056866948 54.511218529343665 -253.6963075070282 2485.0589383120478 2485.0589383120478 1589.1248890585064 1549.2629304376485 -1118.0270060383793
253.30917762318532 33.760485085307565 39632956884518722 11 379-380-381-382-383-384-385-387-388-389-436 0.7088173507967518 1.0 14 0.9977516566905243 1.0 [-1,-1] 1.0 1.0 1.0 0.0005639081233901963 0.1550231922816235 56.239514914692435 -253.30917762318532 2605.3608487680704 2605.3608487680704 316.67619136274584 726.6819648008876 2481.8450121130827
253.30390371758799 33.7719332154173 39632956884518641 11 379-380-381-382-383-384-385-387-388-389-436 0.5386442264556428 1.0 14 0.986315832508712 1.0 [-1,-1] 1.0 1.0 1.0 0.0006094867785671962 0.14511252611805409 56.2280667845827 -253.30390371758799 2074.7507309651587 2074.7507309651587 258.03920147682305 600.7581171902143 1969.0342939552204
251.04027102530245 34.38605608005667 39632971879157564 11 379-380-381-382-383-384-385-387-388-389-436 0.8028818195912686 1.0 14 1.209192036023163 1.0 [-1,-1] 1.0 1.0 1.0 0.0008239664519383997 0.11155322342262282 55.61394391994333 -251.04027102530245 2875.9324384838555 2875.9324384838555 -2218.7801954616307 -655.2105009883711 1708.420625708292
252.53994982818486 35.223309492013186 39632986789906164 11 379-380-381-382-383-384-385-387-388-389-436 0.7798899147152887 1.0 14 0.7240518826427844 1.0 [-1,-1] 1.0 1.0 1.0 0.0007064174578981374 0.12774458208408304 54.776690507986814 -252.53994982818486 2811.2146836733423 2811.2146836733423 -965.8548213313624 2579.6285214491895 -561.7554211019608
251.44033214937332 34.17564288921129 39632966887936425 11 379-380-381-382-383-384-385-387-388-389-436 0.8588325434150351 1.0 14 0.9331734486959951 1.0 [-1,-1] 1.0 1.0 1.0 0.0006576102792991648 0.1359368301360722 55.82435711078871 -251.44033214937332 3029.722974594683 3029.722974594683 -1994.7674921836335 226.21115352421245 2269.130333175139
251.39904461618465 34.18421857642169 39632966887935746 11 379-380-381-382-383-384-385-387-388-389-436 0.859443443534189 1.0 14 0.9623204249803039 1.0 [-1,-1] 1.0 1.0 1.0 0.0006576102792991648 0.1359368301360722 55.81578142357831 -251.39904461618465 3031.3737396794145 3031.3737396794145 -2022.8417193907355 145.14921128197903 2253.0578852693757
251.39835858424698 34.18330072299388 39632966887935736 11 379-380-381-382-383-384-385-387-388-389-436 0.8582088474724209 1.0 14 0.9631616118621608 1.0 [-1,-1] 1.0 1.0 1.0 0.0006576102792991648 0.1359368301360722 55.81669927700612 -251.39835858424698 3028.0370082516315 3028.0370082516315 -2018.6527488078013 143.45670895916479 2252.4363200159073
253.39972793852243 33.90778984438759 39632961905102977 11 379-380-381-382-383-384-385-387-388-389-436 0.4458652306735432 1.0 14 0.9510004448464958 1.0 [-1,-1] 1.0 1.0 1.0 0.0006285113834356281 0.1413409039925048 56.09221015561241 -253.39972793852243 1761.53189957386 1761.53189957386 373.2763623844182 680.8172441283365 1581.185400450828
251.81528429747377 34.49108215522016 39632971891738505 12 379-380-381-382-383-384-385-387-388-389-436-437 0.8299742258873516 1.0 14 0.5643917028397045 1.0 [-1,-1] 1.0 1.0 1.0 0.000762533893525711 0.11946670068019369 55.50891784477984 -251.81528429747377 2951.0479462973585 2951.0479462973585 -2247.7474134921763 1192.7847705832924 1494.5166568324528
253.67181076854166 34.72511092392457 39632976895545093 12 379-380-381-382-383-384-385-387-388-389-436-437 0.8078532647717105 1.0 14 0.9903314381716105 1.0 [-1,-1] 1.0 1.0 1.0 0.0008239664519383997 0.11155322342262282 55.27488907607543 -253.67181076854166 2889.8082423899455 2889.8082423899455 1930.745740700897 1976.8418160862484 845.7594201207772
251.49594604913116 34.33620726465895 39632966892126833 12 379-380-381-382-383-384-385-387-388-389-436-437 0.5696454109512117 1.0 14 0.8443149557981149 1.0 [-1,-1] 1.0 1.0 1.0 0.0006724560872077301 0.13333590500666823 55.66379273534105 -251.49594604913116 2175.551378195728 2175.551378195728 -1659.6671298540307 282.38864214537887 1377.9642491874395
253.3562890711751 35.62249343166157 39632991734992116 12 379-380-381-382-383-384-385-387-388-389-436-437 0.896280795844537 1.0 14 1.3233359791262493 1.0 [-1,-1] 1.0 1.0 1.0 0.0005723615213970424 0.15308410280969617 54.37750656833843 -253.3562890711751 3129.806396062526 3129.806396062526 1142.050050548872 2316.2482100238954 -1768.1640162712042
252.96295296977192 33.90149377295084 39632961900906883 12 379-380-381-382-383-384-385-387-388-389-436-437 0.7717541407647414 1.0 14 0.7105037863691499 1.0 [-1,-1] 1.0 1.0 1.0 0.0007064174578981374 0.12774458208408304 56.09850622704916 -252.96295296977192 2788.097562720762 2788.097562720762 78.48857977937591 1210.5901411068173 2510.3384378104574
