data_rosette/LRG_3_clustering_data.ecsv
# %ECSV 1.0
# ---
# datatype:
# - {name: RA, unit: deg, datatype: float64}
# - {name: DEC, unit: deg, datatype: float64}
# - {name: TARGETID, datatype: int64}
# - {name: NTILE, datatype: int64}
# - {name: TILES, datatype: string}
# - {name: Z, datatype: float64}
# - {name: COMP_TILE, datatype: float64}
# - {name: ROSETTE_NUMBER, datatype: int32}
# - {name: ROSETTE_R, unit: deg, datatype: float64}
# - {name: FRACZ_TILELOCID, datatype: float64}
# - {name: BITWEIGHTS, datatype: string, subtype: 'int64[2]'}
# - {name: PROB_OBS, datatype: float64}
# - {name: WEIGHT_ZFAIL, datatype: float64}
# - {name: WEIGHT, datatype: float64}
# - {name: NZ, unit: h3 / Mpc3, datatype: float64}
# - {name: WEIGHT_FKP, datatype: float64}
# - {name: distance, unit: Mpc, datatype: float64}
# - {name: x, unit: Mpc, datatype: float64}
# - {name: y, unit: Mpc, datatype: float64}
# - {name: z, unit: Mpc, datatype: float64}
# meta: !!omap
# - {EXTNAME: LSS}
# - {DESIDR: edr}
# - comments: ['Visit https://desidatamodel.readthedocs.io/en/latest/ for a more complet', e description]
# schema: astropy-2.0
RA DEC TARGETID NTILE TILES Z COMP_TILE ROSETTE_NUMBER ROSETTE_R FRACZ_TILELOCID BITWEIGHTS PROB_OBS WEIGHT_ZFAIL WEIGHT NZ WEIGHT_FKP distance x y z
[from data line 4002]
188.55542042423784 60.5800735218341 39633393159245768 10 83-84-85-86-88-90-91-92-451-452 0.6425081253820234 1.0 3 1.3812625167669528 1.0 [-1,-1] 1.0 1.0 1.0 0.0007982518636535506 0.11473445525619816 2405.115002107567 -1168.2624358803964 -175.75342192624512 2094.9586604405586
188.55460844424118 61.06806104570613 39633399094184399 10 83-84-85-86-88-90-91-92-451-452 0.8203134199809979 1.0 3 0.9744362889784779 1.0 [-1,-1] 1.0 1.0 1.0 0.000762533893525711 0.11946670068019369 2924.4033966675247 -1398.9999552147854 -210.4453035867823 2559.423201806972
189.32878639097055 60.98262493330671 39633399102571337 10 83-84-85-86-88-90-91-92-451-452 0.7869400049024124 1.0 3 0.8619140986238422 1.0 [-1,-1] 1.0 1.0 1.0 0.0007064174578981374 0.12774458208408304 2831.1550633440293 -1355.1590469064529 -222.6149752835179 2475.767663385571
187.5394344903595 62.693080319207496 39633419117792577 9 83-84-85-86-88-90-91-92-452 0.5229079800331947 1.0 3 1.4161557339036932 1.0 [-1,-1] 1.0 1.0 1.0 0.0006888416087567301 0.1305783864573065 2022.8541401311168 -919.9754955753203 -121.76128866525617 1797.4309857040741
190.59594207419983 61.70486400641466 39633407835112154 8 83-84-85-86-88-91-451-452 0.8548062061362504 1.0 3 0.34283928969128125 1.0 [-1,-1] 1.0 1.0 1.0 0.0006576102792991648 0.1359368301360722 3018.8279097022455 -1406.564785906661 -263.12833840832405 2658.131097024948
188.65461170185844 62.30870177947087 39633413522588347 9 83-84-85-86-88-91-92-451-452 0.4087718816661894 1.0 3 0.7741873982447465 1.0 [-1,-1] 1.0 1.0 1.0 0.00024055914515870672 0.3007331513712552 1631.3395770022707 -749.4637201305117 -114.07652981205281 1444.4928151597437
188.73481616268162 60.81103225045132 39633396141392551 9 83-84-85-86-88-91-92-451-452 0.7864002028917358 1.0 3 1.1361988912052192 1.0 [-1,-1] 1.0 1.0 1.0 0.0007064174578981374 0.12774458208408304 2829.6312997923114 -1363.981947070811 -209.56688689466074 2470.313393224942
191.42462633173437 62.28135724901239 39633413543560543 7 83-84-85-86-88-92-452 0.559891524065422 1.0 3 0.8617445019745942 1.0 [-1,-1] 1.0 1.0 1.0 0.0006724560872077301 0.13333590500666823 2144.0408972355017 -977.4984334710293 -197.53551629839924 1897.995759052381
188.6563721839569 60.368096561980174 39633390164509680 6 83-84-85-86-89-452 0.8126306517174424 1.0 3 1.5529733719515089 1.0 [-1,-1] 1.0 1.0 1.0 0.000762533893525711 0.11946670068019369 2903.103229309078 -1419.0189356984513 -216.03472753512543 2523.4346864250033
188.71181833661976 61.90539773810475 39633410683045481 9 83-84-85-86-89-90-91-451-452 0.635072375932485 1.0 3 0.570327529672192 1.0 [-1,-1] 1.0 1.0 1.0 0.0007982518636535506 0.11473445525619816 2382.151572825316 -1108.880867459813 -169.91670776926645 2101.4655957489654
188.56812832796783 61.7541615435274 39633407818335475 9 83-84-85-86-89-90-91-451-452 0.7599266287155115 1.0 3 0.6315010814683889 1.0 [-1,-1] 1.0 1.0 1.0 0.0007242712797402853 0.12498917450484462 2754.2868215275867 -1288.9342673471926 -194.19965312394 2426.320433171438
188.28099872017373 61.24540043510709 39633402026000421 10 83-84-85-86-89-90-91-92-451-452 0.8319841442208723 1.0 3 0.9504816516612034 1.0 [-1,-1] 1.0 1.0 1.0 0.0006366829495309179 0.1397804201853648 2956.5718498013453 -1407.4566271426831 -204.8490442272097 2591.991476611968
187.14562227246358 61.59609994532758 39633404920072866 10 83-84-85-86-89-90-91-92-451-452 0.812463985272724 1.0 3 1.3216188711294852 1.0 [-1,-1] 1.0 1.0 1.0 0.000762533893525711 0.11946670068019369 2902.640058388067 -1370.015756389716 -171.7524048521562 2553.2092055353583
187.02099981435575 61.89310244968205 39633410670462019 10 83-84-85-86-89-90-91-92-451-452 1.0419270702218135 1.0 3 1.3614860567443008 1.0 [-1,-1] 1.0 1.0 1.0 0.00017557006270178804 0.37077784677498654 3498.562224381784 -1635.876459961707 -201.46901420080866 3085.977330106513
189.83987426931913 60.263038211108956 39633390172899480 9 83-84-85-86-89-90-91-92-452 0.45755070881160587 1.0 3 1.5372374576140906 1.0 [-1,-1] 1.0 1.0 1.0 0.0005330850268982689 0.1625298359500762 1801.9517219335469 -880.653613274436 -152.74653357370713 1564.6557826203089
190.15222520526464 60.27731430831974 39633390177092509 9 83-84-85-86-89-90-91-92-452 0.9056553640921516 1.0 3 1.5275727570389568 1.0 [-1,-1] 1.0 1.0 1.0 0.0005723615213970424 0.15308410280969617 3154.511850003897 -1539.5271343760635 -275.6795926162443 2739.4893641972362
191.4156002889577 60.60929844293634 39633393184409730 9 83-84-85-86-89-90-91-92-452 0.7624422745836864 1.0 3 1.3966003393174082 1.0 [-1,-1] 1.0 1.0 1.0 0.0007242712797402853 0.12498917450484462 2761.4984832421055 -1328.429242208207 -268.2347471225363 2406.075589384234
192.71400374061795 62.206104607291294 39633413551950357 8 83-84-85-86-89-90-92-451 0.9629365473768351 1.0 3 1.3818481247558219 1.0 [-1,-1] 1.0 1.0 1.0 0.0003767415448896098 0.21544643941305056 3302.5115213460144 -1502.1779625018132 -338.9162416122321 2921.502952038301
188.55344188226502 62.315309756744085 39633413522587718 9 83-84-85-86-89-90-92-451-452 0.9463811704448845 1.0 3 0.8146329073453816 1.0 [-1,-1] 1.0 1.0 1.0 0.0003671239319408774 0.21984967794317842 3260.252505603355 -1497.8835759516985 -225.28873678461125 2887.0116345912256
190.0213504603985 60.31152176249551 39633390172900840 8 83-84-85-86-89-90-92-452 0.6684739152164896 1.0 3 1.4896356629735015 1.0 [-1,-1] 1.0 1.0 1.0 0.0006371005092682059 0.1397016056866948 2484.4929694242846 -1211.7553556754613 -214.1307763322291 2158.3563847840082
189.62517306863043 63.00214732754621 39633421907003644 8 83-84-85-86-89-91-92-451 0.41173419066129247 1.0 3 1.2088680058104055 1.0 [-1,-1] 1.0 1.0 1.0 0.0005613841910631427 0.1556117057517016 1641.8429473866345 -734.8340707149654 -124.61999203803498 1462.9207121317766
189.6452628928772 63.001033550099805 39633421907003785 8 83-84-85-86-89-91-92-451 0.8685135589655645 1.0 3 1.206815393043272 1.0 [-1,-1] 1.0 1.0 1.0 0.0006576102792991648 0.1359368301360722 3055.8118225758853 -1367.6500859467637 -232.4321793061259 2722.7732956357877
192.65395688610624 62.20580453771941 39633413551949954 9 83-84-85-86-89-91-92-451-452 0.7087580533206931 1.0 3 1.3548537735265265 1.0 [-1,-1] 1.0 1.0 1.0 0.0005639081233901963 0.1550231922816235 2605.185363515662 -1185.2840159252517 -266.1145968942075 2304.62048962257
187.96416137150877 60.56845877036796 39633393155050309 8 83-84-85-86-89-91-92-452 0.4182145570313961 1.0 3 1.5449509204309424 1.0 [-1,-1] 1.0 1.0 1.0 0.0005613841910631427 0.1556117057517016 1664.7557544652345 -810.1431560690546 -113.3414854073213 1449.9080992894844
188.39543385685235 60.430440492927374 39633393159244428 8 83-84-85-86-89-91-92-452 0.6068185461172558 1.0 3 1.5503569390947611 1.0 [-1,-1] 1.0 1.0 1.0 0.0006106036532175123 0.14488555312656437 2293.942279126527 -1119.8835849572783 -165.27882694283525 1995.1728861108352
191.01457220413093 60.52387975092189 39633393180215771 6 83-84-85-86-89-92 0.7877042139355235 1.0 3 1.3846867043857418 1.0 [-1,-1] 1.0 1.0 1.0 0.0007064174578981374 0.12774458208408304 2833.3114367502412 -1368.47903461263 -266.3665955518307 2466.570020538547
188.05602761147915 60.53825246155792 39633393155050999 7 83-84-85-86-89-92-452 0.794766339989144 1.0 3 1.5434709131557378 1.0 [-1,-1] 1.0 1.0 1.0 0.0008239664519383997 0.11155322342262282 2853.19159543442 -1389.471861721405 -196.6632808444307 2484.229011123887
188.39343850508877 60.44853179469321 39633393159244410 6 83-84-85-86-91-452 0.4128737931189296 1.0 3 1.5347589006823519 1.0 [-1,-1] 1.0 1.0 1.0 0.0005613841910631427 0.1556117057517016 1645.878676279709 -803.0612377041556 -118.4917962264371 1431.7712665633255
188.42465332055326 60.4370317917502 39633393159244695 6 83-84-85-86-91-452 0.7869532906901436 1.0 3 1.5379166420781953 1.0 [-1,-1] 1.0 1.0 1.0 0.0007064174578981374 0.12774458208408304 2831.192560449096 -1381.7802731700658 -204.65111637103422 2462.610913560739
188.37402469514072 60.448450113720924 39633393159244228 7 83-84-85-86-91-92-452 0.8844567718036548 1.0 3 1.5392947445738308 1.0 [-1,-1] 1.0 1.0 1.0 0.0005346154933450218 0.1621399955636538 3098.4477789006596 -1511.881682590863 -222.55494552349202 2695.3778422780892
188.26536876902196 60.471222313225994 39633393159243174 5 83-84-85-86-92 0.5609469332351226 1.0 3 1.5453126907890524 1.0 [-1,-1] 1.0 1.0 1.0 0.0006724560872077301 0.13333590500666823 2147.4594732452697 -1047.4045369853475 -152.15329904673885 1868.5222232348628
188.25126955315346 60.48633513498028 39633393159243044 6 83-84-85-86-92-452 0.6058600895872772 1.0 3 1.5357545143888207 1.0 [-1,-1] 1.0 1.0 1.0 0.0006106036532175123 0.14488555312656437 2290.9232536299855 -1116.8972682081812 -161.96766516975381 1993.6489966218123
190.3376794374228 63.29196437345212 39633424658467519 6 83-84-85-87-88-451 0.9714424349843245 1.0 3 1.505538890146942 1.0 [-1,-1] 1.0 1.0 1.0 0.00030269805442075816 0.25472307248715254 3324.063126028927 -1469.7297456780875 -268.0937417675562 2969.4133909106185
188.20466049075398 62.01805223848645 39633410678851219 8 83-84-85-87-88-89-90-452 0.9504284447534476 1.0 3 0.8275069575410703 1.0 [-1,-1] 1.0 1.0 1.0 0.0003767415448896098 0.21544643941305056 3270.6218132840404 -1518.8472656172667 -218.9953458206671 2888.2712940035985
187.8391969796304 61.427501348740265 39633404928458869 10 83-84-85-87-88-89-90-91-451-452 0.8238551550239575 1.0 3 1.0480998255151526 1.0 [-1,-1] 1.0 1.0 1.0 0.000762533893525711 0.11946670068019369 2934.1895339024545 -1390.2214385987272 -191.40565903352297 2576.8423401933483
190.07537505100476 62.559947110543526 39633416345356721 9 83-84-85-87-88-89-90-91-92 0.5295055508490255 1.0 3 0.7643411208283025 1.0 [-1,-1] 1.0 1.0 1.0 0.0006888416087567301 0.1305783864573065 2044.672543969201 -927.6960368408523 -164.8365021855567 1814.6335175011209
190.79851204836433 61.78207086351694 39633407835113511 10 83-84-85-87-88-89-90-91-92-451 0.9451321240427327 1.0 3 0.42509131489678825 1.0 [-1,-1] 1.0 1.0 1.0 0.0003671239319408774 0.21984967794317842 3257.0473633285774 -1512.7479089842207 -288.53138210427016 2869.965319018769
189.67606933664575 61.47313009206542 39633404941044262 11 83-84-85-87-88-89-90-91-92-451-452 1.0623295073791388 1.0 3 0.3437448477432131 1.0 [-1,-1] 1.0 1.0 1.0 0.00014839258087788972 0.41078905010633954 3547.744518588776 -1670.1958321393888 -284.7738820467897 3117.0243642911937
188.20023737950066 61.37988469883689 39633404928461521 11 83-84-85-87-88-89-90-91-92-451-452 0.6378484324890261 1.0 3 0.9112846918108296 1.0 [-1,-1] 1.0 1.0 1.0 0.0007982518636535506 0.11473445525619816 2390.7368891146916 -1133.454575022562 -163.3380928569853 2098.624374859889
190.6294104772749 62.9176765741827 39633421915391392 11 83-84-85-87-88-89-90-91-92-451-452 1.093303347785433 1.0 3 1.1677624227550463 1.0 [-1,-1] 1.0 1.0 1.0 5.9370222311395755e-05 0.6353792046182113 3621.3057511859543 -1620.3828334064017 -304.1073765308264 3224.24154186901
191.31238644811674 61.10639427447553 39633399119347951 11 83-84-85-87-88-89-90-91-92-451-452 0.6099189074320271 1.0 3 0.9677611251143108 1.0 [-1,-1] 1.0 1.0 1.0 0.0006106036532175123 0.14488555312656437 2303.695995736318 -1091.4853999468082 -218.34569857630234 2016.9283622349424
191.29322983526075 62.82459043020266 39633419147151844 11 83-84-85-87-88-89-90-91-92-451-452 0.7789383935456538 1.0 3 1.211907855252032 1.0 [-1,-1] 1.0 1.0 1.0 0.0007064174578981374 0.12774458208408304 2808.5168921423 -1257.8592633542253 -251.19052129534003 2498.4916507873277
191.97281856249444 61.35089691323594 39633402055361053 11 83-84-85-87-88-89-90-91-92-451-452 0.8392590378361062 1.0 3 1.0840023615920498 1.0 [-1,-1] 1.0 1.0 1.0 0.0006366829495309179 0.1397804201853648 2976.5098158156447 -1396.0258321983883 -296.04231607755725 2612.10288973714
191.9923180418819 61.348786832150026 39633402055361193 11 83-84-85-87-88-89-90-91-92-451-452 0.7893243453988689 1.0 3 1.093355272550064 1.0 [-1,-1] 1.0 1.0 1.0 0.0007064174578981374 0.12774458208408304 2837.879676719317 -1330.999885359125 -282.726247481569 2490.394794745508
192.52408163608644 61.55838767946756 39633404966207523 11 83-84-85-87-88-89-90-91-92-451-452 0.5223018817214963 1.0 3 1.2680218682346844 1.0 [-1,-1] 1.0 1.0 1.0 0.0006888416087567301 0.1305783864573065 2020.8453750158264 -939.552139929689 -208.70803932387318 1776.9352155883407
187.85158154809133 61.99639122336788 39633410674658474 11 83-84-85-87-88-89-90-91-92-451-452 0.9106296247486252 1.0 3 0.9846255563161481 1.0 [-1,-1] 1.0 1.0 1.0 0.00042618922305278896 0.1953324009783564 3167.564863017581 -1473.3151226330735 -203.1705013129802 2796.7001015912506
192.46136642399387 61.32750031496389 39633402059555119 11 83-84-85-87-88-89-90-91-92-451-452 0.724338839139178 1.0 3 1.3078884688708454 1.0 [-1,-1] 1.0 1.0 1.0 0.0005823912580269674 0.15084542533972659 2651.0783317152022 -1242.0278666720544 -274.47244085450706 2325.993976456365
188.2615143488182 61.38289487129717 39633404928462000 11 83-84-85-87-88-89-90-91-92-451-452 0.6884128823798723 1.0 3 0.8840608913206408 1.0 [-1,-1] 1.0 1.0 1.0 0.0008053318504768218 0.11384060807160488 2544.6005312010693 -1206.0989716068773 -175.12351261741145 2233.7521996421483
190.02935469696112 61.5443004117438 39633404945237144 11 83-84-85-87-88-89-90-91-92-451-452 0.4677969645111746 1.0 3 0.2629635355399626 1.0 [-1,-1] 1.0 1.0 1.0 0.0005330850268982689 0.1625298359500762 1837.1608120393805 -861.9919694340383 -152.44784295694694 1615.2056677408602
189.88260632463104 60.9898301431102 39633399106765946 11 83-84-85-87-88-89-90-91-92-451-452 0.6518849492341616 1.0 3 0.8102126465051167 1.0 [-1,-1] 1.0 1.0 1.0 0.0006371005092682059 0.1397016056866948 2433.9250687762133 -1162.8531965790507 -202.5866226746166 2128.549352008656
189.81047549415746 61.11011271815547 39633399106765373 11 83-84-85-87-88-89-90-91-92-451-452 0.6779561338684582 1.0 3 0.6912121720408995 1.0 [-1,-1] 1.0 1.0 1.0 0.0008053318504768218 0.11384060807160488 2513.168850163528 -1196.4266082174352 -206.88403778979574 2200.404516330891
187.46708581539963 61.64380143504601 39633407809946641 11 83-84-85-87-88-89-90-91-92-451-452 0.943177224292859 1.0 3 1.1630622365368977 1.0 [-1,-1] 1.0 1.0 1.0 0.0003671239319408774 0.21984967794317842 3252.0261832572005 -1531.456708476616 -200.72515784748524 2861.821807461021
191.31657610575093 62.83176112473361 39633419147152003 11 83-84-85-87-88-89-90-91-92-451-452 0.7752765230421853 1.0 3 1.2237312086910281 1.0 [-1,-1] 1.0 1.0 1.0 0.0007064174578981374 0.12774458208408304 2798.120097764238 -1252.7952537160786 -250.71013055341712 2489.4024512353367
188.22779635807456 61.38022159725482 39633404928461756 11 83-84-85-87-88-89-90-91-92-451-452 0.8347820648596627 1.0 3 0.8995097271109994 1.0 [-1,-1] 1.0 1.0 1.0 0.0006366829495309179 0.1397804201853648 2964.2503157331976 -1405.246064826369 -203.1949948884298 2602.071333700646
188.1894077183385 61.37458934215517 39633402021809230 11 83-84-85-87-88-89-90-91-92-451-452 0.7991344814631253 1.0 3 0.9183618273639524 1.0 [-1,-1] 1.0 1.0 1.0 0.0008239664519383997 0.11155322342262282 2865.44566752653 -1358.7823141253257 -195.54711484173123 2515.203932535861
192.5532955499701 61.16155272096067 39633402059555785 10 83-84-85-87-88-89-90-91-92-452 0.6431451603152771 1.0 3 1.418469252067603 1.0 [-1,-1] 1.0 1.0 1.0 0.0007982518636535506 0.11473445525619816 2407.0774906516795 -1133.2782248139513 -252.34792831242396 2108.5594689837308
188.4442786188781 60.941255509475724 39633399094183460 10 83-84-85-87-88-89-90-91-92-452 0.5241216701425195 1.0 3 1.106265489340911 1.0 [-1,-1] 1.0 1.0 1.0 0.0006888416087567301 0.1305783864573065 2026.874404391813 -973.7928145684891 -144.56626454164098 1771.7358721406313
190.09283689350804 62.553614516887436 39633416345356832 10 83-84-85-87-88-89-90-91-92-452 0.5251507404200584 1.0 3 0.7589693445741601 1.0 [-1,-1] 1.0 1.0 1.0 0.0006888416087567301 0.1305783864573065 2030.2808139960266 -921.3124478162704 -163.99190802305185 1801.757533987889
