data_rosette/LRG_10_clustering_data.ecsv
# %ECSV 1.0
# ---
# datatype:
# - {name: RA, unit: deg, datatype: float64}
# - {name: DEC, unit: deg, datatype: float64}
# - {name: TARGETID, datatype: int64}
# - {name: NTILE, datatype: int64}
# - {name: TILES, datatype: string}
# - {name: Z, datatype: float64}
# - {name: COMP_TILE, datatype: float64}
# - {name: ROSETTE_NUMBER, datatype: int32}
# - {name: ROSETTE_R, unit: deg, datatype: float64}
# - {name: FRACZ_TILELOCID, datatype: float64}
# - {name: BITWEIGHTS, datatype: string, subtype: 'int64[2]'}
# - {name: PROB_OBS, datatype: float64}
# - {name: WEIGHT_ZFAIL, datatype: float64}
# - {name: WEIGHT, datatype: float64}
# - {name: NZ, unit: h3 / Mpc3, datatype: float64}
# - {name: WEIGHT_FKP, datatype: float64}
# - {name: theta, unit: deg, datatype: float64}
# - {name: phi, unit: deg, datatype: float64}
# - {name: rho, unit: Mpc, datatype: float64}
# - {name: r, unit: Mpc, datatype: float64}
# - {name: x, unit: Mpc, datatype: float64}
# - {name: y, unit: Mpc, datatype: float64}
# - {name: z, unit: Mpc, datatype: float64}
# meta: !!omap
# - {EXTNAME: LSS}
# - {DESIDR: edr}
# - comments: ['Visit https://desidatamodel.readthedocs.io/en/latest/ for a more complet', e description]
# schema: astropy-2.0
RA DEC TARGETID NTILE TILES Z COMP_TILE ROSETTE_NUMBER ROSETTE_R FRACZ_TILELOCID BITWEIGHTS PROB_OBS WEIGHT_ZFAIL WEIGHT NZ WEIGHT_FKP theta phi rho r x y z
[from data line 418]
217.97357449717757 1.554996547512874 39627824620901390 11 271-272-273-274-275-276-277-278-279-281-472 0.7537235347767037 1.0 10 0.8783306466126993 1.0 [-1,-1] 1.0 1.0 1.0 0.0006416626200019751 0.139161677870846 88.44500345248713 -217.97357449717757 2736.4571917110748 2736.4571917110748 -453.9068803052398 1180.3654079844227 2426.7064119321467
218.24117733295492 1.0917881774708336 39627812545500463 11 271-272-273-274-275-276-277-278-279-281-472 0.45663313978859843 1.0 10 1.3517852932126688 1.0 [-1,-1] 1.0 1.0 1.0 0.0005635091211985168 0.1554616369400361 88.90821182252917 -218.24117733295492 1798.7881084010598 1798.7881084010598 -144.69571916846627 1449.2488031765458 1055.6418494312989
218.43164679147233 1.4995275727713842 39627824629288797 11 271-272-273-274-275-276-277-278-279-281-472 0.8424663033281334 1.0 10 1.0056136396477604 1.0 [-1,-1] 1.0 1.0 1.0 0.0006232532477076302 0.14268566385842998 88.50047242722862 -218.43164679147233 2985.272137083675 2985.272137083675 138.45238483527032 1517.967834128368 2566.798458027663
218.26378139568155 1.1187673195982135 39627812549689710 11 271-272-273-274-275-276-277-278-279-281-472 0.5770060930673704 1.0 10 1.3285284381230473 1.0 [-1,-1] 1.0 1.0 1.0 0.0006621615122706149 0.13543705131792066 88.88123268040178 -218.26378139568155 2199.2071023172953 2199.2071023172953 -134.0879301601142 1740.045326304473 1338.1982544728455
218.3138390104658 1.9092686544395878 39627836708881916 11 271-272-273-274-275-276-277-278-279-281-472 0.5739231541036309 1.0 10 0.5836710609411603 1.0 [-1,-1] 1.0 1.0 1.0 0.0006621615122706149 0.13543705131792066 88.09073134556041 -218.3138390104658 2189.312050754656 2189.312050754656 -7.394296590260574 275.32236703271116 2171.9185468541395
218.3680038322872 1.994536264483887 39627836708883055 11 271-272-273-274-275-276-277-278-279-281-472 0.7640909229982583 1.0 10 0.5390769198433616 1.0 [-1,-1] 1.0 1.0 1.0 0.0006416626200019751 0.139161677870846 88.00546373551612 -218.3680038322872 2766.2187412576222 2766.2187412576222 3.08675407533995 112.98016812943013 2763.908840400426
218.56198703730135 3.43713931976172 39627872939278578 11 271-272-273-274-275-276-277-278-279-281-472 0.9021087075849653 1.0 10 1.1294985500481198 1.0 [-1,-1] 1.0 1.0 1.0 0.0005275616701708153 0.16431404058018498 86.56286068023827 -218.56198703730135 3145.1813507604256 3145.1813507604256 -680.511580181704 -3024.733608464219 529.2034733793821
218.02035578148093 1.6255836114859186 39627830664888870 11 271-272-273-274-275-276-277-278-279-281-472 0.9887667661120224 1.0 10 0.8049617326667907 1.0 [-1,-1] 1.0 1.0 1.0 0.0003578035202613049 0.22475091060875194 88.37441638851408 -218.02035578148093 3367.6251220723057 3367.6251220723057 -422.5157848088762 1273.5595891281064 3088.757897171564
217.27261982304935 3.0179025774621002 39627860851294865 11 271-272-273-274-275-276-277-278-279-281-472 0.9334554724944807 1.0 10 0.973950284861575 1.0 [-1,-1] 1.0 1.0 1.0 0.0004445766401596716 0.18918261239264766 86.9820974225379 -217.27261982304935 3226.9690748189187 3226.9690748189187 2352.3252101786848 -1293.421987892107 1790.7973298597208
218.22309028366809 1.0527084600838257 39627812545500090 11 271-272-273-274-275-276-277-278-279-281-472 0.8271082059553495 1.0 10 1.3881149524476222 1.0 [-1,-1] 1.0 1.0 1.0 0.0006627118749498285 0.13533979738261318 88.94729153991618 -218.22309028366809 2943.159624507417 2943.159624507417 -287.30165510147737 2431.786594039962 1632.8074887610333
218.21111377540058 1.0910903186197782 39627812545499821 11 271-272-273-274-275-276-277-278-279-281-472 0.7822842385653419 1.0 10 1.3485588972509623 1.0 [-1,-1] 1.0 1.0 1.0 0.0007324854237337303 0.12404708914385561 88.90890968138022 -218.21111377540058 2817.9962983929904 2817.9962983929904 -294.9743042026206 2263.7092498953407 1652.1845325371655
218.2088003436357 1.0922125502644433 39627812545499777 11 271-272-273-274-275-276-277-278-279-281-472 0.45906131696014824 1.0 10 1.3471703102071444 1.0 [-1,-1] 1.0 1.0 1.0 0.0005635091211985168 0.1554616369400361 88.90778744973555 -218.2088003436357 1807.1562342198936 1807.1562342198936 -192.36583023987416 1450.0756964109632 1061.1736506878651
217.999433951833 1.5023768601388219 39627824620902007 11 271-272-273-274-275-276-277-278-279-281-472 0.8828680438686641 1.0 10 0.9289986808101411 1.0 [-1,-1] 1.0 1.0 1.0 0.0005690156306133545 0.15418916366201427 88.49762313986118 -217.999433951833 3094.217374806658 3094.217374806658 -526.2053288622683 1481.6421685458934 2664.962588634028
216.8294525557514 2.969196828547634 39627860842907303 11 271-272-273-274-275-276-277-278-279-281-472 0.5595938192629247 1.0 10 1.3330991513446566 1.0 [-1,-1] 1.0 1.0 1.0 0.000677088223595666 0.13284793461577618 87.03080317145236 -216.8294525557514 2143.0762051758447 2143.0762051758447 1719.7227464319953 -102.54703949938306 1274.6816862594387
217.92697022265673 1.3259141533098147 39627818581102903 11 271-272-273-274-275-276-277-278-279-281-472 0.8828029890320191 1.0 10 1.1109118589823979 1.0 [-1,-1] 1.0 1.0 1.0 0.0005690156306133545 0.15418916366201427 88.67408584669019 -217.92697022265673 3094.0440635519253 3094.0440635519253 -810.3101772470338 1845.556149917476 2347.430207983312
218.53495984025537 2.111158167241482 39627836713075423 11 271-272-273-274-275-276-277-278-279-281-472 0.9890677915189131 1.0 10 0.5800658514543212 1.0 [-1,-1] 1.0 1.0 1.0 0.0003578035202613049 0.22475091060875194 87.88884183275852 -218.53495984025537 3368.3781259276816 3368.3781259276816 -49.2122954540532 -250.1236482075113 3358.7181349156986
218.01900932933796 1.441005356428032 39627824625090977 11 271-272-273-274-275-276-277-278-279-281-472 0.7446903192846321 1.0 10 0.9894795132866444 1.0 [-1,-1] 1.0 1.0 1.0 0.0007126833197713517 0.12705585074725267 88.55899464357196 -218.01900932933796 2710.37263187523 2710.37263187523 -479.882114071495 1439.984535011012 2245.5016141480846
218.13041311075108 1.0895450896103316 39627812545498045 11 271-272-273-274-275-276-277-278-279-281-472 0.983309297066366 1.0 10 1.3428623316276926 1.0 [-1,-1] 1.0 1.0 1.0 0.0003578035202613049 0.22475091060875194 88.91045491038967 -218.13041311075108 3353.95029371516 3353.95029371516 -567.7576850953282 2660.1422126356724 1962.2123208972546
217.82487349485686 1.610502948120833 39627824620897928 11 271-272-273-274-275-276-277-278-279-281-472 0.9171975363660317 1.0 10 0.8498196925573148 1.0 [-1,-1] 1.0 1.0 1.0 0.0004951280553168204 0.17321314004730964 88.38949705187916 -217.82487349485686 3184.7406178953456 3184.7406178953456 -647.5576833138929 1142.0380607680183 2901.5497441558355
217.96408401452607 1.193654707612592 39627818581103819 11 271-272-273-274-275-276-277-278-279-281-472 0.963016990036082 1.0 10 1.2393238368863033 1.0 [-1,-1] 1.0 1.0 1.0 0.00041974738576830407 0.19815580287489248 88.8063452923874 -217.96408401452607 3302.7158490164484 3302.7158490164484 -905.8812724908321 2290.575777695986 2200.1303838925683
218.13892306657422 1.0900409888216214 39627812545498219 11 271-272-273-274-275-276-277-278-279-281-472 0.9203748546697851 1.0 10 1.3429034378131235 1.0 [-1,-1] 1.0 1.0 1.0 0.0004951280553168204 0.17321314004730964 88.90995901117837 -218.13892306657422 3193.0255451165267 3193.0255451165267 -518.759754901909 2536.10695609521 1869.3480028358263
217.06961974754626 2.7980674936517063 39627854807303572 11 271-272-273-274-275-276-277-278-279-281-472 0.5494453560923744 1.0 10 1.0462392230030997 1.0 [-1,-1] 1.0 1.0 1.0 0.0007045118177349687 0.128340413101622 87.2019325063483 -217.06961974754626 2110.086271569184 2110.086271569184 1392.7591421603581 -430.41378416959253 1525.5916949794582
217.96493575456333 1.313217009729787 39627818581103838 11 271-272-273-274-275-276-277-278-279-281-472 0.48644813006947624 1.0 10 1.120014386192763 1.0 [-1,-1] 1.0 1.0 1.0 0.00048380039118235755 0.17655271186088778 88.68678299027022 -217.96493575456333 1900.697262780161 1900.697262780161 -461.07135181906517 1168.7567340537814 1426.2086067177113
218.27160624413676 1.4728994263341082 39627824629285454 11 271-272-273-274-275-276-277-278-279-281-472 0.5281260268622495 1.0 10 0.9823913398244412 1.0 [-1,-1] 1.0 1.0 1.0 0.0006865842838717192 0.13125169390769817 88.52710057366589 -218.27160624413676 2040.1176165135164 2040.1176165135164 -75.1034888390469 1085.4157791527807 1725.7786478975675
219.15862170157612 1.6688342485527752 39627830681668941 11 271-272-273-274-275-276-277-278-279-281-472 1.0303033205660341 1.0 10 1.34418205918675 1.0 [-1,-1] 1.0 1.0 1.0 0.00017111768859933566 0.3774092623312036 88.33116575144723 -219.15862170157612 3470.279295850373 3470.279295850373 907.6473076319533 850.429643119659 3239.7197684768344
218.164481730194 1.655500928007726 39627830664892437 11 271-272-273-274-275-276-277-278-279-281-472 0.8657897610674824 1.0 10 0.7829035871071856 1.0 [-1,-1] 1.0 1.0 1.0 0.0006812235016579503 0.1321480675826358 88.34449907199227 -218.164481730194 3048.4869152832102 3048.4869152832102 -198.16944902521217 1112.9717916981197 2831.129656693643
218.1488251185857 1.6709610415112812 39627830664892035 11 271-272-273-274-275-276-277-278-279-281-472 0.8397192747594449 1.0 10 0.7654370635994149 1.0 [-1,-1] 1.0 1.0 1.0 0.0006232532477076302 0.14268566385842998 88.32903895848872 -218.1488251185857 2977.7682325646983 2977.7682325646983 -202.39142309428655 1041.891738041739 2782.1939121725
217.73226127464798 1.2219526571009947 39627818576909730 11 271-272-273-274-275-276-277-278-279-281-472 0.5178445545250568 1.0 10 1.2490916815418236 1.0 [-1,-1] 1.0 1.0 1.0 0.0006865842838717192 0.13125169390769817 88.778047342899 -217.73226127464798 2006.049984765262 2006.049984765262 -833.2033883339394 1196.1315239305823 1378.142965190859
218.1658355505622 1.8041215154016712 39627830664892475 11 271-272-273-274-275-276-277-278-279-281-472 0.8833221908425559 1.0 10 0.6364929753389479 1.0 [-1,-1] 1.0 1.0 1.0 0.0005690156306133545 0.15418916366201427 88.19587848459832 -218.1658355505622 3095.427070516071 3095.427070516071 -123.43765567639471 698.7382783797616 3013.004598796973
217.74868238658956 1.2056588755963875 39627818576910155 11 271-272-273-274-275-276-277-278-279-281-472 0.6253000601609746 1.0 10 1.2608364958635483 1.0 [-1,-1] 1.0 1.0 1.0 0.0007214233604467519 0.12571007283523317 88.79434112440362 -217.74868238658956 2351.813658143934 2351.813658143934 -968.219894596882 1439.8041998357662 1587.6213605499406
218.0131285800781 1.6007825880817366 39627824625090856 11 271-272-273-274-275-276-277-278-279-281-472 0.8354108027282634 1.0 10 0.8300357297342776 1.0 [-1,-1] 1.0 1.0 1.0 0.0006232532477076302 0.14268566385842998 88.39921741191826 -218.0131285800781 2965.974011814447 2965.974011814447 -401.807318818936 1182.475504332802 2690.2238566623237
218.54632487183108 2.1105271095229003 39627836713075605 11 271-272-273-274-275-276-277-278-279-281-472 0.6714016942395646 1.0 10 0.5899272055220106 1.0 [-1,-1] 1.0 1.0 1.0 0.0007209928471550773 0.12577569469930108 87.8894728904771 -218.54632487183108 2493.3647579974845 2493.3647579974845 -38.20972366175122 -183.18641913014764 2486.332755141158
218.38492437863664 3.07422056170193 39627860868074191 11 271-272-273-274-275-276-277-278-279-281-472 0.8602598252194341 1.0 10 0.7259026609777274 1.0 [-1,-1] 1.0 1.0 1.0 0.0006812235016579503 0.1321480675826358 86.92577943829806 -218.38492437863664 3033.5788092902735 3033.5788092902735 -115.607914263866 -2611.7920119884593 1538.7584893178746
217.95158116520182 1.6630662860229453 39627830660698520 11 271-272-273-274-275-276-277-278-279-281-472 0.5543342043279536 1.0 10 0.7732147767075153 1.0 [-1,-1] 1.0 1.0 1.0 0.000677088223595666 0.13284793461577618 88.33693371397706 -217.95158116520182 2126.003986449519 2126.003986449519 -293.41139133643287 715.6150553284116 1980.3276997559215
217.42988534581895 3.200403996829305 39627866886900840 11 271-272-273-274-275-276-277-278-279-281-472 0.6606057910025039 1.0 10 0.9884993959319538 1.0 [-1,-1] 1.0 1.0 1.0 0.000700708733790897 0.12894715825466588 86.79959600317069 -217.42988534581895 2460.572369855555 2460.572369855555 1785.9805824810455 -1386.0861205376343 971.3161240040121
218.08161327767812 1.6825834918058122 39627830664890336 11 271-272-273-274-275-276-277-278-279-281-472 0.5547037500000973 1.0 10 0.7480839091569069 1.0 [-1,-1] 1.0 1.0 1.0 0.000677088223595666 0.13284793461577618 88.31741650819419 -218.08161327767812 2127.2052791512683 2127.2052791512683 -188.3108676769808 710.5197676642691 1996.1720808893408
218.29141021116862 1.5004970249146738 39627824629285898 11 271-272-273-274-275-276-277-278-279-281-472 0.5234244899770659 1.0 10 0.9603045618948552 1.0 [-1,-1] 1.0 1.0 1.0 0.0006865842838717192 0.13125169390769817 88.49950297508532 -218.29141021116862 2024.5654046669179 2024.5654046669179 -50.83790532399516 1030.7945876868935 1741.7643649907977
217.9602142706527 1.3113626858957579 39627818581103715 11 271-272-273-274-275-276-277-278-279-281-472 0.9744463654242039 1.0 10 1.1222308455270098 1.0 [-1,-1] 1.0 1.0 1.0 0.0003578035202613049 0.22475091060875194 88.68863731410424 -217.9602142706527 3331.6484354374284 3331.6484354374284 -819.5754388476006 2049.1241378611717 2495.8500886521883
217.8563811324579 1.5749395041923513 39627824620898713 11 271-272-273-274-275-276-277-278-279-281-472 0.5783064332612118 1.0 10 0.8766813829953748 1.0 [-1,-1] 1.0 1.0 1.0 0.0006621615122706149 0.13543705131792066 88.42506049580764 -217.8563811324579 2203.3751367240156 2203.3751367240156 -455.86746330849036 866.5047957081023 1973.8835548342552
218.57888758638458 1.5576537096623129 39627824633481060 11 271-272-273-274-275-276-277-278-279-281-472 0.8427122663389729 1.0 10 1.0199833894966752 1.0 [-1,-1] 1.0 1.0 1.0 0.0006232532477076302 0.14268566385842998 88.44234629033768 -218.57888758638458 2985.9434159281254 2985.9434159281254 323.9359985648177 1334.125180621174 2651.6096157599927
218.5451073782719 2.0960425158774747 39627836713075576 11 271-272-273-274-275-276-277-278-279-281-472 0.9829560119957431 1.0 10 0.5968886044583512 1.0 [-1,-1] 1.0 1.0 1.0 0.0003578035202613049 0.22475091060875194 87.90395748412253 -218.5451073782719 3353.0635481780446 3353.0635481780446 -41.247933568094155 -198.96387544475326 3346.9011252746477
218.11331482397645 0.9640393943423752 39627812545497651 11 271-272-273-274-275-276-277-278-279-281-472 0.46249239837719214 1.0 10 1.4673259792886026 1.0 [-1,-1] 1.0 1.0 1.0 0.0005635091211985168 0.1554616369400361 89.03596060565762 -218.11331482397645 1818.9598486058549 1818.9598486058549 -359.94786532831995 1555.685519452424 871.1458142308103
217.8821765039849 2.001246804131325 39627836700494885 11 271-272-273-274-275-276-277-278-279-281-472 0.5415410841791727 1.0 10 0.4603822340516841 1.0 [-1,-1] 1.0 1.0 1.0 0.0007045118177349687 0.128340413101622 87.99875319586867 -217.8821765039849 2084.2504410387633 2084.2504410387633 -31.506161845200715 63.8295953776914 2083.0345761628596
217.9540493750508 1.632442194684966 39627830660698579 11 271-272-273-274-275-276-277-278-279-281-472 0.7480300240637492 1.0 10 0.8033014753015071 1.0 [-1,-1] 1.0 1.0 1.0 0.0007126833197713517 0.12705585074725267 88.36755780531503 -217.9540493750508 2720.0331161147305 2720.0331161147305 -402.2111588175921 987.911826097615 2502.166373433209
217.51585281137804 3.3010705489415724 39627866886903290 11 271-272-273-274-275-276-277-278-279-281-472 0.9723518762074727 1.0 10 1.021449231414646 1.0 [-1,-1] 1.0 1.0 1.0 0.0003578035202613049 0.22475091060875194 86.69892945105843 -217.51585281137804 3326.3610015220493 3326.3610015220493 2330.153805095798 -2153.243822286065 999.3006548738182
217.88980935030958 2.9805048870704915 39627860859686225 11 271-272-273-274-275-276-277-278-279-281-472 0.561788707122851 1.0 10 0.5732881585224603 1.0 [-1,-1] 1.0 1.0 1.0 0.000677088223595666 0.13284793461577618 87.0194951129295 -217.88980935030958 2150.1844923407502 2150.1844923407502 759.4574118570123 -1568.6700245423588 1259.2823927858174
