data_rosette/LRG_5_clustering_data.ecsv
# %ECSV 1.0
# ---
# datatype:
# - {name: RA, unit: deg, datatype: float64}
# - {name: DEC, unit: deg, datatype: float64}
# - {name: TARGETID, datatype: int64}
# - {name: NTILE, datatype: int64}
# - {name: TILES, datatype: string}
# - {name: Z, datatype: float64}
# - {name: COMP_TILE, datatype: float64}
# - {name: ROSETTE_NUMBER, datatype: int32}
# - {name: ROSETTE_R, unit: deg, datatype: float64}
# - {name: FRACZ_TILELOCID, datatype: float64}
# - {name: BITWEIGHTS, datatype: string, subtype: 'int64[2]'}
# - {name: PROB_OBS, datatype: float64}
# - {name: WEIGHT_ZFAIL, datatype: float64}
# - {name: WEIGHT, datatype: float64}
# - {name: NZ, unit: h3 / Mpc3, datatype: float64}
# - {name: WEIGHT_FKP, datatype: float64}
# - {name: theta, unit: deg, datatype: float64}
# - {name: phi, unit: deg, datatype: float64}
# - {name: rho, unit: Mpc, datatype: float64}
# - {name: r, unit: Mpc, datatype: float64}
# - {name: x, unit: Mpc, datatype: float64}
# - {name: y, unit: Mpc, datatype: float64}
# - {name: z, unit: Mpc, datatype: float64}
# meta: !!omap
# - {EXTNAME: LSS}
# - {DESIDR: edr}
# - comments: ['Visit https://desidatamodel.readthedocs.io/en/latest/ for a more complet', e description]
# schema: astropy-2.0
RA DEC TARGETID NTILE TILES Z COMP_TILE ROSETTE_NUMBER ROSETTE_R FRACZ_TILELOCID BITWEIGHTS PROB_OBS WEIGHT_ZFAIL WEIGHT NZ WEIGHT_FKP theta phi rho r x y z
[from data line 4973]
209.7229286594145 5.080325953107411 39627908955769624 8 138-140-141-142-143-144-145-457 0.8612362523013496 1.0 5 0.28745129626801935 1.0 [-1,-1] 1.0 1.0 1.0 0.0006812235016579503 0.1321480675826358 84.9196740468926 150.2770713405855 3036.2147475764327 3036.2147475764327 -254.41493927051502 145.4575701615581 -3022.038240552111
209.42897702220827 4.63965372913477 39627902928553932 8 138-140-141-142-143-144-145-457 1.012157623535678 1.0 5 0.6735084222278888 1.0 [-1,-1] 1.0 1.0 1.0 0.00020304675497218746 0.33812883710054276 85.36034627086524 150.57102297779173 3425.7411455259976 3425.7411455259976 -1709.1239382363387 391.93978743590714 -2942.9544615780205
209.7218851457801 5.082597072558313 39627908955769604 8 138-140-141-142-143-144-145-457 0.8616023640549857 1.0 5 0.2890897247824994 1.0 [-1,-1] 1.0 1.0 1.0 0.0006812235016579503 0.1321480675826358 84.91740292744169 150.2781148542199 3037.2026957211665 3037.2026957211665 -248.68495207934998 141.8374157928186 -3023.679572472326
211.42131626714 4.44822628840719 39627896939087449 7 138-140-141-142-143-144-146 0.5483009850289239 1.0 5 1.520156364051745 1.0 [-1,-1] 1.0 1.0 1.0 0.0007045118177349687 0.128340413101622 85.55177371159282 148.57868373286 2106.353458855794 2106.353458855794 845.5255092800097 1119.2637543369558 -1571.3243315808772
208.89817744075515 4.248971563583007 39627890869930019 7 138-140-141-142-143-144-146 0.7936242882497423 1.0 5 1.330468818036197 0.5 [-1156880441611842600,-612754706678157348] 0.65625 1.0 1.5176470588235293 0.0007229154976227362 0.12548315978664992 85.75102843641699 151.10182255924485 2849.9824264785784 2849.9824264785784 -2175.693131757879 -685.8560349689393 -1708.3210257311132
209.37144786229442 4.592636662102443 39627896905532235 7 138-140-141-142-143-144-146 0.8198071983426978 1.0 5 0.7471672293146624 1.0 [-1,-1] 1.0 1.0 1.0 0.0006627118749498285 0.13533979738261318 85.40736333789755 150.62855213770558 2923.0029526119215 2923.0029526119215 -1589.8503378357213 269.4650326594569 -2437.972674259392
210.3935156886593 4.082791423808899 39627884863686435 7 138-140-141-142-143-144-146 0.915652801640421 1.0 5 0.9975730433217356 1.0 [-1,-1] 1.0 1.0 1.0 0.0004951280553168204 0.17321314004730964 85.9172085761911 149.6064843113407 3180.707022014245 3180.707022014245 -1050.505837754712 2623.776988088642 -1459.153508548874
209.35371924985105 4.549045930901851 39627896905531845 8 138-140-141-142-143-144-146-457 0.984689861443379 1.0 5 0.7862203738409671 1.0 [-1,-1] 1.0 1.0 1.0 0.0003578035202613049 0.22475091060875194 85.45095406909815 150.64628075014895 3357.4137407916205 3357.4137407916205 -1950.246167474138 295.08326495022317 -2716.927084015163
210.70623756695358 4.108362389010666 39627884867882613 7 138-140-141-142-143-144-457 0.8312071820459004 1.0 5 1.136060879236546 1.0 [-1,-1] 1.0 1.0 1.0 0.0006232532477076302 0.14268566385842998 85.89163761098933 149.29376243304642 2954.4372999862885 2954.4372999862885 -176.25147829524866 2583.691910276527 -1422.0306919052916
210.70673291846998 4.109477959280103 39627884867882625 7 138-140-141-142-143-144-457 0.8321661296325108 1.0 5 1.1354914982695026 1.0 [-1,-1] 1.0 1.0 1.0 0.0006232532477076302 0.14268566385842998 85.8905220407199 149.29326708153002 2957.0716743707244 2957.0716743707244 -175.0202502404341 2584.496999938426 -1426.1893481164175
211.41529130052473 5.161291865928207 39627915008149190 7 138-140-141-142-143-144-457 1.000327065415096 1.0 5 1.4189268828640558 1.0 [-1,-1] 1.0 1.0 1.0 0.0002622817504223413 0.28340640119267335 84.8387081340718 148.58470869947527 3396.4472195929175 3396.4472195929175 31.897136262513314 42.75700609690304 -3396.0282870742317
209.5140867619485 3.793118595823657 39627878815503753 7 138-140-141-142-143-145-146 0.6266622025909099 1.0 5 1.300491452345996 1.0 [-1,-1] 1.0 1.0 1.0 0.0007214233604467519 0.12571007283523317 86.20688140417634 150.4859132380515 2356.053234156763 2356.053234156763 -2204.2892200424953 707.3928862714739 -437.8255143747384
210.72927776309703 5.003481231565947 39627908972546905 8 138-140-141-142-143-145-146-457 0.7719877182206742 1.0 5 0.7265090129628721 1.0 [-1,-1] 1.0 1.0 1.0 0.0007324854237337303 0.12404708914385561 84.99651876843406 149.27072223690297 2788.76284270019 2788.76284270019 -21.693239575545686 480.9845849156015 -2746.885768512322
208.83831600507108 5.084233882490483 39627908943184068 8 138-140-141-142-143-145-146-457 0.6269645586422982 1.0 5 1.160250158812853 1.0 [-1,-1] 1.0 1.0 1.0 0.0007214233604467519 0.12571007283523317 84.91576611750952 151.16168399492892 2356.9938199694357 2356.9938199694357 -203.9305093111258 -77.98165157519348 -2346.8598332162537
209.24707741001257 5.088798658044422 39627908947381250 7 138-140-141-142-143-145-457 0.6868699589519713 1.0 5 0.7552447602110763 1.0 [-1,-1] 1.0 1.0 1.0 0.0007209928471550773 0.12577569469930108 84.91120134195558 150.75292258998743 2539.9752689115517 2539.9752689115517 -223.5228128342621 9.73492985463189 -2530.1022014862747
211.19417427228439 4.226093512317242 39627890907679818 7 138-140-141-142-143-146-457 1.0979319229191247 1.0 5 1.419766523546874 1.0 [-1,-1] 1.0 1.0 1.0 4.689797466212482e-05 0.6886505109163528 85.77390648768275 148.80582572771561 3632.185630704093 3632.185630704093 1205.0259880165174 2699.6544718990212 -2110.1067642310713
210.12896458670576 5.73821218353366 39627927020634235 7 138-140-141-142-144-145-146 0.8802800214501443 1.0 5 0.7492951594776214 1.0 [-1,-1] 1.0 1.0 1.0 0.0005690156306133545 0.15418916366201427 84.26178781646634 149.87103541329424 3087.317469749884 3087.317469749884 988.3423527788739 -1312.6324571645152 -2613.7529694147825
211.31968297339318 5.108828693785357 39627908980938329 8 138-140-141-142-144-145-146-457 0.9221564667707141 1.0 5 1.3190480749902744 1.0 [-1,-1] 1.0 1.0 1.0 0.0004951280553168204 0.17321314004730964 84.89117130621464 148.68031702660682 3197.6642859472468 3197.6642859472468 112.98138829362077 186.22173098759845 -3190.237226042876
211.39037238983352 4.367842724052218 39627890911873017 6 138-140-141-142-144-146 0.6799365579507147 1.0 5 1.5231044746098708 1.0 [-1,-1] 1.0 1.0 1.0 0.0007209928471550773 0.12577569469930108 85.63215727594778 148.60962761016648 2519.137126445737 2519.137126445737 1053.3830961079254 1487.991723477239 -1738.4811030133756
211.4906375881477 4.840724278623309 39627902962110013 7 138-140-141-142-144-146-457 0.7020468964537148 1.0 5 1.493660032884752 1.0 [-1,-1] 1.0 1.0 1.0 0.0005843703162771602 0.15074849413407446 85.15927572137669 148.5093624118523 2585.2833828478165 2585.2833828478165 560.1181535761335 643.4272869017958 -2440.4833845231783
211.38963387625626 5.561080074127867 39627921026973948 6 138-140-141-142-145-146 0.42366789921742387 1.0 5 1.4931578878644227 1.0 [-1,-1] 1.0 1.0 1.0 0.0006262316776515472 0.14210347001521706 84.43891992587213 148.61036612374374 1683.9688843171832 1683.9688843171832 -364.205623105156 -515.277417786058 -1561.2798116182687
210.86914849041744 3.7082437090583498 39627878840665742 4 138-140-141-143 1.014369906983673 1.0 5 1.5555278108605413 1.0 [-1,-1] 1.0 1.0 1.0 0.00020304675497218746 0.33812883710054276 86.29175629094165 149.13085150958256 3431.1965051182056 3431.1965051182056 323.0993828359617 3398.0220092147083 -349.51776841649206
210.18729380638175 3.4816926890592503 39627872796674612 7 138-140-141-143-144-145-146 0.6276230402626608 1.0 5 1.5297523186217634 1.0 [-1,-1] 1.0 1.0 1.0 0.0007214233604467519 0.12571007283523317 86.51830731094076 149.81270619361825 2359.041661488081 2359.041661488081 -1296.5850470851478 1948.8757377787729 292.9643920494315
210.9257103864807 4.3765792471933285 39627896930699208 7 138-140-141-143-144-145-146 0.7640085055334844 1.0 5 1.1134898337660644 1.0 [-1,-1] 1.0 1.0 1.0 0.0006416626200019751 0.139161677870846 85.62342075280667 149.0742896135193 2765.9828831621007 2765.9828831621007 299.30683755820735 1962.307042759056 -1926.2470757602307
208.79331548055785 4.140647212026774 39627890869928032 7 138-140-141-143-144-145-146 0.8377232601947742 1.0 5 1.478276561628908 1.0 [-1,-1] 1.0 1.0 1.0 0.0006232532477076302 0.14268566385842998 85.85935278797322 151.20668451944215 2972.308046851972 2972.308046851972 -2345.591561852154 -1020.128682589513 -1513.9857401267498
208.78402329397943 4.144869875231955 39627890865738054 7 138-140-141-143-144-145-146 0.838364183928145 1.0 5 1.4833819377128843 1.0 [-1,-1] 1.0 1.0 1.0 0.0006232532477076302 0.14268566385842998 85.85513012476804 151.21597670602057 2974.0620367558786 2974.0620367558786 -2331.526794537344 -1039.8799173355442 -1525.6728228388827
211.22935806736282 4.300523816243702 39627890907680512 8 138-140-141-143-144-145-146-457 0.9153118815584256 1.0 5 1.4108986708028295 1.0 [-1,-1] 1.0 1.0 1.0 0.0004951280553168204 0.17321314004730964 85.6994761837563 148.77064193263718 3179.8163149088277 3179.8163149088277 1073.912162850639 2195.025931884373 -2034.6512284411199
209.73490161255896 5.083960756432454 39627908955769880 7 138-140-141-143-144-145-457 0.5429977112721853 1.0 5 0.2770987862854584 1.0 [-1,-1] 1.0 1.0 1.0 0.0007045118177349687 0.128340413101622 84.91603924356755 150.26509838744104 2089.020877120778 2089.020877120778 -167.3186845830437 98.33830030300753 -2079.9861205136394
209.7288841586589 5.077612978869083 39627908955769735 7 138-140-141-143-144-145-457 0.91488002270474 1.0 5 0.2809991803824121 1.0 [-1,-1] 1.0 1.0 1.0 0.0004951280553168204 0.17321314004730964 84.92238702113092 150.2711158413411 3178.6877563061935 3178.6877563061935 -272.86664282068864 158.1706764748757 -3163.0020051258502
208.79378837490185 4.159582633259516 39627890869928043 6 138-140-141-143-144-146 0.8383651408780204 1.0 5 1.4669508921922365 1.0 [-1,-1] 1.0 1.0 1.0 0.0006232532477076302 0.14268566385842998 85.84041736674048 151.20621162509815 2974.064655095956 2974.064655095956 -2320.730751367171 -1008.0116122131227 -1563.068118155218
208.7951116672927 4.158231550395816 39627890869928075 6 138-140-141-143-144-146 0.8326030793702994 1.0 5 1.4666458821285064 1.0 [-1,-1] 1.0 1.0 1.0 0.0006232532477076302 0.14268566385842998 85.84176844960419 151.2048883327073 2958.2715371552445 2958.2715371552445 -2311.6575258561047 -1000.4366228657943 -1551.3660220349582
210.98257291249777 3.7437387501214907 39627878840668429 6 138-140-141-143-144-146 0.4271025624663125 1.0 5 1.5931077887267149 1.0 [-1,-1] 1.0 1.0 1.0 0.0006262316776515472 0.14210347001521706 86.2562612498785 149.01742708750223 1696.0378130475299 1696.0378130475299 347.29835856928554 1643.732530850674 -232.53275133917336
211.03906160602475 3.7540731349478267 39627878840669719 6 138-140-141-143-144-146 0.5330742064068823 1.0 5 1.6203860593039183 1.0 [-1,-1] 1.0 1.0 1.0 0.0007045118177349687 0.128340413101622 86.24592686505217 148.96093839397525 2056.4379188214184 2056.4379188214184 532.1583078320742 1963.1472433256408 -302.98077561919314
208.8037972792759 4.1549552825336935 39627890869928235 6 138-140-141-143-144-146 1.0612551299046218 1.0 5 1.461458610677037 1.0 [-1,-1] 1.0 1.0 1.0 0.0001568149373683449 0.39812733398474315 85.84504471746631 151.1962027207241 3545.169147911625 3545.169147911625 -2786.1766146562686 -1177.173173041328 -1849.245110827329
211.16214593615234 3.9092630881844364 39627884876270570 6 138-140-141-143-144-146 0.9042885189384436 1.0 5 1.5912577190714892 1.0 [-1,-1] 1.0 1.0 1.0 0.0005275616701708153 0.16431404058018498 86.09073691181557 148.83785406384766 3150.918309086786 3150.918309086786 1137.2188230801983 2784.012169494914 -940.3700224244923
208.90968069844797 4.227465328135157 39627890869930269 6 138-140-141-143-144-146 0.7966347026334475 1.0 5 1.3333775619121782 1.0 [-1,-1] 1.0 1.0 1.0 0.0007229154976227362 0.12548315978664992 85.77253467186485 151.09031930155203 2858.436925961461 2858.436925961461 -2224.675470027378 -673.2633499862011 -1663.7900030724518
210.96389412398338 3.6998125487084015 39627878840668012 6 138-140-141-143-144-146 0.4228441332651492 1.0 5 1.6168469154559004 1.0 [-1,-1] 1.0 1.0 1.0 0.0006262316776515472 0.14210347001521706 86.30018745129159 149.03610587601662 1681.0706077286266 1681.0706077286266 315.3475149925632 1643.734333107408 -157.13616745056947
210.98577640750625 3.7506727777606454 39627878840668512 6 138-140-141-143-144-146 0.4947514352243401 1.0 5 1.5896159270709798 1.0 [-1,-1] 1.0 1.0 1.0 0.0005337442823398631 0.16272042362546515 86.24932722223936 149.01422359249375 1928.7541242847544 1928.7541242847544 400.54350675562165 1866.1594380902332 -277.6802527514416
211.38649881697418 5.117303412035368 39627908985127968 6 138-140-141-143-144-146 0.9201256523747378 1.0 5 1.3860704618082387 1.0 [-1,-1] 1.0 1.0 1.0 0.0004951280553168204 0.17321314004730964 84.88269658796463 148.61350118302582 3192.3763108547932 3192.3763108547932 109.44114481933431 155.87159457357703 -3186.690005622226
209.40777436136634 4.597718388956118 39627896905532897 7 138-140-141-143-144-146-457 0.9131000437484167 1.0 5 0.7142167528176077 1.0 [-1,-1] 1.0 1.0 1.0 0.0004951280553168204 0.17321314004730964 85.40228161104388 150.59222563863366 3174.033146283411 3174.033146283411 -1701.4265325616375 352.3808101799124 -2656.2119517497094
209.23932180891453 4.567504863382099 39627896901339853 7 138-140-141-143-144-146-457 0.8193462758263856 1.0 5 0.8727292029869226 1.0 [-1,-1] 1.0 1.0 1.0 0.0006627118749498285 0.13533979738261318 85.4324951366179 150.76067819108547 2921.7274551172072 2921.7274551172072 -1671.4795423285846 59.812965759328186 -2395.6355880412552
209.92370037391967 5.09900076286549 39627908959962773 7 138-140-141-143-144-146-457 0.5752724409114391 1.0 5 0.12481058854641106 1.0 [-1,-1] 1.0 1.0 1.0 0.0006621615122706149 0.13543705131792066 84.90099923713451 150.07629962608033 2193.645026513718 2193.645026513718 -128.4861882666448 112.72470191472615 -2186.975752803701
210.5464180495275 5.123297085191638 39627908968353822 6 138-140-141-143-145-146 0.7916057393755568 1.0 5 0.5580775939139737 1.0 [-2147483683,-1152926487037608961] 0.921875 1.0 1.084033613445378 0.0007229154976227362 0.12548315978664992 84.87670291480836 149.4535819504725 2844.3048760376314 2844.3048760376314 -34.49754269793657 148.7207367223556 -2840.204621126444
210.90246000443318 3.704735641632424 39627878840666548 5 138-140-141-143-146 0.806305017548584 1.0 5 1.5771550520487274 1.0 [-1,-1] 1.0 1.0 1.0 0.0007229154976227362 0.12548315978664992 86.29526435836758 149.09753999556682 2885.491393827936 2885.491393827936 366.86482683396537 2847.9633753795533 -283.85805463976163
210.0862113517146 3.437408591987466 39627872796672899 5 138-140-141-143-146 0.9074356729749341 1.0 5 1.5649548295452707 1.0 [-1,-1] 1.0 1.0 1.0 0.0005275616701708153 0.16431404058018498 86.56259140801254 149.9137886482854 3159.188027805279 3159.188027805279 -1977.8848196834101 2405.5716935058476 530.7216431403015
211.39839520800993 5.393604556316718 39627921026974156 4 138-140-141-144 0.7677913589990135 1.0 5 1.4471978868932909 1.0 [-1,-1] 1.0 1.0 1.0 0.0006416626200019751 0.139161677870846 84.60639544368328 148.60160479199007 2776.7963311605613 2776.7963311605613 -348.71202712443886 -484.29856404000935 -2711.9094173209955
209.95984941588836 3.463677937455114 39627872792480850 6 138-140-141-144-145-146 0.7077352970012932 1.0 5 1.536843737468814 1.0 [-1,-1] 1.0 1.0 1.0 0.0005843703162771602 0.15074849413407446 86.53632206254488 150.04015058411164 2602.1576171424003 2602.1576171424003 -1873.5718397434373 1767.5794081219688 369.6158299583464
210.38388932822542 3.501234283181662 39627872800868323 5 138-140-141-144-146 0.8911698068721623 0.8 5 1.5468844769690473 1.0 [-1,-1] 1.0 1.0 1.0 0.0005275616701708153 0.16431404058018498 86.49876571681834 149.61611067177458 3116.2786803746676 3116.2786803746676 -1179.5693470301037 2865.868323663886 326.5083777249878
