data_rosette/LRG_1_clustering_data.ecsv
# %ECSV 1.0
# ---
# datatype:
# - {name: RA, unit: deg, datatype: float64}
# - {name: DEC, unit: deg, datatype: float64}
# - {name: TARGETID, datatype: int64}
# - {name: NTILE, datatype: int64}
# - {name: TILES, datatype: string}
# - {name: Z, datatype: float64}
# - {name: COMP_TILE, datatype: float64}
# - {name: ROSETTE_NUMBER, datatype: int32}
# - {name: ROSETTE_R, unit: deg, datatype: float64}
# - {name: FRACZ_TILELOCID, datatype: float64}
# - {name: BITWEIGHTS, datatype: string, subtype: 'int64[2]'}
# - {name: PROB_OBS, datatype: float64}
# - {name: WEIGHT_ZFAIL, datatype: float64}
# - {name: WEIGHT, datatype: float64}
# - {name: NZ, unit: h3 / Mpc3, datatype: float64}
# - {name: WEIGHT_FKP, datatype: float64}
# - {name: distance, unit: Mpc, datatype: float64}
# - {name: x, unit: Mpc, datatype: float64}
# - {name: y, unit: Mpc, datatype: float64}
# - {name: z, unit: Mpc, datatype: float64}
# meta: !!omap
# - {EXTNAME: LSS}
# - {DESIDR: edr}
# - comments: ['Visit https://desidatamodel.readthedocs.io/en/latest/ for a more complet', e description]
# schema: astropy-2.0
RA DEC TARGETID NTILE TILES Z COMP_TILE ROSETTE_NUMBER ROSETTE_R FRACZ_TILELOCID BITWEIGHTS PROB_OBS WEIGHT_ZFAIL WEIGHT NZ WEIGHT_FKP distance x y z
[from data line 1933]
179.3790243723286 0.8387128718107044 39627805855583238 8 28-29-30-33-34-35-36-37 0.7690268204948342 1.0 1 0.8673327052142487 1.0 [-1,-1] 1.0 1.0 1.0 0.0006416626200019751 0.139161677870846 2780.322584538091 -2779.8614318324844 30.12951049768744 40.69774563769349
179.85563131690978 0.0703535492681848 39627787744577751 8 28-29-30-33-34-35-36-37 0.9422503622572256 1.0 1 0.2651357373832662 1.0 [-1,-1] 1.0 1.0 1.0 0.0004445766401596716 0.18918261239264766 3249.643493343512 -3249.6307276626517 8.188140654130441 3.9902397367650493
179.85636624604757 0.06406377312811141 39627787744577766 8 28-29-30-33-34-35-36-37 0.7782262613605031 1.0 1 0.2642494877020545 1.0 [-1,-1] 1.0 1.0 1.0 0.0007324854237337303 0.12404708914385561 2806.4968091023215 -2806.486236116171 7.035544351983366 3.138010145385815
179.79448829212026 -1.4505814408182673 39627751505789986 9 28-29-30-33-34-35-36-37-38 0.6983898932222963 1.0 1 1.463558721107836 1.0 [-1,-1] 1.0 1.0 1.0 0.0005843703162771602 0.15074849413407446 2574.4042671183984 -2573.562695612211 9.231038264938716 -65.17031719410214
179.99032074110045 -0.671581863048828 39627769625188244 9 28-29-30-33-34-35-36-37-38 0.9370218566775304 1.0 1 0.7767660539238286 1.0 [-1,-1] 1.0 1.0 1.0 0.0004445766401596716 0.18918261239264766 3236.177968970451 -3235.9556173592023 0.5466659633924945 -37.93139184713779
178.41027505612436 0.22088422035284777 39627793759211110 9 28-29-30-33-34-35-36-37-38 0.7578853821372252 1.0 1 1.2100530023286624 1.0 [-1,-1] 1.0 1.0 1.0 0.0006416626200019751 0.139161677870846 2748.4270430684583 -2747.3487746883593 76.24732607888873 10.595591263334292
180.17780964256053 0.440272580912679 39627799828369659 10 28-29-30-33-34-35-36-37-38-445 0.7249786788797854 1.0 1 0.7264278059407233 1.0 [-1,-1] 1.0 1.0 1.0 0.0006167714992318164 0.14396928707710532 2652.9536949912017 -2652.862596132559 -8.232823923557785 20.38564246065304
180.55588290145084 0.3063923379199801 39627793796957477 10 28-29-30-33-34-35-36-37-38-445 0.7920312462086063 1.0 1 1.0037826837693997 1.0 [-1,-1] 1.0 1.0 1.0 0.0007229154976227362 0.12548315978664992 2845.502270901411 -2845.327666979844 -27.60619789355974 15.216407657127286
180.9171303542757 -0.2187957946119132 39627781721558184 10 28-29-30-33-34-35-36-37-38-445 0.5126563504507937 1.0 1 1.335176219397634 1.0 [-1,-1] 1.0 1.0 1.0 0.0006865842838717192 0.13125169390769817 1988.7782221995963 -1988.5089441798648 -31.832670805932896 -7.594542871525467
178.42872531111755 0.36754666073776354 39627793759211479 10 28-29-30-33-34-35-36-37-38-445 0.7748721890101989 1.0 1 1.227581413166392 1.0 [-1,-1] 1.0 1.0 1.0 0.0007324854237337303 0.12404708914385561 2796.9706975217177 -2795.8614757244277 76.69269951042871 17.94216254951746
178.42760152138152 0.2703319299838467 39627793759211457 10 28-29-30-33-34-35-36-37-38-445 1.099702060969236 1.0 1 1.2031572404475044 1.0 [-1,-1] 1.0 1.0 1.0 4.689797466212482e-05 0.6886505109163528 3636.3388238585094 -3634.929100888597 99.78033905267144 17.15684564351011
178.824196852101 0.036888856922449566 39627787727799876 10 28-29-30-33-34-35-36-37-38-445 0.9656867996644489 1.0 1 0.776679617919403 1.0 [-1,-1] 1.0 1.0 1.0 0.00041974738576830407 0.19815580287489248 3309.49176558127 -3308.7942286207413 67.91140532089003 2.1307565902712153
179.7279008655297 1.305184041293366 39627817939374974 10 28-29-30-33-34-35-36-37-38-445 0.791056919930263 1.0 1 1.3114347804438542 1.0 [-1,-1] 1.0 1.0 1.0 0.0007229154976227362 0.12548315978664992 2842.7600190902576 -2841.990423790466 13.496787278385206 64.75178726870884
179.6982099282861 -0.9426755632852798 39627763581194734 10 28-29-30-33-34-35-36-37-38-445 0.733840779710171 1.0 1 0.947777155935979 1.0 [-1,-1] 1.0 1.0 1.0 0.0007126833197713517 0.12705585074725267 2678.853578251366 -2678.4538555696677 14.108164047574961 -44.07263324711042
180.0382055624111 -0.6334438016383405 39627769629377466 9 28-29-30-33-34-35-36-37-445 0.40524471826951886 0.8333333333333334 1 0.7702384962392778 1.0 [-1,-1] 1.0 1.0 1.0 0.0003379611466139912 0.2348475370676925 1618.8092789220168 -1618.7099881001056 -1.0793767912302508 -17.89667272757324
179.86447774587086 0.03242393671777201 39627787744577957 9 28-29-30-33-34-35-36-37-445 0.9364717792663465 0.8333333333333334 1 0.2664578433185821 1.0 [-1,-1] 1.0 1.0 1.0 0.0004445766401596716 0.18918261239264766 3234.7588652515387 -3234.749298559627 7.6511976579262395 1.8305643458798655
180.23492223419075 -0.4586844204291991 39627775669180341 9 28-29-30-33-34-35-36-37-445 0.5901477020446294 0.8333333333333334 1 0.7832681717881792 1.0 [-1,-1] 1.0 1.0 1.0 0.0007756247847600315 0.11796159141779075 2241.179138092777 -2241.08848313037 -9.18888735367964 -17.941687543266696
180.81797412120224 -0.523302320996521 39627775681758682 9 28-29-30-33-34-35-36-37-445 0.7127861915528919 0.8333333333333334 1 1.3256187342009123 1.0 [-1,-1] 1.0 1.0 1.0 0.0006167714992318164 0.14396928707710532 2617.0918822509484 -2616.716042415737 -37.3596702956306 -23.902479857494374
178.50268983519254 0.6591240696590235 39627805842997331 9 28-29-30-33-34-35-36-37-445 0.8154316072428467 0.8333333333333334 1 1.2800316476834805 1.0 [-1,-1] 1.0 1.0 1.0 0.0006627118749498285 0.13533979738261318 2910.8802020226917 -2909.693745955319 76.05631884245527 33.485693068894776
179.9855145845257 -1.1443253998930187 39627757545591814 8 28-29-30-33-34-35-36-38 0.8312143974579711 1.0 1 1.2075108090191784 1.0 [-1,-1] 1.0 1.0 1.0 0.0006232532477076302 0.14268566385842998 2954.457127497599 -2953.867800083451 0.7467915371018959 -59.003221555420566
179.74879165475923 0.8601452321356764 39627805859780469 8 28-29-30-33-34-35-36-38 0.9988131370347642 1.0 1 0.872918732589807 1.0 [-1,-1] 1.0 1.0 1.0 0.0002622817504223413 0.28340640119267335 3392.683837579055 -3392.2689330601543 14.873202406676647 50.93029957928196
179.63789298558038 -0.5063574625975125 39627775660788899 9 28-29-30-33-34-35-36-38-445 0.6959974349359628 0.75 1 0.5077732967593226 1.0 [-1,-1] 1.0 1.0 1.0 0.0005843703162771602 0.15074849413407446 2567.273901457047 -2567.122377165317 16.224325841167296 -22.68825710755145
179.02079739603096 -0.353158765359142 39627781692195316 9 28-29-30-33-34-35-36-38-445 0.7508201454047 0.75 1 0.6783749121732262 1.0 [-1,-1] 1.0 1.0 1.0 0.0006416626200019751 0.139161677870846 2728.0888701972967 -2727.6386562493744 46.620727855991355 -16.81524197412619
180.3958334934992 -0.648344230859262 39627769633574185 9 28-29-30-33-34-35-36-38-445 0.6813831542926366 0.75 1 1.026486316420475 1.0 [-1,-1] 1.0 1.0 1.0 0.0007209928471550773 0.12577569469930108 2523.492095010256 -2523.270317759758 -17.43253698815172 -28.554574869473644
180.34262719903694 -0.6098399235555293 39627775673370585 8 28-29-30-33-34-35-36-445 0.683033331068239 1.0 1 0.9609261483964877 1.0 [-1,-1] 1.0 1.0 1.0 0.0007209928471550773 0.12577569469930108 2528.4552606273496 -2528.2668331474147 -15.119146937621403 -26.911647975221666
178.62188366305924 -0.6470758942035915 39627769604213365 8 28-29-30-33-34-35-36-445 0.7241112230432152 1.0 1 1.1727651536255401 1.0 [-1,-1] 1.0 1.0 1.0 0.0006167714992318164 0.14396928707710532 2650.411015574558 -2649.4754069843248 63.73924333931227 -29.93205844471188
179.8846289850714 0.06148688418297457 39627787744578470 8 28-29-30-33-34-35-37-38 0.5755965773286352 1.0 1 0.29119454831760644 1.0 [-1,-1] 1.0 1.0 1.0 0.0006621615122706149 0.13543705131792066 2194.68539899778 -2194.679685962389 4.419221924837056 2.355223058166664
179.88396298849304 0.0609872564730631 39627787744578453 8 28-29-30-33-34-35-37-38 0.5737552068526466 1.0 1 0.290438278868905 1.0 [-1,-1] 1.0 1.0 1.0 0.0006621615122706149 0.13543705131792066 2188.7724715695526 -2188.7667429477715 4.4327575456817545 2.329791199494919
178.31908279615715 0.3380222538207757 39627793759209017 9 28-29-30-33-34-35-37-38-445 0.9253466482567334 1.0 1 1.3247599370892682 1.0 [-1,-1] 1.0 1.0 1.0 0.0004951280553168204 0.17321314004730964 3205.9582092300916 -3204.5228701295423 94.03979808679794 18.913765419179207
179.25654603319276 0.9921801592084416 39627811895378090 9 28-29-30-33-34-35-37-38-445 0.5824162135841154 1.0 1 1.0499382383506022 1.0 [-1,-1] 1.0 1.0 1.0 0.0006621615122706149 0.13543705131792066 2216.526735601599 -2216.007839903332 28.755910157387998 38.381255251357544
179.03728441191484 0.5790907451948263 39627799811588855 9 28-29-30-33-34-35-37-38-445 0.7500600870819647 1.0 1 0.8074553498308463 1.0 [-1,-1] 1.0 1.0 1.0 0.0006416626200019751 0.139161677870846 2725.895749541578 -2725.3717557214054 45.79752367499535 27.55026878457764
180.75979363668296 0.3828157996663878 39627799840948511 9 28-29-30-33-34-35-37-38-445 0.5020032795591974 1.0 1 1.2213309132586265 1.0 [-1,-1] 1.0 1.0 1.0 0.0005337442823398631 0.16272042362546515 1953.143338439951 -1952.9280181850268 -25.89910246961251 13.0496272562967
180.43580427175763 1.0063966346136954 39627811912158427 9 28-29-30-33-34-35-37-38-445 0.5151275064281771 1.0 1 1.3081785512402981 1.0 [-1,-1] 1.0 1.0 1.0 0.0006865842838717192 0.13125169390769817 1997.011573034987 -1996.6457560868275 -15.187218642091644 35.07557449352544
179.84984791324405 0.058826423875070775 39627787744577643 8 28-29-30-33-34-35-37-445 0.9378600344485523 1.0 1 0.25667977318826996 1.0 [-1,-1] 1.0 1.0 1.0 0.0004445766401596716 0.18918261239264766 3238.339430423857 -3238.326603469731 8.486534512308582 3.3248503840136876
179.86193734517275 0.05438979893806709 39627787744577909 8 28-29-30-33-34-35-37-445 0.9416105422868186 1.0 1 0.26752458282393465 1.0 [-1,-1] 1.0 1.0 1.0 0.0004445766401596716 0.18918261239264766 3247.9979397420548 -3247.9870467168926 7.826520316864631 3.0832624996644586
179.36891355581875 -0.15976985535313887 39627781696391586 7 28-29-30-33-34-35-38 0.8687015951140726 1.0 1 0.2809398742658812 1.0 [-1,-1] 1.0 1.0 1.0 0.0006812235016579503 0.1321480675826358 3056.317052942997 -3056.1197767008 33.66310361253198 -8.52255968559994
179.01966033484368 -1.1834014430692716 39627757533004212 7 28-29-30-33-34-35-38 0.4493884426053595 1.0 1 1.318023220132972 1.0 [-1,-1] 1.0 1.0 1.0 0.0005288673958748294 0.16397488484989944 1773.748445224542 -1773.1105425275982 30.34115704093645 -36.63284186877687
179.4317075172289 -0.17633735782132876 39627781696392722 8 28-29-30-33-34-35-38-445 0.5913363746344216 1.0 1 0.24375630063174367 1.0 [-1,-1] 1.0 1.0 1.0 0.0007756247847600315 0.11796159141779075 2244.959031157981 -2244.837972992588 22.266323838222423 -6.909226515226706
179.99872664935245 -1.122338513570216 39627763585390900 8 28-29-30-33-34-35-38-445 0.7662117264314404 1.0 1 1.191052620560335 1.0 [-1,-1] 1.0 1.0 1.0 0.0006416626200019751 0.139161677870846 2772.283898183637 -2771.7520387749228 0.061599864492873725 -54.30141693159153
178.66921506292184 -0.10478601968424912 39627787723607882 7 28-29-30-33-34-36-37 0.7937661444691048 1.0 1 0.9366641570384339 1.0 [-1,-1] 1.0 1.0 1.0 0.0007229154976227362 0.12548315978664992 2850.3811634154777 -2849.607579175009 66.19853951009549 -5.212948191554793
180.57505132489192 -0.7197269695227999 39627769637767083 7 28-29-30-33-34-36-37 0.4258106250184484 1.0 1 1.2118919048847179 1.0 [-1,-1] 1.0 1.0 1.0 0.0006262316776515472 0.14210347001521706 1691.501025712172 -1691.2823863697956 -16.975191595511347 -21.247409510674732
179.6524705589721 -0.09910113371484122 39627787740384729 7 28-29-30-33-34-36-37 0.43988649081053566 1.0 1 0.11213470255550745 1.0 [-1,-1] 1.0 1.0 1.0 0.0005288673958748294 0.16397488484989944 1740.7418714515472 -1740.7072461981652 10.558446718429504 -3.0108571419550825
179.07200073751306 1.3750621104394556 39627823970780619 7 28-29-30-33-34-36-37 0.9681521267947697 1.0 1 1.4729309226384772 1.0 [-1,-1] 1.0 1.0 1.0 0.00041974738576830407 0.19815580287489248 3315.7392227007654 -3314.3496102358413 53.68603063322166 79.56798477185004
179.9513894546808 -1.270717825541023 39627757545591169 9 28-29-30-33-34-36-37-38-445 0.6911632579877443 1.0 1 1.318399823913674 1.0 [-1,-1] 1.0 1.0 1.0 0.0005843703162771602 0.15074849413407446 2552.834640366715 -2552.20591234306 2.1653279174771956 -56.612661237541374
180.10502408100982 -0.10712724797080747 39627787748772378 9 28-29-30-33-34-36-37-38-445 1.0006468449775894 1.0 1 0.5162608569797137 1.0 [-1,-1] 1.0 1.0 1.0 0.0002622817504223413 0.28340640119267335 3397.241711907687 -3397.230066494873 -6.227184067392281 -6.351897929225217
178.3107298086785 -0.11977412892122757 39627787719411120 9 28-29-30-33-34-36-37-38-445 1.046615285297281 1.0 1 1.2948208551042828 1.0 [-1,-1] 1.0 1.0 1.0 0.00017111768859933566 0.3774092623312036 3509.91543126162 -3508.3823498936526 103.4687657249933 -7.337307577460986
179.40950862856155 -0.8034458266919327 39627769616797517 9 28-29-30-33-34-36-37-38-445 0.4047904362413762 1.0 1 0.8257177365908638 1.0 [-1,-1] 1.0 1.0 1.0 0.0003379611466139912 0.2348475370676925 1617.1935264217018 -1616.948652890295 16.66489296976524 -22.676797808023526
178.1552394832507 -0.21844545906673116 39627781675420888 8 28-29-30-33-34-36-37-445 0.6538040089664638 1.0 1 1.461178036783475 1.0 [-1,-1] 1.0 1.0 1.0 0.000700708733790897 0.12894715825466588 2439.8010772101175 -2438.518845975233 78.54048639537693 -9.301944745186523
180.56617867514257 -0.707435797192161 39627769637766856 8 28-29-30-33-34-36-37-445 0.5243719491370968 1.0 1 1.1974636531008294 1.0 [-1,-1] 1.0 1.0 1.0 0.0006865842838717192 0.13125169390769817 2027.703068740953 -2027.4495166926897 -20.035263603941736 -25.035583803407594
179.0840616290902 1.3063755533775903 39627817930982966 8 28-29-30-33-34-36-37-445 0.8847111063897191 1.0 1 1.4045509457217051 1.0 [-1,-1] 1.0 1.0 1.0 0.0005690156306133545 0.15418916366201427 3099.124638022339 -3097.92321960583 49.52805442914158 70.65563847708336
179.08409132368124 1.3045525008554972 39627817930982967 8 28-29-30-33-34-36-37-445 0.7392228455903181 1.0 1 1.4028446078719918 1.0 [-1,-1] 1.0 1.0 1.0 0.0007126833197713517 0.12705585074725267 2694.5149970307157 -2693.4724064586435 43.06049984746609 61.345400986599834
179.09204450335446 1.2368306204911554 39627817930983124 7 28-29-30-33-34-36-445 0.9650520342436364 1.0 1 1.3370597185516957 1.0 [-1,-1] 1.0 1.0 1.0 0.00041974738576830407 0.19815580287489248 3307.8817141093664 -3306.695792014763 52.404976205818464 71.400924922914
179.57570297970508 1.5302084473459625 39627823979169217 7 28-29-30-33-34-37-38 0.5716023699077716 1.0 1 1.5304012863160115 1.0 [-1,-1] 1.0 1.0 1.0 0.0006621615122706149 0.13543705131792066 2181.8509776563915 -2181.013091591283 16.15152600031951 58.26415034518208
178.86737269847492 -0.11432907424227753 39627787727800748 8 28-29-30-33-34-37-38-445 0.6617835971230187 1.0 1 0.7414938892315002 1.0 [-1,-1] 1.0 1.0 1.0 0.000700708733790897 0.12894715825466588 2464.160424121857 -2463.6740666126957 48.70844010115383 -4.917028715050111
180.06646948724696 0.053197196331788654 39627787748771459 8 28-29-30-33-34-37-38-445 0.7124064787577467 1.0 1 0.46949298365771036 1.0 [-1,-1] 1.0 1.0 1.0 0.0006167714992318164 0.14396928707710532 2615.9707578484226 -2615.967869938066 -3.0348155213858483 2.4288401552783188
178.29113086699482 -0.12074284806703034 39627787719410608 7 28-29-30-33-34-37-445 0.6048458632101803 1.0 1 1.314425618514282 1.0 [-1,-1] 1.0 1.0 1.0 0.0007756247847600315 0.11796159141779075 2287.7266407293337 -2286.7041102979483 68.22207871196996 -4.821060610323309
179.05309178878258 -1.1795903884863006 39627757533004853 8 28-29-30-33-35-36-37-38 0.7621242123991914 1.0 1 1.3001922223694082 1.0 [-1,-1] 1.0 1.0 1.0 0.0006416626200019751 0.139161677870846 2760.587294040179 -2759.625358427147 45.61155929810771 -56.83022787491071
180.04080735642916 -1.271113970613482 39627757549781936 8 28-29-30-33-35-36-37-38 0.9635279926006678 1.0 1 1.345366110742244 1.0 [-1,-1] 1.0 1.0 1.0 0.00041974738576830407 0.19815580287489248 3304.0135896772563 -3303.19970098278 -2.352614302348912 -73.29393839334195
180.47480150320462 -1.03683560522841 39627763593777017 9 28-29-30-33-35-36-37-38-445 0.8270056002608906 1.0 1 1.3565478994182136 1.0 [-1,-1] 1.0 1.0 1.0 0.0006627118749498285 0.13533979738261318 2942.8769639873312 -2942.2940925087996 -24.382906543496976 -53.251969199307396
