data_rosette/LRG_13_clustering_data.ecsv
# %ECSV 1.0
# ---
# datatype:
# - {name: RA, unit: deg, datatype: float64}
# - {name: DEC, unit: deg, datatype: float64}
# - {name: TARGETID, datatype: int64}
# - {name: NTILE, datatype: int64}
# - {name: TILES, datatype: string}
# - {name: Z, datatype: float64}
# - {name: COMP_TILE, datatype: float64}
# - {name: ROSETTE_NUMBER, datatype: int32}
# - {name: ROSETTE_R, unit: deg, datatype: float64}
# - {name: FRACZ_TILELOCID, datatype: float64}
# - {name: BITWEIGHTS, datatype: string, subtype: 'int64[2]'}
# - {name: PROB_OBS, datatype: float64}
# - {name: WEIGHT_ZFAIL, datatype: float64}
# - {name: WEIGHT, datatype: float64}
# - {name: NZ, unit: h3 / Mpc3, datatype: float64}
# - {name: WEIGHT_FKP, datatype: float64}
# - {name: theta, unit: deg, datatype: float64}
# - {name: phi, unit: deg, datatype: float64}
# - {name: rho, unit: Mpc, datatype: float64}
# - {name: r, unit: Mpc, datatype: float64}
# - {name: x, unit: Mpc, datatype: float64}
# - {name: y, unit: Mpc, datatype: float64}
# - {name: z, unit: Mpc, datatype: float64}
# meta: !!omap
# - {EXTNAME: LSS}
# - {DESIDR: edr}
# - comments: ['Visit https://desidatamodel.readthedocs.io/en/latest/ for a more complet', e description]
# schema: astropy-2.0
RA DEC TARGETID NTILE TILES Z COMP_TILE ROSETTE_NUMBER ROSETTE_R FRACZ_TILELOCID BITWEIGHTS PROB_OBS WEIGHT_ZFAIL WEIGHT NZ WEIGHT_FKP theta phi rho r x y z
[from data line 786]
245.17792723673378 43.24051159701976 39633136551725168 10 352-353-354-355-356-358-359-360-361-362 0.6301397450353451 1.0 13 0.551872673544043 1.0 [-1,-1] 1.0 1.0 1.0 0.0007982518636535506 0.11473445525619816 46.75948840298024 114.82207276326622 2366.860910832961 2366.860910832961 -129.34084873392422 833.5505829460659 -2211.446346115613
245.16026690449027 43.263500700510626 39633136551724939 10 352-353-354-355-356-358-359-360-361-362 0.6529398965576568 1.0 13 0.5555500636617358 1.0 [-1,-1] 1.0 1.0 1.0 0.0006371005092682059 0.1397016056866948 46.736499299489374 114.83973309550973 2437.1560836886947 2437.1560836886947 -157.21783191027737 907.1705850846986 -2256.5579671586843
245.46172742690376 44.415031386902015 39633158378882567 10 352-353-354-355-356-358-359-360-361-362 0.5726550943883911 1.0 13 1.0109461084463398 1.0 [-1,-1] 1.0 1.0 1.0 0.0005369919189708607 0.1615383650856205 45.584968613097985 114.53827257309624 2185.2366789006637 2185.2366789006637 282.83263183995615 2165.736574149932 -69.64292188442988
245.7812574178062 44.36687917771644 39633154054557417 10 352-353-354-355-356-358-359-360-361-362 1.0659147748517985 1.0 13 0.919634587102404 1.0 [-1,-1] 1.0 1.0 1.0 0.00014839258087788972 0.41078905010633954 45.63312082228356 114.21874258219381 3556.3270780028474 3556.3270780028474 1539.97920330662 3192.976668257615 -284.29972754450404
245.31218274058315 43.95541723120092 39633149705063234 10 352-353-354-355-356-358-359-360-361-362 0.664619849133537 1.0 13 0.6511126728544813 1.0 [-1,-1] 1.0 1.0 1.0 0.0006371005092682059 0.1397016056866948 46.04458276879908 114.68781725941685 2472.7901940030465 2472.7901940030465 -42.91314875352176 2179.666049869268 -1167.0071620469962
246.40354753054652 42.428466798687246 39633123264168986 10 352-353-354-355-356-358-359-360-361-362 0.9005168303350521 1.0 13 1.0910622286296174 1.0 [-1,-1] 1.0 1.0 1.0 0.0005723615213970424 0.15308410280969617 47.571533201312754 113.59645246945348 3140.9870351260406 3140.9870351260406 -1193.694379112289 -650.7501741325683 -2831.504457876066
247.23147028228644 42.430415796723686 39633123272559447 10 352-353-354-355-356-358-359-360-361-362 0.836404510045853 1.0 13 1.4206615706010342 1.0 [-1,-1] 1.0 1.0 1.0 0.0006366829495309179 0.1397804201853648 47.569584203276314 112.76852971771356 2968.6969482991353 2968.6969482991353 -1211.2009303521352 413.250999374629 -2678.6895095681753
245.66917388621 42.29887913914847 39633118784652168 10 352-353-354-355-356-358-359-360-361-362 0.6531940452105811 1.0 13 1.1614420249113002 1.0 [-1,-1] 1.0 1.0 1.0 0.0006371005092682059 0.1397016056866948 47.70112086085153 114.33082611379001 2437.934161179834 2437.934161179834 -440.28859277136087 -1255.4265414686356 -2042.9324825600909
245.13137708110202 43.63783704000483 39633145334599028 10 352-353-354-355-356-358-359-360-361-362 0.5533348449249477 1.0 13 0.5742250369695481 1.0 [-1,-1] 1.0 1.0 1.0 0.0006724560872077301 0.13333590500666823 46.36216295999517 114.86862291889798 2122.7539897007427 2122.7539897007427 -291.768659695759 1435.7186960481754 -1536.1208858118844
246.388629783353 44.58923378557796 39633158387273343 10 352-353-354-355-356-358-359-360-361-362 0.8328930459236558 1.0 13 1.1965008855364132 1.0 [-1,-1] 1.0 1.0 1.0 0.0006366829495309179 0.1397804201853648 45.41076621442204 113.611370216647 2959.0676102838975 2959.0676102838975 2550.6069486314527 1440.2456025212084 419.73553607304854
245.17321661068914 43.82130748666232 39633145338789946 11 352-353-354-355-356-358-359-360-361-362-433 0.8587395355675114 1.0 13 0.6320810224967115 1.0 [-1,-1] 1.0 1.0 1.0 0.0006576102792991648 0.1359368301360722 46.17869251333768 114.82678338931086 3029.4715970956277 3029.4715970956277 -387.972573451848 2424.886544327971 -1774.0069579895776
245.48612829944344 43.717708841978734 39633145338793746 11 352-353-354-355-356-358-359-360-361-362-433 1.0921490991918579 1.0 13 0.3912385399461857 1.0 [-1,-1] 1.0 1.0 1.0 5.9370222311395755e-05 0.6353792046182113 46.282291158021266 114.51387170055656 3618.5880552224244 3618.5880552224244 414.60889906845904 2666.3720382066945 -2410.9622825919787
245.66254265659117 42.47366308022443 39633123255779641 11 352-353-354-355-356-358-359-360-361-362-433 0.7926171763466916 1.0 13 0.9892199666292383 1.0 [-1,-1] 1.0 1.0 1.0 0.0008239664519383997 0.11155322342262282 47.52633691977557 114.33745734340883 2847.1505998942243 2847.1505998942243 -362.0670118545791 -1054.731977009825 -2619.678314999321
245.63615777682412 42.423685469332824 39633123251588944 11 352-353-354-355-356-358-359-360-361-362-433 0.45755602142526053 1.0 13 1.0417231620251692 1.0 [-1,-1] 1.0 1.0 1.0 0.0005330850268982689 0.1625298359500762 47.576314530667176 114.36384222317588 1801.9700338010296 1801.9700338010296 -236.0151912739236 -751.5387122451775 -1620.673439099215
244.27706817008234 43.145400364487315 39633136539143050 11 352-353-354-355-356-358-359-360-361-362-433 0.9827855010450721 1.0 13 1.2057015540586735 1.0 [-1,-1] 1.0 1.0 1.0 0.00030269805442075816 0.25472307248715254 46.854599635512685 115.72293182991766 3352.635499630219 3352.635499630219 -775.8277310756995 440.09433935473646 -3231.80647588042
245.61199727052139 42.45621373598604 39633123251588691 11 352-353-354-355-356-358-359-360-361-362-433 0.7930910471034962 1.0 13 1.0129581177511213 1.0 [-1,-1] 1.0 1.0 1.0 0.0008239664519383997 0.11155322342262282 47.54378626401396 114.38800272947861 2848.483258266876 2848.483258266876 -321.0564401822072 -1115.9644967794961 -2601.038807240656
246.95727998710214 42.95694127852571 39633132156094293 11 352-353-354-355-356-358-359-360-361-362-433 0.7944994164472065 1.0 13 0.9272085248435971 1.0 [-1,-1] 1.0 1.0 1.0 0.0008239664519383997 0.11155322342262282 47.04305872147429 113.04272001289786 2852.4417378288085 2852.4417378288085 229.97154902668763 -12.572518043462523 -2843.128362585155
244.65665165683708 42.41553705724092 39633123243196846 11 352-353-354-355-356-358-359-360-361-362-433 1.0188713427849665 1.0 13 1.3683060472579787 1.0 [-1,-1] 1.0 1.0 1.0 0.00020130102782971312 0.3394727840281335 47.58446294275908 115.34334834316292 3442.27496684883 3442.27496684883 956.3258516377717 -1194.2426435506388 -3083.5827086699956
244.7854872254259 44.06719877425279 39633149700866750 11 352-353-354-355-356-358-359-360-361-362-433 0.6683236319384817 1.0 13 1.0029103397575394 1.0 [-1,-1] 1.0 1.0 1.0 0.0006371005092682059 0.1397016056866948 45.93280122574721 115.2145127745741 2484.0371524410807 2484.0371524410807 -1198.7690465640076 1971.2163222145618 -920.7060110276839
245.15630591783855 43.81266490963449 39633145334599351 11 352-353-354-355-356-358-359-360-361-362-433 0.8358175023671399 1.0 13 0.6370975578770772 1.0 [-1,-1] 1.0 1.0 1.0 0.0006366829495309179 0.1397804201853648 46.18733509036551 114.84369408216145 2967.088638726073 2967.088638726073 -417.45086614617924 2353.314451384456 -1758.1981848802552
245.23326922608823 42.44530053286297 39633123247394778 11 352-353-354-355-356-358-359-360-361-362-433 0.5700081040412659 1.0 13 1.1106299959841601 1.0 [-1,-1] 1.0 1.0 1.0 0.0005369919189708607 0.1615383650856205 47.55469946713703 114.76673077391177 2176.7194805946824 2176.7194805946824 89.48249349745336 -904.5974532320256 -1977.8281088517263
245.74849715368555 44.387693938875614 39633158383075923 11 352-353-354-355-356-358-359-360-361-362-433 1.019809002120216 1.0 13 0.9424658608612398 1.0 [-1,-1] 1.0 1.0 1.0 0.00020130102782971312 0.3394727840281335 45.612306061124386 114.25150284631445 3444.578962026282 3444.578962026282 1391.5096799373487 3144.403435205981 -203.84325581079185
246.79508037626482 42.40437589594937 39633123268364113 11 352-353-354-355-356-358-359-360-361-362-433 0.7594829048174438 1.0 13 1.2418671835929262 1.0 [-1,-1] 1.0 1.0 1.0 0.0007242712797402853 0.12498917450484462 47.59562410405063 113.20491962373518 2753.013646252419 2753.013646252419 -1243.82398808123 -134.33435488275666 -2452.3336445565433
247.08382809119138 44.42332081518038 39633158395662243 11 352-353-354-355-356-358-359-360-361-362-433 0.787298889035414 1.0 13 1.3033656312967592 1.0 [-1,-1] 1.0 1.0 1.0 0.0007064174578981374 0.12774458208408304 45.57667918481962 112.91617190880862 2832.167853085991 2832.167853085991 2785.043769216361 -510.1418575657519 -66.79249031291819
246.8011425505757 44.39535839076628 39633158395658785 11 352-353-354-355-356-358-359-360-361-362-433 0.8536596119314277 1.0 13 1.1549296199053378 1.0 [-1,-1] 1.0 1.0 1.0 0.0006576102792991648 0.1359368301360722 45.60464160923372 113.19885744942431 3015.720462145879 3015.720462145879 2996.2075537849787 305.2301037934148 -155.38592016476417
246.46415059392132 42.51012766557862 39633123264169653 11 352-353-354-355-356-358-359-360-361-362-433 0.6435308198472003 1.0 13 1.0324633024812453 1.0 [-1,-1] 1.0 1.0 1.0 0.0007982518636535506 0.11473445525619816 47.48987233442138 113.53584940607868 2408.2652068590733 2408.2652068590733 -780.2944698495131 -365.93180748680845 -2248.772055847297
244.20266283713127 43.85809358524291 39633145326207781 11 352-353-354-355-356-358-359-360-361-362-433 0.8785737346272028 1.0 13 1.2803376746989457 1.0 [-1,-1] 1.0 1.0 1.0 0.0005346154933450218 0.1621399955636538 46.14190641475709 115.79733716286873 3082.762502622483 3082.762502622483 -2317.7054771138983 1095.6387827442386 -1712.0869214727963
246.7246596079615 42.754317853763375 39633127718520767 11 352-353-354-355-356-358-359-360-361-362-433 0.7947671796655751 1.0 13 0.9296736724011534 1.0 [-1,-1] 1.0 1.0 1.0 0.0008239664519383997 0.11155322342262282 47.245682146236625 113.27534039203849 2853.193954112863 2853.193954112863 -341.16145416833405 -61.37804074859188 -2832.0588514523856
247.06677625140364 43.475343204102465 39633140976714697 11 352-353-354-355-356-358-359-360-361-362-433 0.6790715709323857 1.0 13 0.8617545475753879 1.0 [-1,-1] 1.0 1.0 1.0 0.0008053318504768218 0.11384060807160488 46.524656795897535 112.93322374859636 2516.5312559608865 2516.5312559608865 1400.276438399734 -231.88738985609834 -2078.072110566993
245.15404600766726 43.29728063075342 39633136551724843 11 352-353-354-355-356-358-359-360-361-362-433 0.9110374387039119 1.0 13 0.5493420961236417 1.0 [-1,-1] 1.0 1.0 1.0 0.00042618922305278896 0.1953324009783564 46.70271936924658 114.84595399233274 3168.6332962504603 3168.6332962504603 -229.1438343212779 1275.001537045891 -2891.729785064679
246.36146561345257 42.469987614372364 39633123264168519 11 352-353-354-355-356-358-359-360-361-362-433 0.8985361680399596 1.0 13 1.0414240990622419 1.0 [-1,-1] 1.0 1.0 1.0 0.0005723615213970424 0.15308410280969617 47.530012385627636 113.63853438654743 3135.76277182269 3135.76277182269 -1061.7514366374571 -638.1767662068117 -2880.6982596275566
244.40930662882133 43.697772305879425 39633145326210036 11 352-353-354-355-356-358-359-360-361-362-433 0.49360910302899885 1.0 13 1.0939097615865994 1.0 [-1,-1] 1.0 1.0 1.0 0.0007365189099627642 0.12316671624379881 46.302227694120575 115.59069337117867 1924.9025179320065 1924.9025179320065 -1123.6360643603448 851.0675956366925 -1310.8682794495232
246.35970356771017 42.47018181614624 39633123264168488 11 352-353-354-355-356-358-359-360-361-362-433 0.630043071406717 1.0 13 1.0408055481805352 1.0 [-1,-1] 1.0 1.0 1.0 0.0007982518636535506 0.11473445525619816 47.52981818385376 113.64029643228983 2366.560773028607 2366.560773028607 -800.0926127474684 -482.82516313586376 -2174.2450564063643
244.41658086715705 43.68074797984583 39633145326210122 11 352-353-354-355-356-358-359-360-361-362-433 0.5635213654572292 1.0 13 1.0851767688362568 1.0 [-1,-1] 1.0 1.0 1.0 0.0006724560872077301 0.13333590500666823 46.31925202015417 115.58341913284295 2155.7891282376854 2155.7891282376854 -1231.4526967403676 946.9056452503594 -1494.7644363282386
245.85120991537616 44.49050386541129 39633158383077267 11 352-353-354-355-356-358-359-360-361-362-433 0.5289387789871396 1.0 13 1.04071013126194 1.0 [-1,-1] 1.0 1.0 1.0 0.0006888416087567301 0.1305783864573065 45.50949613458871 114.14879008462384 2042.8016311933127 2042.8016311933127 1012.897056205262 1771.7650154050918 89.032511608784
245.8128372932505 44.549630627101656 39633158383076748 11 352-353-354-355-356-358-359-360-361-362-433 0.5314216166225432 1.0 13 1.1006913217573893 1.0 [-1,-1] 1.0 1.0 1.0 0.0006094867785671962 0.14511252611805409 45.450369372898344 114.18716270674949 2050.992717176989 2050.992717176989 943.8664334221667 1808.7162411954685 210.31604933457658
246.77140441875093 42.40239452356449 39633123268363831 11 352-353-354-355-356-358-359-360-361-362-433 0.6447322243154541 1.0 13 1.2342879507437703 1.0 [-1,-1] 1.0 1.0 1.0 0.0007982518636535506 0.11473445525619816 47.59760547643551 113.22859558124907 2411.963386055171 2411.963386055171 -1090.862589943429 -144.01471804966252 -2146.35643510525
245.0381053535286 43.47571811454236 39633140951549230 11 352-353-354-355-356-358-359-360-361-362-433 1.0457439152601242 1.0 13 0.6116026829520507 1.0 [-1,-1] 1.0 1.0 1.0 0.00017557006270178804 0.37077784677498654 46.52428188545764 114.96189464647139 3507.8076261153838 3507.8076261153838 -573.1821721711489 1894.721390358682 -2895.894920789715
245.93462927733324 42.380642531577095 39633123255783160 11 352-353-354-355-356-358-359-360-361-362-433 0.9239234830558779 1.0 13 1.0701055535830302 1.0 [-1,-1] 1.0 1.0 1.0 0.00042618922305278896 0.1953324009783564 47.619357468422905 114.06537072266676 3202.2601690818883 3202.2601690818883 -863.1302539650915 -1254.1889293024133 -2817.1770417909106
244.81269141446487 43.50786768688932 39633140947356291 11 352-353-354-355-356-358-359-360-361-362-433 0.5916541116536533 1.0 13 0.7766218638946358 1.0 [-1,-1] 1.0 1.0 1.0 0.0006106036532175123 0.14488555312656437 46.49213231311068 115.18730858553513 2245.968948964113 2245.968948964113 -658.1081351412201 1151.6073890129894 -1812.476378809554
246.92920364994282 42.971233259713934 39633132156093934 11 352-353-354-355-356-358-359-360-361-362-433 0.9932414286390804 1.0 13 0.9022022401177533 1.0 [-1,-1] 1.0 1.0 1.0 0.00023297360745577845 0.30751381291380364 47.028766740286066 113.07079635005718 3378.804588024698 3378.804588024698 320.8047579074901 -8.51589437201148 -3363.5297279649117
244.8027598235855 43.517980336339726 39633140947356180 11 352-353-354-355-356-358-359-360-361-362-433 0.6794455210377437 1.0 13 0.7845547026103119 1.0 [-1,-1] 1.0 1.0 1.0 0.0008053318504768218 0.11384060807160488 46.482019663660274 115.19724017641451 2517.6579910198175 2517.6579910198175 -760.8344071904536 1301.194773649559 -2016.5874455644532
247.27108823602984 43.84936846836032 39633145363956158 11 352-353-354-355-356-358-359-360-361-362-433 0.4066139827011734 1.0 13 1.0828705018498195 1.0 [-1,-1] 1.0 1.0 1.0 0.00024055914515870672 0.3007331513712552 46.15063153163968 112.72891176397016 1623.6767284067748 1623.6767284067748 1252.2557126182298 -483.4344549370041 -913.4948693695543
244.12495619841033 42.675946316449604 39633127684967447 11 352-353-354-355-356-358-359-360-361-362-433 0.7665801429051974 1.0 13 1.4977155312696593 1.0 [-1,-1] 1.0 1.0 1.0 0.0007242712797402853 0.12498917450484462 47.324053683550396 115.87504380158967 2773.336715646081 2773.336715646081 515.3160102732224 -196.25505409196265 -2717.9642936672362
247.7555222339209 42.941362194185224 39633132164483779 11 352-353-354-355-356-358-359-360-361-362-433 0.9003579966061526 1.0 13 1.4587944879612236 1.0 [-1,-1] 1.0 1.0 1.0 0.0005723615213970424 0.15308410280969617 47.058637805814776 112.24447776607909 3140.5683175794284 3140.5683175794284 134.71308819012938 -154.23503542452121 -3133.8846971612656
