data_rosette/LRG_5_clustering_data.ecsv
# %ECSV 1.0
# ---
# datatype:
# - {name: RA, unit: deg, datatype: float64}
# - {name: DEC, unit: deg, datatype: float64}
# - {name: TARGETID, datatype: int64}
# - {name: NTILE, datatype: int64}
# - {name: TILES, datatype: string}
# - {name: Z, datatype: float64}
# - {name: COMP_TILE, datatype: float64}
# - {name: ROSETTE_NUMBER, datatype: int32}
# - {name: ROSETTE_R, unit: deg, datatype: float64}
# - {name: FRACZ_TILELOCID, datatype: float64}
# - {name: BITWEIGHTS, datatype: string, subtype: 'int64[2]'}
# - {name: PROB_OBS, datatype: float64}
# - {name: WEIGHT_ZFAIL, datatype: float64}
# - {name: WEIGHT, datatype: float64}
# - {name: NZ, unit: h3 / Mpc3, datatype: float64}
# - {name: WEIGHT_FKP, datatype: float64}
# - {name: theta, unit: deg, datatype: float64}
# - {name: phi, unit: deg, datatype: float64}
# - {name: rho, unit: Mpc, datatype: float64}
# - {name: r, unit: Mpc, datatype: float64}
# - {name: x, unit: Mpc, datatype: float64}
# - {name: y, unit: Mpc, datatype: float64}
# - {name: z, unit: Mpc, datatype: float64}
# meta: !!omap
# - {EXTNAME: LSS}
# - {DESIDR: edr}
# - comments: ['Visit https://desidatamodel.readthedocs.io/en/latest/ for a more complet', e description]
# schema: astropy-2.0
RA DEC TARGETID NTILE TILES Z COMP_TILE ROSETTE_NUMBER ROSETTE_R FRACZ_TILELOCID BITWEIGHTS PROB_OBS WEIGHT_ZFAIL WEIGHT NZ WEIGHT_FKP theta phi rho r x y z
[from data line 690]
209.7820522700134 6.404025905158433 39627945043560952 9 136-137-138-139-140-141-142-146-457 0.891813481482896 1.0 5 1.4206754130925379 1.0 [-1,-1] 1.0 1.0 1.0 0.0005275616701708153 0.16431404058018498 83.59597409484157 -209.7820522700134 3117.984626809663 3117.984626809663 -2236.4076966823736 -1901.5685913399807 -1050.8785085206168
210.06601899556787 6.268711313462103 39627939041512272 9 136-137-138-139-140-141-142-146-457 0.6118403761757881 1.0 5 1.2704112367435336 1.0 [-1,-1] 1.0 1.0 1.0 0.0007214233604467519 0.12571007283523317 83.7312886865379 -210.06601899556787 2309.7316890578722 2309.7316890578722 -1870.979614176558 -837.0743333821578 -1064.7076214466988
209.01457506491997 5.660694803352672 39627926999665538 9 136-137-138-139-140-141-142-146-457 0.6859929625291927 1.0 5 1.18287297503632 1.0 [-1,-1] 1.0 1.0 1.0 0.0007209928471550773 0.12577569469930108 84.33930519664733 -209.01457506491997 2537.344336783256 2537.344336783256 -116.2346510667928 -1174.2653050929546 -2246.2650739733263
211.20474796555337 5.722276200376499 39627927037412979 9 136-137-138-139-140-141-142-146-457 1.0574370054602393 1.0 5 1.4001464437006883 1.0 [-1,-1] 1.0 1.0 1.0 0.0001568149373683449 0.39812733398474315 84.2777237996235 -211.20474796555337 3536.0037699054656 3536.0037699054656 -1381.1552895719333 1206.5861401005525 -3023.223877484164
209.90760628935053 6.37036730604635 39627939037320032 8 136-137-138-139-140-141-142-457 0.7469389108088337 1.0 5 1.3734478379413149 1.0 [-1,-1] 1.0 1.0 1.0 0.0007126833197713517 0.12705585074725267 83.62963269395365 -209.90760628935053 2716.8790973335276 2716.8790973335276 -2113.857795030414 -1382.219964194689 -1001.2518277130044
209.86163955523605 4.348879572438127 39627890886706726 8 136-137-138-139-140-141-142-457 0.8980984041426272 1.0 5 0.665562977818083 1.0 [-1,-1] 1.0 1.0 1.0 0.0005275616701708153 0.16431404058018498 85.65112042756188 -209.86163955523605 3134.6072767913734 3134.6072767913734 1872.5362295225414 1351.2000483413417 -2119.8182181973266
210.95151647328004 3.927268245496647 39627884872077862 9 136-137-138-139-140-141-143-144-145 0.8367233895390986 1.0 5 1.4320007926119753 1.0 [-1,-1] 1.0 1.0 1.0 0.0006232532477076302 0.14268566385842998 86.07273175450335 -210.95151647328004 2969.5703902836694 2969.5703902836694 2518.8733820834295 -1263.0945634608638 -937.1324941739565
210.09609959530795 3.6187482528031345 39627872796673076 9 136-137-138-139-140-141-143-144-145 1.0949581294261765 1.0 5 1.3845717477555401 1.0 [-1,-1] 1.0 1.0 1.0 4.689797466212482e-05 0.6886505109163528 86.38125174719687 -210.09609959530795 3625.1988017137937 3625.1988017137937 3351.8765220788055 1380.1889644073083 -45.4813721461589
211.17168895653163 5.52562419650049 39627921022780335 10 136-137-138-139-140-141-143-144-145-146 0.6033712727416928 1.0 5 1.2796778162912887 1.0 [-1,-1] 1.0 1.0 1.0 0.0007756247847600315 0.11796159141779075 84.47437580349951 -211.17168895653163 2283.0755417277414 2283.0755417277414 -603.9893657046646 493.4190132272826 -2145.732614455238
209.57112591600142 3.7823457244926493 39627878819693316 10 136-137-138-139-140-141-143-144-145-146 0.4388050864046107 1.0 5 1.29055400584334 1.0 [-1,-1] 1.0 1.0 1.0 0.0005288673958748294 0.16397488484989944 86.21765427550736 -209.57112591600142 1736.9735251568716 1736.9735251568716 1042.0121659653441 1355.9653967946772 -304.3772589592634
209.5947365855713 5.384871811015416 39627920993424085 10 136-137-138-139-140-141-143-144-145-146 0.8956143391146769 1.0 5 0.5576907082542554 1.0 [-1,-1] 1.0 1.0 1.0 0.0005275616701708153 0.16431404058018498 84.61512818898458 -209.5947365855713 3128.044765979899 3128.044765979899 -405.3365088856109 -502.4500253321989 -3060.704223635851
210.30187118151267 5.479673334215855 39627921006006883 10 136-137-138-139-140-141-143-144-145-146 0.6855686568286948 1.0 5 0.5660849400975327 1.0 [-1,-1] 1.0 1.0 1.0 0.0007209928471550773 0.12577569469930108 84.52032666578414 -210.30187118151267 2536.070943122625 2536.070943122625 -743.0620328028054 -138.9308528440924 -2420.7876532413693
208.95708716653894 5.345296433604732 39627914966207084 10 136-137-138-139-140-141-143-144-145-146 0.8656145768628664 1.0 5 1.0945557631468397 1.0 [-1,-1] 1.0 1.0 1.0 0.0006812235016579503 0.1321480675826358 84.65470356639527 -208.95708716653894 3048.0153958125857 3048.0153958125857 -21.01660184755216 -510.1242144147126 -3004.950821798105
210.49227759903 4.025355998668573 39627884863688511 10 136-137-138-139-140-141-143-144-145-146 0.9402620147888124 1.0 5 1.0912204413924296 1.0 [-1,-1] 1.0 1.0 1.0 0.0004445766401596716 0.18918261239264766 85.97464400133143 -210.49227759903 3244.5276141295335 3244.5276141295335 2963.6145363845403 -16.506936173799943 -1320.4831841555138
210.09760161799622 5.442693904274249 39627921001813050 10 136-137-138-139-140-141-143-144-145-146 0.4701616150848506 1.0 5 0.4532383796864904 1.0 [-1,-1] 1.0 1.0 1.0 0.00048380039118235755 0.17655271186088778 84.55730609572575 -210.09760161799622 1845.2556891473828 1845.2556891473828 -448.3089200167558 -183.81133959769463 -1780.505844415989
210.10007557882895 6.118405480082149 39627933031076669 10 136-137-138-139-140-141-143-144-145-146 0.7332109585585742 1.0 5 1.1228319675235265 1.0 [-1,-1] 1.0 1.0 1.0 0.0007126833197713517 0.12705585074725267 83.88159451991785 -210.10007557882895 2677.017496837518 2677.017496837518 -2004.3243974112659 -816.0075882526627 -1575.8293068191906
210.33956810819572 6.21241902942736 39627939045707943 10 136-137-138-139-140-141-143-144-145-146 0.6270239869531936 1.0 5 1.2586348117221131 1.0 [-1,-1] 1.0 1.0 1.0 0.0007214233604467519 0.12571007283523317 83.78758097057263 -210.33956810819572 2357.1786724562508 2357.1786724562508 -2005.4486289553986 -297.22918906518737 -1202.548086219913
210.1385731498859 5.585859542680352 39627921006002565 10 136-137-138-139-140-141-143-144-145-146 0.8941727282442334 1.0 5 0.6018889805017568 1.0 [-1,-1] 1.0 1.0 1.0 0.0005275616701708153 0.16431404058018498 84.41414045731965 -210.1385731498859 3124.23178828665 3124.23178828665 -1167.5723473646187 -423.7307094948044 -2866.7143852224453
209.18063617457472 6.15308126070917 39627939028926881 10 136-137-138-139-140-141-143-144-145-146 0.7299836120772331 1.0 5 1.4122997604156138 1.0 [-1,-1] 1.0 1.0 1.0 0.0006167714992318164 0.14396928707710532 83.84691873929083 -209.18063617457472 2667.597969855761 2667.597969855761 -578.1265167346834 -2132.6234367501625 -1494.5788491915469
210.14692693688835 5.578978141199716 39627921006002842 10 136-137-138-139-140-141-143-144-145-146 0.8977032060924078 1.0 5 0.5971763239133071 1.0 [-1,-1] 1.0 1.0 1.0 0.0005275616701708153 0.16431404058018498 84.42102185880029 -210.14692693688835 3133.5638765370604 3133.5638765370604 -1155.886922596394 -408.59484859977516 -2883.7819335390695
209.37158557468345 3.9094416659952604 39627884846909161 10 136-137-138-139-140-141-143-144-145-146 0.7042533313965808 1.0 5 1.2577073150775704 1.0 [-1,-1] 1.0 1.0 1.0 0.0005843703162771602 0.15074849413407446 86.09055833400474 -209.37158557468345 2591.835546829573 2591.835546829573 1088.5430780877184 2221.1878609967257 -773.957334171245
210.46326124905548 4.548643499045974 39627896922311420 10 136-137-138-139-140-141-143-144-145-146 0.6334540683350068 1.0 5 0.6456359950470628 1.0 [-1,-1] 1.0 1.0 1.0 0.000833303205902425 0.11070054926254569 85.45135650095402 -210.46326124905548 2377.140043907331 2377.140043907331 1396.933651238283 32.75926602122855 -1923.0959395920881
208.7960251263059 4.8092686805627665 39627902915972787 10 136-137-138-139-140-141-143-144-145-146 0.6860396471728264 1.0 5 1.2146341799688143 1.0 [-1,-1] 1.0 1.0 1.0 0.0007209928471550773 0.12577569469930108 85.19073131943723 -208.7960251263059 2537.484423065775 2537.484423065775 -109.10094154771669 905.67240131989 -2367.8432556531934
209.01293047282675 6.033535448895922 39627933014297775 10 136-137-138-139-140-141-143-144-145-146 0.8779188603145548 1.0 5 1.4259978205738149 1.0 [-1,-1] 1.0 1.0 1.0 0.0005690156306133545 0.15418916366201427 83.96646455110408 -209.01293047282675 3081.0130664196736 3081.0130664196736 -225.50104123309694 -2317.0002999352923 -2018.2419096707197
210.62011522012557 4.13872683224395 39627890899289562 10 136-137-138-139-140-141-143-144-145-146 0.6100799019849239 1.0 5 1.0601351028087638 1.0 [-1,-1] 1.0 1.0 1.0 0.0007214233604467519 0.12571007283523317 85.86127316775605 -210.62011522012557 2304.201980872931 2304.201980872931 1967.49533245829 -264.0468183091947 -1169.8667288004958
209.207220764889 6.118749108324217 39627933018491065 10 136-137-138-139-140-141-143-144-145-146 0.5559226062358541 1.0 5 1.369006742868091 1.0 [-1,-1] 1.0 1.0 1.0 0.000677088223595666 0.13284793461577618 83.88125089167578 -209.207220764889 2131.1655396672695 2131.1655396672695 -494.9253270004322 -1650.6356138842184 -1253.9208700455818
209.82312376567563 3.6453039198845083 39627878823887581 10 136-137-138-139-140-141-143-144-145-146 0.8962421603867836 1.0 5 1.3661286409940299 1.0 [-1,-1] 1.0 1.0 1.0 0.0005275616701708153 0.16431404058018498 86.35469608011549 -209.82312376567563 3129.704290973064 3129.704290973064 2463.6642979462918 1926.2498767830878 -122.346181604303
209.63890635499777 3.8801943105967895 39627884851103917 10 136-137-138-139-140-141-143-144-145-146 0.9175072622551552 1.0 5 1.1762515607239072 1.0 [-1,-1] 1.0 1.0 1.0 0.0004951280553168204 0.17321314004730964 86.11980568940321 -209.63890635499777 3185.5489245553813 3185.5489245553813 2029.0458209227688 2299.513243162744 -861.9361065943069
209.49353785004925 3.9283475887411963 39627884846911676 10 136-137-138-139-140-141-143-144-145-146 0.5473792845049543 1.0 5 1.1846439203936023 1.0 [-1,-1] 1.0 1.0 1.0 0.0007045118177349687 0.128340413101622 86.07165241125881 -209.49353785004925 2103.345087313514 2103.345087313514 1089.4231556151228 1671.4552380549553 -665.9242686027696
209.04918955286672 3.9096751711034434 39627884842713268 10 136-137-138-139-140-141-143-144-145-146 0.4166458752138426 1.0 5 1.4447722323128824 1.0 [-1,-1] 1.0 1.0 1.0 0.0006262316776515472 0.14210347001521706 86.09032482889656 -209.04918955286672 1659.2174288448837 1659.2174288448837 210.40810503011457 1569.3562139535597 -495.8346289294563
209.80957121172267 5.766066410582917 39627927012249173 10 136-137-138-139-140-141-143-144-145-146 0.5835782739440444 1.0 5 0.7891775263296246 1.0 [-1,-1] 1.0 1.0 1.0 0.0006621615122706149 0.13543705131792066 84.23393358941708 -209.80957121172267 2220.239456053655 2220.239456053655 -961.3800746916801 -772.8884320913853 -1846.037666393232
209.78260758307096 5.796871293604216 39627927012248629 10 136-137-138-139-140-141-143-144-145-146 0.9426528978730716 1.0 5 0.8257386026871917 1.0 [-1,-1] 1.0 1.0 1.0 0.0004445766401596716 0.18918261239264766 84.20312870639579 -209.78260758307096 3250.6784550419998 3250.6784550419998 -1439.3447927194911 -1222.4669226605806 -2645.897127392956
209.9865230489203 3.8062494579916573 39627878823891028 10 136-137-138-139-140-141-143-144-145-146 0.9951352935785958 1.0 5 1.1938261630418934 1.0 [-1,-1] 1.0 1.0 1.0 0.0002622817504223413 0.28340640119267335 86.19375054200835 -209.9865230489203 3383.5273498105953 3383.5273498105953 2909.81406351645 1590.3367359902863 -672.3604010037774
209.84189144620166 4.569935026813569 39627896913920233 10 136-137-138-139-140-141-143-144-145-146 0.4091440132116843 1.0 5 0.45801761012968706 1.0 [-1,-1] 1.0 1.0 1.0 0.0003379611466139912 0.2348475370676925 85.43006497318643 -209.84189144620166 1632.6600487744483 1632.6600487744483 744.3555075247053 559.7978338271523 -1340.9474629992967
210.8987990459121 5.765790734127824 39627927033217450 10 136-137-138-139-140-141-143-144-145-146 0.9713236707359755 1.0 5 1.1777747574359583 1.0 [-1,-1] 1.0 1.0 1.0 0.0003578035202613049 0.22475091060875194 84.23420926587218 -210.8987990459121 3323.762954567829 3323.762954567829 -1691.348489682219 739.3218672788618 -2764.0809758707214
209.84864988024108 4.557245435807549 39627896913920388 10 136-137-138-139-140-141-143-144-145-146 1.0238297607365627 1.0 5 0.4677385765240475 1.0 [-1,-1] 1.0 1.0 1.0 0.00020304675497218746 0.33812883710054276 85.44275456419246 -209.84864988024108 3454.4443524886883 3454.4443524886883 1611.696236945898 1195.120302517785 -2811.9936854063567
209.97608537621431 3.8064312201810644 39627878823890839 10 136-137-138-139-140-141-143-144-145-146 0.5007263889243538 1.0 5 1.193806914622823 1.0 [-1,-1] 1.0 1.0 1.0 0.0005337442823398631 0.16272042362546515 86.19356877981893 -209.97608537621431 1948.8566774235103 1948.8566774235103 1666.2919819265467 933.4170388521992 -387.61580422616413
210.9325627860591 5.679125541691164 39627927033218167 10 136-137-138-139-140-141-143-144-145-146 0.566547816250259 1.0 5 1.1503665154853473 1.0 [-1,-1] 1.0 1.0 1.0 0.000677088223595666 0.13284793461577618 84.32087445830884 -210.9325627860591 2165.5646554237665 2165.5646554237665 -940.3776327036252 449.45635121301603 -1898.2489755260408
208.9497003832452 5.975701631340494 39627933014296290 10 136-137-138-139-140-141-143-144-145-146 0.8926552090362391 1.0 5 1.430037174250499 1.0 [-1,-1] 1.0 1.0 1.0 0.0005275616701708153 0.16431404058018498 84.0242983686595 -208.9497003832452 3120.214487786393 3120.214487786393 -75.52021951787798 -2234.208081822076 -2176.774998330556
210.77800074778833 3.7383749261253096 39627878836475315 10 136-137-138-139-140-141-143-144-145-146 0.4662558963050908 1.0 5 1.4810284361567574 1.0 [-1,-1] 1.0 1.0 1.0 0.0005635091211985168 0.1554616369400361 86.2616250738747 -210.77800074778833 1831.8790959948144 1831.8790959948144 1739.4033768325096 -521.5104012160872 -241.42041427741
210.30578954522284 3.616215797569201 39627872800866635 10 136-137-138-139-140-141-143-144-145-146 0.9019058723094396 1.0 5 1.4169804891374826 1.0 [-1,-1] 1.0 1.0 1.0 0.0005275616701708153 0.16431404058018498 86.3837842024308 -210.30578954522284 3144.647137109994 3144.647137109994 3093.167898326065 565.7971339397175 -31.489250940597174
209.6075677949787 6.242160174210373 39627939033124923 11 136-137-138-139-140-141-143-144-145-146-457 0.83931712729746 1.0 5 1.3021064751718288 1.0 [-1,-1] 1.0 1.0 1.0 0.0006232532477076302 0.14268566385842998 83.75783982578963 -209.6075677949787 2976.6686679001314 2976.6686679001314 -1660.9882715303322 -2005.7228728767109 -1441.787112411612
208.97770311023413 5.427070377422609 39627920985032981 11 136-137-138-139-140-141-143-144-145-146-457 0.6106478926791749 1.0 5 1.1040134120863028 1.0 [-1,-1] 1.0 1.0 1.0 0.0007214233604467519 0.12571007283523317 84.57292962257739 -208.97770311023413 2305.986706327322 2305.986706327322 -35.24027504114891 -569.5820397191413 -2234.2580676373836
209.2372359404381 4.451391858513336 39627896901339816 11 136-137-138-139-140-141-143-144-145-146-457 0.5154226565690483 1.0 5 0.9374574067757714 1.0 [-1,-1] 1.0 1.0 1.0 0.0006865842838717192 0.13125169390769817 85.54860814148667 -209.2372359404381 1997.9941260352412 1997.9941260352412 418.7338262103553 1257.987893564995 -1494.6936040882995
210.12307016596466 6.120605118748862 39627933031077152 11 136-137-138-139-140-141-143-144-145-146-457 0.9584282608888521 1.0 5 1.1272796494296204 1.0 [-1,-1] 1.0 1.0 1.0 0.00041974738576830407 0.19815580287489248 83.87939488125114 -210.12307016596466 3291.0447356528325 3291.0447356528325 -2490.4468857827933 -947.7683621459303 -1931.4204340014192
210.31925791267122 4.709661634297247 39627902941139668 11 136-137-138-139-140-141-143-144-145-146-457 0.4575996180295289 1.0 5 0.43068749492028136 1.0 [-1,-1] 1.0 1.0 1.0 0.0005635091211985168 0.1554616369400361 85.29033836570275 -210.31925791267122 1802.1203032492679 1802.1203032492679 800.5178736235403 135.31369834598098 -1608.8812648646299
