data_rosette/LRG_11_clustering_data.ecsv
# %ECSV 1.0
# ---
# datatype:
# - {name: RA, unit: deg, datatype: float64}
# - {name: DEC, unit: deg, datatype: float64}
# - {name: TARGETID, datatype: int64}
# - {name: NTILE, datatype: int64}
# - {name: TILES, datatype: string}
# - {name: Z, datatype: float64}
# - {name: COMP_TILE, datatype: float64}
# - {name: ROSETTE_NUMBER, datatype: int32}
# - {name: ROSETTE_R, unit: deg, datatype: float64}
# - {name: FRACZ_TILELOCID, datatype: float64}
# - {name: BITWEIGHTS, datatype: string, subtype: 'int64[2]'}
# - {name: PROB_OBS, datatype: float64}
# - {name: WEIGHT_ZFAIL, datatype: float64}
# - {name: WEIGHT, datatype: float64}
# - {name: NZ, unit: h3 / Mpc3, datatype: float64}
# - {name: WEIGHT_FKP, datatype: float64}
# - {name: theta, unit: deg, datatype: float64}
# - {name: phi, unit: deg, datatype: float64}
# - {name: rho, unit: Mpc, datatype: float64}
# - {name: r, unit: Mpc, datatype: float64}
# - {name: x, unit: Mpc, datatype: float64}
# - {name: y, unit: Mpc, datatype: float64}
# - {name: z, unit: Mpc, datatype: float64}
# meta: !!omap
# - {EXTNAME: LSS}
# - {DESIDR: edr}
# - comments: ['Visit https://desidatamodel.readthedocs.io/en/latest/ for a more complet', e description]
# schema: astropy-2.0
RA DEC TARGETID NTILE TILES Z COMP_TILE ROSETTE_NUMBER ROSETTE_R FRACZ_TILELOCID BITWEIGHTS PROB_OBS WEIGHT_ZFAIL WEIGHT NZ WEIGHT_FKP theta phi rho r x y z
[from data line 4040]
244.4733873287913 54.39052081326467 39633315505899329 8 299-300-302-305-306-307-308-475 0.6843608539716641 1.0 11 1.1575221813801775 1.0 [-1,-1] 1.0 1.0 1.0 0.0008053318504768218 0.11384060807160488 35.60947918673533 115.52661267120871 2532.4443769521986 2532.4443769521986 1664.4403637244368 -1437.3489288610413 -1255.763056736298
244.56706995376646 54.3439343715435 39633311978489470 8 299-300-302-305-306-307-308-475 0.8708899495953905 1.0 11 1.22842289057006 1.0 [-1,-1] 1.0 1.0 1.0 0.0005346154933450218 0.1621399955636538 35.6560656284565 115.43293004623354 3062.1927105077043 3062.1927105077043 1888.169913848535 -1967.6101164751324 -1392.9641065973133
242.32766282105916 54.48512987297471 39633315484927538 6 299-300-302-305-306-308 0.6819420449501586 1.0 11 0.5516872713896798 1.0 [-1,-1] 1.0 1.0 1.0 0.0008053318504768218 0.11384060807160488 35.51487012702529 117.67233717894084 2525.1736047512827 2525.1736047512827 282.77992567615473 2045.3013980668582 -1453.712295756258
243.43140951450553 55.265661007523526 39633325953909491 7 299-300-302-305-306-308-475 1.06611929114292 1.0 11 0.4831359626120572 1.0 [-1,-1] 1.0 1.0 1.0 0.00014839258087788972 0.41078905010633954 34.734338992476474 116.56859048549447 3556.8161190083524 3556.8161190083524 591.9536206689036 202.53550711119502 -3501.3584769020476
240.9339469300434 55.74192908043595 39633332794821573 7 299-300-302-305-306-308-475 0.8675152273682837 1.0 11 1.2829288861558465 1.0 [-1,-1] 1.0 1.0 1.0 0.0006576102792991648 0.1359368301360722 34.25807091956405 119.06605306995661 3053.12847229019 3053.12847229019 856.4848166981204 -278.58093740306003 -2917.262396218456
240.8375526863166 55.76383197092143 39633332794820704 7 299-300-302-305-306-308-475 0.6990437896535265 1.0 11 1.3398484159634267 1.0 [-1,-1] 1.0 1.0 1.0 0.0005639081233901963 0.1550231922816235 34.23616802907857 119.1624473136834 2576.3513026339915 2576.3513026339915 794.4650585504465 -176.05145337751085 -2444.4666475716062
241.02351263389056 54.5141893900638 39633315472344441 7 299-300-302-305-306-308-475 0.6774447728560169 1.0 11 1.0999609346688457 1.0 [-1,-1] 1.0 1.0 1.0 0.0008053318504768218 0.11384060807160488 35.4858106099362 118.97648736610944 2511.6266251949332 2511.6266251949332 -1848.8974422377808 790.5068916880647 -1504.9735568003696
240.253267258581 54.24224942628845 39633311936545874 6 299-300-302-305-307-308 0.8425657268524611 1.0 11 1.623122262577173 1.0 [-1,-1] 1.0 1.0 1.0 0.0006366829495309179 0.1397804201853648 35.75775057371155 119.74673274141901 2985.543494347021 2985.543494347021 -2598.3611626117167 -996.5015602854925 -1081.1909478059295
240.21867548292408 54.40982256457496 39633315463956692 6 299-300-302-305-307-308 0.7233483642450995 1.0 11 1.5700023530619358 1.0 [-1,-1] 1.0 1.0 1.0 0.0005823912580269674 0.15084542533972659 35.59017743542504 119.78132451707592 2648.1738222010717 2648.1738222010717 -2093.681613506494 -887.1784952760677 -1357.2900247830485
244.38137704686145 54.08657275586626 39633308430106709 7 299-300-302-305-307-308-475 0.8374498864823775 1.0 11 1.3015561609914328 1.0 [-1,-1] 1.0 1.0 1.0 0.0006366829495309179 0.1397804201853648 35.91342724413374 115.61862295313855 2971.5597103105365 2971.5597103105365 2362.348748289815 -1687.590843811838 -633.6502562745725
242.32154308823897 53.440171494745826 39633301236878600 5 299-300-302-305-308 0.8724790812275595 1.0 11 1.5600738304300703 1.0 [-1,-1] 1.0 1.0 1.0 0.0005346154933450218 0.1621399955636538 36.559828505254174 117.67845691176103 3066.4546476981177 3066.4546476981177 364.5790402387264 2761.4018543307457 1282.5311024324965
240.8681875916452 53.76404952027545 39633304818814035 5 299-300-302-305-308 0.6473903661797261 1.0 11 1.6370079946296918 1.0 [-1,-1] 1.0 1.0 1.0 0.0007982518636535506 0.11473445525619816 36.23595047972455 119.13181240835479 2420.1361022713204 2420.1361022713204 -2332.0967832678625 592.2746728346461 259.988574570733
243.14633655893968 55.34632481952924 39633325949716726 6 299-300-302-305-308-475 0.581434197227132 1.0 11 0.43064043326842844 1.0 [-1,-1] 1.0 1.0 1.0 0.0005369919189708607 0.1615383650856205 34.65367518047076 116.85366344106032 2213.387199539204 2213.387199539204 173.5989503576751 122.55924324057595 -2203.162620283626
240.32797545664204 54.36443496158545 39633311936546541 6 299-300-302-306-307-308 0.45538195583651336 1.0 11 1.5297440815470698 1.0 [-1,-1] 1.0 1.0 1.0 0.0005330850268982689 0.1625298359500762 35.63556503841455 119.67202454335796 1794.4714423178434 1794.4714423178434 -1514.2946533302456 -454.36582992525734 -848.876406072194
244.5521046355781 54.361579293338586 39633311978489295 7 299-300-302-306-307-308-475 0.7848204227670086 1.0 11 1.2117357295717608 1.0 [-1,-1] 1.0 1.0 1.0 0.0007064174578981374 0.12774458208408304 35.638420706661414 115.4478953644219 2825.1690058046793 2825.1690058046793 1752.771536079513 -1772.6362026626937 -1329.3354530284857
240.31074629706137 55.05568146184141 39633322460053706 5 299-300-302-306-308 0.7951000106290262 1.0 11 1.4004510174966056 1.0 [-1,-1] 1.0 1.0 1.0 0.0008239664519383997 0.11155322342262282 34.94431853815859 119.68925370293863 2854.128792852184 2854.128792852184 -1025.7472456594273 -327.1425102117535 -2643.2690994717723
241.2644062632429 53.686985086980975 39633304823007669 5 299-300-302-306-308 0.6843500255006051 1.0 11 1.556259809983719 1.0 [-1,-1] 1.0 1.0 1.0 0.0008053318504768218 0.11384060807160488 36.313014913019025 118.7355937367571 2532.4118511690663 2532.4118511690663 -1989.3395725475737 1496.441896822217 465.0800989860788
241.54477656526421 53.58839648409294 39633301232681092 5 299-300-302-306-308 0.6801481002950404 1.0 11 1.5592914760726897 1.0 [-1,-1] 1.0 1.0 1.0 0.0008053318504768218 0.11384060807160488 36.41160351590706 118.45522343473579 2519.7742126928074 2519.7742126928074 -1455.4678261098145 1932.5681118803245 704.31241864257
241.14165566615986 53.707154362719436 39633304823006556 5 299-300-302-306-308 0.6497320108337801 1.0 11 1.5807704461636871 1.0 [-1,-1] 1.0 1.0 1.0 0.0007982518636535506 0.11473445525619816 36.292845637280564 118.85834433384014 2427.3247624187293 2427.3247624187293 -2075.437354583756 1194.3217571662524 397.5686479198744
242.21642925722944 53.566657597689385 39633301236877622 5 299-300-302-307-308 0.6542604973668519 1.0 11 1.4472642518217098 1.0 [-1,-1] 1.0 1.0 1.0 0.0006371005092682059 0.1397016056866948 36.433342402310615 117.78357074277056 2441.1977975328937 2441.1977975328937 60.8923486696678 2327.7130419368023 733.1376425680668
242.60391234759723 55.60285515824854 39633329389046232 6 299-300-302-307-308-475 0.5357091135064005 1.0 11 0.6283847621481977 1.0 [-1,-1] 1.0 1.0 1.0 0.0006094867785671962 0.14511252611805409 34.39714484175146 117.39608765240277 2065.1085331303166 2065.1085331303166 -132.54948229485382 -301.9612155261321 -2038.6081802712836
240.98290073409808 53.74107670848482 39633304823005243 4 299-300-302-308 0.9689065552844185 1.0 11 1.6108350300925915 1.0 [-1,-1] 1.0 1.0 1.0 0.0003767415448896098 0.21544643941305056 36.25892329151518 119.01709926590192 3317.649224162871 3317.649224162871 -3074.549217130096 1169.2948485571612 432.07990368784385
240.95347861165902 53.738883222217574 39633304818815029 4 299-300-302-308 1.0838633202449621 1.0 11 1.6235368770788323 1.0 [-1,-1] 1.0 1.0 1.0 0.00012850791192818028 0.44600300211103894 36.261116777782426 119.04652138834098 3599.025766652748 3599.025766652748 -3370.200552627921 1169.4585738354433 476.551516815999
244.14610212539162 55.11596456600598 39633322493611732 4 299-300-302-308 1.050150113869591 1.0 11 0.8112732192788495 1.0 [-1,-1] 1.0 1.0 1.0 0.00014839258087788972 0.41078905010633954 34.88403543399402 115.85389787460838 3518.455058421047 3518.455058421047 1045.905026916232 -423.86065712261717 -3332.5591991956558
244.00382769050717 53.66264540675048 39633304852366342 6 299-300-303-304-305-306 0.8501734477366448 1.0 11 1.5066587233178683 1.0 [-1,-1] 1.0 1.0 1.0 0.0006576102792991648 0.1359368301360722 36.33735459324952 115.99617230949283 3006.2592615956755 3006.2592615956755 2854.5883011236247 -706.9090868560489 623.8588958556736
244.3511202229612 55.771683845389134 39633332828375102 6 299-300-303-304-305-306 0.9045283872365267 1.0 11 1.2059273632018925 1.0 [-1,-1] 1.0 1.0 1.0 0.0005723615213970424 0.15308410280969617 34.228316154610866 115.64887977703879 3151.549153277991 3151.549153277991 -846.5856585957753 566.8955601951511 -2982.311890466556
244.36584078675082 55.77630917530512 39633332828375209 6 299-300-303-304-305-306 0.9044963648876517 1.0 11 1.2152330006713727 1.0 [-1,-1] 1.0 1.0 1.0 0.0005723615213970424 0.15308410280969617 34.22369082469488 115.63415921324918 3151.4649409810654 3151.4649409810654 -849.4650601536551 587.1169773783782 -2977.487874145756
244.2333915833166 54.24698038091882 39633311974296102 7 299-300-303-304-305-306-307 0.8126373756068603 1.0 11 1.129216149929843 1.0 [-1,-1] 1.0 1.0 1.0 0.000762533893525711 0.11946670068019369 35.75301961908118 115.7666084166834 2903.1219142168047 2903.1219142168047 2405.3373156755592 -1228.8571988919325 -1064.1330891180924
243.02616105819325 55.71726398584666 39633332815792108 8 299-300-303-304-305-306-307-308 0.8454893582712306 1.0 11 0.7537977031330838 1.0 [-1,-1] 1.0 1.0 1.0 0.0006366829495309179 0.1397804201853648 34.28273601415334 116.97383894180675 2993.515731673368 2993.515731673368 -602.6045888653618 -544.6342159288273 -2881.21115437483
243.0278274998225 55.7159932252665 39633332815792125 8 299-300-303-304-305-306-307-308 0.8452869809696638 1.0 11 0.7527536462574508 1.0 [-1,-1] 1.0 1.0 1.0 0.0006366829495309179 0.1397804201853648 34.2840067747335 116.97217250017749 2992.9643351314894 2992.9643351314894 -600.6798092110253 -541.0786648926155 -2881.710109739234
244.4038104417857 55.629441887136544 39633332828375545 8 299-300-303-304-305-306-307-308 0.7981913263572541 1.0 11 1.1436077718582358 1.0 [-1,-1] 1.0 1.0 1.0 0.0008239664519383997 0.11155322342262282 34.370558112863456 115.59618955821429 2862.8025450479736 2862.8025450479736 -425.9392876357461 318.9472994540193 -2812.9142815508076
240.5155026796306 55.085225714052285 39633322460055796 9 299-300-303-304-305-306-307-308-475 0.7682998351194681 1.0 11 1.2848731746576174 1.0 [-1,-1] 1.0 1.0 1.0 0.0007242712797402853 0.12498917450484462 34.914774285947715 119.4844973203694 2778.24794298489 2778.24794298489 -966.3172014154006 -100.83791708198584 -2602.8300777090785
243.13405216522565 56.33300307930517 39633339589595547 9 299-300-303-304-305-306-307-308-475 0.7026566888393843 1.0 11 1.3702351582620338 1.0 [-1,-1] 1.0 1.0 1.0 0.0005639081233901963 0.1550231922816235 33.66699692069483 116.86594783477435 2587.0950837625314 2587.0950837625314 -1628.6360925807624 -1180.0443843838812 -1627.2985900736203
243.97497140442067 55.327620560760806 39633325958104894 9 299-300-303-304-305-306-307-308-475 0.7103007965962639 1.0 11 0.7814746066071835 1.0 [-1,-1] 1.0 1.0 1.0 0.0005823912580269674 0.15084542533972659 34.672379439239194 116.02502859557933 2609.748907027356 2609.748907027356 292.2814715525668 -63.49014138299489 -2592.552776910185
241.0304929253832 55.65579760478622 39633332794822441 9 299-300-303-304-305-306-307-308-475 0.9620994190444598 1.0 11 1.189081607299002 1.0 [-1,-1] 1.0 1.0 1.0 0.0003767415448896098 0.21544643941305056 34.34420239521378 118.96950707461681 3300.384603951159 3300.384603951159 640.509875755854 -279.15790402889974 -3225.5784748902424
242.40504254932492 55.679751924319945 39633332811596202 8 299-300-303-304-305-306-308-475 0.8865762007932775 1.0 11 0.726742827368235 1.0 [-1,-1] 1.0 1.0 1.0 0.0005346154933450218 0.1621399955636538 34.320248075680055 117.59495745067508 3104.0850575000068 3104.0850575000068 -155.49618690711785 -712.8563175965506 -3017.11797093101
242.88652874745648 55.79251996798386 39633332815790898 8 299-300-303-304-305-306-308-475 0.6489544552307024 1.0 11 0.8162123344889569 1.0 [-1,-1] 1.0 1.0 1.0 0.0007982518636535506 0.11473445525619816 34.20748003201614 117.11347125254352 2424.9388664030116 2424.9388664030116 -533.34164627332 -638.0420258658586 -2277.888839994476
242.9074133124723 55.79790820838175 39633332815791090 8 299-300-303-304-305-306-308-475 0.7541005737835758 1.0 11 0.8227801623670751 1.0 [-1,-1] 1.0 1.0 1.0 0.0007242712797402853 0.12498917450484462 34.20209179161825 117.0925866875277 2737.542835157848 2737.542835157848 -626.1040747634889 -717.9955395087576 -2566.4405052784978
244.27946344462836 55.73575096380043 39633332828374464 8 299-300-303-304-305-306-308-475 0.6395614498627037 1.0 11 1.1519302292071483 1.0 [-1,-1] 1.0 1.0 1.0 0.0007982518636535506 0.11473445525619816 34.26424903619957 115.72053655537164 2396.027380134692 2396.027380134692 -601.6510963100887 343.19872345216925 -2293.725746658651
242.55432941303582 55.86101998888232 39633332811597416 7 299-300-303-304-305-307-308 0.7425512407670417 1.0 11 0.8879904999270982 1.0 [-1,-1] 1.0 1.0 1.0 0.0006073340474539246 0.1455520198534496 34.13898001111768 117.44567058696418 2704.174803593108 2704.174803593108 -391.33272361852516 -1027.01696010371 -2470.76025374225
244.0099760744205 53.934417596942 39633308425913090 7 299-300-303-304-305-307-308 0.8004016237831038 1.0 11 1.2765542922587667 1.0 [-1,-1] 1.0 1.0 1.0 0.0008239664519383997 0.11155322342262282 36.065582403058 115.9900239255795 2868.994369862161 2868.994369862161 2775.1107583253565 -705.3639507050189 -179.86292106337456
243.02012802659803 55.68877951370082 39633332815792054 7 299-300-303-304-305-307-308 0.9117492399147141 1.0 11 0.7252399428275218 1.0 [-1,-1] 1.0 1.0 1.0 0.00042618922305278896 0.1953324009783564 34.31122048629918 116.97987197340197 3170.497524674884 3170.497524674884 -570.3574082655211 -521.7753258250928 -3074.8166596020524
245.26311392744603 54.616397099290886 39633315514287533 8 299-300-303-304-306-307-308-475 0.8970593127611547 1.0 11 1.4935454660698506 1.0 [-1,-1] 1.0 1.0 1.0 0.0005723615213970424 0.15308410280969617 35.383602900709114 114.73688607255397 3131.8633445098135 3131.8633445098135 158.20284146379387 -2297.3642694405007 -2122.6533591557272
243.39346082404003 56.25721965604291 39633339593787750 8 299-300-303-304-306-307-308-475 0.6366979707178101 1.0 11 1.327885651381077 1.0 [-1,-1] 1.0 1.0 1.0 0.0007982518636535506 0.11473445525619816 33.74278034395709 116.60653917595997 2387.1806976792104 2387.1806976792104 -1620.747804731012 -624.1780135077358 -1637.7454149791854
243.769212127059 55.20597311064316 39633325953912595 6 299-300-303-304-306-308 0.9660092203028711 1.0 11 0.6254789675298763 1.0 [-1,-1] 1.0 1.0 1.0 0.0003767415448896098 0.21544643941305056 34.79402688935684 116.230787872941 3310.3093384862914 3310.3093384862914 775.609506321882 -6.313841190483576 -3218.157538962643
243.81572073304318 55.20197726220213 39633325958103318 7 299-300-303-304-306-308-475 0.7711774617689126 1.0 11 0.6490171771532088 1.0 [-1,-1] 1.0 1.0 1.0 0.0007064174578981374 0.12774458208408304 34.79802273779787 116.18427926695682 2786.4546509697807 2786.4546509697807 662.719563095679 -36.25300274624629 -2706.2553505523597
242.7913598114173 55.03655894849098 39633322481028020 5 299-300-303-305-306 0.7239662737967493 1.0 11 0.061330770385410585 1.0 [-1,-1] 1.0 1.0 1.0 0.0005823912580269674 0.15084542533972659 34.96344105150902 117.2086401885827 2649.986010824584 2649.986010824584 591.7717997093627 862.9809901304351 -2434.644903329483
243.8268920654527 53.634065197995604 39633304848174043 5 299-300-303-305-306 0.6080716633216026 1.0 11 1.4853196618392477 1.0 [-1,-1] 1.0 1.0 1.0 0.0006106036532175123 0.14488555312656437 36.365934802004396 116.17310793454729 2297.8867947595113 2297.8867947595113 2228.4827950978133 -146.89147837450227 540.8983703655724
