data_rosette/LRG_14_clustering_data.ecsv
# %ECSV 1.0
# ---
# datatype:
# - {name: RA, unit: deg, datatype: float64}
# - {name: DEC, unit: deg, datatype: float64}
# - {name: TARGETID, datatype: int64}
# - {name: NTILE, datatype: int64}
# - {name: TILES, datatype: string}
# - {name: Z, datatype: float64}
# - {name: COMP_TILE, datatype: float64}
# - {name: ROSETTE_NUMBER, datatype: int32}
# - {name: ROSETTE_R, unit: deg, datatype: float64}
# - {name: FRACZ_TILELOCID, datatype: float64}
# - {name: BITWEIGHTS, datatype: string, subtype: 'int64[2]'}
# - {name: PROB_OBS, datatype: float64}
# - {name: WEIGHT_ZFAIL, datatype: float64}
# - {name: WEIGHT, datatype: float64}
# - {name: NZ, unit: h3 / Mpc3, datatype: float64}
# - {name: WEIGHT_FKP, datatype: float64}
# - {name: theta, unit: deg, datatype: float64}
# - {name: phi, unit: deg, datatype: float64}
# - {name: rho, unit: Mpc, datatype: float64}
# - {name: r, unit: Mpc, datatype: float64}
# - {name: x, unit: Mpc, datatype: float64}
# - {name: y, unit: Mpc, datatype: float64}
# - {name: z, unit: Mpc, datatype: float64}
# meta: !!omap
# - {EXTNAME: LSS}
# - {DESIDR: edr}
# - comments: ['Visit https://desidatamodel.readthedocs.io/en/latest/ for a more complet', e description]
# schema: astropy-2.0
RA DEC TARGETID NTILE TILES Z COMP_TILE ROSETTE_NUMBER ROSETTE_R FRACZ_TILELOCID BITWEIGHTS PROB_OBS WEIGHT_ZFAIL WEIGHT NZ WEIGHT_FKP theta phi rho r x y z
[from data line 2107]
252.40991145972856 35.91766379002817 39633001545470630 10 379-380-382-384-385-386-387-388-436-437 0.8962996967396646 0.9090909090909091 14 1.4195731678974701 0.5 [-1,-1] 1.0 1.0 1.0 0.0005723615213970424 0.15308410280969617 54.08233620997183 107.59008854027144 3129.856346148278 3129.856346148278 -1396.462998495373 -1370.289170569067 -2442.989854743384
252.14176110568803 34.19441825136086 39632966900516130 10 379-380-382-384-385-386-387-388-436-437 0.8427238886263322 0.9090909090909091 14 0.42527865657322356 1.0 [-1,-1] 1.0 1.0 1.0 0.0006366829495309179 0.1397804201853648 55.80558174863914 107.85823889431197 2985.975132857075 2985.975132857075 -1015.5353148048591 -1746.3976545037006 2198.824856774408
251.17227173065987 35.108022367897995 39632981823851372 10 379-380-382-384-385-386-387-388-436-437 0.8994867838522564 0.9090909090909091 14 1.2482805454031263 1.0 [-1,-1] 1.0 1.0 1.0 0.0005723615213970424 0.15308410280969617 54.891977632102005 108.82772826934013 3138.270919888885 3138.270919888885 1339.6495153203487 -2825.1726543386835 -269.2266998258157
252.72683810947927 33.26009490561775 39632946784635749 10 379-380-382-384-385-386-387-388-436-437 0.7128160809060586 0.9090909090909091 14 1.254123886652269 1.0 [-1,-1] 1.0 1.0 1.0 0.0005823912580269674 0.15084542533972659 56.73990509438225 107.27316189052073 2617.180121338268 2617.180121338268 445.9660011365339 220.40461888255572 2569.468411429437
251.17048687460348 35.10890330400234 39632981823851348 10 379-380-382-384-385-386-387-388-436-437 0.6102416322564181 0.9090909090909091 14 1.2499844231009394 1.0 [-1,-1] 1.0 1.0 1.0 0.0007056687116799521 0.12786279395313782 54.89109669599766 108.82951312539652 2304.710228341582 2304.710228341582 987.4495784049624 -2072.8571105039514 -199.739746078191
251.4067403778373 33.73532271585371 39632956859351203 9 379-380-382-384-385-386-387-388-437 0.7961974452795756 1.0 14 1.1848600375029388 1.0 [-1,-1] 1.0 1.0 1.0 0.0008239664519383997 0.11155322342262282 56.26467728414629 108.59325962216269 2857.2098796342957 2857.2098796342957 165.56306204448714 -783.2502755030438 2742.764330869622
251.65636387992325 34.21130499342171 39632966892129059 9 379-380-382-384-385-386-387-388-437 0.9001969084538427 1.0 14 0.7539244061265244 1.0 [-1,-1] 1.0 1.0 1.0 0.0005723615213970424 0.15308410280969617 55.78869500657829 108.34363612007675 3140.143616369573 3140.143616369573 -89.3393808437863 -2161.4046855689535 2276.148104069154
252.3747370123695 34.752850620846594 39632976878766110 9 379-380-382-384-385-386-387-389-436 0.7675997996908474 1.0 14 0.27305309733252486 1.0 [-1,-1] 1.0 1.0 1.0 0.0007242712797402853 0.12498917450484462 55.247149379153406 107.62526298763049 2776.2493463142637 2776.2493463142637 -1843.0792451190323 -1940.3911304954906 738.5807943727388
253.44327452527622 33.65649956625831 39632956884521096 9 379-380-382-384-385-386-387-389-436 0.8719337808199825 1.0 14 1.1497281685969325 1.0 [-1,-1] 1.0 1.0 1.0 0.0005346154933450218 0.1621399955636538 56.34350043374169 106.55672547472378 3064.9926484442544 3064.9926484442544 -603.8581328513575 158.97527092130747 3000.71027485862
251.6158170834169 34.41499886888789 39632971887545859 10 379-380-382-384-385-386-387-389-436-437 0.7805541966860746 1.0 14 0.7339856088223816 1.0 [-1,-1] 1.0 1.0 1.0 0.0007064174578981374 0.12774458208408304 55.58500113111211 108.38418291658309 2813.097162150541 2813.097162150541 -1.7642695434355373 -2310.364925461296 1604.9069886602854
251.73366432071137 35.72439220445205 39632996633938223 10 379-380-382-384-385-386-387-389-436-437 0.9081655103943055 1.0 14 1.3755290356467542 1.0 [-1,-1] 1.0 1.0 1.0 0.0005723615213970424 0.15308410280969617 54.27560779554795 108.26633567928863 3161.1035919770843 3161.1035919770843 -285.55272741103005 -2396.174715399913 -2041.9065336975375
253.23747869396044 35.694302317025695 39632996654909520 7 379-380-382-384-385-386-388 0.671574158603193 1.0 14 1.3380590487380246 1.0 [-1,-1] 1.0 1.0 1.0 0.0008053318504768218 0.11384060807160488 54.305697682974305 106.76252130603956 2493.8868683031133 2493.8868683031133 -1948.7913343771024 100.70347658295239 -1552.9143108219234
252.70163168219887 35.283019011120025 39632986789908603 8 379-380-382-384-385-386-388-389 0.6173722617312073 1.0 14 0.8002937861007626 1.0 [-1,-1] 1.0 1.0 1.0 0.0007056687116799521 0.12786279395313782 54.716980988879975 107.29836831780113 2327.0689987423316 2327.0689987423316 -1989.853621197143 -1046.6312179667987 -600.2464366354789
254.14795892714704 34.42029343053616 39632971925291516 9 379-380-382-384-385-386-388-389-436 1.0099027248614894 1.0 14 1.3610956126900384 1.0 [-1,-1] 1.0 1.0 1.0 0.00023297360745577845 0.30751381291380364 55.57970656946384 105.85204107285296 3420.17341267966 3420.17341267966 -1612.0170840814712 2312.904577875502 1936.3521134010848
251.75800097710146 35.7262351360686 39632996633938603 10 379-380-382-384-385-386-388-389-436-437 0.9098161123036258 1.0 14 1.3682203256033376 1.0 [-1,-1] 1.0 1.0 1.0 0.0005723615213970424 0.15308410280969617 54.2737648639314 108.24199902289854 3165.43276291212 3165.43276291212 -343.7106874539613 -2388.0536736732647 -2049.152798476241
251.76229082664108 34.212774745225715 39632966896320614 10 379-380-382-384-385-386-388-389-436-437 0.7952025503852749 1.0 14 0.6733417307724069 1.0 [-1,-1] 1.0 1.0 1.0 0.0008239664519383997 0.11155322342262282 55.787225254774285 108.23770917335892 2854.416763427693 2854.416763427693 -288.9302638341125 -1948.1422271760043 2066.1452573987854
251.93710629046305 33.91318554783484 39632961884131771 10 379-380-382-384-385-386-388-389-436-437 0.7977553396736258 1.0 14 0.7490373174793079 1.0 [-1,-1] 1.0 1.0 1.0 0.0008239664519383997 0.11155322342262282 56.08681445216516 108.06289370953695 2861.5802153879663 2861.5802153879663 -403.6012995436359 -1209.5849781352806 2561.76726124291
252.47437652965544 35.12749009500842 39632986789905188 10 379-380-382-384-385-386-388-389-436-437 0.7694835813228803 1.0 14 0.62784263282019 1.0 [-1,-1] 1.0 1.0 1.0 0.0007242712797402853 0.12498917450484462 54.87250990499158 107.52562347034456 2781.625602849804 2781.625602849804 -2095.12222666243 -1806.191428727021 -292.5343955292088
252.64783706892646 35.527363975444224 39632991726601754 10 379-380-382-384-385-386-388-389-436-437 0.710314114864754 1.0 14 1.0344739342617553 1.0 [-1,-1] 1.0 1.0 1.0 0.0005823912580269674 0.15084542533972659 54.472636024555776 107.35216293107354 2609.7882847685487 2609.7882847685487 -1961.098356023909 -1170.2491196689566 -1263.1726434773343
252.43386088033662 35.91600882186997 39633001549660253 8 379-380-382-384-385-386-388-436 0.906172705919836 1.0 14 1.417039493277818 1.0 [-1,-1] 1.0 1.0 1.0 0.0005723615213970424 0.15308410280969617 54.08399117813003 107.56613911966338 3155.87121724503 3155.87121724503 -1443.7289753490295 -1350.346227719862 -2460.0274085578817
252.20185748226896 36.036675354548755 39633001545467245 8 379-380-382-384-385-386-388-436 1.0319039439070197 1.0 14 1.5558328161061081 1.0 [-1,-1] 1.0 1.0 1.0 0.00017557006270178804 0.37077784677498654 53.963324645451245 107.79814251773104 3474.1853417669563 3474.1853417669563 -1015.704589612005 -1527.5205478589992 -2950.4218260204816
254.0511175286705 34.696634365722055 39632976899740616 9 379-380-382-384-385-386-388-436-437 0.8170531582601535 1.0 14 1.2918457741841434 1.0 [-1,-1] 1.0 1.0 1.0 0.000762533893525711 0.11946670068019369 55.303365634277945 105.94888247132951 2915.3765055544904 2915.3765055544904 -1791.1744972901697 2102.8517980790884 932.2705641132114
254.06260488199948 34.69556204077303 39632976899740841 9 379-380-382-384-385-386-388-436-437 0.7861442401381323 1.0 14 1.3010385589162223 1.0 [-1,-1] 1.0 1.0 1.0 0.0007064174578981374 0.12774458208408304 55.30443795922697 105.93739511800052 2828.9085892570747 2828.9085892570747 -1713.8742027774078 2059.566459236208 907.4938145330719
251.68201907474048 34.81924435730204 39632976870376095 9 379-380-382-384-385-386-388-436-437 0.8484643201189838 1.0 14 0.7447191653955733 1.0 [-1,-1] 1.0 1.0 1.0 0.0006366829495309179 0.1397804201853648 55.18075564269796 108.31798092525952 3001.6135669211094 3001.6135669211094 -196.7350960122428 -2933.4592624367965 604.8107660629772
252.24549461829983 33.803733234812 39632956867744023 9 379-380-382-384-385-386-388-436-437 0.5437725239500965 1.0 14 0.7274238249522649 1.0 [-1,-1] 1.0 1.0 1.0 0.0006094867785671962 0.14511252611805409 56.196266765188 107.75450538170017 2091.5566621631588 2091.5566621631588 -425.5641342836736 -583.1318049527297 1963.0236210252422
252.70404934012694 35.28391598233482 39632986789908647 7 379-380-382-384-385-386-389 0.8720321375582166 1.0 14 0.8015829182920247 1.0 [-1,-1] 1.0 1.0 1.0 0.0005346154933450218 0.1621399955636538 54.71608401766518 107.29595065987306 3065.256386986155 3065.256386986155 -2623.76623751744 -1371.9710764887466 -793.3112970967351
252.6158658060287 35.070917431484176 39632981844821878 8 379-380-382-384-385-386-389-436 0.7400205166256223 1.0 14 0.5787935164336878 1.0 [-1,-1] 1.0 1.0 1.0 0.0006073340474539246 0.1455520198534496 54.929082568515824 107.3841341939713 2696.8318096880107 2696.8318096880107 -2267.7869086268356 -1453.5288093154584 -131.52318159106932
253.55874991963748 34.993875213562916 39632981857405939 9 379-380-382-384-385-386-389-436-437 0.8222840148681467 1.0 14 1.0003543477837935 1.0 [-1,-1] 1.0 1.0 1.0 0.000762533893525711 0.11946670068019369 55.006124786437084 106.44125008036252 2929.8509085144974 2929.8509085144974 -2727.407056506871 1066.9708072937854 82.76708659000674
254.08017966713322 34.707000925173666 39632976903930177 7 379-380-382-384-385-386-436 1.0900318410093097 1.0 14 1.3170030115043745 1.0 [-1,-1] 1.0 1.0 1.0 5.9370222311395755e-05 0.6353792046182113 55.292999074826334 105.91982033286678 3613.598226396104 3613.598226396104 -2150.8614813500044 2679.0871001745686 1119.9907765406622
252.35640737879254 35.996977723115336 39633001545469759 7 379-380-382-384-385-387-388 0.8585487871198024 1.0 14 1.501563063969148 1.0 [-1,-1] 1.0 1.0 1.0 0.0006576102792991648 0.1359368301360722 54.003022276884664 107.64359262120746 3028.956006715901 3028.956006715901 -1148.0769093602682 -1253.9403890671827 -2506.8161882116833
254.0595185157219 35.087594407778504 39632981865792324 7 379-380-382-384-385-387-388 0.8037672935464472 1.0 14 1.409033526942567 1.0 [-1,-1] 1.0 1.0 1.0 0.0008239664519383997 0.11155322342262282 54.912405592221496 105.94048148427811 2878.406935462668 2878.406935462668 -1844.0307064354947 2202.117005430415 -188.3027727803861
253.0361026903823 34.50025568517526 39632971908516179 9 379-380-382-384-385-387-388-389-436 0.5901405321392738 1.0 14 0.4418151463253295 1.0 [-1,-1] 1.0 1.0 1.0 0.0006106036532175123 0.14488555312656437 55.49974431482474 106.96389730961769 2241.156330015059 2241.156330015059 -1921.0869153673334 -289.846943979592 1117.2267040474303
252.4750106071045 34.20511195461319 39632966904710899 9 379-380-382-384-385-387-388-389-436 0.8492710793079794 1.0 14 0.29560883897496504 1.0 [-1,-1] 1.0 1.0 1.0 0.0006366829495309179 0.1397804201853648 55.79488804538681 107.52498939289549 3003.807067881458 3003.807067881458 -1557.9182622014475 -1341.3502689473182 2190.097496767845
253.80522313899036 33.65957781030548 39632956892905577 10 379-380-382-384-385-387-388-389-436-437 0.909848943342116 1.0 14 1.3692837464251453 1.0 [-1,-1] 1.0 1.0 1.0 0.0005723615213970424 0.15308410280969617 56.34042218969452 106.19477686100964 3165.5188284049464 3165.5188284049464 -532.8818061431194 379.9252317598532 3097.1282265899313
252.87505482694505 34.50738716602407 39632971904323781 10 379-380-382-384-385-387-388-389-436-437 0.8629987816313921 1.0 14 0.3091668985310103 1.0 [-1,-1] 1.0 1.0 1.0 0.0006576102792991648 0.1359368301360722 55.49261283397593 107.12494517305495 3040.9689198247324 3040.9689198247324 -2520.1084268513564 -809.4695351871806 1497.0987141323155
251.12048116245316 35.09499566132962 39632981823850631 10 379-380-382-384-385-387-388-389-436-437 0.8540429701610156 1.0 14 1.2795562909356348 1.0 [-1,-1] 1.0 1.0 1.0 0.0006576102792991648 0.1359368301360722 54.90500433867038 108.87951883754684 3016.7596603455336 3016.7596603455336 1428.1209746939903 -2648.220695184662 -219.62804812421058
253.68254361384277 35.704096425866844 39632996659106200 8 379-380-382-384-385-387-388-436 1.0534669299399833 1.0 14 1.5445894336624209 1.0 [-1,-1] 1.0 1.0 1.0 0.00014839258087788972 0.41078905010633954 54.295903574133156 106.31745638615723 3526.4520320043416 3526.4520320043416 -2406.8876014047564 1304.574808203229 -2222.8001660142813
251.1747211176574 35.11673004239832 39632981823851414 8 379-380-382-384-385-387-388-436 0.9020744060132191 1.0 14 1.2507446396695734 1.0 [-1,-1] 1.0 1.0 1.0 0.0005723615213970424 0.15308410280969617 54.88326995760168 108.82527888234259 3145.091014174294 3145.091014174294 1334.5697977871657 -2832.3595197995337 -297.0866756944295
251.14881534981163 35.09829113581916 39632981823851012 9 379-380-382-384-385-387-388-436-437 0.6719306123780379 1.0 14 1.2605458295000005 1.0 [-1,-1] 1.0 1.0 1.0 0.0008053318504768218 0.11384060807160488 54.90170886418084 108.85118465018837 2494.9658055316354 2494.9658055316354 1118.3083662526637 -2222.2065131162153 -189.83935789317403
251.273298323184 35.114806990815744 39632981828042817 9 379-380-382-384-385-387-388-436-437 0.5831094245234966 1.0 14 1.1800137677708433 1.0 [-1,-1] 1.0 1.0 1.0 0.0005369919189708607 0.1615383650856205 54.885193009184256 108.72670167681599 2218.741823137725 2218.741823137725 740.4006913175255 -2081.456106575515 -205.3352634998278
252.9243924434704 34.5041718661812 39632971908514119 8 379-380-382-384-385-387-388-437 0.8629218329690636 1.0 14 0.34976879949799666 1.0 [-1,-1] 1.0 1.0 1.0 0.0006576102792991648 0.1359368301360722 55.4958281338188 107.0756075565296 3040.7614666842915 3040.7614666842915 -2552.1255689429063 -682.9044319347638 1505.4988922160344
252.92022888593087 34.50521277062522 39632971908514055 8 379-380-382-384-385-387-388-437 0.8615113766176672 1.0 14 0.34634978273673894 1.0 [-1,-1] 1.0 1.0 1.0 0.0006576102792991648 0.1359368301360722 55.49478722937478 107.07977111406913 3036.957187486897 3036.957187486897 -2547.5796308669783 -693.067221222639 1500.8680188100232
252.19083827565208 34.899137347071566 39632981840625827 8 379-380-382-384-385-387-388-437 0.8460418626395774 1.0 14 0.47319739721053733 1.0 [-1,-1] 1.0 1.0 1.0 0.0006366829495309179 0.1397804201853648 55.100862652928434 107.80916172434792 2995.0207417440606 2995.0207417440606 -1618.4499065525995 -2493.142985990381 367.4332522567804
252.41641294368526 34.42479798830527 39632971900126933 8 379-380-382-384-385-387-388-437 0.8615466986421063 1.0 14 0.10200460800528745 1.0 [-1,-1] 1.0 1.0 1.0 0.0006576102792991648 0.1359368301360722 55.57520201169473 107.58358705631474 3037.0524972673593 3037.0524972673593 -1803.7700991967847 -1747.0888571512169 1708.1515815698504
252.47935509491725 34.21201061320753 39632966904710987 8 379-380-382-384-385-387-389-436 0.8500948585653191 1.0 14 0.2884932597144389 1.0 [-1,-1] 1.0 1.0 1.0 0.0006576102792991648 0.1359368301360722 55.78798938679247 107.52064490508275 3006.045747723027 3006.045747723027 -1576.3600158957522 -1345.3475146214907 2177.48483406673
253.7644748874902 33.66389345509314 39632956888715459 9 379-380-382-384-385-387-389-436-437 0.8117615895584509 1.0 14 1.3400818889233035 1.0 [-1,-1] 1.0 1.0 1.0 0.000762533893525711 0.11946670068019369 56.33610654490686 106.2355251125098 2900.6875682674636 2900.6875682674636 -512.3264979830661 334.6543119628556 2835.404101649443
253.45387751399022 35.07395453501585 39632981857403913 9 379-380-382-384-385-387-389-436-437 0.8694193557545408 1.0 14 0.9711443650749927 1.0 [-1,-1] 1.0 1.0 1.0 0.0006576102792991648 0.1359368301360722 54.92604546498415 106.54612248600978 3058.245065375658 3058.245065375658 -2945.091101840809 808.8279274804285 -158.42558341494538
