data_rosette/LRG_19_clustering_data.ecsv
# %ECSV 1.0
# ---
# datatype:
# - {name: RA, unit: deg, datatype: float64}
# - {name: DEC, unit: deg, datatype: float64}
# - {name: TARGETID, datatype: int64}
# - {name: NTILE, datatype: int64}
# - {name: TILES, datatype: string}
# - {name: Z, datatype: float64}
# - {name: COMP_TILE, datatype: float64}
# - {name: ROSETTE_NUMBER, datatype: int32}
# - {name: ROSETTE_R, unit: deg, datatype: float64}
# - {name: FRACZ_TILELOCID, datatype: float64}
# - {name: BITWEIGHTS, datatype: string, subtype: 'int64[2]'}
# - {name: PROB_OBS, datatype: float64}
# - {name: WEIGHT_ZFAIL, datatype: float64}
# - {name: WEIGHT, datatype: float64}
# - {name: NZ, unit: h3 / Mpc3, datatype: float64}
# - {name: WEIGHT_FKP, datatype: float64}
# - {name: theta, unit: deg, datatype: float64}
# - {name: phi, unit: deg, datatype: float64}
# - {name: rho, unit: Mpc, datatype: float64}
# - {name: r, unit: Mpc, datatype: float64}
# - {name: x, unit: Mpc, datatype: float64}
# - {name: y, unit: Mpc, datatype: float64}
# - {name: z, unit: Mpc, datatype: float64}
# meta: !!omap
# - {EXTNAME: LSS}
# - {DESIDR: edr}
# - comments: ['Visit https://desidatamodel.readthedocs.io/en/latest/ for a more complet', e description]
# schema: astropy-2.0
RA DEC TARGETID NTILE TILES Z COMP_TILE ROSETTE_NUMBER ROSETTE_R FRACZ_TILELOCID BITWEIGHTS PROB_OBS WEIGHT_ZFAIL WEIGHT NZ WEIGHT_FKP theta phi rho r x y z
[from data line 2463]
235.66781074804453 43.09118041014854 39633132017681524 7 571-572-574-576-579-580-581 0.8015653790340653 1.0 19 0.477261375027191 1.0 [-1,-1] 1.0 1.0 1.0 0.0008239664519383997 0.11155322342262282 46.90881958985146 124.33218925195547 2872.2511386253423 2872.2511386253423 145.2789339769537 -595.519883939266 -2806.0785275024036
235.38803860254754 44.88313954394179 39633166859764673 5 571-572-574-576-580 0.5587458379429422 1.0 19 1.5213980310923019 1.0 [-1,-1] 1.0 1.0 1.0 0.0006724560872077301 0.13333590500666823 45.11686045605821 124.61196139745246 2140.3274233189118 2140.3274233189118 962.2933644979707 -1684.3830107750784 904.3488445652094
236.277659489016 43.444900385168516 39633140842499158 4 571-572-574-577 0.9018830412158018 1.0 19 0.12908249779847006 1.0 [-1,-1] 1.0 1.0 1.0 0.0005723615213970424 0.15308410280969617 46.555099614831484 123.722340510984 3144.5870020907055 3144.5870020907055 -613.3726587153615 -1578.7486100089645 -2649.4818779627503
233.94924953952096 43.56835547133725 39633140817330408 5 571-572-574-577-578 1.0306244610314366 1.0 19 1.564301487284452 1.0 [-1,-1] 1.0 1.0 1.0 0.00017557006270178804 0.37077784677498654 46.43164452866275 126.05075046047904 3471.0632768929554 3471.0632768929554 2051.5851425497945 836.2343192484534 -2672.076128850912
236.32411987576597 44.05411943046586 39633149596011103 6 571-572-574-577-578-579 0.5288147122346822 1.0 19 0.6254341771887664 1.0 [-1,-1] 1.0 1.0 1.0 0.0006888416087567301 0.1305783864573065 45.94588056953414 123.67588012423403 2042.3920013670058 2042.3920013670058 -764.264170771281 -1725.1444784127248 -781.7556479650772
237.15474195601308 44.377495945643794 39633158278219471 8 571-572-574-577-578-579-580-581 0.9482892790914401 1.0 19 1.198966062970702 1.0 [-1,-1] 1.0 1.0 1.0 0.0003671239319408774 0.21984967794317842 45.622504054356206 122.84525804398692 3265.1442689116 3265.1442689116 -3088.6901244244686 -1034.3496383270615 -226.45361066166615
234.38465381465238 43.732121057099725 39633145204574977 8 571-572-574-577-578-579-580-581 0.6330828471460838 1.0 19 1.2739932372532354 1.0 [-1,-1] 1.0 1.0 1.0 0.0007982518636535506 0.11473445525619816 46.267878942900275 125.61534618534762 2375.9897599913566 2375.9897599913566 1792.3300636864549 -86.74464039779821 -1557.3553383064987
237.00598532877413 43.14660384820847 39633136451061932 8 571-572-574-577-578-579-580-581 1.002801895962589 1.0 19 0.7258166770573813 1.0 [-1,-1] 1.0 1.0 1.0 0.00023297360745577845 0.30751381291380364 46.85339615179153 122.99401467122587 3402.59204575855 3402.59204575855 -809.826909800865 -413.30322430325475 -3278.8707584780263
235.81052723334156 43.52155411400515 39633140838303571 8 571-572-574-577-578-579-580-581 0.7623967585880672 1.0 19 0.2218798576354757 1.0 [-1,-1] 1.0 1.0 1.0 0.0007242712797402853 0.12498917450484462 46.47844588599485 124.18947276665844 2761.3680991222473 2761.3680991222473 160.15248222244657 -1653.3711667030557 -2205.871425628198
235.796701809587 43.538225410614295 39633140838303381 7 571-572-574-577-578-579-581 0.6698994497766829 1.0 19 0.23705517574031185 1.0 [-1,-1] 1.0 1.0 1.0 0.0006371005092682059 0.1397016056866948 46.461774589385705 124.203298190413 2488.8146158761215 2488.8146158761215 168.5612766573176 -1520.7765207743955 -1962.912138143627
234.60796618720352 42.476542180112645 39633123117368739 6 571-572-574-577-578-580 0.4792608323531068 1.0 19 1.4627495385463536 1.0 [-1,-1] 1.0 1.0 1.0 0.000668512811805897 0.13401699399284683 47.523457819887355 125.39203381279648 1876.2977186111375 1876.2977186111375 -703.1472782871305 195.86827995407359 -1728.5001159417354
234.38178624045568 44.31720327125118 39633153920336668 6 571-572-574-577-578-580 0.8535581482804053 1.0 19 1.5117918867630649 1.0 [-1,-1] 1.0 1.0 1.0 0.0006576102792991648 0.1359368301360722 45.68279672874882 125.61821375954432 3015.4453768917247 3015.4453768917247 2987.023022159014 -135.98061797448645 -390.0173812088184
234.11800722814144 42.85581978791133 39633127563330923 6 571-572-574-577-578-580 0.8418585957633943 1.0 19 1.563196730052251 1.0 [-1,-1] 1.0 1.0 1.0 0.0006366829495309179 0.1397804201853648 47.14418021208867 125.88199277185856 2983.613164178915 2983.613164178915 -59.098085249369944 -13.10919984285321 -2982.9990074857647
234.11906209689425 42.8457903264689 39633127563330929 6 571-572-574-577-578-581 0.7027080928789277 1.0 19 1.5664351475715614 1.0 [-1,-1] 1.0 1.0 1.0 0.0005639081233901963 0.1550231922816235 47.1542096735311 125.88093790310575 2587.247775104389 2587.247775104389 -76.58965062167152 -16.904449825303285 -2586.0586448834383
234.75659246607594 44.6451080160863 39633162560602375 6 571-572-574-577-579-580 0.7796042516808277 1.0 19 1.5363922128836371 1.0 [-17,-1] 0.9921875 1.0 1.0078125 0.0007064174578981374 0.12774458208408304 45.3548919839137 125.24340753392406 2810.4049234280487 2810.4049234280487 2515.5747361607373 -1124.287715015017 553.3865866505665
234.7542068475444 44.64887863735308 39633162560602352 6 571-572-574-577-579-580 0.7821081241933939 1.0 19 1.5403834553905358 1.0 [-1,-1] 1.0 1.0 1.0 0.0007064174578981374 0.12774458208408304 45.35112136264692 125.2457931524556 2817.49781181365 2817.49781181365 2522.6754566661134 -1120.2486742040337 565.1949821550337
236.63184453355387 43.34777958156945 39633136446867102 7 571-572-574-577-579-580-581 0.8804332928827024 1.0 19 0.39972232210243663 1.0 [-1,-1] 1.0 1.0 1.0 0.0005346154933450218 0.1621399955636538 46.65222041843055 123.36815546644613 3087.726403245884 3087.726403245884 -930.1095434097864 -1050.3602326066366 -2750.580658755226
237.15262331583784 43.91876695586232 39633149608591831 7 571-572-574-577-579-580-581 0.7261873931076445 1.0 19 0.8939595458613521 1.0 [-1,-1] 1.0 1.0 1.0 0.0005823912580269674 0.15084542533972659 46.08123304413768 122.84737668416216 2656.49443404447 2656.49443404447 -2174.226437537181 -733.2379886660336 -1338.6799947711984
235.12289968680793 44.3043081062002 39633153928725652 7 571-572-574-577-579-580-581 0.775818790740611 1.0 19 1.1071899975824449 1.0 [-1,-1] 1.0 1.0 1.0 0.0007064174578981374 0.12774458208408304 45.6956918937998 124.87710031319207 2799.6611602870794 2799.6611602870794 1957.198041007253 -1961.931046184212 -397.8756221683967
236.50228185633156 44.33627342900998 39633153945502828 6 571-572-574-577-579-581 0.7503114828515745 1.0 19 0.9324778687110584 1.0 [-1,-1] 1.0 1.0 1.0 0.0007242712797402853 0.12498917450484462 45.66372657099002 123.49771814366844 2726.621254824829 2726.621254824829 -1519.3818299383686 -2243.9513149444733 -301.0395626402429
234.6192995936793 42.509788423280824 39633123117368884 5 571-572-574-577-580 0.4813474552783499 1.0 19 1.4343453058611284 1.0 [-1,-1] 1.0 1.0 1.0 0.000668512811805897 0.13401699399284683 47.490211576719176 125.3807004063207 1883.392305720668 1883.392305720668 -647.7650874531163 188.37748804729307 -1758.4313721955891
234.39814282733468 44.20723931339534 39633153920336835 5 571-572-574-578-579 0.8646314925841113 1.0 19 1.4424394827350828 1.0 [-1,-1] 1.0 1.0 1.0 0.0006576102792991648 0.1359368301360722 45.79276068660466 125.60185717266532 3045.368442463082 3045.368442463082 2952.666330684348 -182.85258856608178 -722.9076157073788
234.40642044393223 44.2321479987305 39633153920336923 5 571-572-574-578-580 1.0640373121765028 1.0 19 1.4504211979915231 1.0 [-1,-1] 1.0 1.0 1.0 0.00014839258087788972 0.41078905010633954 45.7678520012695 125.59357955606777 3551.8349599032517 3551.8349599032517 3461.7124208889613 -243.15680364643723 -756.9368971681001
234.0530254977096 43.89936765597092 39633149570843166 5 571-572-574-578-580 0.5392711063984207 1.0 19 1.5471644179532682 1.0 [-1,-1] 1.0 1.0 1.0 0.0006094867785671962 0.14511252611805409 46.10063234402908 125.9469745022904 2076.8078834232097 2076.8078834232097 1702.5288561532445 495.59981366713134 -1081.1601654275935
234.40889510455617 44.3574304754376 39633153920336951 5 571-572-574-578-580 0.7051204547436238 1.0 19 1.5191724597173337 1.0 [-1,-1] 1.0 1.0 1.0 0.0005639081233901963 0.1550231922816235 45.6425695245624 125.59110489544383 2594.4081245371435 2594.4081245371435 2577.2225400901916 -187.43901562635477 -231.82776135834075
233.88996184125202 43.568520509201335 39633140813138963 5 571-572-574-578-580 1.0140207591725383 1.0 19 1.6071870338242256 1.0 [-1,-1] 1.0 1.0 1.0 0.00020130102782971312 0.3394727840281335 46.431479490798665 126.11003815874798 3430.3359974242285 3430.3359974242285 1975.3758981080973 945.294735459976 -2640.3622818677286
234.41110415527857 44.30537991434353 39633153920336980 5 571-572-574-578-580 0.9343822246320481 1.0 19 1.4878043822317422 1.0 [-1,-1] 1.0 1.0 1.0 0.0003671239319408774 0.21984967794317842 45.69462008565647 125.58889584472143 3229.363952250039 3229.363952250039 3188.1339971314196 -238.95119346030594 -455.5167171144482
234.41976362518568 44.31566408836339 39633153920337066 6 571-572-574-578-580-581 0.9322052642709071 1.0 19 1.488572823434106 0.5 [-1,-1] 1.0 1.0 1.0 0.0003671239319408774 0.21984967794317842 45.68433591163661 125.58023637481432 3223.736244824247 3223.736244824247 3184.8851579823045 -266.46074397994965 -421.87744497095343
236.63725347113828 43.353143674670584 39633136446867166 6 571-572-574-579-580-581 0.6797679512675271 1.0 19 0.40218083327341175 1.0 [-1,-1] 1.0 1.0 1.0 0.0008053318504768218 0.11384060807160488 46.646856325329416 123.36274652886172 2518.6292875545814 2518.6292875545814 -771.3208868246523 -861.6073090694292 -2237.4517699011676
234.3277736911477 43.919841944873106 39633149570845788 6 571-572-574-579-580-581 0.9205226511239077 1.0 19 1.364958270805439 1.0 [-1,-1] 1.0 1.0 1.0 0.00042618922305278896 0.1953324009783564 46.080158055126894 125.67222630885229 3193.410546327951 3193.410546327951 2759.924015181346 23.51557774248818 -1606.2805998415404
237.01118653455197 43.647128270582776 39633145238127689 6 571-572-574-579-580-581 0.4010544027670422 1.0 19 0.6892078754478832 1.0 [-1,-1] 1.0 1.0 1.0 0.00024055914515870672 0.3007331513712552 46.352871729417224 122.98881346544803 1603.8889738345702 1603.8889738345702 -998.1667058331188 -502.89764927714987 -1150.3117064978028
234.04817247354217 42.993305119151685 39633131996710850 4 571-572-574-580 0.5584953512025531 0.5 19 1.5633294907046895 1.0 [-1,-1] 1.0 1.0 1.0 0.0006724560872077301 0.13333590500666823 47.006694880848315 125.95182752645783 2139.5151847331003 2139.5151847331003 239.8547112629534 71.08526637244094 -2124.839247588682
236.69478132477826 44.41649972914849 39633158274024101 7 571-572-575-576-577-578-579 0.4739165476219811 1.0 19 1.0571527129888822 1.0 [-1,-1] 1.0 1.0 1.0 0.000668512811805897 0.13401699399284683 45.58350027085151 123.30521867522174 1858.0862663955893 1858.0862663955893 -1316.2658805387973 -1310.2433416539193 -56.48974020914393
237.50944176164685 43.993318675056166 39633149612786320 8 571-572-575-576-577-578-579-580 0.6807276455012371 1.0 19 1.1544311584219502 1.0 [-1,-1] 1.0 1.0 1.0 0.0008053318504768218 0.11384060807160488 46.006681324943834 122.49055823835315 2521.5191653875863 2521.5191653875863 -2265.4166185764784 71.50952788477488 -1104.9130432373945
234.43992103176438 43.472949575093374 39633140821526134 8 571-572-575-576-577-578-579-580 0.8731103510828522 1.0 19 1.2051453838640729 1.0 [-1,-1] 1.0 1.0 1.0 0.0005346154933450218 0.1621399955636538 46.527050424906626 125.56007896823562 3068.146542254283 3068.146542254283 1715.1432307809848 -178.3744025212015 -2537.713434408677
234.44182282656553 43.47546320061933 39633140821526148 8 571-572-575-576-577-578-579-580 0.6639641630247605 1.0 19 1.2037908331577294 1.0 [-1,-1] 1.0 1.0 1.0 0.0006371005092682059 0.1397016056866948 46.52453679938067 125.55817717343447 2470.7964841081794 2470.7964841081794 1386.0432541467312 -146.8131103018449 -2040.1385428835902
237.5253125884728 42.67636503016038 39633127605274162 8 571-572-575-576-577-578-579-580 0.6420748288582219 1.0 19 1.29722938547462 1.0 [-1,-1] 1.0 1.0 1.0 0.0007982518636535506 0.11473445525619816 47.32363496983962 122.47468741152721 2403.779727307432 2403.779727307432 476.42064690233076 -22.61171853683004 -2355.985792572648
235.4923370599469 44.12108890386448 39633149587621170 8 571-572-575-576-577-578-579-580 0.6311893600086245 1.0 19 0.801749820089057 1.0 [-1,-1] 1.0 1.0 1.0 0.0007982518636535506 0.11473445525619816 45.87891109613552 124.50766294005311 2370.1184609011584 2370.1184609011584 904.8254158649494 -2055.048467256661 -758.6358037525956
236.46659890742885 43.2560541364495 39633136446865472 8 571-572-575-576-577-578-579-580 0.4392737553287624 1.0 19 0.32965599805895773 1.0 [-1,-1] 1.0 1.0 1.0 0.0006285113834356281 0.1413409039925048 46.7439458635505 123.53340109257115 1738.6069848227523 1738.6069848227523 -342.2374604650414 -546.4735540065558 -1614.6189714915236
237.52524763868195 42.672722249058026 39633127605274160 8 571-572-575-576-577-578-579-580 0.636506873588357 1.0 19 1.2993916903364315 1.0 [-1,-1] 1.0 1.0 1.0 0.0007982518636535506 0.11473445525619816 47.327277750941974 122.47475236131805 2386.5897561191096 2386.5897561191096 481.52336671323195 -22.822556934629002 -2337.397065587443
235.55302226208158 44.118860653017194 39633149587621877 9 571-572-575-576-577-578-579-580-581 0.5338745399153858 1.0 19 0.7767272254884338 1.0 [-1,-1] 1.0 1.0 1.0 0.0006094867785671962 0.14511252611805409 45.881139346982806 124.44697773791842 2059.073018362096 2059.073018362096 675.8437289840158 -1828.357274924113 -663.420397765883
236.665417209503 42.270161817394126 39633118671406858 9 571-572-575-576-577-578-579-580-581 1.0751551448286172 1.0 19 1.2505091693779975 1.0 [-1,-1] 1.0 1.0 1.0 0.00012850791192818028 0.44600300211103894 47.729838182605874 123.334582790497 3578.3649144415813 3578.3649144415813 1401.5682825817232 1479.5833932270273 -2941.2811481825775
234.83124943410488 42.542594295248854 39633123121561870 9 571-572-575-576-577-578-579-580-581 0.6541434339815234 1.0 19 1.2978505535376152 1.0 [-1,-1] 1.0 1.0 1.0 0.0006371005092682059 0.1397016056866948 47.457405704751146 125.16875056589512 2440.839655007188 2440.839655007188 -703.1566218613697 379.54321758443535 -2306.342544500658
235.39191410737905 43.640063388915486 39633145217158104 9 571-572-575-576-577-578-579-580-581 1.0330607210182567 1.0 19 0.5473035058768405 1.0 [-1,-1] 1.0 1.0 1.0 0.00017557006270178804 0.37077784677498654 46.359936611084514 124.60808589262095 3477.005984369395 3477.005984369395 1185.0765864120858 -2093.1310959514212 -2510.770064111739
237.3826517062142 43.72824414452554 39633145242322472 9 571-572-575-576-577-578-579-580-581 0.8579685582356443 1.0 19 0.9697885041020492 1.0 [-1,-1] 1.0 1.0 1.0 0.0006576102792991648 0.1359368301360722 46.27175585547446 122.6173482937858 3027.3872932178424 3027.3872932178424 -2268.3496455603604 -216.68130566259393 -1993.1665561110033
235.10977316503696 44.64751887437289 39633162564796723 9 571-572-575-576-577-578-579-580-581 0.8666524876184675 1.0 19 1.3930276757826103 1.0 [-1,-1] 1.0 1.0 1.0 0.0006576102792991648 0.1359368301360722 45.35248112562711 124.89022683496304 3050.8082763433276 3050.8082763433276 2139.0285705803353 -2088.6372494559664 607.9328527321153
236.1307192085613 42.6055969329762 39633123134148448 9 571-572-575-576-577-578-579-580-581 0.7165757050103571 1.0 19 0.844701603104899 1.0 [-1,-1] 1.0 1.0 1.0 0.0005823912580269674 0.15084542533972659 47.3944030670238 123.86928079143871 2628.2664741170533 2628.2664741170533 155.75804829791846 684.8523636317366 -2532.6865833312527
