data_rosette/LRG_4_clustering_data.ecsv
# %ECSV 1.0
# ---
# datatype:
# - {name: RA, unit: deg, datatype: float64}
# - {name: DEC, unit: deg, datatype: float64}
# - {name: TARGETID, datatype: int64}
# - {name: NTILE, datatype: int64}
# - {name: TILES, datatype: string}
# - {name: Z, datatype: float64}
# - {name: COMP_TILE, datatype: float64}
# - {name: ROSETTE_NUMBER, datatype: int32}
# - {name: ROSETTE_R, unit: deg, datatype: float64}
# - {name: FRACZ_TILELOCID, datatype: float64}
# - {name: BITWEIGHTS, datatype: string, subtype: 'int64[2]'}
# - {name: PROB_OBS, datatype: float64}
# - {name: WEIGHT_ZFAIL, datatype: float64}
# - {name: WEIGHT, datatype: float64}
# - {name: NZ, unit: h3 / Mpc3, datatype: float64}
# - {name: WEIGHT_FKP, datatype: float64}
# - {name: theta, unit: deg, datatype: float64}
# - {name: phi, unit: deg, datatype: float64}
# - {name: rho, unit: Mpc, datatype: float64}
# - {name: r, unit: Mpc, datatype: float64}
# - {name: x, unit: Mpc, datatype: float64}
# - {name: y, unit: Mpc, datatype: float64}
# - {name: z, unit: Mpc, datatype: float64}
# meta: !!omap
# - {EXTNAME: LSS}
# - {DESIDR: edr}
# - comments: ['Visit https://desidatamodel.readthedocs.io/en/latest/ for a more complet', e description]
# schema: astropy-2.0
RA DEC TARGETID NTILE TILES Z COMP_TILE ROSETTE_NUMBER ROSETTE_R FRACZ_TILELOCID BITWEIGHTS PROB_OBS WEIGHT_ZFAIL WEIGHT NZ WEIGHT_FKP theta phi rho r x y z
[from data line 1724]
194.27459630116272 28.384770164512943 39628449266009541 9 109-110-111-114-115-116-118-119-454 0.8484018460710827 1.0 4 0.45757581779304835 1.0 [-1,-1] 1.0 1.0 1.0 0.0006232532477076302 0.14268566385842998 61.61522983548706 165.72540369883728 3001.4436615979075 3001.4436615979075 2003.2967982600621 -1977.85204582495 1040.9453764022867
194.06953394672033 29.225753567617488 39628465154032584 8 109-110-111-114-115-116-118-454 0.9679362051529187 1.0 4 1.1867246066054116 1.0 [-1,-1] 1.0 1.0 1.0 0.00041974738576830407 0.19815580287489248 60.77424643238251 165.93046605327967 3315.1924129322283 3315.1924129322283 2460.568317945063 -1590.8752072904886 -1550.8772879621574
195.34342744804425 28.216709021351704 39628443960214043 6 109-110-111-114-115-117 0.614425129529906 1.0 4 0.52321510920533 1.0 [-1,-1] 1.0 1.0 1.0 0.0007214233604467519 0.12571007283523317 61.783290978648296 164.65657255195575 2317.8397528544765 2317.8397528544765 -549.4536937678245 -1932.2862526051615 1156.1797422159311
194.3789474111523 27.23092979836123 39628422531515477 9 109-110-111-114-115-117-118-119-454 0.8914950056846951 1.0 4 1.0232262991387817 1.0 [-1,-1] 1.0 1.0 1.0 0.0005275616701708153 0.16431404058018498 62.76907020163877 165.6210525888477 3117.140644703398 3117.140644703398 124.10362945074017 -151.1544648103514 3110.999263225076
194.00177240178704 28.070249718824844 39628438604089699 9 109-110-111-114-115-117-118-119-454 0.7353561218030051 1.0 4 0.6724506641414512 1.0 [-1,-1] 1.0 1.0 1.0 0.0007126833197713517 0.12705585074725267 61.92975028117516 165.99822759821296 2683.2682913625963 2683.2682913625963 1841.3675832427714 -1020.777130149419 1663.5228274293502
196.39190719127777 28.12742218742331 39628443972799829 9 109-110-111-114-115-117-118-119-454 0.869557912916166 1.0 4 1.4493167753273786 1.0 [-1,-1] 1.0 1.0 1.0 0.0006812235016579503 0.1321480675826358 61.872577812576694 163.60809280872223 3058.6171551199313 3058.6171551199313 -2429.3686362683993 -608.106662349942 1755.9935130617578
196.11139488577334 28.37234906879307 39628443968605465 8 109-110-111-114-115-117-118-454 0.645790715896843 0.8 4 1.2111514044376324 1.0 [-1,-1] 1.0 1.0 1.0 0.000833303205902425 0.11070054926254569 61.62765093120693 163.88860511422666 2415.21940714446 2415.21940714446 -1950.1874266661564 -1131.6387052612274 865.7064319243364
194.60647770012108 29.736014909474626 39628475690127669 8 109-110-111-114-115-117-118-454 1.062160250260573 0.8 4 1.5411381750184077 1.0 [-1,-1] 1.0 1.0 1.0 0.0001568149373683449 0.39812733398474315 60.263985090525374 165.39352229987892 3547.3389020927684 3547.3389020927684 854.6048277909867 -1725.309643974757 -2979.3573983368906
194.61360032818874 29.740924782256485 39628475690127786 8 109-110-111-114-115-117-118-454 0.8463751178741803 0.8 4 1.5455379780278458 0.5 [-1,-1] 1.0 1.0 1.0 0.0006232532477076302 0.14268566385842998 60.259075217743515 165.38639967181126 2995.928280203259 2995.928280203259 705.9520892869228 -1451.098336320314 -2524.189280953689
194.62437957989053 29.748974758432574 39628475690127976 8 109-110-111-114-115-117-118-454 0.850895818424587 0.8 4 1.5528679222613437 1.0 [-1,-1] 1.0 1.0 1.0 0.0006812235016579503 0.1321480675826358 60.251025241567426 165.37562042010947 3008.221351946151 3008.221351946151 684.3521432520782 -1446.1191638554014 -2547.508039292746
194.20709951384296 27.077660334188174 39628417141837044 8 109-110-111-114-115-117-119-454 0.6031161102606905 1.0 4 1.2210426548518052 1.0 [-1,-1] 1.0 1.0 1.0 0.0007756247847600315 0.11796159141779075 62.922339665811826 165.79290048615704 2282.2702937910854 2282.2702937910854 -156.1961804793219 134.66577410193227 2272.933253839726
194.14434683689421 29.477436755952894 39628470426273840 7 109-110-111-114-115-117-454 0.9483962508939493 1.0 4 1.383219121961061 1.0 [-1,-1] 1.0 1.0 1.0 0.0004445766401596716 0.18918261239264766 60.522563244047106 165.85565316310579 3265.4183457096115 3265.4183457096115 1924.1362235157105 -1458.9679372007117 -2198.1968346969966
193.99362427786636 29.41566749752672 39628470422083169 8 109-110-111-114-115-118-119-454 0.674608443480321 1.0 4 1.3845847783447809 1.0 [-1,-1] 1.0 1.0 1.0 0.0007209928471550773 0.12577569469930108 60.58433250247328 166.00637572213364 2503.0637537118005 2503.0637537118005 1714.401905208948 -932.2123265948718 -1567.5249410157132
194.00627661902047 29.423527898116383 39628470422083541 7 109-110-111-114-115-118-454 0.6980009419429399 1.0 4 1.386233795819747 1.0 [-1,-1] 1.0 1.0 1.0 0.0005843703162771602 0.15074849413407446 60.57647210188362 165.99372338097953 2573.2457621869025 2573.2457621869025 1739.1003242698916 -974.3507010941341 -1627.1952943683743
195.69051495997687 28.646427194108576 39628454596968810 6 109-110-111-114-115-454 0.8757512743087644 1.0 4 0.9399202340494192 1.0 [-1,-1] 1.0 1.0 1.0 0.0005690156306133545 0.15418916366201427 61.353572805891424 164.30948504002313 3075.2176649857765 3075.2176649857765 -1789.443763389928 -2484.781908758947 284.1013386270985
196.35857939516927 28.37891061469438 39628449295371403 6 109-110-111-114-115-454 0.8861026240099718 1.0 4 1.4277008724462958 1.0 [-1,-1] 1.0 1.0 1.0 0.0005690156306133545 0.15418916366201427 61.62108938530562 163.64142060483073 3102.826053147758 3102.826053147758 -2791.9173525220804 -798.605636214305 1093.140453274572
195.89687366527374 27.090043639807742 39628417167003554 6 109-110-111-114-116-117 0.8494249307427695 1.0 4 1.5046868613662934 1.0 [-1,-1] 1.0 1.0 1.0 0.0006232532477076302 0.14268566385842998 62.909956360192254 164.10312633472626 3004.225254468971 3004.225254468971 173.04931189884007 158.10738989548838 2995.0668387368128
196.0737327062818 27.658858001062995 39628433285714776 8 109-110-111-114-116-117-118-119 0.986485006035057 1.0 4 1.2886630659427065 1.0 [-1,-1] 1.0 1.0 1.0 0.0003578035202613049 0.22475091060875194 62.341141998937005 163.9262672937182 3361.9130422012686 3361.9130422012686 -1339.4058017661612 -846.1898126625846 2965.2005332631716
195.4145704549138 28.198629781887085 39628443960215101 8 109-110-111-114-116-117-118-119 0.71458798733126 1.0 4 0.5856928608117019 1.0 [-1,-1] 1.0 1.0 1.0 0.0006167714992318164 0.14396928707710532 61.801370218112915 164.5854295450862 2622.408263666869 2622.408263666869 -767.2862172860422 -2113.8948169716355 1348.9794901671467
194.21485787161436 26.869431463258653 39628411743768630 8 109-110-111-114-116-117-118-119 0.6287326494756856 1.0 4 1.4126463955056894 1.0 [-1,-1] 1.0 1.0 1.0 0.0007214233604467519 0.12571007283523317 63.13056853674135 165.78514212838564 2362.490627438934 2362.490627438934 -523.0386529256259 458.0639385113397 2257.868455096097
195.8407731790087 27.084560951573202 39628417167002522 8 109-110-111-114-116-117-118-119 0.46175234901597545 1.0 4 1.4757471756299763 1.0 [-1,-1] 1.0 1.0 1.0 0.0005635091211985168 0.1554616369400361 62.9154390484268 164.1592268209913 1816.4159858923933 1816.4159858923933 106.04568377931072 108.40704766141074 1810.0743793486913
193.37837764108536 27.451552846685228 39628427887644012 8 109-110-111-114-116-117-118-119 1.0073696024589875 1.0 4 1.4253226043782397 1.0 [-1,-1] 1.0 1.0 1.0 0.0002622817504223413 0.28340640119267335 62.54844715331477 166.62162235891464 3413.9099082904913 3413.9099082904913 948.0723864261769 111.63690714156309 3277.7243345016113
196.09686689438647 28.69365885870302 39628454601165114 9 109-110-111-114-116-117-118-119-454 0.8935892469503264 1.0 4 1.28300649042386 1.0 [-1,-1] 1.0 1.0 1.0 0.0005275616701708153 0.16431404058018498 61.30634114129698 163.90313310561353 3122.6875800756675 3122.6875800756675 -2675.104961452551 -1604.6832464869542 141.3606961459385
193.78083728798424 28.684188450506326 39628454567610607 9 109-110-111-114-116-117-118-119-454 0.9302429139599553 1.0 4 0.9801242146065294 1.0 [-1,-1] 1.0 1.0 1.0 0.0004445766401596716 0.18918261239264766 61.315811549493674 166.21916271201576 3218.6570887393027 3218.6570887393027 3083.9685360627045 -904.3578339595878 176.1488904959335
193.5849927803356 27.576614851397956 39628427891836557 8 109-110-111-114-116-117-118-454 0.9110266936292254 1.0 4 1.2036915297790503 1.0 [-1,-1] 1.0 1.0 1.0 0.0004951280553168204 0.17321314004730964 62.423385148602044 166.4150072196644 3168.605148522136 3168.605148522136 1253.55532746649 -112.37168841039414 2907.9254171771954
194.00406449467818 28.278566230584843 39628443939243806 8 109-110-111-114-116-117-118-454 0.8033166228643989 1.0 4 0.6618324210848094 1.0 [-1,-1] 1.0 1.0 1.0 0.0007229154976227362 0.12548315978664992 61.72143376941516 165.99593550532182 2877.1476812444525 2877.1476812444525 2251.496819788231 -1254.8907822856067 1278.276173097359
195.0052740236778 29.31374434899929 39628465166616999 8 109-110-111-114-116-117-119-454 0.8721424224804789 1.0 4 1.1360043103534025 1.0 [-1,-1] 1.0 1.0 1.0 0.0005690156306133545 0.15418916366201427 60.68625565100071 164.9947259763222 3065.552091855145 3065.552091855145 157.13752405307062 -2568.1163116057014 -1666.6421440959234
195.8684773457905 29.0505768819501 39628459894377715 8 109-110-111-114-116-117-119-454 1.0136655257080787 1.0 4 1.2989642901620624 1.0 [-1,-1] 1.0 1.0 1.0 0.00020304675497218746 0.33812883710054276 60.9494231180499 164.1315226542095 3429.4603103194095 3429.4603103194095 -2346.4006215878917 -2269.3406062138715 -1051.5204972119725
194.4286375470968 29.484260524910184 39628470430467825 7 109-110-111-114-116-119-454 0.7254626835293578 1.0 4 1.3147470931527236 1.0 [-1,-1] 1.0 1.0 1.0 0.0006167714992318164 0.14396928707710532 60.515739475089816 165.5713624529032 2654.371823003765 2654.371823003765 1161.3785076300526 -1567.2077221358763 -1800.208235857452
194.42573106533277 29.485065105989545 39628470430467767 7 109-110-111-114-116-119-454 0.7204421979504239 1.0 4 1.3160798747986073 1.0 [-1,-1] 1.0 1.0 1.0 0.0006167714992318164 0.14396928707710532 60.51493489401045 165.57426893466723 2639.641562336578 2639.641562336578 1158.5970955030766 -1553.9919762625345 -1791.7782467755844
195.41378559426371 28.20288747870723 39628443960215087 7 109-110-111-114-117-118-119 0.7161518938484961 1.0 4 0.5849950270219623 1.0 [-1,-1] 1.0 1.0 1.0 0.0006167714992318164 0.14396928707710532 61.797112521292775 164.58621440573629 2627.0180096846643 2627.0180096846643 -768.924603360547 -2123.604012074255 1341.7468380646656
194.3285212206074 28.07411563192857 39628438608284730 7 109-110-111-114-117-118-454 0.7631643356946585 1.0 4 0.39240882236626945 1.0 [-1,-1] 1.0 1.0 1.0 0.0006416626200019751 0.139161677870846 61.92588436807143 165.6714787793926 2763.566402522603 2763.566402522603 1463.1365867188483 -1609.2904988182108 1704.9089946885356
194.3313827205713 29.687751616798366 39628475685933891 4 109-110-111-115 0.4225169829748733 1.0 4 1.5321839351698474 1.0 [-1,-1] 1.0 1.0 1.0 0.0006262316776515472 0.14210347001521706 60.312248383201634 165.6686172794287 1679.9191916165007 1679.9191916165007 656.378381730575 -726.1081012839903 -1365.3069016188072
194.09389187840992 28.796591734841098 39628454571804879 9 109-110-111-115-116-117-118-119-454 0.5307693644319897 1.0 4 0.829694164840254 1.0 [-1,-1] 1.0 1.0 1.0 0.0007045118177349687 0.128340413101622 61.2034082651589 165.90610812159008 2048.8420768839715 2048.8420768839715 1690.1313111819788 -1152.0741559061132 -118.04722049132833
194.08549309920275 28.796611338191624 39628454571804741 9 109-110-111-115-116-117-118-119-454 0.7847383962908833 1.0 4 0.8348545055835075 1.0 [-1,-1] 1.0 1.0 1.0 0.0007324854237337303 0.12404708914385561 61.203388661808376 165.91450690079725 2824.937194886573 2824.937194886573 2343.604150149435 -1568.8466783911156 -162.81843309996168
193.247261224623 27.74860138809454 39628433243772132 9 109-110-111-115-116-117-118-119-454 0.9003475805783281 1.0 4 1.4018075573384252 1.0 [-1,-1] 1.0 1.0 1.0 0.0005275616701708153 0.16431404058018498 62.25139861190546 166.752738775377 3140.5408574551448 3140.5408574551448 1669.4536003487497 423.3096763751601 2626.1626894605843
194.09469510689863 28.794323322494776 39628454571804897 9 109-110-111-115-116-117-118-119-454 0.8486446283995052 1.0 4 0.8275775193526993 1.0 [-1,-1] 1.0 1.0 1.0 0.0006232532477076302 0.14268566385842998 61.205676677505224 165.90530489310137 3002.103900152173 3002.103900152173 2475.4572281638184 -1690.30360871677 -166.1717460925859
195.81850101676434 28.929275489243352 39628459894376871 9 109-110-111-115-116-117-118-119-454 0.7414418522150189 1.0 4 1.1884806836450321 1.0 [-1,-1] 1.0 1.0 1.0 0.0007126833197713517 0.12705585074725267 61.07072451075665 164.18149898323566 2700.957258491046 2700.957258491046 -1811.93084876672 -1936.7434400540208 -510.98097703407603
193.1701515139933 28.38995243669869 39628449249232774 9 109-110-111-115-116-117-118-119-454 0.738311452037859 1.0 4 1.4039845664247474 1.0 [-1,-1] 1.0 1.0 1.0 0.0007126833197713517 0.12705585074725267 61.61004756330131 166.8298484860067 2691.866506832996 2691.866506832996 2396.8197562248715 808.7717951389344 920.4827701631199
194.21190286742268 27.771449076887183 39628433260545708 8 109-110-111-115-116-118-119-454 0.6545679659465653 1.0 4 0.6398784137084419 1.0 [-1,-1] 1.0 1.0 1.0 0.000700708733790897 0.12894715825466588 62.22855092311282 165.78809713257732 2442.138342160837 2442.138342160837 1045.0504464546225 -909.7859843826728 2011.0193209509266
194.75482704675167 28.022629512255882 39628438616671486 7 109-110-111-115-116-118-454 0.4352145834384177 1.0 4 0.17742158045735376 1.0 [-1,-1] 1.0 1.0 1.0 0.0005288673958748294 0.16397488484989944 61.97737048774412 165.24517295324833 1724.444284746011 1724.444284746011 398.698458619796 -1238.0135119413267 1132.285376810141
193.25749287404733 28.240662448472268 39628443926662839 7 109-110-111-115-116-118-454 0.8100198096597673 1.0 4 1.3157214532335346 1.0 [-1,-1] 1.0 1.0 1.0 0.0006627118749498285 0.13533979738261318 61.759337551527736 166.74250712595267 2895.842269334706 2895.842269334706 2471.9619556268517 599.9454903935527 1383.9696338270896
194.0790216258348 27.447915476193284 39628427900223829 8 109-110-111-115-117-118-119-454 0.530078420401541 1.0 4 0.9579921944810996 1.0 [-1,-1] 1.0 1.0 1.0 0.0007045118177349687 0.128340413101622 62.55208452380671 165.9209783741652 2046.5629323625685 2046.5629323625685 471.6393397001049 -311.3220892450009 1966.9912877579939
194.19719937102766 27.754719415251014 39628433260545495 8 109-110-111-115-117-118-119-454 0.9588598700227503 1.0 4 0.6607631926913556 1.0 [-1,-1] 1.0 1.0 1.0 0.00041974738576830407 0.19815580287489248 62.24528058474898 165.80280062897234 3292.1438537132617 3292.1438537132617 1391.8292785971091 -1176.1574729686938 2741.8380717251985
195.52194248816681 28.41056942647466 39628449282788329 8 109-110-111-116-117-118-119-454 0.87001576071058 1.0 4 0.7115146315811316 1.0 [-1,-1] 1.0 1.0 1.0 0.0005690156306133545 0.15418916366201427 61.58943057352534 164.47805751183319 3059.8464674019115 3059.8464674019115 -1274.2863607408592 -2600.9717938504696 986.8132561412233
195.5249777253882 28.404854657390842 39628449282788365 8 109-110-111-116-117-118-119-454 0.7239003119530838 1.0 4 0.7124209760391541 1.0 [-1,-1] 1.0 1.0 1.0 0.0006167714992318164 0.14396928707710532 61.59514534260916 164.4750222746118 2649.7925921338447 2649.7925921338447 -1108.1691040510816 -2244.6367125525576 868.8889726629469
194.62561344671224 26.752095663917366 39628411752154659 8 109-110-112-113-114-115-116-117 0.45713346866979987 1.0 4 1.4521034009365554 1.0 [-1,-1] 1.0 1.0 1.0 0.0005635091211985168 0.1554616369400361 63.247904336082634 165.37438655328776 1800.5133686861748 1800.5133686861748 -310.45621470088383 658.1306869000312 1646.9150945120787
