data_rosette/LRG_11_clustering_data.ecsv
# %ECSV 1.0
# ---
# datatype:
# - {name: RA, unit: deg, datatype: float64}
# - {name: DEC, unit: deg, datatype: float64}
# - {name: TARGETID, datatype: int64}
# - {name: NTILE, datatype: int64}
# - {name: TILES, datatype: string}
# - {name: Z, datatype: float64}
# - {name: COMP_TILE, datatype: float64}
# - {name: ROSETTE_NUMBER, datatype: int32}
# - {name: ROSETTE_R, unit: deg, datatype: float64}
# - {name: FRACZ_TILELOCID, datatype: float64}
# - {name: BITWEIGHTS, datatype: string, subtype: 'int64[2]'}
# - {name: PROB_OBS, datatype: float64}
# - {name: WEIGHT_ZFAIL, datatype: float64}
# - {name: WEIGHT, datatype: float64}
# - {name: NZ, unit: h3 / Mpc3, datatype: float64}
# - {name: WEIGHT_FKP, datatype: float64}
# - {name: distance, unit: Mpc, datatype: float64}
# - {name: x, unit: Mpc, datatype: float64}
# - {name: y, unit: Mpc, datatype: float64}
# - {name: z, unit: Mpc, datatype: float64}
# meta: !!omap
# - {EXTNAME: LSS}
# - {DESIDR: edr}
# - comments: ['Visit https://desidatamodel.readthedocs.io/en/latest/ for a more complet', e description]
# schema: astropy-2.0
RA DEC TARGETID NTILE TILES Z COMP_TILE ROSETTE_NUMBER ROSETTE_R FRACZ_TILELOCID BITWEIGHTS PROB_OBS WEIGHT_ZFAIL WEIGHT NZ WEIGHT_FKP distance x y z
[from data line 2830]
241.01631951806564 55.14236528983589 39633325928745552 10 298-300-302-303-304-305-306-307-308-475 0.4665708353777644 1.0 11 1.0060419166209036 0.5 [-1,-1] 1.0 1.0 1.0 0.0005330850268982689 0.1625298359500762 1832.9588871562555 -507.62944487853684 -916.403238173797 1504.079696612512
243.65613260885857 55.47750250774217 39633329397436123 10 298-300-302-303-304-305-306-307-308-475 0.854569786751772 1.0 11 0.7173163811983381 1.0 [-1,-1] 1.0 1.0 1.0 0.0006576102792991648 0.1359368301360722 3018.187351727967 -759.0456275424148 -1532.8563694685486 2486.6957948287763
243.84250465036928 53.89696138748336 39633308421721260 10 298-300-302-303-304-305-306-307-308-475 0.619473341703673 1.0 11 1.2556208577327908 1.0 [-1,-1] 1.0 1.0 1.0 0.0007056687116799521 0.12786279395313782 2333.6386393122275 -606.1866106706929 -1234.2443430963087 1885.4834906382405
245.0671168458935 54.44717970907736 39633315510095148 10 298-300-302-303-304-305-306-307-308-475 0.7980739110569393 1.0 11 1.4405787249438582 1.0 [-1,-1] 1.0 1.0 1.0 0.0008239664519383997 0.11155322342262282 2862.4733918983648 -701.6359708215912 -1509.276549256903 2328.850613851938
242.7580193339821 55.71901670407443 39633332811599274 10 298-300-302-303-304-305-306-307-308-475 1.0987039666656182 1.0 11 0.7390307681306839 1.0 [-1,-1] 1.0 1.0 1.0 5.9370222311395755e-05 0.6353792046182113 3633.9975626747246 -936.9471727667144 -1819.821036800298 3002.7187139306584
242.32980283629067 55.09186031400851 39633322476833601 10 298-300-302-303-304-305-306-307-308-475 0.9141216366318179 1.0 11 0.2655121909808266 1.0 [-1,-1] 1.0 1.0 1.0 0.00042618922305278896 0.1953324009783564 3176.7051951043904 -844.2031418249286 -1610.0042726582021 2605.122491162071
240.8966880096649 54.46542427588444 39633315472343385 10 298-300-302-303-304-305-306-307-308-475 0.94626119212036 1.0 11 1.1875683468434872 1.0 [-1,-1] 1.0 1.0 1.0 0.0003671239319408774 0.21984967794317842 3259.9447356892074 -921.5362588874262 -1655.4486817541117 2652.8287289951677
244.80223535786538 55.32575134014744 39633325966493071 10 298-300-302-303-304-305-306-307-308-475 0.8761554357163367 1.0 11 1.2224820977120527 1.0 [-1,-1] 1.0 1.0 1.0 0.0005346154933450218 0.1621399955636538 3076.2988283460113 -745.1103237851522 -1583.600404850787 2529.947597170394
244.41464733411192 55.15427291172202 39633325962299532 10 298-300-302-303-304-305-306-307-308-475 0.9037088860916977 1.0 11 0.9689793629219237 1.0 [-1,-1] 1.0 1.0 1.0 0.0005723615213970424 0.15308410280969617 3149.3935247807603 -777.1082910978631 -1623.0147793398487 2584.686693563141
244.40895186370616 55.168769559592796 39633325962299445 10 298-300-302-303-304-305-306-307-308-475 0.6919887761313182 1.0 11 0.9683233087139742 1.0 [-1,-1] 1.0 1.0 1.0 0.0005639081233901963 0.1550231922816235 2555.303398911162 -630.4191007009377 -1316.3139071571673 2097.490146766604
241.81238376352786 55.836175540552574 39633332803209903 10 298-300-302-303-304-305-306-307-308-475 0.8885288808005978 1.0 11 1.0081410012126473 1.0 [-1,-1] 1.0 1.0 1.0 0.0005346154933450218 0.1621399955636538 3109.2724947133374 -824.7629337719302 -1538.9749858325295 2572.721815983723
244.41353218479424 55.16526865651937 39633325962299516 10 298-300-302-303-304-305-306-307-308-475 0.892145263618184 1.0 11 0.9702616498150631 1.0 [-1,-1] 1.0 1.0 1.0 0.0005723615213970424 0.15308410280969617 3118.863700765339 -769.3942233188493 -1606.8234186937684 2559.9730104461105
241.56033128757218 55.00120905742752 39633322468445963 10 298-300-302-303-304-305-306-307-308-475 0.46799414029184233 1.0 11 0.6828469354746114 1.0 [-1,-1] 1.0 1.0 1.0 0.0005330850268982689 0.1625298359500762 1837.836241230799 -502.0010425343492 -926.8970778628569 1505.489558225189
243.20080508953183 53.921048908888096 39633308417524763 10 298-300-302-303-304-305-306-307-308-475 0.632342333406594 1.0 11 1.090898938152019 1.0 [-1,-1] 1.0 1.0 1.0 0.0007982518636535506 0.11473445525619816 2373.694391304233 -630.2494843452739 -1247.725475603344 1918.4347234978045
241.79056589682267 55.869021430141785 39633332803209724 10 298-300-302-303-304-305-306-307-308-475 0.8931243901534012 1.0 11 1.0424774829142094 1.0 [-1,-1] 1.0 1.0 1.0 0.0005723615213970424 0.15308410280969617 3121.4569313080215 -827.8832061649155 -1543.3853918867696 2583.808101053852
243.94912470387888 53.86607593968079 39633304852365629 10 298-300-302-303-304-305-306-307-308-475 0.43507090330599973 1.0 11 1.3143133951441544 1.0 [-1,-1] 1.0 1.0 1.0 0.0006285113834356281 0.1413409039925048 1723.9423458316178 -446.4439323287645 -913.2866092243299 1392.3263254172052
244.33979272972536 54.409946948750466 39633315505898002 9 298-300-302-303-304-305-306-307-475 0.6857678957475936 1.0 11 1.08122457514747 1.0 [-1,-1] 1.0 1.0 1.0 0.0008053318504768218 0.11384060807160488 2536.6689246124633 -639.2847677635452 -1330.6999498324597 2062.8237593929225
243.61196968648116 53.92963129522163 39633308421718949 9 298-300-302-303-304-305-306-307-475 0.6652097595900246 1.0 11 1.163755011630548 1.0 [-1,-1] 1.0 1.0 1.0 0.0006371005092682059 0.1397016056866948 2474.5832231772592 -647.5524425827186 -1305.1704946858729 2000.1919763705039
241.27538183542498 54.84179792451687 39633318978784722 9 298-300-302-303-304-305-306-307-475 0.6104436638942392 1.0 11 0.8588587826299391 1.0 [-1,-1] 1.0 1.0 1.0 0.0007056687116799521 0.12786279395313782 2305.345055062969 -637.9973201838004 -1164.1381985784922 1884.7698790441225
243.61599788947808 53.929412615064166 39633308421719006 9 298-300-302-303-304-305-306-307-475 0.5684773613885926 1.0 11 1.1649628338414044 1.0 [-1,-1] 1.0 1.0 1.0 0.0006724560872077301 0.13333590500666823 2171.787765234237 -568.2389417458036 -1145.512910920438 1755.4391966739597
242.87466654417446 55.31638750859309 39633325945524069 8 298-300-302-303-304-305-306-308 0.6596817319309282 1.0 11 0.3438484984106029 1.0 [-1,-1] 1.0 1.0 1.0 0.0006371005092682059 0.1397016056866948 2457.7555252031393 -637.662737555409 -1244.7447953997498 2021.0291559314865
240.61204224248084 54.18506882941959 39633311940739544 8 298-300-302-303-304-305-306-308 0.7604266251596823 1.0 11 1.4719959133105303 1.0 [-1,-1] 1.0 1.0 1.0 0.0007242712797402853 0.12498917450484462 2755.721049054848 -791.3177298540203 -1405.053135899002 2234.6454832753707
241.95678059741684 53.620761970712344 39633301236875322 8 298-300-302-303-304-305-306-308 0.6875202910589586 1.0 11 1.4358648099695344 1.0 [-1,-1] 1.0 1.0 1.0 0.0008053318504768218 0.11384060807160488 2541.925316217069 -708.8191892333642 -1330.672543904831 2046.5263866116284
244.65999524155157 55.45548786833215 39633329410016558 8 298-300-302-303-304-305-306-308 0.7816971032929428 1.0 11 1.1887547299103385 1.0 [-1,-1] 1.0 1.0 1.0 0.0007064174578981374 0.12774458208408304 2816.3342224705602 -683.49499016882 -1443.3356748374952 2319.774812522623
242.25893614163792 54.48590072959219 39633315484926929 9 298-300-302-303-304-305-306-308-475 0.8907492675567025 1.0 11 0.5696683831159731 1.0 [-1,-1] 1.0 1.0 1.0 0.0005723615213970424 0.15308410280969617 3115.1637602998594 -842.3303615786618 -1601.612836185216 2535.65793008739
244.85695814493073 54.17055900674256 39633311982682388 9 298-300-302-303-304-305-306-308-475 0.6320243097303012 1.0 11 1.4650570862326637 1.0 [-1,-1] 1.0 1.0 1.0 0.0007982518636535506 0.11473445525619816 2372.708296238931 -590.124856397527 -1257.3220038635297 1923.704418954078
244.84768062337025 55.386641192893194 39633329410018653 9 298-300-302-303-304-305-306-308-475 0.47262624038871126 1.0 11 1.2647663556427262 1.0 [-1,-1] 1.0 1.0 1.0 0.000668512811805897 0.13401699399284683 1853.6805643875273 -447.5341195180105 -953.1164143234024 1525.5864273788625
241.1593245714389 56.0239108211829 39633336196400217 9 298-300-302-303-304-305-306-308-475 0.8864011184116857 1.0 11 1.378844772897448 1.0 [-1,-1] 1.0 1.0 1.0 0.0005346154933450218 0.1621399955636538 3103.619642361233 -836.6555717435871 -1519.3149241405224 2573.7413428712607
242.02369229737786 55.223116421220354 39633325937135706 9 298-300-302-303-304-305-306-308-475 0.5939318132484414 1.0 11 0.481428923188856 1.0 [-1,-1] 1.0 1.0 1.0 0.0006106036532175123 0.14488555312656437 2253.2028425516996 -602.889394884689 -1135.0020278224629 1850.7344012735946
241.63306781659173 54.62968407642844 39633318982979095 8 298-300-302-303-304-305-306-475 0.8307211898636504 1.0 11 0.7328906004820263 1.0 [-1,-1] 1.0 1.0 1.0 0.0006366829495309179 0.1397804201853648 2953.1016248298924 -812.1777534744521 -1504.1656242596887 2408.0411703560226
244.82040378328503 54.20732029630768 39633311978492203 8 298-300-302-303-304-305-306-475 0.8881701248602863 1.0 11 1.4267646061751311 1.0 [-1,-1] 1.0 1.0 1.0 0.0005346154933450218 0.1621399955636538 3108.319887468171 -773.444087529039 -1645.1728179519077 2521.2780817213907
244.83974406771654 54.19312250901735 39633311982682196 8 298-300-302-303-304-305-306-475 0.8896448667129411 1.0 11 1.4440587314256006 1.0 [-1,-1] 1.0 1.0 1.0 0.0005346154933450218 0.1621399955636538 3112.234474095168 -774.1280127579902 -1648.0721971966252 2524.002233445383
243.94231815647348 53.81834107196277 39633304852365538 8 298-300-302-303-304-305-307-308 0.6226462511941191 0.5 11 1.353176839916612 1.0 [-1,-1] 1.0 1.0 1.0 0.0007056687116799521 0.12786279395313782 2343.5437495738806 -607.7401300404914 -1242.8746459603128 1891.5897691979087
244.1160961211324 55.01048798933647 39633322493611415 9 298-300-302-303-304-305-307-308-475 0.9629356315840663 1.0 11 0.7842337633737972 1.0 [-1,-1] 1.0 1.0 1.0 0.0003767415448896098 0.21544643941305056 3302.509195138682 -826.7131313298245 -1703.7664652007466 2705.603853951967
243.9199062281837 53.806563768384464 39633304848174977 9 298-300-302-303-304-305-307-308-475 1.09870246706921 1.0 11 1.3567548278513037 1.0 [-1,-1] 1.0 1.0 1.0 5.9370222311395755e-05 0.6353792046182113 3633.9940440102473 -943.4053455500457 -1927.424583571486 2932.7348227437533
242.04315379513807 55.61411326671208 39633329384850697 9 298-300-302-303-304-305-307-308-475 0.8993244940959667 1.0 11 0.7510196153463222 1.0 [-1,-1] 1.0 1.0 1.0 0.0005723615213970424 0.15308410280969617 3137.842827963255 -830.7905330730571 -1565.3327961587183 2589.513070140128
241.62037267513026 56.10506400095409 39633336200594527 9 298-300-302-303-304-305-307-308-475 0.907448155951407 1.0 11 1.2938929619316495 1.0 [-1,-1] 1.0 1.0 1.0 0.0005723615213970424 0.15308410280969617 3159.2207981957654 -837.4075177687633 -1550.069909040166 2622.347798829373
242.81409608030663 54.56864851618398 39633315489122416 7 298-300-302-303-304-305-308 0.7894017620788142 1.0 11 0.41300946870486116 1.0 [-1,-1] 1.0 1.0 1.0 0.0007064174578981374 0.12774458208408304 2838.0978543583265 -751.7133539202725 -1463.5615533029863 2312.5124959975074
242.59048587483898 56.002830241928756 39633336208983784 7 298-300-302-303-304-305-308 0.8149324261768838 1.0 11 1.0268138836882665 1.0 [-1,-1] 1.0 1.0 1.0 0.000762533893525711 0.11946670068019369 2909.4951666196507 -748.9157998210136 -1444.218029284805 2412.1611748078267
244.24443414719724 53.70697953640354 39633304852368875 7 298-300-302-303-304-305-308 0.5541218785946795 1.0 11 1.5424748745692736 1.0 [-1,-1] 1.0 1.0 1.0 0.0006724560872077301 0.13333590500666823 2125.3136511592193 -546.644386449478 -1133.0298175014125 1713.0036378302648
244.41405534113264 53.806491071829726 39633304856560402 7 298-300-302-303-304-305-308 0.6225284817663154 1.0 11 1.5216813604598596 1.0 [-1,-1] 1.0 1.0 1.0 0.0007056687116799521 0.12786279395313782 2343.1764418134653 -597.5618740090658 -1247.9934111770854 1891.0071628259286
243.90674629603595 53.81722943598233 39633304848174846 8 298-300-302-303-304-305-308-475 0.44125578654675823 1.0 11 1.343642228359346 1.0 [-1,-1] 1.0 1.0 1.0 0.0006285113834356281 0.1413409039925048 1745.5099297064075 -453.2415055489251 -925.4568195564822 1408.8671787957203
243.9722624851383 53.736332014457304 39633304852365924 7 298-300-302-303-304-306-307 0.5165586413609224 1.0 11 1.4331211964112147 1.0 [-1,-1] 1.0 1.0 1.0 0.0006888416087567301 0.1305783864573065 2001.7741753849384 -519.5700077958121 -1063.968784964254 1614.0375710803014
241.32927230465117 55.44797770875798 39633329376463503 8 298-300-302-303-304-306-307-308 0.8201788653236083 1.0 11 0.9359140889120914 1.0 [-1,-1] 1.0 1.0 1.0 0.000762533893525711 0.11946670068019369 2924.0311977271845 -795.6482310527886 -1455.0455335067447 2408.2659390371555
241.86017076231548 55.83796640799768 39633332803210297 9 298-300-302-303-304-306-307-308-475 0.8275351131574513 1.0 11 0.9956223549424696 1.0 [-1,-1] 1.0 1.0 1.0 0.000762533893525711 0.11946670068019369 2944.335490687645 -779.7602229434102 -1457.9210039102802 2436.298795877742
244.68108885782937 55.44087826110192 39633329410016808 9 298-300-302-303-304-306-307-308-475 0.4758107178849828 1.0 11 1.1942648816428505 1.0 [-1,-1] 1.0 1.0 1.0 0.000668512811805897 0.13401699399284683 1864.5476401046185 -452.32193407377946 -956.07757328255 1535.5319742817494
243.21198073373205 55.973200535643535 39633336213180289 9 298-300-302-303-304-306-307-308-475 0.9054732609188911 1.0 11 1.027125300794133 1.0 [-1,-1] 1.0 1.0 1.0 0.0005723615213970424 0.15308410280969617 3154.0332559336903 -795.4405150912474 -1575.5230919931987 2613.98683108451
243.62575529681385 54.57380037152357 39633315497511227 9 298-300-302-303-304-306-307-308-475 0.6602700408877942 1.0 11 0.6481631608206289 1.0 [-1,-1] 1.0 1.0 1.0 0.0006371005092682059 0.1397016056866948 2459.5490732755507 -633.3365327148296 -1277.2895048521 2004.1951005264068
240.75301072315185 54.95668531688048 39633322464248099 9 298-300-302-303-304-306-307-308-475 0.5526655365484641 1.0 11 1.1465277743563989 1.0 [-1,-1] 1.0 1.0 1.0 0.0006724560872077301 0.13333590500666823 2120.5762423483266 -594.901817323544 -1062.4045758352731 1736.1543550622353
241.7784864554932 54.332866383069 39633311949131045 9 298-300-302-303-304-306-307-308-475 0.8857844834116216 1.0 11 0.8570861395570305 1.0 [-1,-1] 1.0 1.0 1.0 0.0005346154933450218 0.1621399955636538 3101.98007577461 -855.2953144720142 -1593.6818625504611 2520.1048463352804
244.54310958653411 55.75674829585668 39633332828376780 9 298-300-302-303-304-306-307-308-475 0.6117798920503422 1.0 11 1.2812367518890202 1.0 [-1,-1] 1.0 1.0 1.0 0.0007056687116799521 0.12786279395313782 2309.5418047098997 -558.6080541377842 -1173.417445097089 1909.1966606656526
241.69320026118368 54.64205238884352 39633318982979680 8 298-300-302-303-304-306-307-475 0.7678165839967717 1.0 11 0.6964796639719372 1.0 [-1,-1] 1.0 1.0 1.0 0.0007242712797402853 0.12498917450484462 2776.868354731352 -761.9924910370374 -1414.7713708816343 2264.6825983446947
243.99708072570652 54.953359695282764 39633322493610293 8 298-300-302-303-304-306-307-475 0.9080536436028188 1.0 11 0.7163760709148826 1.0 [-1,-1] 1.0 1.0 1.0 0.0005723615213970424 0.15308410280969617 3160.810035450297 -795.7588483888021 -1631.3364617134337 2587.7073412769323
241.69122687519558 54.64577598361852 39633318982979660 8 298-300-302-303-304-306-307-475 0.7728955793576388 1.0 11 0.6956531018128435 1.0 [-1,-1] 1.0 1.0 1.0 0.0007064174578981374 0.12774458208408304 2791.3477372961634 -765.9445568014885 -1421.991753365782 2276.5962707020085
244.66325559521508 53.91196731955013 39633308430109637 7 298-300-302-303-304-306-308 0.7219897529190346 1.0 11 1.5420863037984949 1.0 [-1,-1] 1.0 1.0 1.0 0.0005823912580269674 0.15084542533972659 2644.186929357607 -666.5123550654974 -1407.6805411505413 2136.8016501296447
243.4887623863234 53.55933892525574 39633301249460767 7 298-300-302-303-304-306-308 0.6833416527757338 1.0 11 1.4846989550477747 1.0 [-1,-1] 1.0 1.0 1.0 0.0008053318504768218 0.11384060807160488 2529.382033881084 -670.6435665392007 -1344.4424833750834 2034.8181955339965
