data_rosette/LRG_16_clustering_data.ecsv
# %ECSV 1.0
# ---
# datatype:
# - {name: RA, unit: deg, datatype: float64}
# - {name: DEC, unit: deg, datatype: float64}
# - {name: TARGETID, datatype: int64}
# - {name: NTILE, datatype: int64}
# - {name: TILES, datatype: string}
# - {name: Z, datatype: float64}
# - {name: COMP_TILE, datatype: float64}
# - {name: ROSETTE_NUMBER, datatype: int32}
# - {name: ROSETTE_R, unit: deg, datatype: float64}
# - {name: FRACZ_TILELOCID, datatype: float64}
# - {name: BITWEIGHTS, datatype: string, subtype: 'int64[2]'}
# - {name: PROB_OBS, datatype: float64}
# - {name: WEIGHT_ZFAIL, datatype: float64}
# - {name: WEIGHT, datatype: float64}
# - {name: NZ, unit: h3 / Mpc3, datatype: float64}
# - {name: WEIGHT_FKP, datatype: float64}
# - {name: theta, unit: deg, datatype: float64}
# - {name: phi, unit: deg, datatype: float64}
# - {name: rho, unit: Mpc, datatype: float64}
# - {name: r, unit: Mpc, datatype: float64}
# - {name: x, unit: Mpc, datatype: float64}
# - {name: y, unit: Mpc, datatype: float64}
# - {name: z, unit: Mpc, datatype: float64}
# meta: !!omap
# - {EXTNAME: LSS}
# - {DESIDR: edr}
# - comments: ['Visit https://desidatamodel.readthedocs.io/en/latest/ for a more complet', e description]
# schema: astropy-2.0
RA DEC TARGETID NTILE TILES Z COMP_TILE ROSETTE_NUMBER ROSETTE_R FRACZ_TILELOCID BITWEIGHTS PROB_OBS WEIGHT_ZFAIL WEIGHT NZ WEIGHT_FKP theta phi rho r x y z
[from data line 2264]
195.8052499682854 23.698880214293197 39628346107106434 10 481-482-484-485-486-487-488-489-490-491 0.7888200277469137 1.0 16 1.3887553071528107 1.0 [-1,-1] 1.0 1.0 1.0 0.0007324854237337303 0.12404708914385561 66.3011197857068 -195.8052499682854 2836.4581459533892 2836.4581459533892 -472.7052961863416 780.9730304491289 -2685.54010255178
194.61352557709958 23.31628196381295 39628334996393943 10 481-482-484-485-486-487-488-489-490-491 0.947008709762755 1.0 16 1.389322292725076 1.0 [-1,-1] 1.0 1.0 1.0 0.0004445766401596716 0.18918261239264766 66.68371803618705 -194.61352557709958 3261.8619207578017 3261.8619207578017 -2097.9024192614374 -349.80191537874026 -2473.092648758665
193.90065246464889 25.295747916445254 39628379112081382 10 481-482-484-485-486-487-488-489-490-491 0.41512482242880816 1.0 16 0.9733815379432291 1.0 [-1,-1] 1.0 1.0 1.0 0.0006262316776515472 0.14210347001521706 64.70425208355475 -193.90065246464889 1653.842318630174 1653.842318630174 1008.5034935647165 1215.221626305414 -491.27539865071253
194.73979106354892 23.28384707726189 39628335000585468 10 481-482-484-485-486-487-488-489-490-491 0.7125065844442268 1.0 16 1.4161836338623808 1.0 [-1,-1] 1.0 1.0 1.0 0.0006167714992318164 0.14396928707710532 66.7161529227381 -194.73979106354892 2616.26635091248 2616.26635091248 -1767.9984865446722 -68.9045113740041 -1927.2475551430755
194.66889849619827 23.30442116449643 39628335000584348 10 481-482-484-485-486-487-488-489-490-491 0.40844086167758614 1.0 16 1.3975439096375257 1.0 [-1,-1] 1.0 1.0 1.0 0.0003379611466139912 0.2348475370676925 66.69557883550357 -194.66889849619827 1630.1647400405022 1630.1647400405022 -1071.02325520545 -118.12312845504668 -1223.2715123816267
195.71330538458838 24.726033636930797 39628368173335321 10 481-482-484-485-486-487-488-489-490-491 0.4673901624319789 1.0 16 0.875464698719767 1.0 [-1,-1] 1.0 1.0 1.0 0.0005635091211985168 0.1554616369400361 65.2739663630692 -195.71330538458838 1835.7670511542253 1835.7670511542253 702.2529755675741 -950.6493120499528 -1404.6876200454392
193.41921208806914 25.02879675198615 39628373625933743 10 481-482-484-485-486-487-488-489-490-491 0.7916396446738324 1.0 16 1.2513908582328126 1.0 [-1,-1] 1.0 1.0 1.0 0.0007229154976227362 0.12548315978664992 64.97120324801385 -193.41921208806914 2844.40029832786 2844.40029832786 502.6243276417072 2343.629074878733 -1531.4648548933133
194.70614409038373 24.0878611946395 39628351622615174 10 481-482-484-485-486-487-488-489-490-491 1.045709049644693 1.0 16 0.6134404276903636 1.0 [-1,-1] 1.0 1.0 1.0 0.00017111768859933566 0.3774092623312036 65.9121388053605 -194.70614409038373 3507.7232654815043 3507.7232654815043 214.3468886767732 15.589075468706707 -3501.133373529327
193.65544178478558 23.704440622324288 39628346077741445 9 481-482-484-485-486-487-488-489-491 0.7047504511976403 1.0 16 1.4098929673791465 1.0 [-1,-1] 1.0 1.0 1.0 0.0005843703162771602 0.15074849413407446 66.29555937767572 -193.65544178478558 2593.3105656183275 2593.3105656183275 -355.2397201616018 -740.1328096822187 -2459.932489927124
193.65759186068485 23.70349113190841 39628346077741483 9 481-482-484-485-486-487-488-489-491 0.9273118304384982 1.0 16 1.409178935415612 1.0 [-1,-1] 1.0 1.0 1.0 0.0004951280553168204 0.17321314004730964 66.29650886809159 -193.65759186068485 3211.0595171330897 3211.0595171330897 -443.08710121047477 -918.0951627720665 -3044.943072605204
195.48545877361914 24.10553817310531 39628351635197828 9 481-482-484-485-486-487-488-489-491 0.8291546409742676 1.0 16 0.895516539568307 1.0 [-1,-1] 1.0 1.0 1.0 0.0006627118749498285 0.13533979738261318 65.89446182689468 -195.48545877361914 2948.7935428428564 2948.7935428428564 176.94171824572103 -151.07841424890552 -2939.600363893707
195.56528891000187 25.328701320719563 39628379137247015 9 481-482-484-485-486-487-488-489-491 0.9752666806961372 1.0 16 0.9701052884368616 1.0 [-1,-1] 1.0 1.0 1.0 0.0003578035202613049 0.22475091060875194 64.67129867928044 -195.56528891000187 3333.717500011377 3333.717500011377 2270.132244437784 -2275.342378993565 -884.8666684884671
193.76137902310177 25.71618596859072 39628390029857452 9 481-482-484-485-486-487-488-489-491 0.9680105065601511 1.0 16 1.3537631773776102 1.0 [-1,-1] 1.0 1.0 1.0 0.00041974738576830407 0.19815580287489248 64.28381403140928 -193.76137902310177 3315.3805850605895 3315.3805850605895 1730.3040649687707 2800.589547241755 393.05782580870317
193.78826176800152 24.12122531559958 39628351610030163 9 481-482-484-485-486-487-488-489-491 0.9837496667674009 1.0 16 1.0497295125811532 1.0 [-1,-1] 1.0 1.0 1.0 0.0003578035202613049 0.22475091060875194 65.87877468440041 -193.78826176800152 3355.0553632447622 3355.0553632447622 173.89024956989098 265.2315693309797 -3340.031569637058
193.5471793515411 24.67738124013401 39628368139781563 9 481-482-484-485-486-487-488-489-491 0.4954725930116032 1.0 16 1.093102112702025 1.0 [-1,-1] 1.0 1.0 1.0 0.0005337442823398631 0.16272042362546515 65.32261875986599 -193.5471793515411 1931.1842880090815 1931.1842880090815 389.3308786191038 1103.320208244897 -1536.41750162033
195.80891715381404 23.698994996630965 39628346107106521 9 481-482-484-485-486-487-488-489-491 0.9662112753974881 1.0 16 1.3909926817883969 1.0 [-1,-1] 1.0 1.0 1.0 0.00041974738576830407 0.19815580287489248 66.30100500336903 -195.80891715381404 3310.821617018553 3310.821617018553 -548.2277402311404 913.2901389749543 -3134.7866349417645
194.01272287717208 24.688389670785597 39628368143978892 9 481-482-484-485-486-487-488-489-491 0.6575750815955981 1.0 16 0.6699533094577599 1.0 [-1,-1] 1.0 1.0 1.0 0.000700708733790897 0.12894715825466588 65.3116103292144 -194.01272287717208 2451.327812492516 2451.327812492516 1085.697619718674 1044.4182254595562 -1933.7681591039968
193.64940709497606 25.786977253356106 39628390029854671 9 481-482-484-485-486-487-488-489-491 0.7560588506582223 1.0 16 1.4739285346793884 1.0 [-1,-1] 1.0 1.0 1.0 0.0006416626200019751 0.139161677870846 64.2130227466439 -193.64940709497606 2743.177492244894 2743.177492244894 1151.0378188067946 2435.7289838382962 517.0677043923192
194.0071573927243 24.903182948003558 39628373634322460 9 481-482-484-485-486-487-488-489-491 0.8839296785081471 1.0 16 0.7042716033739228 1.0 [-1,-1] 1.0 1.0 1.0 0.0005690156306133545 0.15418916366201427 65.09681705199644 -194.0071573927243 3097.044700716956 3097.044700716956 1706.2441404094852 1659.7532810782457 -1981.321745075058
195.54025045700973 24.68646503471358 39628368169142855 9 481-482-484-485-486-487-488-489-491 0.6177125972239979 1.0 16 0.7181145696605921 1.0 [-1,-1] 1.0 1.0 1.0 0.0007214233604467519 0.12571007283523317 65.31353496528642 -195.54025045700973 2328.133727723347 2328.133727723347 1033.0431064912686 -984.8226208134873 -1839.3349341074156
193.64331796159402 25.347773084622684 39628379107887127 9 481-482-484-485-486-487-488-489-491 0.6627558640636699 1.0 16 1.1938146637482063 1.0 [-1,-1] 1.0 1.0 1.0 0.000700708733790897 0.12894715825466588 64.65222691537731 -193.64331796159402 2467.1203877279268 2467.1203877279268 1008.259542068172 2167.664534157297 -609.3653835983016
195.77268395668156 24.71499222250963 39628368173336180 9 481-482-484-485-486-487-488-489-491 0.7937800167730906 1.0 16 0.9291796170423394 1.0 [-1,-1] 1.0 1.0 1.0 0.0007229154976227362 0.12548315978664992 65.28500777749036 -195.77268395668156 2850.4201545831534 2850.4201545831534 987.6845671964824 -1517.9141525797236 -2201.206686972835
195.1599855146561 25.324795382513802 39628379128861115 9 481-482-484-485-486-487-488-489-491 0.7952303798399374 1.0 16 0.7269151112080965 1.0 [-1,-1] 1.0 1.0 1.0 0.0007229154976227362 0.12548315978664992 64.6752046174862 -195.1599855146561 2854.4949160254373 2854.4949160254373 2551.7474216537903 -1022.8740883749425 -768.4106460932411
195.65917168441257 25.543146564587584 39628384602426434 9 481-482-484-485-486-487-488-489-491 0.5583124634409241 1.0 16 1.1783402757975068 1.0 [-1,-1] 1.0 1.0 1.0 0.000677088223595666 0.13284793461577618 64.45685343541241 -195.65917168441257 2138.9220673106506 2138.9220673106506 1360.1118144173722 -1646.7103426905137 -115.88144625798711
193.57736364679027 24.41395901296661 39628362641049935 9 481-482-484-485-486-487-488-489-491 0.5744680452251725 1.0 16 1.1042550998925573 1.0 [-1,-1] 1.0 1.0 1.0 0.0006621615122706149 0.13543705131792066 65.58604098703339 -193.57736364679027 2191.0622919818443 2191.0622919818443 298.8775649431408 771.9128251339945 -2028.688433178453
194.92712866182183 23.834526888124095 39628346094521257 9 481-482-484-485-486-487-488-489-491 0.8838126262945586 1.0 16 0.8804077534730707 1.0 [-1,-1] 1.0 1.0 1.0 0.0005690156306133545 0.15418916366201427 66.16547311187591 -194.92712866182183 3096.733057489784 3096.733057489784 -584.5152168557833 87.37500057157044 -3039.8130205473462
195.60179981849657 25.53568528853904 39628384602425430 9 481-482-484-485-486-487-488-489-491 0.6478823402630699 1.0 16 1.1371799289616291 1.0 [-1,-1] 1.0 1.0 1.0 0.000833303205902425 0.11070054926254569 64.46431471146096 -195.60179981849657 2421.6472739124665 2421.6472739124665 1643.551933594303 -1772.2417653192917 -149.23701311694796
193.99797862821413 25.49786111454274 39628384577260940 9 481-482-484-485-486-487-488-489-491 0.97585798852937 1.0 16 1.0489744989996992 1.0 [-1,-1] 1.0 1.0 1.0 0.0003578035202613049 0.22475091060875194 64.50213888545726 -193.99797862821413 3335.2083227365065 3335.2083227365065 2357.531659582373 2335.790771862883 -331.2710373664456
195.29461916273627 24.688343328743166 39628368164949341 9 481-482-484-485-486-487-488-489-491 0.9511358926653418 1.0 16 0.49495106710208575 1.0 [-1,-1] 1.0 1.0 1.0 0.00041974738576830407 0.19815580287489248 65.31165667125683 -195.29461916273627 3272.4317762208593 3272.4317762208593 1749.2959464895905 -992.0203837793049 -2581.6020180851765
194.3811594157084 24.674965961922634 39628368152364417 9 481-482-484-485-486-487-488-489-491 1.0038336325829977 1.0 16 0.3360619636826974 1.0 [-1,-1] 1.0 1.0 1.0 0.0002622817504223413 0.28340640119267335 65.32503403807736 -194.3811594157084 3405.151136756085 3405.151136756085 1896.0377997081875 796.2402234072039 -2714.0553481566
195.6480425038942 25.533083608266466 39628384602426243 9 481-482-484-485-486-487-488-489-491 0.6459094082576777 1.0 16 1.1641244416106464 1.0 [-1,-1] 1.0 1.0 1.0 0.000833303205902425 0.11070054926254569 64.46691639173353 -195.6480425038942 2415.5843852912217 2415.5843852912217 1555.7104207139348 -1841.397834597376 -155.13550233566153
193.55023017292257 24.40293025751318 39628362641049506 9 481-482-484-485-486-487-488-489-491 0.8544636244052612 1.0 16 1.1310027125185655 1.0 [-1,-1] 1.0 1.0 1.0 0.0006812235016579503 0.1321480675826358 65.59706974248682 -193.55023017292257 3017.8996843970035 3017.8996843970035 372.30150946482297 1044.8912195342198 -2806.6550251988647
193.44745246708231 24.889517510468618 39628373625934246 9 481-482-484-485-486-487-488-489-491 0.7591372813365682 1.0 16 1.1975588853881518 1.0 [-1,-1] 1.0 1.0 1.0 0.0006416626200019751 0.139161677870846 65.11048248953138 -193.44745246708231 2752.0217128036243 2752.0217128036243 496.00805975268867 2031.226982417011 -1789.3340823625003
193.2748651173607 25.12010432851005 39628373625930950 9 481-482-484-485-486-487-488-489-491 0.7615823129325775 1.0 16 1.4022988565698837 1.0 [-1,-1] 1.0 1.0 1.0 0.0006416626200019751 0.139161677870846 64.87989567148995 -193.2748651173607 2759.0344478316933 2759.0344478316933 163.87419266850216 2445.263664996734 -1267.3207731059738
194.50419422431509 24.459094995630767 39628362653634841 8 481-482-484-485-486-487-488-490 0.5499999543429406 1.0 16 0.32863603357107096 1.0 [-1,-1] 1.0 1.0 1.0 0.0007045118177349687 0.128340413101622 65.54090500436924 -194.50419422431509 2111.8943775496327 2111.8943775496327 852.1060166160695 240.006886458408 -1917.3966446265067
194.73420475296479 25.381063465863466 39628384589841677 8 481-482-484-485-486-487-488-490 0.8148456906058241 1.0 16 0.6812137951202469 1.0 [-1,-1] 1.0 1.0 1.0 0.0006627118749498285 0.13533979738261318 64.61893653413654 -194.73420475296479 2909.2544662470186 2909.2544662470186 2838.6537050706975 126.51665394099835 -624.3398340184614
194.73166931650903 25.381987834397137 39628384589841642 8 481-482-484-485-486-487-488-490 0.8137366218199441 1.0 16 0.6821900148667203 1.0 [-1,-1] 1.0 1.0 1.0 0.0006627118749498285 0.13533979738261318 64.61801216560286 -194.73166931650903 2906.1755727714576 2906.1755727714576 2835.894638825383 133.5990275545304 -621.0550354770853
195.37394536139377 24.77124215873382 39628368164950956 8 481-482-484-485-486-487-488-490 0.9663696853906775 1.0 16 0.5711572505898417 1.0 [-1,-1] 1.0 1.0 1.0 0.00041974738576830407 0.19815580287489248 65.22875784126617 -195.37394536139377 3311.2231975688674 3311.2231975688674 1858.2419003507664 -1258.2424145823222 -2434.7406699780195
193.07473477231187 24.868834629825784 39628368131394684 8 481-482-484-485-486-487-488-490 0.5671821445367637 1.0 16 1.5302908234976116 1.0 [-1,-1] 1.0 1.0 1.0 0.000677088223595666 0.13284793461577618 65.13116537017422 -193.07473477231187 2167.611276831923 2167.611276831923 -214.8216223355049 1603.0620830918695 -1443.1154755525345
193.96059861792565 25.492100222851708 39628384577260112 8 481-482-484-485-486-487-488-490 0.9662140961179192 1.0 16 1.0669872164914946 1.0 [-1,-1] 1.0 1.0 1.0 0.00041974738576830407 0.19815580287489248 64.5078997771483 -193.96059861792565 3310.828768073331 3310.828768073331 2250.6780176171255 2403.1343639868264 -347.8229738568836
194.56022727321664 23.79491043654497 39628346090325623 8 481-482-484-485-486-487-488-490 0.4569041992139473 1.0 16 0.9214802490398973 1.0 [-1,-1] 1.0 1.0 1.0 0.0005635091211985168 0.1554616369400361 66.20508956345503 -194.56022727321664 1799.7228540269573 1799.7228540269573 -403.35099831880336 -89.56934882423744 -1751.6528352425785
196.18440040216217 24.185508984751948 39628357171675985 9 481-482-484-485-486-487-488-490-491 0.6471089590404681 1.0 16 1.403528327568325 1.0 [-1,-1] 1.0 1.0 1.0 0.000833303205902425 0.11070054926254569 65.81449101524805 -196.18440040216217 2419.2715147353547 2419.2715147353547 62.951387176388764 -377.72749383204103 -2388.772430614903
193.96777822977253 24.89785011431834 39628373634321776 9 481-482-484-485-486-487-488-490-491 1.0985404571654012 1.0 16 0.7371360198037175 1.0 [-1,-1] 1.0 1.0 1.0 4.689797466212482e-05 0.6886505109163528 65.10214988568165 -193.96777822977253 3633.6138848076994 3633.6138848076994 1915.0727133509008 2015.5944249764195 -2339.4498243070093
193.66848192496025 23.73039819845068 39628346077741666 9 481-482-484-485-486-487-488-490-491 0.5531396083025186 1.0 16 1.3831070552944944 1.0 [-1,-1] 1.0 1.0 1.0 0.000677088223595666 0.13284793461577618 66.26960180154933 -193.66848192496025 2122.1188342747646 2122.1188342747646 -275.24718111347005 -554.8066653560461 -2029.7332091063788
193.22730719914387 24.62024821978048 39628362636854334 9 481-482-484-485-486-487-488-490-491 0.5091074949948867 1.0 16 1.3861103020449017 1.0 [-1,-1] 1.0 1.0 1.0 0.0005337442823398631 0.16272042362546515 65.37975178021952 -193.22730719914387 1976.9326640850604 1976.9326640850604 21.408730343210607 1105.7416235918301 -1638.6396450861457
194.5018753896625 23.27565392581935 39628334996392054 9 481-482-484-485-486-487-488-490-491 0.6478187997838177 1.0 16 1.4422717929516673 1.0 [-1,-1] 1.0 1.0 1.0 0.000833303205902425 0.11070054926254569 66.72434607418066 -194.5018753896625 2421.4521253358225 2421.4521253358225 -1589.229594280079 -451.60758043742044 -1770.262772937737
