data_rosette/LRG_17_clustering_data.ecsv
# %ECSV 1.0
# ---
# datatype:
# - {name: RA, unit: deg, datatype: float64}
# - {name: DEC, unit: deg, datatype: float64}
# - {name: TARGETID, datatype: int64}
# - {name: NTILE, datatype: int64}
# - {name: TILES, datatype: string}
# - {name: Z, datatype: float64}
# - {name: COMP_TILE, datatype: float64}
# - {name: ROSETTE_NUMBER, datatype: int32}
# - {name: ROSETTE_R, unit: deg, datatype: float64}
# - {name: FRACZ_TILELOCID, datatype: float64}
# - {name: BITWEIGHTS, datatype: string, subtype: 'int64[2]'}
# - {name: PROB_OBS, datatype: float64}
# - {name: WEIGHT_ZFAIL, datatype: float64}
# - {name: WEIGHT, datatype: float64}
# - {name: NZ, unit: h3 / Mpc3, datatype: float64}
# - {name: WEIGHT_FKP, datatype: float64}
# - {name: distance, unit: Mpc, datatype: float64}
# - {name: x, unit: Mpc, datatype: float64}
# - {name: y, unit: Mpc, datatype: float64}
# - {name: z, unit: Mpc, datatype: float64}
# meta: !!omap
# - {EXTNAME: LSS}
# - {DESIDR: edr}
# - comments: ['Visit https://desidatamodel.readthedocs.io/en/latest/ for a more complet', e description]
# schema: astropy-2.0
RA DEC TARGETID NTILE TILES Z COMP_TILE ROSETTE_NUMBER ROSETTE_R FRACZ_TILELOCID BITWEIGHTS PROB_OBS WEIGHT_ZFAIL WEIGHT NZ WEIGHT_FKP distance x y z
[from data line 4966]
213.72492502179296 -1.34331472081599 39627758111822799 7 513-514-516-517-518-519-521 0.4262379360379788 1.0 17 1.1864843232551252 1.0 [-1,-1] 1.0 1.0 1.0 0.0006262316776515472 0.14210347001521706 1693.00196469776 -1407.7042069902282 -939.7070192784948 -39.68924301639508
212.16866935963805 -0.28958710616871264 39627782245847053 6 513-514-516-517-519-520 1.0225247542969889 1.0 17 0.7034980786277814 1.0 [-1,-1] 1.0 1.0 1.0 0.00020304675497218746 0.33812883710054276 3451.244914483556 -2921.3877646535793 -1837.4658410285997 -17.44337507567891
212.51562803431085 0.929238588215497 39627812453220702 6 513-514-516-517-519-520 0.7881066984540991 1.0 17 1.5554525406575093 1.0 [-1,-1] 1.0 1.0 1.0 0.0007324854237337303 0.12404708914385561 2834.4467291688616 -2389.818301776878 -1523.3987347181298 45.967815344393706
212.51739041776764 0.9325570469743375 39627812453220738 6 513-514-516-517-519-520 0.7875275308527603 1.0 17 1.558394636634252 1.0 [-1,-1] 1.0 1.0 1.0 0.0007324854237337303 0.12404708914385561 2832.812977574851 -2388.391749685357 -1522.592693692183 46.10536917317331
212.9181433958563 -0.8342288451564699 39627770178833924 7 513-514-516-517-519-520-521 0.9242521814578597 1.0 17 0.2623333910329426 1.0 [-1,-1] 1.0 1.0 1.0 0.0004951280553168204 0.17321314004730964 3203.1145573104827 -2688.562525731052 -1740.5170243323719 -46.635828481758075
212.23556705834685 0.6900861477029816 39627806405039763 7 513-514-516-517-519-520-521 0.8428853963506224 1.0 17 1.4081523913845173 1.0 [-1,-1] 1.0 1.0 1.0 0.0006232532477076302 0.14268566385842998 2986.4158604166705 -2525.9131091632034 -1592.8430350890537 35.96834544444
212.7180197238686 -0.6684085036748258 39627770174640773 6 513-514-516-517-519-521 0.9872046708953608 1.0 17 0.10676921300281772 1.0 [-1,-1] 1.0 1.0 1.0 0.0003578035202613049 0.22475091060875194 3363.715455158366 -2829.838589711842 -1817.9811450416407 -39.23997607072479
212.61986789221112 -0.06412465651507783 39627788294032263 5 513-514-516-517-520 0.9166789293487884 1.0 17 0.5653393968261482 1.0 [-1,-1] 1.0 1.0 1.0 0.0004951280553168204 0.17321314004730964 3183.38685018797 -2681.255308278886 -1716.044613701644 -3.562802486364043
212.6163378624508 -0.06603901631665249 39627788294032198 5 513-514-516-517-520 0.9163713865718822 1.0 17 0.5646633768657896 1.0 [-1,-281474976710657] 0.9921875 1.0 1.0078125 0.0004951280553168204 0.17321314004730964 3182.583845414789 -2680.6845585830756 -1715.446523353633 -3.6682398205769493
212.97604140372408 0.8895856361602165 39627812457419661 6 513-514-516-517-520-521 0.9438514606211061 1.0 17 1.4999513324655744 1.0 [-1,-1] 1.0 1.0 1.0 0.0004445766401596716 0.18918261239264766 3253.758623875195 -2729.243386783196 -1770.7692690450715 50.51647204601934
212.36577462660046 -1.9087421537704086 39627739971455205 7 513-514-516-518-519-520-521 0.8421500845726567 1.0 17 1.3788615359281828 1.0 [-1,-1] 1.0 1.0 1.0 0.0006232532477076302 0.14268566385842998 2984.4089713229437 -2519.3759536983785 -1596.7343588015497 -99.40371955747464
212.48100505235607 0.24995580356801622 39627794329637558 6 513-514-516-518-520-521 0.8064328580192045 1.0 17 0.9078435046721552 1.0 [-1,-1] 1.0 1.0 1.0 0.0007229154976227362 0.12548315978664992 2885.847993607027 -2434.3902623891345 -1549.7432671336835 12.589621300097171
212.93340312613194 0.9367077449224954 39627812457418742 5 513-514-516-519-520 0.9203641941725534 1.0 17 1.542486909789834 1.0 [-1,-1] 1.0 1.0 1.0 0.0004951280553168204 0.17321314004730964 3192.997773828489 -2679.534653407712 -1735.685486275315 52.198827516731754
212.262017877704 0.80238280430515 39627806409228591 3 513-514-517 0.6629205349203946 1.0 17 1.5020276101114056 1.0 [-1,-1] 1.0 1.0 1.0 0.000700708733790897 0.12894715825466588 2467.6215371526773 -2086.455336665198 -1317.0672201111665 34.55598978037281
212.0926032486437 0.7145830006741979 39627806405036221 5 513-514-517-518-519 0.49176970536783443 1.0 17 1.4928215488727392 1.0 [-1,-1] 1.0 1.0 1.0 0.0005337442823398631 0.16272042362546515 1918.6950304317845 -1625.3738153489683 -1019.3026943155953 23.92901047958861
212.47738508078226 -1.1153534575253543 39627764130649061 7 513-514-517-518-519-520-521 0.9386066991339239 1.0 17 0.6079848268450779 1.0 [-1,-1] 1.0 1.0 1.0 0.0004445766401596716 0.18918261239264766 3240.263995812535 -2732.9799908713962 -1739.5841285774752 -63.07290747179909
212.96673553505835 0.6601621541101064 39627806417622433 7 513-514-517-518-519-520-521 0.5840827256416059 1.0 17 1.2711444705252586 1.0 [-1,-1] 1.0 1.0 1.0 0.0006621615122706149 0.13543705131792066 2221.8503354216764 -1863.9789909071017 -1208.9441239937958 25.59960021625923
211.3309364411776 -0.6093254758006649 39627776193464123 5 513-514-517-518-520 0.8664317126972954 1.0 17 1.469011346205536 1.0 [-1,-1] 1.0 1.0 1.0 0.0006812235016579503 0.1321480675826358 3050.2143457837556 -2605.2792519135214 -1585.961971830083 -32.437612162123074
213.99946855955255 -0.4192367873706358 39627776235411656 6 513-514-517-518-520-521 0.6262439638864493 1.0 17 1.2129654358685609 1.0 [-1,-1] 1.0 1.0 1.0 0.0007214233604467519 0.12571007283523317 2354.7518686813187 -1952.1377272511209 -1316.7071785000476 -17.229712343393892
212.956487696348 -0.3725681876853878 39627782258429859 5 513-514-517-518-521 0.8332552231927888 1.0 17 0.27606490587729704 1.0 [-1,-1] 1.0 1.0 1.0 0.0006232532477076302 0.14268566385842998 2960.0617352637105 -2483.687762171129 -1610.2453537393944 -19.24778882028591
212.94290283817526 0.9833122108290233 39627812457418949 4 513-514-517-519 0.5956239623362468 1.0 17 1.5897475428633538 1.0 [-1,-1] 1.0 1.0 1.0 0.0007756247847600315 0.11796159141779075 2258.5705557227247 -1895.1424238675825 -1228.0365747817152 38.759765651457215
212.079392922723 -1.929755053336961 39627739967260346 4 513-514-517-520 0.7474137495496823 1.0 17 1.5123646032983433 1.0 [-1,-1] 1.0 1.0 1.0 0.0007126833197713517 0.12705585074725267 2718.2519432185704 -2301.9039459564233 -1442.828193372202 -91.53499228212205
212.94179804952887 -0.4801889827046079 39627776218631826 3 513-514-520 0.8337731553729294 1.0 17 0.18563289796922355 1.0 [-1,-1] 1.0 1.0 1.0 0.0006232532477076302 0.14268566385842998 2961.483008677635 -2485.2585203265185 -1610.3588694099258 -24.819539551894728
212.40390965120724 -2.107017584091264 39627739971456048 3 513-514-520 0.8000624787721741 1.0 17 1.5581697507770143 1.0 [-1,-1] 1.0 1.0 1.0 0.0007229154976227362 0.12548315978664992 2868.0448416970303 -2419.8283247024006 -1535.9013824702383 -105.4468410097087
214.3263212456162 -0.09568856882565546 39627788323391167 2 513-515 1.0147095391619372 1.0 17 1.607446936461034 1.0 [-1,-1] 1.0 1.0 1.0 0.00020304675497218746 0.33812883710054276 3432.0333917038865 -2834.3041963413925 -1935.3397818441597 -5.73176966159538
214.34404380415913 -1.2367044914256644 39627758124402699 2 513-515 0.6135840919915786 1.0 17 1.6699781034750691 1.0 [-1,-1] 1.0 1.0 1.0 0.0007214233604467519 0.12571007283523317 2315.202918611937 -1911.1364204851782 -1305.842738941315 -49.96876823152875
212.71846244706697 -0.5735644178944804 39627776214438852 3 513-515-516 0.6864724059595718 1.0 17 0.08571181446478139 1.0 [-1,-1] 1.0 1.0 1.0 0.0007209928471550773 0.12577569469930108 2538.7828098563064 -2135.8640165369484 -1372.1724281942209 -25.414283151682778
212.6275034997719 -0.49874851868459047 39627776214436805 6 513-515-516-517-518-519 0.8237650969530805 1.0 17 0.20001040422854316 1.0 [-1,-1] 1.0 1.0 1.0 0.0006627118749498285 0.13533979738261318 2933.9409540047263 -2470.8529004676175 -1581.848040224924 -25.539057803547724
212.81190883797632 -0.17340869742318465 39627782258427123 6 513-515-516-517-518-519 0.5553859659923029 1.0 17 0.42675748703488936 1.0 [-1,-1] 1.0 1.0 1.0 0.000677088223595666 0.13284793461577618 2129.4222701362883 -1789.6732511282562 -1153.8922494389055 -6.444798928085595
212.08151295573896 -0.48490909075188127 39627776206046929 7 513-515-516-517-518-519-520 0.9217085610758329 1.0 17 0.7276146680881526 1.0 [-1,-1] 1.0 1.0 1.0 0.0004951280553168204 0.17321314004730964 3196.4985473697025 -2708.2749294794926 -1697.6801916825773 -27.05247600637406
213.69469003357796 -1.2553983898819592 39627758111822095 7 513-515-516-517-518-519-520 0.6398534607167506 1.0 17 1.1089629093084532 1.0 [-1,-1] 1.0 1.0 1.0 0.000833303205902425 0.11070054926254569 2396.9286772777864 -1993.7792501626232 -1329.4185240509703 -52.514507402693404
213.6267987945826 -1.3927354609080937 39627752072022848 8 513-515-516-517-518-519-520-521 0.9247868754489119 1.0 17 1.1453419305376848 1.0 [-1,-1] 1.0 1.0 1.0 0.0004951280553168204 0.17321314004730964 3204.5040345671828 -2667.481480930803 -1774.0694173105933 -77.88683465011528
212.21308022872466 -1.8563867497570967 39627746007060567 8 513-515-516-517-518-519-520-521 0.5289748510862289 1.0 17 1.3866543919149823 1.0 [-1,-1] 1.0 1.0 1.0 0.0006865842838717192 0.13125169390769817 2042.920724266331 -1727.5498289145685 -1088.4470547236492 -66.17917586015362
214.06280898019725 -0.16386097871728436 39627782279398997 8 513-515-516-517-518-519-520-521 0.9792952282566559 1.0 17 1.335973504241058 1.0 [-1,-1] 1.0 1.0 1.0 0.0003578035202613049 0.22475091060875194 3343.8641029673267 -2770.1261949477707 -1872.895231814055 -9.563149368742284
213.47043164310338 -0.6446673876777688 39627770187224718 8 513-515-516-517-518-519-520-521 0.8093010861091716 1.0 17 0.671878496218327 1.0 [-1,-1] 1.0 1.0 1.0 0.0007229154976227362 0.12548315978664992 2893.841432708434 -2413.804490109718 -1595.8715473721568 -32.55956808932885
212.93767663104848 0.250402755703427 39627794338025174 7 513-515-516-517-518-519-521 1.0729986605202069 1.0 17 0.8614750009401281 1.0 [-1,-1] 1.0 1.0 1.0 0.0001075182622224553 0.4910338705006151 3573.2323618349565 -2998.8512918766564 -1942.842395580607 15.616235427858348
213.8874619547092 0.324086216973642 39627794354801754 7 513-515-516-517-518-519-521 0.7842266445309997 1.0 17 1.4270516276570095 1.0 [-1,-1] 1.0 1.0 1.0 0.0007324854237337303 0.12404708914385561 2823.490699043164 -2343.839026576104 -1574.250070397336 15.97062728947846
212.94844227537249 0.08954295900796332 39627788298227514 6 513-515-516-517-518-520 0.9439794297215561 1.0 17 0.7053395623533363 1.0 [-1,-1] 1.0 1.0 1.0 0.0004445766401596716 0.18918261239264766 3254.0873604366698 -2730.697665330365 -1769.8443284946438 5.085548970423481
212.29176349104702 0.28508889768564827 39627794329633627 7 513-515-516-517-518-520-521 0.956258290684726 1.0 17 1.0206270711354306 1.0 [-1,-1] 1.0 1.0 1.0 0.00041974738576830407 0.19815580287489248 3285.5145232248724 -2777.3379973718734 -1755.201435780417 16.3477983323795
212.6181244278996 -0.7561477812744559 39627770174638657 7 513-515-516-517-518-520-521 0.7581790740740166 1.0 17 0.23970022967771512 1.0 [-1,-1] 1.0 1.0 1.0 0.0006416626200019751 0.139161677870846 2749.270587198754 -2315.459268538373 -1481.8302088077328 -36.281808675322296
214.26932697618727 0.0005353229897623777 39627788323389929 5 513-515-516-517-519 1.0662720639870509 1.0 17 1.5872887531895656 1.0 [-1,-1] 1.0 1.0 1.0 0.0001568149373683449 0.39812733398474315 3557.181392785877 -2939.654194553207 -2002.9909327111857 0.033235274822480336
213.8200055719647 0.2750792355691756 39627794354800157 5 513-515-516-517-519 0.7988419452712184 1.0 17 1.3439294793913836 1.0 [-1,-1] 1.0 1.0 1.0 0.0007229154976227362 0.12548315978664992 2864.6260176092696 -2379.8757385763365 -1594.3915896695746 13.75312657563384
214.2309925869126 -1.2423962945333757 39627758120211276 5 513-515-516-518-519 0.6475441403408849 1.0 17 1.5683947198774435 1.0 [-1,-1] 1.0 1.0 1.0 0.000833303205902425 0.11070054926254569 2420.6084911521366 -2000.83151801854 -1361.3464363084684 -52.48413371372828
212.7720364270329 -0.5988109543102177 39627776218628613 5 513-515-516-518-519 1.0745587641852121 1.0 17 0.027987312557632506 1.0 [-1,-1] 1.0 1.0 1.0 0.0001075182622224553 0.4910338705006151 3576.9461369722744 -3007.4425390169213 -1936.0876966320593 -37.3827802911755
213.32208421915382 -1.983103013559308 39627739988231566 5 513-515-516-518-519 0.8249953393831039 1.0 17 1.478307866329571 1.0 [-1,-1] 1.0 1.0 1.0 0.0006627118749498285 0.13533979738261318 2937.335524752738 -2452.9548682769428 -1612.6439558416996 -101.64581082426177
213.43782055517647 -0.11429058530596467 39627788306615853 6 513-515-516-518-519-520 0.7826937616543436 1.0 17 0.8016922433190367 1.0 [-1,-1] 1.0 1.0 1.0 0.0007324854237337303 0.12404708914385561 2819.1552361412023 -2352.53613953434 -1553.4408047685797 -5.623497770169292
213.27889265434303 -1.9443039129624693 39627739988230743 7 513-515-516-518-519-520-521 0.8090822913766246 1.0 17 1.4270135288438406 1.0 [-1,-1] 1.0 1.0 1.0 0.0007229154976227362 0.12548315978664992 2893.23216313226 -2417.377215244751 -1586.6455361377655 -98.16155893532309
212.85061826070734 -0.2296655062077639 39627782258427913 7 513-515-516-518-519-520-521 0.9928356072060787 1.0 17 0.37377761085816447 1.0 [-1,-1] 1.0 1.0 1.0 0.0002622817504223413 0.28340640119267335 3377.7918998705163 -2837.6186332807056 -1832.2705288622492 -13.539569855328176
213.17496552770805 -2.060716584194952 39627739984040464 6 513-515-516-518-519-521 0.9770530859796039 1.0 17 1.5080479684321442 1.0 [-1,-1] 1.0 1.0 1.0 0.0003578035202613049 0.22475091060875194 3338.219850257871 -2792.2946464095658 -1825.484422137741 -120.03749756054452
213.17193472041674 -2.055016259763198 39627739984040370 6 513-515-516-518-519-521 0.8464259711789044 1.0 17 1.5017743045283558 1.0 [-1,-1] 1.0 1.0 1.0 0.0006232532477076302 0.14268566385842998 2996.0667506514533 -2506.19214159332 -1638.2534503891764 -107.43628838993827
213.5107458433544 -0.07897377902139303 39627788310806822 6 513-515-516-518-519-521 0.9200971859707683 1.0 17 0.8812529491862469 1.0 [-1,-1] 1.0 1.0 1.0 0.0004951280553168204 0.17321314004730964 3192.302142629101 -2661.682467004994 -1762.4471775490233 -4.400116139370662
213.16247887811997 -2.0550049908505317 39627739984040125 6 513-515-516-518-519-521 0.4554991924521993 1.0 17 1.4994508566228988 1.0 [-1,-1] 1.0 1.0 1.0 0.0005635091211985168 0.1554616369400361 1794.876053886745 -1501.5651809934463 -981.1929217221315 -64.36230578964688
212.84150065420553 -0.33092516826424434 39627782258427726 6 513-515-516-518-519-521 0.8145022264239339 1.0 17 0.272256225902061 1.0 [-1,-1] 1.0 1.0 1.0 0.0006627118749498285 0.13533979738261318 2908.3011931647275 -2443.4383234636525 -1577.1946088729785 -16.797480005197492
212.72125428626103 -0.5108951436220289 39627776214438913 6 513-515-516-518-519-521 0.6893823663848027 1.0 17 0.1189116430957495 1.0 [-1,-1] 1.0 1.0 1.0 0.0007209928471550773 0.12577569469930108 2547.504557718358 -2143.15666615559 -1377.0050803611273 -22.715293709481198
213.0472668667992 0.49962535381403905 39627800382014523 6 513-515-516-518-519-521 0.7681965707329332 1.0 17 1.127082471934343 1.0 [-1,-1] 1.0 1.0 1.0 0.0006416626200019751 0.139161677870846 2777.953177118332 -2328.450092215882 -1514.8456134494988 24.22374319751861
214.25635795841703 -0.4506767549557941 39627776243794105 6 513-515-516-518-519-521 0.6142182696701398 1.0 17 1.4639318364852951 1.0 [-1,-1] 1.0 1.0 1.0 0.0007214233604467519 0.12571007283523317 2317.1913277561207 -1915.1626233116904 -1304.298882734297 -18.22635992516335
214.2278131475543 -0.4416212236704375 39627776239605290 6 513-515-516-518-519-521 0.8065400987669922 1.0 17 1.4365112161383993 1.0 [-1,-1] 1.0 1.0 1.0 0.0007229154976227362 0.12548315978664992 2886.147111037382 -2386.217552258096 -1623.3656640380673 -22.245463965722635
214.24579921330223 -1.2562701893026902 39627758120211533 6 513-515-516-518-519-521 0.9031659918356041 1.0 17 1.587593952730571 1.0 [-1,-1] 1.0 1.0 1.0 0.0005275616701708153 0.16431404058018498 3147.964906814476 -2601.5799292888223 -1771.073570554443 -69.01690909170672
