data_rosette/LRG_9_clustering_data.ecsv
# %ECSV 1.0
# ---
# datatype:
# - {name: RA, unit: deg, datatype: float64}
# - {name: DEC, unit: deg, datatype: float64}
# - {name: TARGETID, datatype: int64}
# - {name: NTILE, datatype: int64}
# - {name: TILES, datatype: string}
# - {name: Z, datatype: float64}
# - {name: COMP_TILE, datatype: float64}
# - {name: ROSETTE_NUMBER, datatype: int32}
# - {name: ROSETTE_R, unit: deg, datatype: float64}
# - {name: FRACZ_TILELOCID, datatype: float64}
# - {name: BITWEIGHTS, datatype: string, subtype: 'int64[2]'}
# - {name: PROB_OBS, datatype: float64}
# - {name: WEIGHT_ZFAIL, datatype: float64}
# - {name: WEIGHT, datatype: float64}
# - {name: NZ, unit: h3 / Mpc3, datatype: float64}
# - {name: WEIGHT_FKP, datatype: float64}
# - {name: theta, unit: deg, datatype: float64}
# - {name: phi, unit: deg, datatype: float64}
# - {name: rho, unit: Mpc, datatype: float64}
# - {name: r, unit: Mpc, datatype: float64}
# - {name: x, unit: Mpc, datatype: float64}
# - {name: y, unit: Mpc, datatype: float64}
# - {name: z, unit: Mpc, datatype: float64}
# meta: !!omap
# - {EXTNAME: LSS}
# - {DESIDR: edr}
# - comments: ['Visit https://desidatamodel.readthedocs.io/en/latest/ for a more complet', e description]
# schema: astropy-2.0
RA DEC TARGETID NTILE TILES Z COMP_TILE ROSETTE_NUMBER ROSETTE_R FRACZ_TILELOCID BITWEIGHTS PROB_OBS WEIGHT_ZFAIL WEIGHT NZ WEIGHT_FKP theta phi rho r x y z
[from data line 4137]
220.1005097886653 1.0497597227635826 39627812579051739 2 244-250 0.9802599378510333 0.5652173913043478 9 1.6769035885421715 0.5 [-3718809926289553997,-7921888656015019770] 0.40625 1.0 2.4339622641509435 0.0003578035202613049 0.22475091060875194 88.95024027723642 -220.1005097886653 3346.290317546656 3346.290317546656 2739.8773422236814 -524.1603633146885 1848.238878610016
219.12450956892383 0.8147437739211629 39627806522477408 2 244-250 0.5715149600766599 0.5652173913043478 9 1.5677252573581963 1.0 [-1,-1] 1.0 1.0 1.0 0.0006621615122706149 0.13543705131792066 89.18525622607883 -219.12450956892383 2181.569758635113 2181.569758635113 1446.7194785344655 1451.292600349485 748.3309096857215
220.84446932163937 0.6956829176560736 39627806551836966 2 244-250 0.8277715706997242 0.5652173913043478 9 1.6642304934459389 1.0 [-1152921509707137089,-144398862075822081] 0.9296875 1.0 1.075 0.0006627118749498285 0.13533979738261318 89.30431708234393 -220.84446932163937 2944.98665532452 2944.98665532452 1706.954019541418 -2303.1166605349626 674.468696958711
220.0848699809605 0.983204601889647 39627812579051401 2 244-250 0.7951846105980263 0.5652173913043478 9 1.6086272552543495 1.0 [-1,-1] 1.0 1.0 1.0 0.0007229154976227362 0.12548315978664992 89.01679539811035 -220.0848699809605 2854.3663829805296 2854.3663829805296 2441.8941393489927 -427.68020174022416 1414.7968424978317
220.14763570859066 -0.46301393686646286 39627776340266573 5 244-250-251-253-469 0.5411115738361426 1.0 9 0.37363794019809543 1.0 [-1,-1] 1.0 1.0 1.0 0.0007045118177349687 0.128340413101622 90.46301393686646 -220.14763570859066 2082.842994936032 2082.842994936032 1214.489802819963 -292.25472440771847 -1666.6843241783356
221.28921124653215 0.08614421385123396 39627788440830843 3 244-250-252 0.7559568265310808 0.8181818181818182 9 1.639656340714541 1.0 [-1980873868150043508,-224432767698161137] 0.4453125 1.0 2.2241379310344827 0.0006416626200019751 0.139161677870846 89.91385578614877 -221.28921124653215 2742.8840978567578 2742.8840978567578 489.04313142030736 -2501.4208131032156 -1013.4810830302398
220.96530795909356 0.5653238187494214 39627800512041395 3 244-250-252 0.7228588945529455 0.8181818181818182 9 1.6479912942851307 1.0 [-1,-1] 1.0 1.0 1.0 0.0006167714992318164 0.14396928707710532 89.43467618125058 -220.96530795909356 2646.7378354641532 2646.7378354641532 1301.526370187946 -2289.19930262257 266.1143180199097
221.28671213457332 -0.13134956939077352 39627782401033158 3 244-250-252 0.8751904708099202 0.8181818181818182 9 1.558795636579935 0.3333333333333333 [2898115361052424257,4829695176161922594] 0.3671875 1.0 2.6875 0.0005690156306133545 0.15418916366201427 90.13134956939078 -221.28671213457332 3073.717038193963 3073.717038193963 494.3335187727403 -2495.347822349095 -1725.2854977073391
221.28838248735732 -0.1305888301234327 39627782401033216 3 244-250-252 0.8707544913385211 0.8181818181818182 9 1.5606174521159404 0.5 [-7756928197444054452,3213882659562546242] 0.3671875 1.0 2.6875 0.0005690156306133545 0.15418916366201427 90.13058883012343 -221.28838248735732 3061.829233399615 3061.829233399615 488.520755935294 -2487.798144815702 -1716.6846292119103
221.22031819468168 0.1249215112075845 39627788436640810 3 244-250-252 1.0659697416967924 0.8181818181818182 9 1.5946013246163533 0.3333333333333333 [7980325139692027197,-1689202392834837] 0.734375 1.0 1.3578947368421053 0.0001568149373683449 0.39812733398474315 89.87507848879241 -221.22031819468168 3556.4585208712138 3556.4585208712138 868.4146190395169 -3238.8362890670446 -1184.9863934823593
219.90385745953455 0.9902955009334046 39627812574858872 3 244-250-252 1.025959997360828 0.8181818181818182 9 1.5936829466868134 1.0 [-4053630275048456193,-186934654866040906] 0.7578125 1.0 1.316326530612245 0.00020304675497218746 0.33812883710054276 89.0097044990666 -219.90385745953455 3459.661732723858 3459.661732723858 2992.450588735794 22.827728931180893 1736.0811253050636
221.20167992505836 0.253134972918056 39627794476438544 3 244-250-252 0.8977644108652428 0.8181818181818182 9 1.6408813456858578 1.0 [-1,-1] 1.0 1.0 1.0 0.0005275616701708153 0.16431404058018498 89.74686502708194 -221.20167992505836 3133.725485239301 3133.725485239301 848.5028569123074 -2944.08073211336 -657.7742480888161
221.23577965010853 0.033304150250935145 39627788436641164 3 244-250-252 0.6770715521168621 0.8181818181818182 9 1.5692246309917495 1.0 [3736531934633523197,-1225590571008929130] 0.7109375 1.0 1.4021739130434783 0.0007209928471550773 0.12577569469930108 89.96669584974906 -221.23577965010853 2510.500717384638 2510.500717384638 556.4953050595822 -2211.6530842897473 -1049.5320205630094
221.28701600702595 -0.1437392316645586 39627782401033170 3 244-250-252 0.8682548445561938 0.8181818181818182 9 1.55540530315272 0.5 [6595169118878944816,-8920120256569814152] 0.5390625 1.0 1.8428571428571427 0.0006812235016579503 0.1321480675826358 90.14373923166455 -221.28701600702595 3055.1165951830585 3055.1165951830585 486.4284578700294 -2459.3641160940756 -1746.0392063198115
220.9418305310859 -1.460653501718077 39627752193659716 6 244-250-252-253-254-469 0.511519967356818 1.0 9 1.4297046215447096 0.5 [-1,-1] 1.0 1.0 1.0 0.0006865842838717192 0.13125169390769817 91.46065350171807 -220.9418305310859 1984.9879091729592 1984.9879091729592 -354.49092071187914 590.7752868929105 -1861.5847407765998
221.3101333074767 -0.9692700194585255 39627764281640553 4 244-250-252-254 0.6687733623141888 1.0 9 1.554486209951962 1.0 [-4620693493097431041,-288230376151713805] 0.9296875 1.0 1.075 0.000700708733790897 0.12894715825466588 90.96927001945852 -221.3101333074767 2485.4010836580565 2485.4010836580565 58.11023591387606 -334.21709751760983 -2462.1414822990128
221.3278917546852 -0.517238936557462 39627776361236091 4 244-250-252-254 0.6256280318243317 1.0 9 1.530058916523145 1.0 [-1,-1] 1.0 1.0 1.0 0.0007214233604467519 0.12571007283523317 90.51723893655746 -221.3278917546852 2352.8347692200173 2352.8347692200173 200.98255858223607 -1291.4223667934843 -1956.4421108077452
221.35788115395223 -0.5628324074708846 39627776361236704 4 244-250-252-469 0.8046644760750208 1.0 9 1.558244239445929 1.0 [-1,-1] 1.0 1.0 1.0 0.0007229154976227362 0.12548315978664992 90.56283240747088 -221.35788115395223 2880.912803281829 2880.912803281829 184.81286137588094 -1477.9513491346124 -2466.001337382931
218.43964370719274 0.09057277367869235 39627788390502476 3 244-250-253 0.7535874852143513 0.5 9 1.525582190710988 1.0 [-1,-1] 1.0 1.0 1.0 0.0006416626200019751 0.139161677870846 89.90942722632131 -218.43964370719274 2736.065390604286 2736.065390604286 251.61496442633035 2534.434628814215 -999.692374486609
221.2287765598684 -0.0359292290449629 39627788436641011 4 244-250-253-254 0.6923011178097969 1.0 9 1.536066056900692 1.0 [-1,-1] 1.0 1.0 1.0 0.0005843703162771602 0.15074849413407446 90.03592922904497 -221.2287765598684 2556.237150946782 2556.237150946782 562.4540023214133 -2170.9718840624664 -1226.7334452779091
220.96906377191488 0.5447580779933718 39627800512041477 2 244-252 0.8121214823474853 0.42857142857142855 9 1.6361953968432472 1.0 [-1,-1] 1.0 1.0 1.0 0.0006627118749498285 0.13533979738261318 89.45524192200662 -220.96906377191488 2901.6880865160992 2901.6880865160992 1420.1073998861661 -2519.7454719423563 232.31762921484196
221.38883458208363 -0.24085446885935016 39627782401035575 2 244-252 0.6911262179141159 0.42857142857142855 9 1.628875884062529 1.0 [-1,-1] 1.0 1.0 1.0 0.0005843703162771602 0.15074849413407446 90.24085446885935 -221.38883458208363 2552.723840862229 2552.723840862229 181.34320348347822 -1934.9372406240489 -1655.1530216578014
221.16698699493853 -0.5503355346858873 39627776357043918 4 244-252-253-254 0.7222688235296465 1.0 9 1.367820007954359 1.0 [-1,-1] 1.0 1.0 1.0 0.0006167714992318164 0.14396928707710532 90.55033553468589 -221.16698699493853 2645.0061405726706 2645.0061405726706 432.796751863182 -1326.8814943907566 -2246.804387366013
219.79720458587235 -0.4459882237840429 39627776336069765 4 244-252-254-469 0.6900555347007394 0.75 9 0.15403714129283352 1.0 [-1,-1] 1.0 1.0 1.0 0.0005843703162771602 0.15074849413407446 90.44598822378404 -219.79720458587235 2549.51998205652 2549.51998205652 1553.3548534746426 178.2960728303177 -2013.7902940737238
220.30660414670692 -1.9923709090776052 39627740105672031 4 244-252-254-469 0.7132038396011668 0.75 9 1.4816209160784735 1.0 [-1,-1] 1.0 1.0 1.0 0.0006167714992318164 0.14396928707710532 91.99237090907761 -220.30660414670692 2618.324713831762 2618.324713831762 -1872.042276758661 780.7367544057885 -1655.7572712841525
220.3205675591403 -2.0174975716801886 39627740105672377 4 244-252-254-469 0.948804148815404 0.75 9 1.5100115050614817 1.0 [-1,-1] 1.0 1.0 1.0 0.0004445766401596716 0.18918261239264766 92.0174975716802 -220.3205675591403 3266.4632781024397 3266.4632781024397 -2368.500643836982 1026.8397624778088 -2001.3962999691128
221.25979870029093 -0.02782911011760714 39627788440830186 2 244-254 0.9463777664445113 1.0 9 1.567899898171157 1.0 [-1152921521787245569,-72200531623313409] 0.921875 1.0 1.084033613445378 0.0004445766401596716 0.18918261239264766 90.02782911011761 -221.25979870029093 3260.243773920316 3260.243773920316 633.9058962863023 -2802.0610770012668 -1541.3651419420855
221.26304662683182 -0.028458021994635086 39627788440830249 2 244-254 0.9478126898197188 1.0 9 1.5706952375900614 1.0 [-7206322354014650434,4321133129548950527] 0.8515625 1.0 1.1727272727272726 0.0004445766401596716 0.18918261239264766 90.02845802199464 -221.26304662683182 3263.9229690049433 3263.9229690049433 625.2955844938288 -2806.32181235591 -1544.913093059285
221.2964000321114 -0.31175349069660196 39627782401033433 2 244-469 0.7865708715261224 1.0 9 1.5238610896559843 1.0 [-1,-1] 1.0 1.0 1.0 0.0007324854237337303 0.12404708914385561 90.3117534906966 -221.2964000321114 2830.113120302395 2830.113120302395 373.17378323896634 -1984.4082556561345 -1983.029368439775
218.22691296148645 -0.08262110750116293 39627788386308495 1 245 0.9176808852402905 0.5 9 1.6559526306876617 1.0 [-1,-1] 1.0 1.0 1.0 0.0004951280553168204 0.17321314004730964 90.08262110750117 -218.22691296148645 3186.001971669883 3186.001971669883 -308.8894630520341 2703.155262573662 -1657.753748154448
218.12909957971107 -1.0202643800431532 39627764227116602 1 245 0.6098685100089585 0.5 9 1.7227767316320413 0.5 [3054039079842923062,4698896698653976965] 0.4375 1.0 2.263157894736842 0.0007756247847600315 0.11796159141779075 91.02026438004316 -218.12909957971107 2303.5375929354736 2303.5375929354736 -41.51618756398278 193.27376957878684 -2295.039672474076
218.1122212963671 -0.43756129274642974 39627776306710848 1 245 0.5497621753885558 0.5 9 1.6955081337129536 0.25 [49609965182130192,274877906944] 0.0703125 1.0 12.9 0.0007045118177349687 0.128340413101622 90.43756129274642 -218.1122212963671 2111.1192431023605 2111.1192431023605 -296.4018800715926 1274.692809891248 -1656.5411629351872
218.10235600983043 -0.38684674528951507 39627776306710653 1 245 0.7154750798398631 0.5 9 1.7109098023410423 0.5 [-1971150381953332761,9048206055748930451] 0.5625 1.0 1.7671232876712328 0.0006167714992318164 0.14396928707710532 90.38684674528952 -218.10235600983043 2625.0235814116813 2625.0235814116813 -408.3294745505667 1680.7069065491778 -1974.649370763975
218.38591401152883 -0.5406370492678828 39627776310905848 4 245-246-247-248 0.6432388453575191 1.0 9 1.4152614014192737 1.0 [-1,-1] 1.0 1.0 1.0 0.000833303205902425 0.11070054926254569 90.54063704926789 -218.38591401152883 2407.3660382654393 2407.3660382654393 58.32253352067484 1288.7407109676276 -2032.5248102230435
220.00495499794567 -0.142104420974096 39627782380060840 7 245-246-247-248-249-250-251 0.8554344523317363 1.0 9 0.5016701378029312 1.0 [-8193,-72620543991422977] 0.9609375 1.0 1.0403225806451613 0.0006812235016579503 0.1321480675826358 90.14210442097409 -220.00495499794567 3020.52964683259 3020.52964683259 2470.6124109937577 -231.60113511170397 -1722.2179235663511
219.20835807886826 -1.3490727830594311 39627758204097819 7 245-246-247-248-249-250-251 0.6035906602443452 1.0 9 0.9544862230975484 1.0 [-1,-1] 1.0 1.0 1.0 0.0007756247847600315 0.11796159141779075 91.34907278305943 -219.20835807886826 2283.767790124389 2283.767790124389 -418.98617093761953 -355.15325867237596 -2216.7345512322986
220.0038316773038 -0.14250129041236612 39627782380060813 7 245-246-247-248-249-250-251 0.8560535728412461 1.0 9 0.500849734807218 1.0 [-1,-1] 1.0 1.0 1.0 0.0006812235016579503 0.1321480675826358 90.14250129041237 -220.0038316773038 3022.2060371699768 3022.2060371699768 2471.561189175034 -228.88961626430955 -1724.1589726114942
219.62685459453664 0.38285296646657907 39627800491068240 8 245-246-247-248-249-250-251-252 0.5571841683811185 1.0 9 0.9979871954685001 1.0 [-1,-1] 1.0 1.0 1.0 0.000677088223595666 0.13284793461577618 89.61714703353343 -219.62685459453664 2135.2614724329046 2135.2614724329046 2042.5046214464164 597.5860824803825 -174.3768936875456
219.7729971662549 0.73432444282853 39627806535058013 9 245-246-247-248-249-250-251-252-253 0.5670868379435245 1.0 9 1.334597631424037 1.0 [-1,-1] 1.0 1.0 1.0 0.000677088223595666 0.13284793461577618 89.26567555717148 -219.7729971662549 2167.3038263041826 2167.3038263041826 2068.9489087144752 288.37173737417623 577.4928828355646
219.50753472460846 0.835669256939505 39627806530863328 9 245-246-247-248-249-250-251-252-253 0.7789622668896662 1.0 9 1.4651543657138482 1.0 [-1,-1] 1.0 1.0 1.0 0.0007324854237337303 0.12404708914385561 89.16433074306049 -219.50753472460846 2808.58459782385 2808.58459782385 2406.7780016568713 1028.7972928454976 1018.4022899167549
220.19209249019914 0.4635805059807989 39627800499458309 9 245-246-247-248-249-250-251-252-253 0.7772498058175699 1.0 9 1.133549902319753 1.0 [-1,-1] 1.0 1.0 1.0 0.0007324854237337303 0.12404708914385561 89.5364194940192 -220.19209249019914 2803.725512182085 2803.725512182085 2694.063612435196 -776.4597082616962 -2.884659334785697
220.34452021033144 -0.328765426217977 39627782384257811 9 245-246-247-248-249-250-251-252-253 0.5859469763033157 1.0 9 0.608317698564167 1.0 [-1,-1] 1.0 1.0 1.0 0.0006621615122706149 0.13543705131792066 90.32876542621797 -220.34452021033144 2227.7992107362616 2227.7992107362616 1418.436054651275 -655.7413707001737 -1587.807210266628
219.48114705620264 -1.7762637701786466 39627746128697130 9 245-246-247-248-249-250-251-252-253 0.8982633367211101 1.0 9 1.2186945353978773 1.0 [-1,-1] 1.0 1.0 1.0 0.0005275616701708153 0.16431404058018498 91.77626377017864 -219.48114705620264 3135.0426582832015 3135.0426582832015 -1769.4870513895758 -812.2494480321036 -2457.1648048902966
220.57962332754238 0.5454881341875181 39627800507844398 9 245-246-247-248-249-250-251-252-253 1.0104756129174126 1.0 9 1.38561726871189 1.0 [-1,-1] 1.0 1.0 1.0 0.00020304675497218746 0.33812883710054276 89.45451186581248 -220.57962332754238 3421.5886696151765 3421.5886696151765 2677.0880326635875 -2112.8307790581284 276.43224933602596
218.72616975718938 0.3652394523387445 39627794434495406 10 245-246-247-248-249-250-251-252-253-254 0.8251260603552378 1.0 9 1.443872043683316 1.0 [-1,-1] 1.0 1.0 1.0 0.0006627118749498285 0.13533979738261318 89.63476054766126 -218.72616975718938 2937.696071287326 2937.696071287326 1099.137185345047 2708.693280772131 -291.43844246885163
220.3010554496016 0.14869033428176842 39627794463851594 10 245-246-247-248-249-250-251-252-253-254 0.9466730471365178 1.0 9 0.9008808542773002 1.0 [-1,-1] 1.0 1.0 1.0 0.0004445766401596716 0.18918261239264766 89.85130966571823 -220.3010554496016 3261.0011399822665 3261.0011399822665 2867.371821136535 -1177.205224374114 -1013.1609615574833
