data_rosette/LRG_1_clustering_data.ecsv
# %ECSV 1.0
# ---
# datatype:
# - {name: RA, unit: deg, datatype: float64}
# - {name: DEC, unit: deg, datatype: float64}
# - {name: TARGETID, datatype: int64}
# - {name: NTILE, datatype: int64}
# - {name: TILES, datatype: string}
# - {name: Z, datatype: float64}
# - {name: COMP_TILE, datatype: float64}
# - {name: ROSETTE_NUMBER, datatype: int32}
# - {name: ROSETTE_R, unit: deg, datatype: float64}
# - {name: FRACZ_TILELOCID, datatype: float64}
# - {name: BITWEIGHTS, datatype: string, subtype: 'int64[2]'}
# - {name: PROB_OBS, datatype: float64}
# - {name: WEIGHT_ZFAIL, datatype: float64}
# - {name: WEIGHT, datatype: float64}
# - {name: NZ, unit: h3 / Mpc3, datatype: float64}
# - {name: WEIGHT_FKP, datatype: float64}
# - {name: theta, unit: deg, datatype: float64}
# - {name: phi, unit: deg, datatype: float64}
# - {name: rho, unit: Mpc, datatype: float64}
# - {name: r, unit: Mpc, datatype: float64}
# - {name: x, unit: Mpc, datatype: float64}
# - {name: y, unit: Mpc, datatype: float64}
# - {name: z, unit: Mpc, datatype: float64}
# meta: !!omap
# - {EXTNAME: LSS}
# - {DESIDR: edr}
# - comments: ['Visit https://desidatamodel.readthedocs.io/en/latest/ for a more complet', e description]
# schema: astropy-2.0
RA DEC TARGETID NTILE TILES Z COMP_TILE ROSETTE_NUMBER ROSETTE_R FRACZ_TILELOCID BITWEIGHTS PROB_OBS WEIGHT_ZFAIL WEIGHT NZ WEIGHT_FKP theta phi rho r x y z
[from data line 1997]
180.29689081778315 1.2009536108459717 39627817951953875 6 28-29-30-33-36-37 0.7484034700996869 1.0 1 1.388479477936685 1.0 [-1,-1] 1.0 1.0 1.0 0.0007126833197713517 0.12705585074725267 88.79904638915403 179.70310918221685 2721.1121356665476 2721.1121356665476 -1626.3350895782212 -1191.5933921294668 1827.4546831896407
180.2772252646094 1.1667051677328417 39627817951953459 8 28-29-30-33-36-37-38-445 0.6984559577714088 1.0 1 1.3489891085220815 1.0 [-1,-1] 1.0 1.0 1.0 0.0005843703162771602 0.15074849413407446 88.83329483226716 179.7227747353906 2574.6010154421656 2574.6010154421656 -1562.4738729255637 -1192.7217935173383 1662.7268291603418
179.03882226348358 1.3639802249725896 39627817930982116 8 28-29-30-33-36-37-38-445 0.5485107309704034 1.0 1 1.4748908476751914 1.0 [-1,-1] 1.0 1.0 1.0 0.0007045118177349687 0.128340413101622 88.6360197750274 180.96117773651642 2107.037821156254 2107.037821156254 411.834376043815 -1244.4167287847172 1649.6750684944714
180.28530155632222 1.1679698731817554 39627817951953636 8 28-29-30-33-36-37-38-445 0.9001349898632323 1.0 1 1.3541516877382365 1.0 [-1,-1] 1.0 1.0 1.0 0.0005275616701708153 0.16431404058018498 88.83203012681824 179.71469844367778 3139.9803601003864 3139.9803601003864 -1915.2245220100383 -1437.663916397366 2030.889991012945
179.23667636903878 -0.12798537635469132 39627781692200102 8 28-29-30-33-36-37-38-445 0.7546301865020406 1.0 1 0.3852065651319908 1.0 [-1,-1] 1.0 1.0 1.0 0.0006416626200019751 0.139161677870846 90.12798537635469 180.76332363096122 2739.06737903825 2739.06737903825 275.929155717234 -2255.2232658397825 -1529.8108475074903
178.8782575813828 0.4296381981417589 39627799807396373 8 28-29-30-33-36-37-38-445 0.5974348596486166 1.0 1 0.8399353168755488 1.0 [-1,-1] 1.0 1.0 1.0 0.0007756247847600315 0.11796159141779075 89.57036180185824 181.1217424186172 2264.308833380353 2264.308833380353 1045.3021967870816 -2007.0301483583858 -79.16940000348386
180.83889118413308 0.628988873588906 39627805880748284 6 28-29-30-33-36-38 0.4501387743697882 0.5 1 1.3893943678199876 1.0 [-1,-1] 1.0 1.0 1.0 0.0005635091211985168 0.1554616369400361 89.37101112641109 179.16110881586692 1776.3468501742032 1776.3468501742032 -1745.2577198614624 -158.07502258418128 290.68180304723757
179.14112958458657 -1.1310180922557285 39627757533006536 7 28-29-30-33-36-38-445 0.8285443628376817 1.0 1 1.2205476773220003 1.0 [-1,-1] 1.0 1.0 1.0 0.0006627118749498285 0.13533979738261318 91.13101809225573 180.85887041541343 2947.1141491658095 2947.1141491658095 -15.775071674217784 71.45199783216627 -2946.2056220387567
180.75741021046417 0.7750925053856401 39627805880746224 7 28-29-30-33-36-38-445 0.6918374786929706 1.0 1 1.3929411568520174 1.0 [-1,-1] 1.0 1.0 1.0 0.0005843703162771602 0.15074849413407446 89.22490749461436 179.24258978953583 2554.851028213801 2554.851028213801 -2396.877470498553 -415.90432758168635 780.5547758360068
180.77165489107284 0.7786853075266172 39627805880746613 7 28-29-30-33-36-38-445 0.6091322687419605 1.0 1 1.4067840875723512 1.0 [-1,-1] 1.0 1.0 1.0 0.0007756247847600315 0.11796159141779075 89.22131469247338 179.22834510892716 2301.22297833194 2301.22297833194 -2161.540375199502 -343.42736578528906 710.9346290729535
180.85899960700968 0.5614127961347004 39627799840951003 7 28-29-30-33-37-38-445 0.6062777845424092 1.0 1 1.3784823567883187 1.0 [-1,-1] 1.0 1.0 1.0 0.0007756247847600315 0.11796159141779075 89.4385872038653 179.14100039299032 2292.239160256753 2292.239160256753 -2275.8849349115653 -160.07385920788013 221.5501985001605
180.8161787734317 0.8595447264834677 39627805880747736 5 28-29-30-33-445 0.7435696964444046 1.0 1 1.4892269743301623 1.0 [-1,-1] 1.0 1.0 1.0 0.0007126833197713517 0.12705585074725267 89.14045527351654 179.1838212265683 2707.126710265771 2707.126710265771 -2482.788515196897 -281.855889547257 1041.5629946231236
179.04761669729422 1.4059585855357764 39627823970780156 4 28-29-30-34 0.7381247764485969 1.0 1 1.5105580462416988 1.0 [9187334305493811039,-4683744027467112473] 0.828125 1.0 1.205607476635514 0.0007126833197713517 0.12705585074725267 88.59404141446423 180.95238330270578 2691.323850696893 2691.323850696893 484.54337223252327 -1508.4652539543254 2175.540017413607
179.04513755233344 1.4042264925828294 39627823970780108 4 28-29-30-34 0.7341834150326516 1.0 1 1.5098552027263061 1.0 [-1,-1025] 0.9921875 1.0 1.0078125 0.0007126833197713517 0.12705585074725267 88.59577350741716 180.95486244766656 2679.8521483835466 2679.8521483835466 487.35593036943163 -1504.4020002982322 2163.530992574022
178.60505737713024 0.9329841072899414 39627811882796887 9 28-29-30-34-35-36-37-38-445 0.6648309643542848 1.0 1 1.363921797611007 1.0 [-1,-1] 1.0 1.0 1.0 0.000700708733790897 0.12894715825466588 89.06701589271006 181.39494262286976 2473.431951421182 2473.431951421182 1509.8372175087193 -1609.8032352907035 1116.5978410261716
178.56604417928878 -0.7445771254896902 39627769604212142 9 28-29-30-34-35-36-37-38-445 0.5869238899379506 1.0 1 1.2741269765444587 1.0 [-1,-1] 1.0 1.0 1.0 0.0006621615122706149 0.13543705131792066 90.74457712548968 181.43395582071122 2230.913876102416 2230.913876102416 561.9684500757388 -554.1775398214556 -2086.63735183266
178.33168973461972 0.07483204102484879 39627787719411674 9 28-29-30-34-35-36-37-38-445 1.0484683832500423 1.0 1 1.2705155839040414 1.0 [-1,-1] 1.0 1.0 1.0 0.00017111768859933566 0.3774092623312036 89.92516795897515 181.66831026538028 3514.394436455209 3514.394436455209 2781.4183396379985 -1682.6660749090308 -1335.4082354332559
180.3639962147849 0.4373550448639781 39627799832562744 9 28-29-30-34-35-36-37-38-445 0.8249739333583793 1.0 1 0.8803171670826062 1.0 [-1,-1] 1.0 1.0 1.0 0.0006627118749498285 0.13533979738261318 89.56264495513602 179.6360037852151 2937.2764812674086 2937.2764812674086 -2479.5190285601684 -1572.6320417599497 -80.04358590554388
179.02872495283054 -1.1564860991775914 39627757533004398 9 28-29-30-34-35-36-37-38-445 0.4484115508805161 1.0 1 1.2898724569099516 1.0 [-1,-1] 1.0 1.0 1.0 0.0005288673958748294 0.16397488484989944 91.15648609917758 180.97127504716946 1770.3637098719819 1770.3637098719819 -28.817669890203618 84.21617566511937 -1768.124668367626
180.8954305450959 -0.2325608781573715 39627781721557782 9 28-29-30-34-35-36-37-38-445 0.7692561291411391 1.0 1 1.3161366354032387 1.0 [-1,-1] 1.0 1.0 1.0 0.0006416626200019751 0.139161677870846 90.23256087815737 179.1045694549041 2780.9767867659057 2780.9767867659057 -2130.852580496473 -72.02508482125964 -1785.5283688249913
180.27911653230166 0.743483706780203 39627805872357966 9 28-29-30-34-35-36-37-38-445 0.8954912471724025 1.0 1 1.0069465726424538 1.0 [-1,-1] 1.0 1.0 1.0 0.0005275616701708153 0.16431404058018498 89.2565162932198 179.72088346769834 3127.7193230875982 3127.7193230875982 -2393.5446246222045 -1819.9692214951938 860.9787028538356
179.35135335036992 -0.13556020733987992 39627781696391236 8 28-29-30-34-35-36-38-445 0.7530676997645024 1.0 1 0.2831988891644598 1.0 [-1,-1] 1.0 1.0 1.0 0.0006416626200019751 0.139161677870846 90.13556020733988 180.64864664963008 2734.5681933904702 2734.5681933904702 15.952454169899529 -2256.618263611316 -1544.436057544833
179.0301642270613 -1.160686517041437 39627757533004419 8 28-29-30-34-35-37-38-445 0.4515865993064587 1.0 1 1.2930048642860008 1.0 [-1,-1] 1.0 1.0 1.0 0.0005635091211985168 0.1554616369400361 91.16068651704144 180.9698357729387 1781.3573775724474 1781.3573775724474 -31.283618117344908 91.85398648972253 -1778.7125363687132
179.0582989072725 1.391401318490742 39627823970780350 5 28-29-30-34-36 0.5738346951024875 1.0 1 1.4931108518910094 1.0 [-1,-1] 1.0 1.0 1.0 0.0006621615122706149 0.13543705131792066 88.60859868150926 180.9417010927275 2189.0278574611725 2189.0278574611725 388.5566613895027 -1255.5487499505928 1750.561058097774
179.3031969624996 -0.13317926196529153 39627781696390274 8 28-29-30-34-36-37-38-445 0.8233881483557431 1.0 1 0.3253130803325127 1.0 [-1,-1] 1.0 1.0 1.0 0.0006627118749498285 0.13533979738261318 90.1331792619653 180.6968030375004 2932.9003473069592 2932.9003473069592 133.81410785401877 -2420.587387783423 -1650.6831706527876
178.7146011372578 -0.8088192454324244 39627769604215462 7 28-29-30-34-36-37-445 0.4926715504390359 1.0 1 1.1991945810400448 1.0 [-1,-1] 1.0 1.0 1.0 0.0005337442823398631 0.16272042362546515 90.80881924543243 181.2853988627422 1921.7393833069254 1921.7393833069254 337.991136644542 -450.354378565297 -1837.3963052672327
179.51111701064585 -0.3530153879096227 39627781700583657 7 28-29-30-34-36-37-445 0.6803643348430061 1.0 1 0.36403289676901346 1.0 [-1,-1] 1.0 1.0 1.0 0.0007209928471550773 0.12577569469930108 90.35301538790962 180.48888298935415 2520.425345306994 2520.425345306994 -262.20239619696997 -1703.80242482915 -1838.7090911399653
179.61924426039752 -0.08558798086555376 39627787740383899 6 28-29-30-34-36-445 0.919766996216442 0.6666666666666666 1 0.08772481833237118 1.0 [-144540700166865293,-4981834976107429891] 0.8046875 1.0 1.2403846153846154 0.0004951280553168204 0.17321314004730964 90.08558798086555 180.38075573960248 3191.4417528684567 3191.4417528684567 -701.5359831365571 -2628.4429397234317 -1668.6627696855821
179.0829015729973 1.2655179582114677 39627817930982941 6 28-29-30-34-36-445 0.928455855107108 0.6666666666666666 1 1.3670709569771757 1.0 [-1,-1] 1.0 1.0 1.0 0.0004951280553168204 0.17321314004730964 88.73448204178854 180.9170984270027 3214.0264835886387 3214.0264835886387 608.6093251403522 -2152.7613352694825 2307.6350577875414
180.58164970606313 0.3279567245645018 39627793796958111 7 28-29-30-35-36-37-445 0.5673711792113493 1.0 1 1.0349788569827085 1.0 [-1,-1] 1.0 1.0 1.0 0.000677088223595666 0.13284793461577618 89.6720432754355 179.41835029393687 2168.221033061556 2168.221033061556 -2019.5645577712019 -731.6398825298743 -295.37184614753806
180.67604258712439 -0.7260877629341485 39627769637769524 7 28-29-30-35-36-37-445 0.7671515467250485 1.0 1 1.2980790052789186 1.0 [-1,-1] 1.0 1.0 1.0 0.0006416626200019751 0.139161677870846 90.72608776293414 179.32395741287561 2774.969141700263 2774.969141700263 -996.7282567877643 -257.8814295326821 -2576.9135972732383
179.05133273696137 -0.3365494785704959 39627781692196007 7 28-29-30-35-36-38-445 0.5333374926182407 1.0 1 0.6436597353022212 1.0 [-1,-1] 1.0 1.0 1.0 0.0007045118177349687 0.128340413101622 90.33654947857049 180.94866726303863 2057.304930263418 2057.304930263418 432.76042674508943 -1364.6516330064146 -1477.4802569450806
180.97983351691255 0.15438921451021861 39627793801155202 7 28-29-30-35-36-38-445 0.8601326761477757 1.0 1 1.3884422766839333 1.0 [-1,-1] 1.0 1.0 1.0 0.0006812235016579503 0.1321480675826358 89.84561078548978 179.02016648308745 3033.2354471412827 3033.2354471412827 -2884.7490530807518 146.13572841745747 -925.9506074429573
179.3427858913064 -0.46379705562569157 39627775656593385 7 28-29-31-32-33-34-35 0.9746165125779582 1.0 1 0.5303445686273622 1.0 [-1,-1] 1.0 1.0 1.0 0.0003578035202613049 0.22475091060875194 90.46379705562569 180.6572141086936 3332.077676484358 3332.077676484358 31.213665670526947 -1996.0392192698216 -2667.882078416797
178.3077151236107 -0.025999563282653133 39627787719411040 7 28-29-31-32-33-34-35 0.9403291616913243 1.0 1 1.292546349035685 1.0 [-1,-1] 1.0 1.0 1.0 0.0004445766401596716 0.18918261239264766 90.02599956328265 181.6922848763893 3244.7004769096743 3244.7004769096743 2483.55056616153 -1422.279875161905 -1528.7830869309253
180.00218211488576 -1.2004541781802895 39627757549781046 8 28-29-31-32-33-34-35-36 0.7889728446428455 1.0 1 1.2660240985878715 1.0 [-1048577,-148689156514512901] 0.953125 1.0 1.048780487804878 0.0007324854237337303 0.12404708914385561 91.2004541781803 179.99781788511424 2836.8889399359427 2836.8889399359427 160.27308517634975 213.58236264140436 -2824.2935346857003
178.879462947874 0.8182120177768913 39627805847194348 9 28-29-31-32-33-34-35-36-37 0.555449850343367 1.0 1 1.0902335788916326 1.0 [-1,-1] 1.0 1.0 1.0 0.000677088223595666 0.13284793461577618 89.18178798222311 181.120537052126 2129.629827492393 2129.629827492393 920.7314259254573 -1773.0616444604375 737.4477936788493
179.5275404359863 -0.6445807733245379 39627769620988595 9 28-29-31-32-33-34-35-36-37 0.5512152692169506 1.0 1 0.6486405323841736 1.0 [-1,-1] 1.0 1.0 1.0 0.000677088223595666 0.13284793461577618 90.64458077332453 180.4724595640137 2115.854429661977 2115.854429661977 -158.61373164622867 -928.9292621729061 -1894.405468090812
178.57969141678709 -1.0590520109009214 39627763564414463 9 28-29-31-32-33-34-35-36-37 0.8883264752942359 1.0 1 1.470544866194016 1.0 [-1,-1] 1.0 1.0 1.0 0.0005690156306133545 0.15418916366201427 91.05905201090093 181.42030858321291 3108.7350710294995 3108.7350710294995 102.88118931980864 -104.26226869180083 -3105.2823675247582
178.60110740476773 -1.0435794287660582 39627763564414847 9 28-29-31-32-33-34-35-36-37 0.8859718428303279 1.0 1 1.4445532524087425 1.0 [-1,-1] 1.0 1.0 1.0 0.0005690156306133545 0.15418916366201427 91.04357942876605 181.39889259523227 3102.478308408077 3102.478308408077 133.3494019818422 -141.05764256794947 -3096.3998986899123
179.52441013130823 -1.4561102315111067 39627751501595229 9 28-29-31-32-33-34-35-36-37 0.941614416304734 1.0 1 1.458070507342498 1.0 [-1,-1] 1.0 1.0 1.0 0.0004445766401596716 0.18918261239264766 91.4561102315111 180.47558986869177 3248.0079052121496 3248.0079052121496 183.97987735162076 1098.1963441247972 -3051.1754369097216
179.8737014010425 -1.4337109811627076 39627751505791408 10 28-29-31-32-33-34-35-36-37-38 0.6758697459602575 1.0 1 1.4595972041282954 1.0 [-1,-1] 1.0 1.0 1.0 0.0007209928471550773 0.12577569469930108 91.4337109811627 180.1262985989575 2506.8734486870553 2506.8734486870553 397.4056129223057 701.7457244284299 -2373.612479912506
180.56792480247213 0.21292123583305617 39627793796957781 10 28-29-31-32-33-34-35-36-37-38 0.7670359500950779 1.0 1 0.9910648631999257 1.0 [-1,-1] 1.0 1.0 1.0 0.0006416626200019751 0.139161677870846 89.78707876416695 179.43207519752787 2774.6389428355246 2774.6389428355246 -2513.733169957397 -949.8916015408178 -690.9940366440176
180.5676394556414 0.2121623843239528 39627793796957773 10 28-29-31-32-33-34-35-36-37-38 0.7851897798001911 1.0 1 0.9906233965577014 1.0 [-1,-1] 1.0 1.0 1.0 0.0007324854237337303 0.12404708914385561 89.78783761567605 179.4323605443586 2826.212684708546 2826.212684708546 -2559.68081189106 -968.0891181382394 -705.914824739173
180.56956115400558 0.21624934988826275 39627793796957831 10 28-29-31-32-33-34-35-36-37-38 0.7887935283843466 1.0 1 0.9933821766616991 1.0 [-1,-1] 1.0 1.0 1.0 0.0007324854237337303 0.12404708914385561 89.78375065011174 179.43043884599442 2836.3834396527586 2836.3834396527586 -2573.4434155785507 -967.6455572795631 -697.2245542355358
179.56120803407268 -1.46546125468846 39627751501596199 10 28-29-31-32-33-34-35-36-37-38 0.941665225092263 1.0 1 1.465974480492199 1.0 [-1,-1] 1.0 1.0 1.0 0.0004445766401596716 0.18918261239264766 91.46546125468846 180.43879196592732 3248.1386029142527 3248.1386029142527 230.0031264439787 1118.6282559318088 -3040.7521718480625
180.96074088984673 -0.22952981618124596 39627781721559013 10 28-29-31-32-33-34-35-36-37-38 0.9255954269682793 1.0 1 1.3799600719765805 1.0 [-1,-1] 1.0 1.0 1.0 0.0004951280553168204 0.17321314004730964 90.22952981618124 179.03925911015327 3206.604329790204 3206.604329790204 -2463.3866829757435 77.67696038799151 -2051.3419187916793
179.55521054749389 1.1004273502437287 39627811899573332 10 28-29-31-32-33-34-35-36-37-38 0.8544823241737503 1.0 1 1.1013383683267426 1.0 [-1,-1] 1.0 1.0 1.0 0.0006812235016579503 0.1321480675826358 88.89957264975627 180.44478945250611 3017.950356353175 3017.950356353175 -474.7630395193121 -2381.336070354997 1792.1671043027375
