data_rosette/LRG_8_clustering_data.ecsv
# %ECSV 1.0
# ---
# datatype:
# - {name: RA, unit: deg, datatype: float64}
# - {name: DEC, unit: deg, datatype: float64}
# - {name: TARGETID, datatype: int64}
# - {name: NTILE, datatype: int64}
# - {name: TILES, datatype: string}
# - {name: Z, datatype: float64}
# - {name: COMP_TILE, datatype: float64}
# - {name: ROSETTE_NUMBER, datatype: int32}
# - {name: ROSETTE_R, unit: deg, datatype: float64}
# - {name: FRACZ_TILELOCID, datatype: float64}
# - {name: BITWEIGHTS, datatype: string, subtype: 'int64[2]'}
# - {name: PROB_OBS, datatype: float64}
# - {name: WEIGHT_ZFAIL, datatype: float64}
# - {name: WEIGHT, datatype: float64}
# - {name: NZ, unit: h3 / Mpc3, datatype: float64}
# - {name: WEIGHT_FKP, datatype: float64}
# - {name: theta, unit: deg, datatype: float64}
# - {name: phi, unit: deg, datatype: float64}
# - {name: rho, unit: Mpc, datatype: float64}
# - {name: r, unit: Mpc, datatype: float64}
# - {name: x, unit: Mpc, datatype: float64}
# - {name: y, unit: Mpc, datatype: float64}
# - {name: z, unit: Mpc, datatype: float64}
# meta: !!omap
# - {EXTNAME: LSS}
# - {DESIDR: edr}
# - comments: ['Visit https://desidatamodel.readthedocs.io/en/latest/ for a more complet', e description]
# schema: astropy-2.0
RA DEC TARGETID NTILE TILES Z COMP_TILE ROSETTE_NUMBER ROSETTE_R FRACZ_TILELOCID BITWEIGHTS PROB_OBS WEIGHT_ZFAIL WEIGHT NZ WEIGHT_FKP theta phi rho r x y z
[from data line 1349]
215.16345329317502 -0.8095049081448792 39627770216583568 10 217-218-219-220-222-223-224-225-226-466 0.7808415603125851 1.0 8 1.1556097317049425 1.0 [-1,-1] 1.0 1.0 1.0 0.0007324854237337303 0.12404708914385561 90.80950490814487 144.83654670682498 2813.911274370765 2813.911274370765 780.0282909133505 261.339702146893 -2690.976418604867
215.80952620909073 0.17621679921131386 39627794388354842 10 217-218-219-220-222-223-224-225-226-466 0.559943766651366 1.0 8 0.9181884824687604 1.0 [-1,-1] 1.0 1.0 1.0 0.000677088223595666 0.13284793461577618 89.82378320078868 144.19047379090927 2144.2101677706105 2144.2101677706105 1949.4939101585887 -652.0798914153181 -609.8381367520669
215.6514232746133 -0.32650337873914986 39627782304567548 10 217-218-219-220-222-223-224-225-226-466 0.6346029083630887 1.0 8 0.7038635331982788 1.0 [-1,-1] 1.0 1.0 1.0 0.000833303205902425 0.11070054926254569 90.32650337873915 144.3485767253867 2380.6982476386042 2380.6982476386042 1651.114462276757 -274.3995301874396 -1693.0003179571377
215.05554595010125 -0.7176464399024369 39627770216580496 10 217-218-219-220-222-223-224-225-226-466 0.9232645111946475 1.0 8 1.249920502041357 1.0 [-1,-1] 1.0 1.0 1.0 0.0004951280553168204 0.17321314004730964 90.71764643990244 144.94445404989875 3200.5467952716945 3200.5467952716945 1101.5078159756636 506.76465589864034 -2961.987492141108
215.15887788383122 -0.8005840903835757 39627770216583458 10 217-218-219-220-222-223-224-225-226-466 0.6242032283420704 1.0 8 1.1585326099723343 1.0 [-1,-1] 1.0 1.0 1.0 0.0007214233604467519 0.12571007283523317 90.80058409038358 144.84112211616878 2348.397286221181 2348.397286221181 668.9221804636486 227.524247458355 -2239.5860437217575
216.66827059100947 -0.5663262574207222 39627776281546187 9 217-218-219-220-222-223-224-225-227 0.8564435775776219 1.0 8 0.36978790666117506 1.0 [-1,-1] 1.0 1.0 1.0 0.0006812235016579503 0.1321480675826358 90.56632625742073 143.33172940899053 3023.2617316778455 3023.2617316778455 589.7567443349017 -1437.749270195248 -2593.294336706162
216.650466342362 -1.9030497815094782 39627740042759503 9 217-218-219-220-222-223-224-225-227 0.6893085130461386 1.0 8 1.3493337231127251 1.0 [-1,-1] 1.0 1.0 1.0 0.0007209928471550773 0.12577569469930108 91.90304978150948 143.349533657638 2547.283395117764 2547.283395117764 -721.2577644175218 1672.8709721552552 -1780.4332739056674
216.65613586932022 -1.884486734475461 39627740042759672 9 217-218-219-220-222-223-224-225-227 0.5679157631233233 1.0 8 1.3329193521943148 1.0 [-1,-1] 1.0 1.0 1.0 0.000677088223595666 0.13284793461577618 91.88448673447546 143.34386413067978 2169.977268604006 2169.977268604006 -595.2308795314045 1402.3826583383072 -1545.2586922267599
215.1000225775823 -1.0426633704830184 39627764176783735 9 217-218-219-220-222-223-224-225-227 0.5798004836401708 1.0 8 1.2789032889601775 1.0 [-1,-1] 1.0 1.0 1.0 0.0006621615122706149 0.13543705131792066 91.04266337048301 144.8999774224177 2208.160011111485 2208.160011111485 129.82432676641199 52.867119783051535 -2203.706275005216
216.49470290757333 -1.6707652597715317 39627746078366046 9 217-218-219-220-222-223-224-225-227 0.9692927483793847 1.0 8 1.0883158894685714 1.0 [-1,-1] 1.0 1.0 1.0 0.00041974738576830407 0.19815580287489248 91.67076525977153 143.50529709242667 3318.6266274952345 3318.6266274952345 -947.4635296847649 1501.7630295499357 -2803.6232549532538
215.75049715169482 -0.5758945887388469 39627776268959792 9 217-218-219-220-222-223-224-225-227 0.5715883951993371 1.0 8 0.5500024105796774 1.0 [-1,-1] 1.0 1.0 1.0 0.0006621615122706149 0.13543705131792066 90.57589458873885 144.24950284830518 2181.806018570456 2181.806018570456 1065.3624731380037 -287.7020277792921 -1882.1551069747748
216.64816524637806 -1.877170985566166 39627740042759436 9 217-218-219-220-222-223-224-225-227 0.8262456592542179 1.0 8 1.3237534146122147 1.0 [-1,-1] 1.0 1.0 1.0 0.0006627118749498285 0.13533979738261318 91.87717098556617 143.35183475362194 2940.7829170120444 2940.7829170120444 -815.66775898379 1879.9332698872634 -2109.203919187335
216.65221806069582 -1.8734434967484375 39627746082557656 9 217-218-219-220-222-223-224-225-227 0.8282657318508256 1.0 8 1.3212316222287017 1.0 [-1,-1] 1.0 1.0 1.0 0.0006627118749498285 0.13533979738261318 91.87344349674844 143.34778193930418 2946.3471932790453 2946.3471932790453 -806.4594064610991 1879.53503643869 -2120.833104200595
215.7990596442383 0.3905355865679691 39627800428151946 9 217-218-219-220-222-223-224-225-227 0.5262333925481154 1.0 8 1.109997702543519 1.0 [-1,-1] 1.0 1.0 1.0 0.0006865842838717192 0.13125169390769817 89.60946441343204 144.2009403557617 2033.862298024991 2033.862298024991 1930.1621640718604 -623.2288147397144 -150.5181457202433
216.43994867262228 0.4437961178825279 39627800436543763 9 217-218-219-220-222-223-224-225-227 1.006002692589431 1.0 8 1.0531359782091736 1.0 [-1,-1] 1.0 1.0 1.0 0.0002622817504223413 0.28340640119267335 89.55620388211747 143.56005132737772 3410.526160503948 3410.526160503948 1974.5002898795626 -2779.9279261761562 -70.97902516420146
215.6490078462885 0.6083546769535144 39627800423960368 10 217-218-219-220-222-223-224-225-227-466 0.8844040509648604 1.0 8 1.3725509459982066 1.0 [-7082262259254167617,6620286950966284287] 0.8125 1.0 1.2285714285714286 0.0005690156306133545 0.15418916366201427 89.39164532304649 144.3509921537115 3098.307460358779 3098.307460358779 3026.0704577117035 -495.396014629817 443.8349834885042
216.61052138303768 0.3687990227272071 39627794400938501 10 217-218-219-220-222-223-224-225-227-466 0.8472128497631451 1.0 8 1.0173457553267338 1.0 [-1,-1] 1.0 1.0 1.0 0.0006232532477076302 0.14268566385842998 89.6312009772728 143.38947861696232 2998.2088336555453 2998.2088336555453 1290.1032201575795 -2691.2123834581075 -286.82015039205265
215.3844087467097 -1.4023765663922412 39627752101382916 10 217-218-219-220-222-223-224-225-227-466 0.5458799802755451 1.0 8 1.217310904768373 1.0 [-1,-1] 1.0 1.0 1.0 0.0007045118177349687 0.128340413101622 91.40237656639223 144.6155912532903 2098.447857658067 2098.447857658067 -609.2865090735742 -62.566329256309224 -2007.072199900656
216.09631552292345 -0.26455944849160773 39627782312954308 10 217-218-219-220-222-223-224-225-227-466 0.665749226521807 1.0 8 0.39243502616221354 1.0 [-1,-1] 1.0 1.0 1.0 0.000700708733790897 0.12894715825466588 90.26455944849161 143.90368447707655 2476.2223657906106 2476.2223657906106 1514.000075073989 -1057.211555843626 -1649.7832293087185
216.44478361315777 -0.09845855133328857 39627788356948009 10 217-218-219-220-222-223-224-225-227-466 0.5696014209719574 1.0 8 0.5220203125714213 1.0 [-1,-1] 1.0 1.0 1.0 0.000677088223595666 0.13284793461577618 90.0984585513333 143.55521638684223 2175.409684975789 2175.409684975789 1057.9750544135757 -1504.8980846404525 -1161.1967260419528
215.65626900139276 0.6067309378648628 39627800423960613 10 217-218-219-220-222-223-224-225-227-466 0.8837467149415443 1.0 8 1.3676892320082925 1.0 [-1,-1] 1.0 1.0 1.0 0.0005690156306133545 0.15418916366201427 89.39326906213513 144.34373099860724 3096.5575635762034 3096.5575635762034 3021.392504334108 -517.1841725580663 438.6075819569145
216.34903623315202 0.17119765608359563 39627794396743979 10 217-218-219-220-222-223-224-225-227-466 0.8104605527099623 1.0 8 0.7727550109422318 1.0 [-1,-1] 1.0 1.0 1.0 0.0006627118749498285 0.13533979738261318 89.82880234391641 143.65096376684798 2897.06881369585 2897.06881369585 1804.5410031058325 -2105.844329093615 -837.8896950214493
216.0148409118628 0.14789377269590748 39627794392547806 10 217-218-219-220-222-223-224-225-227-466 0.5450995523045762 1.0 8 0.8004113819798924 1.0 [-1,-1] 1.0 1.0 1.0 0.0007045118177349687 0.128340413101622 89.85210622730409 143.9851590881372 2095.8969547174875 2095.8969547174875 1720.3203229785854 -1003.5859680181629 -652.7612396105791
216.44335777717322 -0.1020912640854592 39627788356947975 10 217-218-219-220-222-223-224-225-227-466 0.6362736402469891 1.0 8 0.5181347901466058 1.0 [-1,-1] 1.0 1.0 1.0 0.000833303205902425 0.11070054926254569 90.10209126408546 143.55664222282678 2385.8684209137614 2385.8684209137614 1160.006588598491 -1645.0406725791543 -1280.856753068797
217.45384977307262 -1.127367492555035 39627758174736712 10 217-218-219-220-222-223-224-225-227-466 0.6744027151687004 1.0 8 1.2685321651244406 1.0 [-1,-1] 1.0 1.0 1.0 0.0007209928471550773 0.12577569469930108 91.12736749255504 142.54615022692738 2502.4420850585857 2502.4420850585857 20.458825232015524 48.89112299654982 -2501.880789253282
216.57475109529 -0.9493840277270676 39627764201948587 10 217-218-219-220-222-223-224-225-227-466 0.7994669958303935 1.0 8 0.4444584678066172 1.0 [-1,-1] 1.0 1.0 1.0 0.0007229154976227362 0.12548315978664992 90.94938402772706 143.42524890471 2866.3771553928314 2866.3771553928314 207.80431682742304 -396.456993497641 -2831.211262900139
216.09874472843168 -0.2543817597151317 39627782312954369 10 217-218-219-220-222-223-224-225-227-466 0.9209856784138307 1.0 8 0.39994159317368305 1.0 [-1,-1] 1.0 1.0 1.0 0.0004951280553168204 0.17321314004730964 90.25438175971513 143.90125527156832 3194.616486399318 3194.616486399318 1967.547414670025 -1381.0414992210062 -2104.0570438153572
216.47116868855034 -1.344551652528053 39627758157960544 10 217-218-219-220-222-223-224-225-227-466 0.9231510905212525 1.0 8 0.7639679539084199 1.0 [-1,-1] 1.0 1.0 1.0 0.0004951280553168204 0.17321314004730964 91.34455165252805 143.52883131144966 3200.251825673337 3200.251825673337 -418.11491973238526 629.402374702363 -3109.765957808036
216.6133378818941 0.3761825564587311 39627800440736131 10 217-218-219-220-222-223-224-225-227-466 0.8610326052393458 1.0 8 1.0252366859396926 1.0 [-1,-1] 1.0 1.0 1.0 0.0006812235016579503 0.1321480675826358 89.62381744354127 143.3866621181059 3035.6651144926736 3035.6651144926736 1299.4267008596123 -2730.363278386313 -268.08450995994866
217.0383272018897 -1.4398816151144562 39627752130741178 10 217-218-219-220-222-223-224-225-227-466 0.6024830041768806 1.0 8 1.118188574881193 1.0 [-1,-1] 1.0 1.0 1.0 0.0007756247847600315 0.11796159141779075 91.43988161511446 142.9616727981103 2280.27178201555 2280.27178201555 -14.344320845622537 746.733599200628 -2154.488935256045
216.44810626266113 -0.0999798495917522 39627788356948089 10 217-218-219-220-222-223-224-225-227-466 0.5675919343262171 1.0 8 0.52149272108683 1.0 [-1,-1] 1.0 1.0 1.0 0.000677088223595666 0.13284793461577618 90.09997984959175 143.55189373733887 2168.933019080389 2168.933019080389 1048.8246967624618 -1502.4682670048514 -1160.528458660855
217.07212548904772 -1.1423001523278657 39627758170539690 10 217-218-219-220-222-223-224-225-227-466 0.863580022061635 1.0 8 0.9434643397945475 1.0 [-1,-1] 1.0 1.0 1.0 0.0006812235016579503 0.1321480675826358 91.14230015232786 142.92787451095228 3042.5356312668614 3042.5356312668614 1.6028158810788533 109.84011754242802 -3040.5518655480873
216.75886051129982 -1.4183840410171962 39627752126546177 10 217-218-219-220-222-223-224-225-227-466 0.8948679354914054 1.0 8 0.9382092033393433 1.0 [-1,-1] 1.0 1.0 1.0 0.0005275616701708153 0.16431404058018498 91.41838404101719 143.24113948870018 3126.0709813562416 3126.0709813562416 -282.53387062121925 917.6643061897711 -2974.9599347847716
216.35901550399558 -0.982701795593738 39627764197755621 10 217-218-219-220-222-223-224-225-227-466 0.6055894609686319 1.0 8 0.38722450433600786 1.0 [-1,-1] 1.0 1.0 1.0 0.0007756247847600315 0.11796159141779075 90.98270179559374 143.64098449600442 2290.070486288636 2290.070486288636 181.39573440646527 -216.00916775143068 -2272.6324954019165
216.43856107142662 -0.1075950318083623 39627788356947851 10 217-218-219-220-222-223-224-225-227-466 1.0789256614097145 1.0 8 0.511528076439653 1.0 [-1,-1] 1.0 1.0 1.0 0.0001075182622224553 0.4910338705006151 90.10759503180836 143.56143892857338 3587.323559415674 3587.323559415674 1749.8206071164427 -2456.371220746413 -1942.4877319401944
216.73689937810718 -1.826072998214753 39627746082559690 10 217-218-219-220-222-223-224-225-227-466 0.6642286493198687 1.0 8 1.301554158077309 1.0 [-1,-1] 1.0 1.0 1.0 0.000700708733790897 0.12894715825466588 91.82607299821476 143.26310062189282 2471.6007893240862 2471.6007893240862 -513.5756695029113 1546.4760670479416 -1858.3493394757654
216.14587353284801 0.5512543957657212 39627800432348630 10 217-218-219-220-222-223-224-225-227-466 0.6202933655701838 1.0 8 1.1615252249151222 1.0 [-1,-1] 1.0 1.0 1.0 0.0007214233604467519 0.12571007283523317 89.44874560423428 143.85412646715199 2336.2004038623377 2336.2004038623377 1839.889592326156 -1425.400692981311 202.16695947864113
216.11013976664074 -0.28841647690724076 39627782312954648 10 217-218-219-220-222-223-224-225-227-466 0.6884320267246938 1.0 8 0.3648683935109241 1.0 [-1,-1] 1.0 1.0 1.0 0.0007209928471550773 0.12577569469930108 90.28841647690724 143.88986023335926 2544.6578934316676 2544.6578934316676 1507.401479919712 -1083.9078260957874 -1740.1633249405809
215.46328351066623 -1.2851209776943122 39627758141182175 10 217-218-219-220-222-223-224-225-227-466 0.9325266695358945 1.0 8 1.081335951261974 1.0 [-1,-1] 1.0 1.0 1.0 0.0004445766401596716 0.18918261239264766 91.2851209776943 144.53671648933377 3224.567574559994 3224.567574559994 -573.7530015073651 -13.459514447008484 -3173.0840483094457
216.37576880971616 -1.0575470661796391 39627764197755956 10 217-218-219-220-222-223-224-225-227-466 0.9052427498189312 1.0 8 0.4637768845887537 1.0 [-1,-1] 1.0 1.0 1.0 0.0005275616701708153 0.16431404058018498 91.05754706617964 143.62423119028384 3153.4273641147875 3153.4273641147875 96.61805415488953 -119.04852299126291 -3149.6978492440917
216.5117327949264 -1.6855244655275896 39627746082554151 10 217-218-219-220-222-223-224-225-227-466 1.0211256833734197 1.0 8 1.1059724084357099 1.0 [-1,-1] 1.0 1.0 1.0 0.00020304675497218746 0.33812883710054276 91.68552446552759 143.4882672050736 3447.812146829398 3447.812146829398 -979.845115943957 1613.3300288454138 -2885.217213072661
216.7348978943114 -0.6948652713751916 39627770241750122 9 217-218-219-220-222-223-224-225-466 0.755230573664028 1.0 8 0.4450970745869633 1.0 [-1,-1] 1.0 1.0 1.0 0.0006416626200019751 0.139161677870846 90.69486527137519 143.2651021056886 2740.7950621975033 2740.7950621975033 347.4519130227736 -1039.286121523686 -2512.194080621815
216.04346134098662 -0.13084317250655908 39627782312952971 9 217-218-219-220-222-223-224-225-466 0.6011590663578606 1.0 8 0.5347122288044361 1.0 [-1,-1] 1.0 1.0 1.0 0.0007756247847600315 0.11796159141779075 90.13084317250656 143.95653865901338 2276.0900469677317 2276.0900469677317 1599.807322252969 -995.7110634702589 -1276.6212874828157
217.76856932210802 -0.7119087031772875 39627770262716876 8 217-218-219-220-222-223-224-226 0.7995910258628699 1.0 8 1.4727308122941605 1.0 [-1,-1] 1.0 1.0 1.0 0.0007229154976227362 0.12548315978664992 90.71190870317729 142.23143067789198 2866.7245585372902 2866.7245585372902 -718.6823207657931 -834.3867083199727 -2646.7724188751995
217.60269452832205 -0.7112403328703395 39627770258524204 8 217-218-219-220-222-223-224-226 0.6913704702173492 1.0 8 1.3073502638748091 1.0 [-1,-1] 1.0 1.0 1.0 0.0005843703162771602 0.15074849413407446 90.71124033287035 142.39730547167795 2553.4544368138863 2553.4544368138863 -509.4619418106094 -840.0504568661238 -2356.8821185307725
216.22830654842187 -0.8875908514101724 39627764193563674 8 217-218-219-220-222-223-224-226 0.7640263255056915 1.0 8 0.29639091055924 1.0 [-4129,-576469617250140177] 0.9453125 1.0 1.0573770491803278 0.0006416626200019751 0.139161677870846 90.88759085141017 143.77169345157813 2766.0338804476123 2766.0338804476123 442.32821194308235 -405.1594072562502 -2700.2101835625826
