data_rosette/LRG_11_clustering_data.ecsv
# %ECSV 1.0
# ---
# datatype:
# - {name: RA, unit: deg, datatype: float64}
# - {name: DEC, unit: deg, datatype: float64}
# - {name: TARGETID, datatype: int64}
# - {name: NTILE, datatype: int64}
# - {name: TILES, datatype: string}
# - {name: Z, datatype: float64}
# - {name: COMP_TILE, datatype: float64}
# - {name: ROSETTE_NUMBER, datatype: int32}
# - {name: ROSETTE_R, unit: deg, datatype: float64}
# - {name: FRACZ_TILELOCID, datatype: float64}
# - {name: BITWEIGHTS, datatype: string, subtype: 'int64[2]'}
# - {name: PROB_OBS, datatype: float64}
# - {name: WEIGHT_ZFAIL, datatype: float64}
# - {name: WEIGHT, datatype: float64}
# - {name: NZ, unit: h3 / Mpc3, datatype: float64}
# - {name: WEIGHT_FKP, datatype: float64}
# - {name: theta, unit: deg, datatype: float64}
# - {name: phi, unit: deg, datatype: float64}
# - {name: rho, unit: Mpc, datatype: float64}
# - {name: r, unit: Mpc, datatype: float64}
# - {name: x, unit: Mpc, datatype: float64}
# - {name: y, unit: Mpc, datatype: float64}
# - {name: z, unit: Mpc, datatype: float64}
# meta: !!omap
# - {EXTNAME: LSS}
# - {DESIDR: edr}
# - comments: ['Visit https://desidatamodel.readthedocs.io/en/latest/ for a more complet', e description]
# schema: astropy-2.0
RA DEC TARGETID NTILE TILES Z COMP_TILE ROSETTE_NUMBER ROSETTE_R FRACZ_TILELOCID BITWEIGHTS PROB_OBS WEIGHT_ZFAIL WEIGHT NZ WEIGHT_FKP theta phi rho r x y z
[from data line 4672]
243.43991202881804 53.89584823568988 39633308417527122 8 300-301-303-304-306-307-308-475 0.8566430898299519 1.0 11 1.1560043694919118 1.0 [-1,-1] 1.0 1.0 1.0 0.0006576102792991648 0.1359368301360722 36.10415176431012 116.56008797118196 3023.8016910589395 3023.8016910589395 2868.356954918703 954.23654670182 -73.05928386586741
242.73444772356757 54.72328726955562 39633318995559672 8 300-301-303-304-306-307-308-475 0.8172842193887584 1.0 11 0.2568688147142263 1.0 [-1,-1] 1.0 1.0 1.0 0.000762533893525711 0.11946670068019369 35.27671273044438 117.26555227643243 2916.0168434957723 2916.0168434957723 994.5252850253812 1643.5303375064907 -2193.8280968872727
244.63516837267838 55.29054182329889 39633325962301964 8 300-301-303-304-306-307-308-475 0.926767423033668 1.0 11 1.1214507459403917 1.0 [-1,-1] 1.0 1.0 1.0 0.00042618922305278896 0.1953324009783564 34.70945817670111 115.36483162732162 3209.6469169556094 3209.6469169556094 311.73065307957194 -372.58832742567245 -3172.670053711758
242.39077835322465 55.255050190041246 39633325941329397 7 300-301-303-304-306-307-475 0.9034023386119883 1.0 11 0.34330207950327474 1.0 [-1,-1] 1.0 1.0 1.0 0.0005723615213970424 0.15308410280969617 34.744949809958754 117.60922164677535 3148.586906636869 3148.586906636869 116.84690857127566 574.9388875624661 -3093.4433216354387
245.13466880539315 55.018756186165845 39633322506191631 7 300-301-303-304-306-307-475 0.5794914809922195 1.0 11 1.368293589693083 1.0 [-1,-1] 1.0 1.0 1.0 0.0005369919189708607 0.1615383650856205 34.981243813834155 114.86533119460685 2207.1707498839396 2207.1707498839396 177.80020456355675 -889.9090063907017 -2011.9770790804512
244.68078381108003 55.96233958703694 39633336229954197 7 300-301-303-304-306-308-475 0.4079969395256621 1.0 11 1.470519932733806 1.0 [-1,-1] 1.0 1.0 1.0 0.00024055914515870672 0.3007331513712552 34.03766041296306 115.31921618891997 1628.5888344245109 1628.5888344245109 -490.30224832132467 643.5115403149288 -1413.4348921633245
245.37924261185293 55.01252193824822 39633322506194213 7 300-301-303-304-306-308-475 0.5722253084762222 1.0 11 1.508473836556531 1.0 [-1,-1] 1.0 1.0 1.0 0.0005369919189708607 0.1615383650856205 34.98747806175178 114.62075738814707 2183.854692256947 2183.854692256947 -43.10902000517222 -909.2822921385042 -1985.0865579339927
244.68365924372492 55.966021936030806 39633336229954221 7 300-301-303-304-306-308-475 0.7804609923635796 1.0 11 1.4741547542884639 1.0 [-1,-1] 1.0 1.0 1.0 0.0007064174578981374 0.12774458208408304 34.033978063969194 115.31634075627508 2812.8330803039257 2812.8330803039257 -849.0526556882214 1121.0361573085956 -2436.0659801260776
245.23138762335705 55.05582365906648 39633322506192669 7 300-301-303-304-306-308-475 0.7023654634990929 1.0 11 1.4245738866943483 1.0 [-1,-1] 1.0 1.0 1.0 0.0005639081233901963 0.1550231922816235 34.94417634093352 114.76861237664295 2586.229933419386 2586.229933419386 97.82911530436651 -970.3338953590039 -2395.300996582815
245.19798724081517 55.049131396890594 39633322506192289 7 300-301-303-304-306-308-475 0.6997355538337419 1.0 11 1.4052272215089696 1.0 [-1,-1] 1.0 1.0 1.0 0.0005639081233901963 0.1550231922816235 34.950868603109406 114.80201275918483 2578.4102497710687 2578.4102497710687 131.91475672469755 -979.4202107813611 -2381.4982602966065
244.39945463348664 54.886446134278025 39633322497804505 7 300-301-303-304-307-308-475 0.5619940212898384 1.0 11 0.9522465007596225 1.0 [-1,-1] 1.0 1.0 1.0 0.0006724560872077301 0.13333590500666823 35.113553865721975 115.60054536651336 2150.848930973809 2150.848930973809 911.6874415880798 -676.5023321839137 -1826.8337984807167
244.84316097863595 55.60619120578329 39633329410018598 6 300-301-303-304-307-475 0.7116612572859368 1.0 11 1.346215381700961 1.0 [-1,-1] 1.0 1.0 1.0 0.0005823912580269674 0.15084542533972659 34.39380879421671 115.15683902136405 2613.7696948645844 2613.7696948645844 -199.99697801715197 376.12602162497865 -2578.8219097939036
241.91806457679132 53.63256901478945 39633304831394644 5 300-301-303-305-306 0.9712624291770621 1.0 11 1.4321666693190944 1.0 [-1,-1] 1.0 1.0 1.0 0.00030269805442075816 0.25472307248715254 36.36743098521055 118.08193542320868 3323.6081609712255 3323.6081609712255 -868.1660251066064 3110.1471437142486 787.1745073179309
243.89021061696764 53.69912794519007 39633304848174684 7 300-301-303-305-306-307-308 0.6602174977082359 1.0 11 1.443035374515257 1.0 [-1,-1] 1.0 1.0 1.0 0.0006371005092682059 0.1397016056866948 36.30087205480993 116.10978938303236 2459.3889136467474 2459.3889136467474 2402.689802283171 -312.01689296882483 422.28071359590234
244.19567532443983 55.08092080380129 39633322497802308 7 300-301-303-305-306-307-475 0.6964257964007581 1.0 11 0.8346836652338805 1.0 [-1,-1] 1.0 1.0 1.0 0.0005639081233901963 0.1550231922816235 34.91907919619871 115.80432467556017 2568.5513319876068 2568.5513319876068 824.1188561423037 -382.55978809493183 -2402.484560728491
242.72042537544195 54.73866457176036 39633318995559547 7 300-301-303-305-307-308-475 0.5531575811755115 1.0 11 0.24193503133146205 1.0 [-1,-1] 1.0 1.0 1.0 0.0006724560872077301 0.13333590500666823 35.26133542823964 117.27957462455805 2122.1773078439496 2122.1773078439496 694.4409090939463 1184.8134162219649 -1617.9015787262845
243.9493018677911 54.90704293645833 39633322493609813 6 300-301-303-305-307-475 0.6307937046598482 1.0 11 0.692703312680287 1.0 [-1,-1] 1.0 1.0 1.0 0.0007982518636535506 0.11473445525619816 35.09295706354167 116.05069813220891 2368.8907626845703 2368.8907626845703 1187.3015253803487 -226.16318547984537 -2037.3533681949707
241.64219019672552 55.78809113536201 39633332803208505 6 300-301-303-305-308-475 0.7959593788305401 1.0 11 1.0242043807465855 1.0 [-1,-1] 1.0 1.0 1.0 0.0008239664519383997 0.11155322342262282 34.21190886463799 118.35780980327448 2856.541673189395 2856.541673189395 504.23088310762904 -825.9663802865767 -2687.6311290473736
245.24337205555094 55.469249783617144 39633329414212122 4 300-301-303-306 0.677956608046012 1.0 11 1.5038250886158697 1.0 [-1,-1] 1.0 1.0 1.0 0.0008053318504768218 0.11384060807160488 34.530750216382856 114.75662794444906 2513.1702800232742 2513.1702800232742 -5.945095257841446 67.0037226409011 -2512.269892624377
245.19422286611214 55.017110496461875 39633322506192243 6 300-301-303-306-307-475 0.7828293101406861 1.0 11 1.402418708242726 1.0 [-1,-1] 1.0 1.0 1.0 0.0007064174578981374 0.12774458208408304 34.982889503538125 114.80577713388786 2819.5387709299107 2819.5387709299107 159.64581806247347 -1152.500952839387 -2568.2783430260083
245.28663505784075 55.28220582572424 39633325970687932 5 300-301-303-307-475 0.6856708406562714 1.0 11 1.4812595047551569 1.0 [-1,-1] 1.0 1.0 1.0 0.0008053318504768218 0.11384060807160488 34.71779417427576 114.71336494215925 2536.377639438294 2536.377639438294 18.30319107521647 -404.36565276237894 -2503.869993011836
244.48757920121807 55.07518141460735 39633322497805421 4 300-301-303-475 0.9547071465330573 1.0 11 1.0004604761820903 1.0 [-1,-1] 1.0 1.0 1.0 0.0003767415448896098 0.21544643941305056 34.92481858539265 115.51242079878193 3281.5570457613744 3281.5570457613744 880.8489710742597 -782.7640852355217 -3062.678912587628
244.74786326641234 54.3736795921394 39633311978491375 7 300-301-304-305-306-307-308 0.7119798126830991 1.0 11 1.304528617020312 1.0 [-1,-1] 1.0 1.0 1.0 0.0005823912580269674 0.15084542533972659 35.6263204078606 115.25213673358766 2614.7106922396 2614.7106922396 1263.8043991791885 -1912.2258630003357 -1258.1346086965575
244.45145936099132 54.093263144241305 39633308430107439 8 300-301-304-305-306-307-308-475 1.0056184633951477 1.0 11 1.3268754992265157 1.0 [-1,-1] 1.0 1.0 1.0 0.00023297360745577845 0.30751381291380364 35.906736855758695 115.54854063900868 3409.5745228166315 3409.5745228166315 2564.5103427728163 -2118.254370353719 -749.322060884959
242.3448706620336 53.81277434069099 39633304835589236 8 300-301-304-305-306-307-308-475 1.0004548626726548 1.0 11 1.1908108134893893 1.0 [-1,-1] 1.0 1.0 1.0 0.00023297360745577845 0.30751381291380364 36.18722565930901 117.6551293379664 3396.7647497828307 3396.7647497828307 522.126907339054 3350.4326566932195 199.9881770590144
243.30957145519943 54.33993384939199 39633311965906929 8 300-301-304-305-306-307-308-475 0.4746670529512803 1.0 11 0.71724463487109 1.0 [-1,-1] 1.0 1.0 1.0 0.000668512811805897 0.13401699399284683 35.66006615060801 116.69042854480057 1860.6472634481538 1860.6472634481538 1493.9871773141133 724.4446442563299 -839.7562208203232
244.0429876369191 55.057199713708386 39633322493610722 7 300-301-304-305-306-307-475 0.44490452688867893 1.0 11 0.745281546227044 1.0 [-1,-1] 1.0 1.0 1.0 0.0006285113834356281 0.1413409039925048 34.942800286291614 115.9570123630809 1758.1962352324517 1758.1962352324517 634.6804833703033 -183.82232159953202 -1629.3078406784161
243.25309158921635 55.21782336225929 39633325949717666 6 300-301-304-305-307-308 0.9632362896111025 1.0 11 0.3733847100051619 1.0 [-1,-1] 1.0 1.0 1.0 0.0003767415448896098 0.21544643941305056 34.78217663774071 116.74690841078365 3303.272829619912 3303.272829619912 642.9578583403256 357.94105762719323 -3220.263153620879
242.32800223994235 53.805693706542364 39633304835589078 7 300-301-304-305-307-308-475 0.4083514141420413 1.0 11 1.1997282358005341 1.0 [-1,-1] 1.0 1.0 1.0 0.00024055914515870672 0.3007331513712552 36.194306293457636 117.67199776005765 1629.8472383645005 1629.8472383645005 223.27752856472958 1610.899715850178 107.47683990623976
241.61303969950816 55.76238808154283 39633332803208264 7 300-301-304-305-307-308-475 0.6661006591828896 1.0 11 1.0146437637738466 1.0 [-1,-1] 1.0 1.0 1.0 0.0006371005092682059 0.1397016056866948 34.23761191845717 118.38696030049184 2477.289886283622 2477.289886283622 425.13758882363584 -652.8276539125458 -2351.6035519490497
244.88789796083856 55.52145200500979 39633329410019066 5 300-301-304-306-307 0.7042346071909346 1.0 11 1.3333766696051068 1.0 [-1,-1] 1.0 1.0 1.0 0.0005639081233901963 0.1550231922816235 34.47854799499021 115.11210203916144 2591.77998097139 2591.77998097139 -87.8227323362351 184.6412813210412 -2583.702427657098
243.23893847425862 54.86531259264398 39633318999754857 6 300-301-304-306-307-475 0.681753822529101 1.0 11 0.3034875537946699 1.0 [-1,-1] 1.0 1.0 1.0 0.0008053318504768218 0.11384060807160488 35.13468740735602 116.76106152574138 2524.6073721221833 2524.6073721221833 1194.009813287028 687.030869647208 -2115.6491990166405
245.09917917301453 55.03843843465225 39633322506191286 6 300-301-304-306-307-475 0.8880425098651805 1.0 11 1.3483274137430223 1.0 [-1,-1] 1.0 1.0 1.0 0.0005346154933450218 0.1621399955636538 34.96156156534775 114.90082082698547 3107.9809811716564 3107.9809811716564 281.75618793848156 -1188.9372572155094 -2857.7241693851365
242.7920748100018 55.25170461943272 39633325945523189 5 300-301-304-306-308 0.7785319349643025 1.0 11 0.27276810426843284 1.0 [-1,-1] 1.0 1.0 1.0 0.0007064174578981374 0.12774458208408304 34.74829538056728 117.2079251899982 2807.3640105047375 2807.3640105047375 301.36919788717034 438.8137680382772 -2756.430984266092
245.3348148781376 55.449603547053414 39633329414213042 5 300-301-304-306-475 0.7864374028208503 1.0 11 1.547499784513631 1.0 [-1,-1] 1.0 1.0 1.0 0.0007064174578981374 0.12774458208408304 34.550396452946586 114.66518512186241 2829.73632443532 2829.73632443532 0.05939221306592467 20.155208387874552 -2829.664543700564
245.31754830863002 55.44688242286456 39633329414212868 5 300-301-304-306-475 0.8779066418763023 1.0 11 1.5373378194733742 1.0 [-1,-1] 1.0 1.0 1.0 0.0005346154933450218 0.1621399955636538 34.55311757713544 114.68245169136998 3080.980419471994 3080.980419471994 -0.19418805385906032 13.559847287497432 -3080.9505737681616
243.23755718892198 55.1900317616813 39633325949717524 5 300-301-304-307-308 0.7699376076667562 1.0 11 0.34926492953143784 1.0 [-1,-1] 1.0 1.0 1.0 0.0007242712797402853 0.12498917450484462 34.8099682383187 116.76244281107802 2782.9204631214075 2782.9204631214075 602.0096504912824 347.50289369723004 -2694.7119370439736
243.23456832706847 55.18338303724787 39633325949717504 5 300-301-304-307-308 0.8956942970553685 1.0 11 0.34394520626045516 1.0 [-1,-1] 1.0 1.0 1.0 0.0005723615213970424 0.15308410280969617 34.81661696275213 116.76543167293153 3128.2561540283364 3128.2561540283364 692.9402281947538 402.7574678365729 -3023.8397489727254
242.62730596183573 55.01247723930664 39633322481026616 4 300-301-304-308 0.9084904685946609 1.0 11 0.0775129344628572 1.0 [-1,-1] 1.0 1.0 1.0 0.0005723615213970424 0.15308410280969617 34.98752276069336 117.37269403816427 3161.956223728134 3161.956223728134 557.9028866926383 1194.2490600889298 -2874.105202018501
245.2404673040257 55.539927171289534 39633329414212089 4 300-301-304-308 0.7864261542621496 1.0 11 1.5255568896290008 1.0 [-1,-1] 1.0 1.0 1.0 0.0007064174578981374 0.12774458208408304 34.460072828710466 114.75953269597429 2829.7045672084405 2829.7045672084405 -25.128380618779683 274.15903962558843 -2816.2800505559385
244.21803963661057 55.07365679831087 39633322497802575 4 300-301-305-306 0.8780442312237329 1.0 11 0.8466497666404211 1.0 [-1,-1] 1.0 1.0 1.0 0.0005346154933450218 0.1621399955636538 34.92634320168913 115.78196036338943 3081.34803630983 3081.34803630983 996.901041924564 -490.15424478422597 -2874.1334084903174
240.9872291504721 53.910473534208585 39633308392362377 5 300-301-305-307-308 0.9579602327086651 1.0 11 1.481311273601259 1.0 [-1,-1] 1.0 1.0 1.0 0.0003767415448896098 0.21544643941305056 36.089526465791415 119.0127708495279 3289.8525570817937 3289.8525570817937 -3067.579316726028 1181.867492878421 -127.57825915714606
240.11697150373053 54.85577013820104 39633318970393615 6 300-301-305-307-308-475 0.8272969524111152 1.0 11 1.518332191587569 1.0 [-1,-1] 1.0 1.0 1.0 0.000762533893525711 0.11946670068019369 35.14422986179896 119.88302849626947 2943.679541939561 2943.679541939561 -1428.2272149146484 -784.9008691289172 -2451.3969270298358
241.01866759415464 54.07803913624429 39633308396552524 5 300-301-305-308-475 0.9844685469523305 1.0 11 1.3500784960399352 1.0 [-1,-1] 1.0 1.0 1.0 0.00030269805442075816 0.25472307248715254 35.92196086375571 118.98133240584536 3356.8587146742047 3356.8587146742047 -3027.312873547593 1277.0322956550508 -687.7977259275867
243.6327274773054 55.169412706189775 39633325953911306 4 300-301-306-307 0.8805789680457857 1.0 11 0.539693774410269 1.0 [-1,-1] 1.0 1.0 1.0 0.0005346154933450218 0.1621399955636538 34.830587293810225 116.3672725226946 3088.1150348590513 3088.1150348590513 825.975022006262 106.59515071454513 -2973.6942017276115
243.10019111715755 55.207554536558845 39633325949716281 4 300-301-307-308 0.9169879381592312 1.0 11 0.30321180080383103 1.0 [-1,-1] 1.0 1.0 1.0 0.00042618922305278896 0.1953324009783564 34.792445463441155 116.89980888284245 3184.193534713829 3184.193534713829 585.1329628294974 454.95085996013097 -3096.728531425585
243.98688040211525 53.53515319918092 39633301253656304 2 300-302 0.9917089148138448 0.75 11 1.615366155069445 1.0 [-1,-1] 1.0 1.0 1.0 0.00023297360745577845 0.30751381291380364 36.46484680081908 116.01311959788475 3374.979080122163 3374.979080122163 3104.789034791544 -713.2522241278041 1114.468530501051
243.92191329437549 53.520939466978085 39633301253655389 2 300-302 0.9882432666281168 0.75 11 1.6116651423618356 0.3333333333333333 [-52851720585253,-72057595115931665] 0.890625 1.0 1.1217391304347826 0.00030269805442075816 0.25472307248715254 36.479060533021915 116.07808670562451 3366.3152897192817 3366.3152897192817 3120.5597434755814 -506.28888167905177 1156.6577218371901
