data_rosette/LRG_0_clustering_data.ecsv
# %ECSV 1.0
# ---
# datatype:
# - {name: RA, unit: deg, datatype: float64}
# - {name: DEC, unit: deg, datatype: float64}
# - {name: TARGETID, datatype: int64}
# - {name: NTILE, datatype: int64}
# - {name: TILES, datatype: string}
# - {name: Z, datatype: float64}
# - {name: COMP_TILE, datatype: float64}
# - {name: ROSETTE_NUMBER, datatype: int32}
# - {name: ROSETTE_R, unit: deg, datatype: float64}
# - {name: FRACZ_TILELOCID, datatype: float64}
# - {name: BITWEIGHTS, datatype: string, subtype: 'int64[2]'}
# - {name: PROB_OBS, datatype: float64}
# - {name: WEIGHT_ZFAIL, datatype: float64}
# - {name: WEIGHT, datatype: float64}
# - {name: NZ, unit: h3 / Mpc3, datatype: float64}
# - {name: WEIGHT_FKP, datatype: float64}
# - {name: theta, unit: deg, datatype: float64}
# - {name: phi, unit: deg, datatype: float64}
# - {name: rho, unit: Mpc, datatype: float64}
# - {name: r, unit: Mpc, datatype: float64}
# - {name: x, unit: Mpc, datatype: float64}
# - {name: y, unit: Mpc, datatype: float64}
# - {name: z, unit: Mpc, datatype: float64}
# meta: !!omap
# - {EXTNAME: LSS}
# - {DESIDR: edr}
# - comments: ['Visit https://desidatamodel.readthedocs.io/en/latest/ for a more complet', e description]
# schema: astropy-2.0
RA DEC TARGETID NTILE TILES Z COMP_TILE ROSETTE_NUMBER ROSETTE_R FRACZ_TILELOCID BITWEIGHTS PROB_OBS WEIGHT_ZFAIL WEIGHT NZ WEIGHT_FKP theta phi rho r x y z
[from data line 1324]
151.29419252438964 1.647374279535287 39627829545010000 10 1-2-3-4-6-7-9-10-11-442 0.4177189387428472 1.0 0 1.307791282699289 1.0 [-1,-1] 1.0 1.0 1.0 0.0006262316776515472 0.14210347001521706 88.35262572046472 -151.29419252438964 1663.006503299387 1663.006503299387 552.8771469379182 -300.4214374760319 1539.3714465049288
150.96799637645967 1.1711841512322503 39627817457029702 10 1-2-3-4-6-7-9-10-11-442 0.9695582402662491 1.0 0 1.3321042974511152 1.0 [-1,-1] 1.0 1.0 1.0 0.00041974738576830407 0.19815580287489248 88.82881584876775 -150.96799637645967 3319.298422825058 3319.298422825058 2487.567848870933 -430.97584320333993 2154.996064870589
150.40692348076155 2.9273787962180196 39627859727224432 10 1-2-3-4-6-7-9-10-11-442 0.8264468735934141 1.0 0 0.8059795796148903 1.0 [-1,-1] 1.0 1.0 1.0 0.0006627118749498285 0.13533979738261318 87.07262120378198 -150.40692348076155 2941.3374642711606 2941.3374642711606 -2117.788673133134 -869.3490087280326 1846.799803903414
149.40217177669155 2.042737612207799 39627835551255910 10 1-2-3-4-6-7-9-10-11-442 0.900405201350293 1.0 0 0.7111233330773641 1.0 [-1,-1] 1.0 1.0 1.0 0.0005275616701708153 0.16431404058018498 87.9572623877922 -149.40217177669155 3140.692762892954 3140.692762892954 -4.043680325201322 -22.669252582446532 3140.6083462483757
150.335428014953 2.988124063508328 39627859727222687 10 1-2-3-4-6-7-9-10-11-442 0.4992586985406632 1.0 0 0.8397313185538804 1.0 [-1,-1] 1.0 1.0 1.0 0.0005337442823398631 0.16272042362546515 87.01187593649168 -150.335428014953 1943.9253948885078 1943.9253948885078 -1418.8866265325514 -704.7879314188478 1126.4460278530248
149.57422471732838 2.182367667788872 39627841595246143 10 1-2-3-4-6-7-9-10-11-442 0.8323722082238755 1.0 0 0.525394118943043 1.0 [-1,-1] 1.0 1.0 1.0 0.0006232532477076302 0.14268566385842998 87.81763233221113 -149.57422471732838 2957.6376049516957 2957.6376049516957 -147.9276813573298 -407.05120593910385 2925.755785956198
150.96991865026934 1.1899340111268273 39627817457029745 10 1-2-3-4-6-7-9-10-11-442 0.8184882283607405 1.0 0 1.3191964852646167 1.0 [-1,-1] 1.0 1.0 1.0 0.0006627118749498285 0.13533979738261318 88.81006598887318 -150.96991865026934 2919.3520608508884 2919.3520608508884 2151.7187112509537 -377.05111371550475 1936.6350974029058
150.7923614929163 1.7169701598244893 39627829536621524 10 1-2-3-4-6-7-9-10-11-442 0.8395476210008614 1.0 0 0.8337024652657054 1.0 [-1,-1] 1.0 1.0 1.0 0.0006232532477076302 0.14268566385842998 88.28302984017552 -150.7923614929163 2977.298923819369 2977.298923819369 932.1283458859954 3.8085851948485785 2827.6193384631224
148.7412415723385 1.9417096860153609 39627835538673943 10 1-2-3-4-6-7-9-10-11-442 0.8815154141353505 1.0 0 1.378974705983712 1.0 [-1,-1] 1.0 1.0 1.0 0.0005690156306133545 0.15418916366201427 88.05829031398464 -148.7412415723385 3090.6124730827964 3090.6124730827964 -134.6551861483564 255.88735389759543 3077.0562396117493
149.95334806355817 2.660375810204378 39627853679038306 10 1-2-3-4-6-7-9-10-11-442 0.8918373843160989 1.0 0 0.5003116016461414 1.0 [-1,-1] 1.0 1.0 1.0 0.0005275616701708153 0.16431404058018498 87.33962418979563 -149.95334806355817 3118.0479644312354 3118.0479644312354 -1213.426870628327 -1362.2091769552976 2528.6764317226684
150.27684892441474 1.8517916171049027 39627829528232492 10 1-2-3-4-6-7-9-10-11-442 0.96981864703799 1.0 0 0.3745320980952053 1.0 [-1,-1] 1.0 1.0 1.0 0.00041974738576830407 0.19815580287489248 88.14820838289509 -150.27684892441474 3319.9572485557837 3319.9572485557837 526.1680426671306 300.9832535438477 3264.149568294947
150.5166169905522 3.346321270696957 39627865767019613 10 1-2-3-4-6-7-9-10-11-442 0.6028813032927699 1.0 0 1.2364481684297968 1.0 [-1,-1] 1.0 1.0 1.0 0.0007756247847600315 0.11796159141779075 86.65367872930304 -150.5166169905522 2281.5291737576895 2281.5291737576895 -2119.1506583690984 -608.9817893423376 586.2738592933048
149.92675287846038 2.6475127318856924 39627853679037761 10 1-2-3-4-6-7-9-10-11-442 0.8873818725350285 1.0 0 0.49665201243382767 1.0 [-1,-1] 1.0 1.0 1.0 0.0005690156306133545 0.15418916366201427 87.3524872681143 -149.92675287846038 3106.226117452278 3106.226117452278 -1151.3137377396151 -1363.8351843945447 2542.257060142067
150.08883171132166 1.4986380526801193 39627823484241778 10 1-2-3-4-6-7-9-10-11-442 0.7675389013575632 1.0 0 0.6834531085585042 1.0 [-1,-1] 1.0 1.0 1.0 0.0006416626200019751 0.139161677870846 88.50136194731988 -150.08883171132166 2776.0754418795686 2776.0754418795686 1078.7558682142155 922.758355238254 2385.6650338298186
149.07941708210132 2.8785976414484846 39627859706250683 10 1-2-3-4-6-7-9-10-11-442 0.7683062026574207 1.0 0 1.2348257994769078 1.0 [-1,-1] 1.0 1.0 1.0 0.0006416626200019751 0.139161677870846 87.12140235855152 -149.07941708210132 2778.2661183749815 2778.2661183749815 302.3151401854872 -2052.581458920565 1847.7763758151423
151.07105383593824 2.769047541123169 39627853700007448 10 1-2-3-4-6-7-9-10-11-442 0.5315788794848917 1.0 0 1.1339324874311087 1.0 [-1,-1] 1.0 1.0 1.0 0.0007045118177349687 0.128340413101622 87.23095245887683 -151.07105383593824 2051.511125384378 2051.511125384378 -1322.1809048169637 372.4898256393293 1523.7410811251543
150.40563802574204 2.9297181261505263 39627859727224397 10 1-2-3-4-6-7-9-10-11-442 0.824335736195303 1.0 0 0.8076570473819232 1.0 [-1,-1] 1.0 1.0 1.0 0.0006627118749498285 0.13533979738261318 87.07028187384947 -150.40563802574204 2935.515814569098 2935.515814569098 -2116.4608312197324 -871.9846751407372 1837.7947039366657
151.2934522003389 1.642587698645953 39627829545009987 10 1-2-3-4-6-7-9-10-11-442 0.8443709113403575 1.0 0 1.3090825601339893 1.0 [-1,-1] 1.0 1.0 1.0 0.0006232532477076302 0.14268566385842998 88.35741230135405 -151.2934522003389 2990.467575411699 2990.467575411699 1006.2351938882433 -545.8018535101234 2762.6956746761534
150.49063884335436 2.747913311451351 39627853687428425 10 1-2-3-4-6-7-9-10-11-442 0.6098383421146382 1.0 0 0.6874395037314097 1.0 [-1,-1] 1.0 1.0 1.0 0.0007756247847600315 0.11796159141779075 87.25208668854864 -150.49063884335436 2303.4427707030877 2303.4427707030877 -1435.972398758523 -453.35388767988985 1743.072609053777
149.46529704853873 3.3404892195243696 39627865750241428 9 1-2-3-4-6-7-9-10-442 0.7874313939681724 1.0 0 1.3206045591094464 1.0 [-1,-1] 1.0 1.0 1.0 0.0007324854237337303 0.12404708914385561 86.65951078047563 -149.46529704853873 2832.541733347432 2832.541733347432 -648.7336036489756 -2655.027905575301 743.8173184780794
151.00837459020082 1.1562129643056112 39627817461219538 9 1-2-3-4-6-7-9-10-442 0.748533606825646 1.0 0 1.3699128785269983 1.0 [-1,-1] 1.0 1.0 1.0 0.0007126833197713517 0.12705585074725267 88.84378703569439 -151.00837459020082 2721.4880899040268 2721.4880899040268 2049.259632627286 -440.9146975956326 1735.6919689328236
150.6554696876359 2.2693990027734507 39627841612025555 9 1-2-3-4-6-7-9-10-442 0.4674849020413005 1.0 0 0.5618894329306093 1.0 [-1,-1] 1.0 1.0 1.0 0.0005635091211985168 0.1554616369400361 87.73060099722655 -150.6554696876359 1836.0916727704275 1836.0916727704275 -421.49970653380035 -59.81887299873625 1786.0549629398274
151.03214127720997 1.2438637299972268 39627817461220004 9 1-2-3-4-6-7-9-10-442 0.9846636797740386 1.0 0 1.3221918118836031 1.0 [-1,-1] 1.0 1.0 1.0 0.0003578035202613049 0.22475091060875194 88.75613627000277 -151.03214127720997 3357.3480845620534 3357.3480845620534 2322.5069317933203 -557.7674766864747 2359.373466544724
149.51008498880861 3.1430879663054694 39627865750242357 9 1-2-3-4-6-7-9-10-442 0.7394013339101949 1.0 0 1.127355596780214 1.0 [-1,-1] 1.0 1.0 1.0 0.0007126833197713517 0.12705585074725267 86.85691203369453 -149.51008498880861 2695.0335086859245 2695.0335086859245 -676.6040024433322 -2314.2753712714107 1203.969327991458
150.99049299504978 2.1054662414362904 39627835576423228 9 1-2-3-4-6-7-9-10-442 0.8369238773356875 1.0 0 0.8931547908202092 1.0 [-1,-1] 1.0 1.0 1.0 0.0006232532477076302 0.14268566385842998 87.89453375856371 -150.99049299504978 2970.119460063965 2970.119460063965 -204.01581424561263 40.092858334087474 2962.833055927884
150.63639113827617 1.110010271341256 39627811413035781 8 1-2-3-4-6-7-9-11 0.6705559590447998 1.0 0 1.1985956923791303 1.0 [-1,-1] 1.0 1.0 1.0 0.0007209928471550773 0.12577569469930108 88.88998972865875 -150.63639113827617 2490.8036261570483 2490.8036261570483 1964.3671218202874 317.1218489793017 1498.2650792461693
150.10117697260085 2.7293087137574426 39627853683230987 8 1-2-3-4-6-7-9-11 0.699324746576897 1.0 0 0.5473099769476598 1.0 [-1,-144397766859685963] 0.9375 1.0 1.0661157024793388 0.0005843703162771602 0.15074849413407446 87.27069128624255 -150.10117697260085 2577.1876392949785 2577.1876392949785 -1265.6368286071774 -1055.8390297061671 1981.2277732651362
149.19813828557665 2.7398358264331644 39627853666455225 8 1-2-3-4-6-7-9-11 0.8512135668264963 1.0 0 1.059730781231072 1.0 [-1,-1] 1.0 1.0 1.0 0.0006812235016579503 0.1321480675826358 87.26016417356684 -149.19813828557665 3009.084144833621 3009.084144833621 53.60685640776451 -1947.9445139838278 2292.8641185372217
150.92809095997703 3.3731187368718962 39627865771216881 8 1-2-3-4-6-7-9-11 0.6113115969485523 1.0 0 1.450125297205846 1.0 [-1,-1] 1.0 1.0 1.0 0.0007214233604467519 0.12571007283523317 86.6268812631281 -150.92809095997703 2308.0713986185006 2308.0713986185006 -2226.227903651117 294.7734098606621 533.1149397316042
149.92708248527754 3.6712991802923 39627877817258439 9 1-2-3-4-6-7-9-11-442 0.484715651161075 1.0 0 1.4992774514707754 1.0 [-1,-1] 1.0 1.0 1.0 0.00048380039118235755 0.17655271186088778 86.3287008197077 -149.92708248527754 1894.8254813832073 1894.8254813832073 -1220.1634621895935 -1444.4277563213684 -123.26064743066162
150.42086864551385 3.0243268028701977 39627859727224766 9 1-2-3-4-6-7-9-11-442 0.6840358756735032 1.0 0 0.9012529545615738 1.0 [-1,-1] 1.0 1.0 1.0 0.0007209928471550773 0.12577569469930108 86.97567319712981 -150.42086864551385 2531.468137156378 2531.468137156378 -1967.4571185534608 -775.7587487447356 1391.2734381987236
151.21707234733134 2.8572206290552185 39627853700010509 9 1-2-3-4-6-7-9-11-442 0.5228956489769563 1.0 0 1.3043570674010605 1.0 [-1,-1] 1.0 1.0 1.0 0.0006865842838717192 0.13125169390769817 87.14277937094478 -151.21707234733134 2022.8132791978016 2022.8132791978016 -1352.3394204734518 604.9316713570521 1377.319616981351
150.8812535446016 3.3807996844028843 39627871802625091 9 1-2-3-4-6-7-9-11-442 0.9294068393895778 1.0 0 1.4303909139410775 1.0 [-1,-1] 1.0 1.0 1.0 0.0004951280553168204 0.17321314004730964 86.61920031559711 -150.8812535446016 3216.491274786443 3216.491274786443 -3123.8604576900684 265.5595962120816 718.8811184871886
149.41587701019714 3.498867124452768 39627871777459931 9 1-2-3-4-6-7-9-11-442 0.7074782059621176 1.0 0 1.4835744883446385 1.0 [-1,-1] 1.0 1.0 1.0 0.0005843703162771602 0.15074849413407446 86.50113287554723 -149.41587701019714 2601.3962339662376 2601.3962339662376 -489.0433834752358 -2539.7704088287032 278.68477821886313
151.070954446232 2.1474391452372554 39627841620411856 9 1-2-3-4-6-7-9-11-442 0.8037498041487536 1.0 0 0.9708768436530745 1.0 [-1,-1] 1.0 1.0 1.0 0.0007229154976227362 0.12548315978664992 87.85256085476274 -151.070954446232 2878.358073360238 2878.358073360238 -309.74974303179874 87.2306454842396 2860.3131139192083
150.82118095773512 1.6959368106675239 39627829536622104 9 1-2-3-4-6-7-9-11-442 0.9828330393389324 1.0 0 0.8693450694486095 1.0 [-1,-1] 1.0 1.0 1.0 0.0003578035202613049 0.22475091060875194 88.30406318933248 -150.82118095773512 3352.7548434899554 3352.7548434899554 1116.080087980475 -27.61029262801241 3161.418660902071
149.96994323853966 1.3906077615872967 39627823480049800 8 1-2-3-4-6-7-9-442 0.5223155521517356 1.0 0 0.8019973385124728 1.0 [-1,-1] 1.0 1.0 1.0 0.0006865842838717192 0.13125169390769817 88.60939223841271 -149.96994323853966 2020.8906904518944 2020.8906904518944 822.8527174191221 893.4424590896845 1615.138743417072
150.88619888771655 3.372018146313907 39627865771216166 8 1-2-3-4-6-7-9-442 0.8073920835288212 1.0 0 1.4257554641726937 1.0 [-1,-1] 1.0 1.0 1.0 0.0007229154976227362 0.12548315978664992 86.6279818536861 -150.88619888771655 2888.522791140429 2888.522791140429 -2798.368950922887 251.83442092813857 670.2794595422301
150.37415284609156 0.7869774355765012 39627805369043666 7 1-2-3-4-6-8-10 0.9285578994683539 1.0 0 1.421686877498218 1.0 [-1,-1] 1.0 1.0 1.0 0.0004951280553168204 0.17321314004730964 89.2130225644235 -150.37415284609156 3214.291032138708 3214.291032138708 2780.889078766239 1249.5299120204018 1018.3308744471332
150.8738700441582 2.425792023624189 39627847656016475 8 1-2-3-4-6-8-10-11 0.8082506888081913 1.0 0 0.8107654913017395 1.0 [-1,-1] 1.0 1.0 1.0 0.0007229154976227362 0.12548315978664992 87.57420797637582 -150.8738700441582 2890.91569601586 2890.91569601586 -1096.8299632222693 85.08959096036894 2673.4093129857415
150.5421518900519 2.2772352978308503 39627841612022964 8 1-2-3-4-6-8-10-442 0.8779450872614567 1.0 0 0.45196472550645306 1.0 [-1,-1] 1.0 1.0 1.0 0.0005690156306133545 0.15418916366201427 87.72276470216914 -150.5421518900519 3081.083142471173 3081.083142471173 -714.1270191351452 -185.61769370618558 2991.4280875769664
150.58177200397296 2.147570099259157 39627841612023957 8 1-2-3-4-6-8-10-442 0.5152959809422631 1.0 0 0.4826577415539025 1.0 [-1,-1] 1.0 1.0 1.0 0.0006865842838717192 0.13125169390769817 87.85242990074084 -150.58177200397296 1997.57244514835 1997.57244514835 -218.45470097654277 -47.630797948837596 1985.0200312147895
150.88370162204455 2.661779261334231 39627853695814222 8 1-2-3-4-6-8-10-442 0.8828378627664861 1.0 0 0.9183006080532891 1.0 [-1,-1] 1.0 1.0 1.0 0.0005690156306133545 0.15418916366201427 87.33822073866577 -150.88370162204455 3094.1369707908925 3094.1369707908925 -1806.915791895922 158.06241123012626 2506.741947063617
150.6900097347786 1.5808566426434234 39627823492632891 8 1-2-3-4-6-8-11-442 0.9563074234446926 1.0 0 0.8420845528580919 1.0 [-1,-1] 1.0 1.0 1.0 0.00041974738576830407 0.19815580287489248 88.41914335735657 -150.6900097347786 3285.6398176461857 3285.6398176461857 1434.4200499026258 153.25546112382145 2952.0130242556743
149.20204524503674 1.5339389400846428 39627823467467162 8 1-2-3-4-6-8-11-442 1.0229040525124067 1.0 0 1.1070002945772095 1.0 [-1,-1] 1.0 1.0 1.0 0.00020304675497218746 0.33812883710054276 88.46606105991536 -149.20204524503674 3452.175078340023 3452.175078340023 -39.17025304063165 1659.0404186002997 3027.1378152041934
149.46874916591022 1.3711851123570022 39627817431864139 8 1-2-3-4-6-8-9-10 0.9528555760178997 1.0 0 1.0273795472366203 1.0 [-1,-1] 1.0 1.0 1.0 0.00041974738576830407 0.19815580287489248 88.628814887643 -149.46874916591022 3276.8283211416797 3276.8283211416797 486.23255786708296 1960.5925432631136 2580.166394868228
150.0743663210713 0.7100062466085186 39627805364848212 8 1-2-3-4-6-8-9-10 0.9966399199740228 1.0 0 1.4722167778220443 1.0 [-1,-1] 1.0 1.0 1.0 0.0002622817504223413 0.28340640119267335 89.28999375339149 -150.0743663210713 3387.275713449184 3387.275713449184 2465.7662992738187 2171.7397787421596 822.9092597104086
150.56496850991968 1.8540821185072869 39627829532427627 9 1-2-3-4-6-8-9-10-11 0.576981594321541 1.0 0 0.5687329497772879 1.0 [-1,-1] 1.0 1.0 1.0 0.0006621615122706149 0.13543705131792066 88.14591788149271 -150.56496850991968 2199.1285438336286 2199.1285438336286 385.9950911532943 90.98052600184893 2163.0757466621003
150.51214729858347 1.905161782306632 39627835572224358 9 1-2-3-4-6-8-9-10-11 0.9240096883737479 1.0 0 0.4962745808342698 1.0 [-1,-1] 1.0 1.0 1.0 0.0004951280553168204 0.17321314004730964 88.09483821769336 -150.51214729858347 3202.4842593750836 3202.4842593750836 399.2298295517712 116.66124581458338 3175.359999821474
