data_rosette/LRG_4_clustering_data.ecsv
# %ECSV 1.0
# ---
# datatype:
# - {name: RA, unit: deg, datatype: float64}
# - {name: DEC, unit: deg, datatype: float64}
# - {name: TARGETID, datatype: int64}
# - {name: NTILE, datatype: int64}
# - {name: TILES, datatype: string}
# - {name: Z, datatype: float64}
# - {name: COMP_TILE, datatype: float64}
# - {name: ROSETTE_NUMBER, datatype: int32}
# - {name: ROSETTE_R, unit: deg, datatype: float64}
# - {name: FRACZ_TILELOCID, datatype: float64}
# - {name: BITWEIGHTS, datatype: string, subtype: 'int64[2]'}
# - {name: PROB_OBS, datatype: float64}
# - {name: WEIGHT_ZFAIL, datatype: float64}
# - {name: WEIGHT, datatype: float64}
# - {name: NZ, unit: h3 / Mpc3, datatype: float64}
# - {name: WEIGHT_FKP, datatype: float64}
# - {name: theta, unit: deg, datatype: float64}
# - {name: phi, unit: deg, datatype: float64}
# - {name: rho, unit: Mpc, datatype: float64}
# - {name: r, unit: Mpc, datatype: float64}
# - {name: x, unit: Mpc, datatype: float64}
# - {name: y, unit: Mpc, datatype: float64}
# - {name: z, unit: Mpc, datatype: float64}
# meta: !!omap
# - {EXTNAME: LSS}
# - {DESIDR: edr}
# - comments: ['Visit https://desidatamodel.readthedocs.io/en/latest/ for a more complet', e description]
# schema: astropy-2.0
RA DEC TARGETID NTILE TILES Z COMP_TILE ROSETTE_NUMBER ROSETTE_R FRACZ_TILELOCID BITWEIGHTS PROB_OBS WEIGHT_ZFAIL WEIGHT NZ WEIGHT_FKP theta phi rho r x y z
[from data line 5291]
194.17582097990842 29.460376525447852 39628470426274528 4 115-116-117-454 0.6940063092568283 1.0 4 1.3570369120120818 1.0 [-1,-1] 1.0 1.0 1.0 0.0005843703162771602 0.15074849413407446 60.539623474552144 165.82417902009158 2561.3317285168155 2561.3317285168155 1495.1486765153309 -1209.6418600727213 -1691.6610857323635
195.5537913561152 28.444561819361773 39628449282788827 5 115-116-118-119-454 0.7468590357177052 1.0 4 0.7486421895736491 0.5 [-1,-1] 1.0 1.0 1.0 0.0007126833197713517 0.12705585074725267 61.55543818063823 164.4462086438848 2716.6481249257313 2716.6481249257313 -1217.5699185380777 -2297.0403074470905 788.2298865794465
194.7351025858048 28.137115810049185 39628443947636162 3 115-117-454 0.5755032961091173 1.0 4 0.06424093011609686 1.0 [-1,-1] 1.0 1.0 1.0 0.0006621615122706149 0.13543705131792066 61.86288418995082 165.2648974141952 2194.3860176331236 2194.3860176331236 588.3364286820923 -1710.483500524833 1242.3511723750555
195.02072213517505 29.737484079902377 39628475698513172 3 115-117-454 0.6934593685220546 1.0 4 1.5556185140365302 1.0 [-1,-1] 1.0 1.0 1.0 0.0005843703162771602 0.15074849413407446 60.26251592009763 164.97927786482495 2559.698216884877 2559.698216884877 63.27464222065357 -1384.7073863545936 -2151.8914320547165
193.0598047809954 28.928407934576526 39628459852435379 2 115-118 0.8243090388211507 1.0 4 1.6535205524822751 1.0 [-1,-1] 1.0 1.0 1.0 0.0006627118749498285 0.13533979738261318 61.071592065423474 166.9401952190046 2935.4421467462134 2935.4421467462134 2613.473435294091 1216.9403661717402 -552.8411571942794
192.92169408524458 28.46937701765314 39628449245039407 2 115-118 0.9304044450777752 1.0 4 1.6316290221033563 1.0 [-1,-1] 1.0 1.0 1.0 0.0004445766401596716 0.18918261239264766 61.530622982346856 167.07830591475542 3219.0754038721957 3219.0754038721957 2605.7280101035276 1684.5456941150248 857.2827990898807
193.6280491158113 29.45976315578078 39628470417886302 3 115-118-454 0.83260427617798 1.0 4 1.597809911306313 1.0 [-1,-1] 1.0 1.0 1.0 0.0006232532477076302 0.14268566385842998 60.54023684421922 166.3719508841887 2958.2748231523774 2958.2748231523774 2202.9792952501884 -293.52479975993117 -1952.4639166760815
193.37815656889165 29.332438183329803 39628465141452217 3 115-118-454 0.5687500736595522 1.0 4 1.651794505581478 1.0 [-1,-1] 1.0 1.0 1.0 0.000677088223595666 0.13284793461577618 60.6675618166702 166.62184343110835 2172.666720005168 2172.666720005168 1788.7166365244154 211.02492327536228 -1215.0892774588308
193.62561922402543 29.517338731854796 39628470417886238 3 115-118-454 0.7193665275507442 1.0 4 1.6446943503415208 1.0 [-1,-1] 1.0 1.0 1.0 0.0006167714992318164 0.14396928707710532 60.48266126814521 166.37438077597457 2636.4796610841786 2636.4796610841786 1861.433776021624 -243.41540029316494 -1851.1721269769976
195.53867619058582 29.552960314084633 39628470447244466 3 115-118-454 0.7495808024475313 1.0 4 1.5190147348849867 1.0 [-1,-1] 1.0 1.0 1.0 0.0007126833197713517 0.12705585074725267 60.44703968591537 164.46132380941418 2724.512271138673 2724.512271138673 -850.9890836429801 -1665.8271198530342 -1980.8595866107814
195.50160860510428 29.552750853507764 39628470447243743 2 115-454 0.8547692687858738 0.8125 4 1.5043486207977235 1.0 [-1,-1] 1.0 1.0 1.0 0.0006812235016579503 0.1321480675826358 60.44724914649224 164.49839139489572 3018.7278371249636 3018.7278371249636 -874.0314895958155 -1879.8084860308682 -2194.3351534518183
194.43112410464272 29.900115368335367 39628480937198217 2 115-454 0.8865860597329448 0.8125 4 1.7228140818904483 0.5 [-3625670483899843202,6303481433887192973] 0.625 1.0 1.5925925925925926 0.0005690156306133545 0.15418916366201427 60.09988463166464 165.56887589535728 3104.1112637120223 3104.1112637120223 733.5806568103509 -995.0843161417242 -2847.309846368375
195.67556055783774 29.618364901251155 39628470447247049 2 115-454 1.066445441279937 0.8125 4 1.6334484886653378 1.0 [-1,-1] 1.0 1.0 1.0 0.0001568149373683449 0.39812733398474315 60.381635098748845 164.32443944216226 3557.5958917417342 3557.5958917417342 -1297.9074534206316 -1860.2888009424055 -2740.6660410165086
193.8275529310533 29.702938973544434 39628475681735310 2 115-454 0.6063939976852283 0.8125 4 1.705951998321769 1.0 [-1,-1] 1.0 1.0 1.0 0.0007756247847600315 0.11796159141779075 60.297061026455566 166.1724470689467 2292.6052187659293 2292.6052187659293 1235.964915503753 -426.0621851907792 -1883.3216483402493
193.89583898869952 29.73631874996505 39628475681736935 2 115-454 0.6059835614016553 0.8125 4 1.708408634537314 0.5 [-5060628205695960998,-4623889624021348296] 0.515625 1.0 1.9253731343283582 0.0007756247847600315 0.11796159141779075 60.26368125003495 166.10416101130048 2291.3122742028713 2291.3122742028713 1144.810693600499 -484.3550954312448 -1924.8170186437121
194.4009851865692 29.879849032341227 39628480937197620 2 115-454 0.9057577273166852 0.8125 4 1.707333772148782 0.5 [-2450314234395099141,-20447688155994625] 0.75 1.0 1.3298969072164948 0.0005275616701708153 0.16431404058018498 60.12015096765877 165.5990148134308 3154.7808528728765 3154.7808528728765 811.7373354041387 -1034.3306083268583 -2867.7316681730344
193.63460416152776 29.581564114662193 39628470417886457 2 115-454 0.7831818183659528 0.8125 4 1.6918407210251607 1.0 [-1,-1] 1.0 1.0 1.0 0.0007324854237337303 0.12404708914385561 60.41843588533781 166.36539583847224 2820.536046580936 2820.536046580936 1858.9836095677929 -260.1039133102474 -2105.219580875451
193.5598708644136 29.531677729091676 39628470417884920 2 115-454 0.9749135301280837 0.8125 4 1.6910251162512902 1.0 [-18049728914718721,-5368709121] 0.9375 1.0 1.0661157024793388 0.0003578035202613049 0.22475091060875194 60.468322270908324 166.4401291355864 3332.8268782718296 3332.8268782718296 2334.480513711649 -150.27095588891743 -2373.890134662507
195.61315088088114 29.659591149876288 39628475706902456 2 115-454 0.7257377090599831 0.8125 4 1.6434827877842157 1.0 [-1,-1] 1.0 1.0 1.0 0.0006167714992318164 0.14396928707710532 60.34040885012371 164.38684911911886 2655.1774588090598 2655.1774588090598 -835.6216066493906 -1372.8800182697435 -2113.5052220669095
193.72781107474916 29.66274216582046 39628475677545171 2 115-454 0.8392829678619045 0.8125 4 1.714605044444821 0.5 [-2626255696002315525,-7791302417092445217] 0.671875 1.0 1.4827586206896552 0.0006232532477076302 0.14268566385842998 60.33725783417954 166.27218892525084 2976.5752558017207 2976.5752558017207 1746.0974025672297 -412.9312611401952 -2375.0014500568673
194.6064252945833 29.9003361945646 39628480937201351 2 115-454 0.9173433257732216 0.8125 4 1.7049616642339427 0.5 [-1,-1] 1.0 1.0 1.0 0.0004951280553168204 0.17321314004730964 60.0996638054354 165.3935747054167 3185.121110146164 3185.121110146164 562.8261380154289 -1136.1057223115258 -2921.8978442779917
195.67138081787544 29.659832105693283 39628475706903825 2 115-454 1.0002600430730404 0.8125 4 1.6677307522084994 1.0 [-1,-1] 1.0 1.0 1.0 0.0002622817504223413 0.28340640119267335 60.34016789430672 164.32861918212456 3396.280683663896 3396.280683663896 -1168.8733298414304 -1690.3566737928174 -2703.9141880573784
193.55304268854255 29.54196736317837 39628470417884782 2 115-454 0.44255644050306236 0.8125 4 1.7027818296915254 1.0 [-5,-2305843009249345537] 0.96875 1.0 1.032 0.0005288673958748294 0.16397488484989944 60.45803263682163 166.44695731145745 1750.0353520506576 1750.0353520506576 1213.4538470185773 -69.79377350257114 -1259.0799512990252
193.55666196123556 26.835581904908718 39628411735378380 1 116 1.0049450953781314 0.4375 4 1.7267310141069607 1.0 [-1,-1] 1.0 1.0 1.0 0.0002622817504223413 0.28340640119267335 63.16441809509128 166.44333803876444 3407.9062442630816 3407.9062442630816 -1110.5000838080769 67.90557623637861 3221.180430566652
194.3985474920227 26.587064555992917 39628406337309988 1 116 0.5428746746294105 0.4375 4 1.6428390148945187 1.0 [-5493592535233215953,-154674691610872768] 0.5546875 1.0 1.7916666666666667 0.0007045118177349687 0.128340413101622 63.41293544400708 165.6014525079773 2088.618096587072 2088.618096587072 -710.0179202925806 900.1909146179569 1745.8111076212367
195.45003492847388 26.676844695986457 39628411764737586 1 116 0.45941523985633675 0.4375 4 1.6449789493100484 0.3333333333333333 [-1,-1] 1.0 1.0 1.0 0.0005635091211985168 0.1554616369400361 63.32315530401354 164.54996507152612 1808.3749257945224 1808.3749257945224 319.33813219446245 791.1256675489468 1594.4789768805763
194.5729668792061 26.510071892421898 39628406341502610 1 116 0.8623442918664667 0.4375 4 1.6972263037944098 1.0 [-1,-1] 1.0 1.0 1.0 0.0006812235016579503 0.1321480675826358 63.4899281075781 165.4270331207939 3039.2041135435466 3039.2041135435466 -880.3834314097368 1637.0465630143465 2404.530142876597
194.4043135291656 26.54188145692359 39628406337310096 1 116 0.9799548670973712 0.4375 4 1.6862935194285162 0.5 [-1,-1] 1.0 1.0 1.0 0.0003578035202613049 0.22475091060875194 63.45811854307641 165.5956864708344 3345.523223300456 3345.523223300456 -1205.461023808892 1546.5919341682556 2710.616672804545
193.8880836496907 26.687337059793315 39628411739573711 1 116 0.7946877781854761 0.4375 4 1.695048094414843 1.0 [-1,-1] 1.0 1.0 1.0 0.0007229154976227362 0.12548315978664992 63.312662940206685 166.1119163503093 2852.9709074731627 2852.9709074731627 -1219.1546203624919 504.69789330232965 2529.5029248912165
193.20377919283192 27.16189378721983 39628422514737318 1 116 0.605977624960321 0.4375 4 1.7182549431568015 0.125 [-9205357362393612288,308531767437052928] 0.109375 1.0 8.6 0.0007756247847600315 0.11796159141779075 62.83810621278017 166.79622080716808 2291.2935710259853 2291.2935710259853 -13.721980818136489 -4.121880183029592 2291.2487743523607
195.68946627763515 26.839336086098918 39628411768931158 3 116-117-119 0.8296843664959342 1.0 4 1.595466190858293 1.0 [-1,-1] 1.0 1.0 1.0 0.0006627118749498285 0.13533979738261318 63.16066391390108 164.31053372236485 2950.2507674327594 2950.2507674327594 555.9314938481276 773.6637258273138 2792.197021025625
192.94495494344858 28.245767168291266 39628443922468746 2 116-118 0.9501272698982667 1.0 4 1.5910952231431856 1.0 [-1,-1] 1.0 1.0 1.0 0.00041974738576830407 0.19815580287489248 61.754232831708734 167.05504505655142 3269.8510452805617 3269.8510452805617 2454.4811855309563 1506.9985419924853 1548.0320935398772
193.58235217769425 26.931721440233787 39628417133447794 2 116-118 0.8978277628552882 1.0 4 1.6370297544747714 1.0 [-1,-1] 1.0 1.0 1.0 0.0005275616701708153 0.16431404058018498 63.06827855976621 166.41764782230575 3133.892757359946 3133.892757359946 -731.2875936878005 63.608262328501894 3046.7123689175155
192.96128242213595 28.230487506917022 39628443922469014 2 116-118 0.9502479673669894 1.0 4 1.5764585229191785 1.0 [86978107227708176,369810208238895413] 0.3359375 1.0 2.9318181818181817 0.00041974738576830407 0.19815580287489248 61.76951249308298 167.03871757786405 3270.1599512837474 3270.1599512837474 2458.3454465114705 1454.645257536953 1592.0084633323067
193.86472025354752 26.829047028122197 39628411739573230 3 116-118-119 0.9739966999255294 1.0 4 1.579846562450683 0.5 [-1,-1] 1.0 1.0 1.0 0.0003578035202613049 0.22475091060875194 63.1709529718778 166.13527974645248 3330.513828188926 3330.513828188926 -1033.2329203723277 399.72025442236287 3140.8559040842747
193.84621616070038 26.815140459479306 39628411739572800 3 116-118-119 0.9693566296799259 1.0 4 1.600111378251997 1.0 [-1,-1] 1.0 1.0 1.0 0.00041974738576830407 0.19815580287489248 63.18485954052069 166.15378383929962 3318.7882810773835 3318.7882810773835 -1077.5640462540462 394.10717196980244 3114.1436893372706
195.5643132977245 26.719711931107806 39628411764740335 2 116-119 0.8002488231997792 1.0 4 1.6472106185787463 1.0 [-1,-1] 1.0 1.0 1.0 0.0007229154976227362 0.12548315978664992 63.28028806889219 164.4356867022755 2868.5665873920416 2868.5665873920416 593.9905618166334 1092.6684356508263 2584.9420048633892
194.87494331028117 26.508281112361544 39628406345696954 2 116-119 0.8366284827576025 1.0 4 1.6953542680278386 1.0 [-1,-1] 1.0 1.0 1.0 0.0006232532477076302 0.14268566385842998 63.491718887638456 165.12505668971883 2969.310448887324 2969.310448887324 -346.3424791660158 1786.9655591889186 2345.976453264017
196.49918089205508 28.800194256552906 39628454605362019 1 117 0.9417195811103013 0.7692307692307693 4 1.6502003457723908 1.0 [-72057595111669889,-36028797018963969] 0.96875 1.0 1.032 0.0004445766401596716 0.18918261239264766 61.199805743447094 163.50081910794492 3248.2784209532033 3248.2784209532033 -3211.363424286272 -446.0066508079327 -198.835923871096
195.23011738919195 29.743552604069208 39628475698516989 1 117 0.7208974653583564 0.7692307692307693 4 1.5996759349425644 1.0 [-1,-1] 1.0 1.0 1.0 0.0006167714992318164 0.14396928707710532 60.25644739593079 164.76988261080805 2640.9791848753516 2640.9791848753516 -230.918584057266 -1397.721938558928 -2228.8609299265254
196.62850637190868 28.701817738925644 39628454609553242 1 117 0.9778828756926496 0.7692307692307693 4 1.7261568619935301 1.0 [-1,-1] 1.0 1.0 1.0 0.0003578035202613049 0.22475091060875194 61.29818226107436 163.37149362809132 3340.3095899010145 3340.3095899010145 -3337.8822536298735 -28.95899609509735 123.98223192298774
196.60270010686781 28.740334861312196 39628454609552777 1 117 0.8305735954607658 0.7692307692307693 4 1.7159124613314098 1.0 [-1,-1] 1.0 1.0 1.0 0.0006232532477076302 0.14268566385842998 61.25966513868781 163.39729989313219 2952.695906801131 2952.695906801131 -2950.9378428928007 -101.79431041684144 -4.10898893852363
196.69032482516243 28.12321616832032 39628438646030686 1 117 0.5445190938734775 0.7692307692307693 4 1.7123329424285927 0.5 [-1,-1] 1.0 1.0 1.0 0.0007045118177349687 0.128340413101622 61.87678383167968 163.30967517483757 2093.9988876738007 2093.9988876738007 -1707.0305051032622 90.8018966697468 1209.3937372862456
196.4912315709198 28.894471749043866 39628459902766868 1 117 0.9423260559479272 0.7692307692307693 4 1.6797869483271897 1.0 [-1,-1] 1.0 1.0 1.0 0.0004445766401596716 0.18918261239264766 61.105528250956134 163.5087684290802 3249.8381287057173 3249.8381287057173 -3176.4771272764124 -466.9283898117949 -503.4071925062593
196.65632658691834 27.832104021324295 39628433298293023 1 117 0.983706579506545 0.7692307692307693 4 1.72265616882762 1.0 [-1,-1] 1.0 1.0 1.0 0.0003578035202613049 0.22475091060875194 62.1678959786757 163.34367341308166 3354.947252159738 3354.947252159738 -2067.0675120356223 39.577961514365285 2642.221896515016
196.2691445571514 27.274039610317416 39628422556684879 1 117 0.7370047295838588 0.7692307692307693 4 1.632548565331869 1.0 [-1,-1] 1.0 1.0 1.0 0.0007126833197713517 0.12705585074725267 62.725960389682584 163.7308554428486 2688.0666412735327 2688.0666412735327 -265.0892268562107 -102.22028573426175 2673.0097236854103
196.37613549214933 29.100889108260933 39628459902765072 1 117 0.7299222874276364 0.7692307692307693 4 1.6875765221666632 0.5 [-2131350821249144586,1813818968875779957] 0.609375 1.0 1.6329113924050633 0.0006167714992318164 0.14396928707710532 60.89911089173907 163.62386450785067 2667.4188052157747 2667.4188052157747 -2410.0797362333014 -643.83456932239 -944.5188165207855
196.55232814457815 28.592354421317623 39628449299564099 2 117-119 0.7787346206879989 1.0 4 1.6332788947125143 0.5 [-5892177596786986252,630502435930832775] 0.6484375 1.0 1.5357142857142858 0.0007324854237337303 0.12404708914385561 61.40764557868238 163.44767185542185 2807.9389450042613 2807.9389450042613 -2767.8296154678137 -235.4263596448039 410.13993684514
196.58894035569065 28.008445945030665 39628438641839061 2 117-119 0.7980231582715354 1.0 4 1.6333691742623304 1.0 [-1,-1] 1.0 1.0 1.0 0.0007229154976227362 0.12548315978664992 61.991554054969335 163.41105964430935 2862.331108158995 2862.331108158995 -2129.505983460025 -102.81066660622831 1909.8621955456981
