data_rosette/LRG_18_clustering_data.ecsv
# %ECSV 1.0
# ---
# datatype:
# - {name: RA, unit: deg, datatype: float64}
# - {name: DEC, unit: deg, datatype: float64}
# - {name: TARGETID, datatype: int64}
# - {name: NTILE, datatype: int64}
# - {name: TILES, datatype: string}
# - {name: Z, datatype: float64}
# - {name: COMP_TILE, datatype: float64}
# - {name: ROSETTE_NUMBER, datatype: int32}
# - {name: ROSETTE_R, unit: deg, datatype: float64}
# - {name: FRACZ_TILELOCID, datatype: float64}
# - {name: BITWEIGHTS, datatype: string, subtype: 'int64[2]'}
# - {name: PROB_OBS, datatype: float64}
# - {name: WEIGHT_ZFAIL, datatype: float64}
# - {name: WEIGHT, datatype: float64}
# - {name: NZ, unit: h3 / Mpc3, datatype: float64}
# - {name: WEIGHT_FKP, datatype: float64}
# - {name: theta, unit: deg, datatype: float64}
# - {name: phi, unit: deg, datatype: float64}
# - {name: rho, unit: Mpc, datatype: float64}
# - {name: r, unit: Mpc, datatype: float64}
# - {name: x, unit: Mpc, datatype: float64}
# - {name: y, unit: Mpc, datatype: float64}
# - {name: z, unit: Mpc, datatype: float64}
# meta: !!omap
# - {EXTNAME: LSS}
# - {DESIDR: edr}
# - comments: ['Visit https://desidatamodel.readthedocs.io/en/latest/ for a more complet', e description]
# schema: astropy-2.0
RA DEC TARGETID NTILE TILES Z COMP_TILE ROSETTE_NUMBER ROSETTE_R FRACZ_TILELOCID BITWEIGHTS PROB_OBS WEIGHT_ZFAIL WEIGHT NZ WEIGHT_FKP theta phi rho r x y z
[from data line 359]
267.0265235947522 62.569265657869245 39633416945141996 11 541-542-543-544-545-546-547-548-549-550-551 0.9717555526140763 0.9925925925925926 18 1.2473398504931912 1.0 [-1,-1] 1.0 1.0 1.0 0.00030269805442075816 0.25472307248715254 27.430734342130755 -267.0265235947522 3324.8544162965504 3324.8544162965504 -2483.704757992818 -21.986230376821318 -2210.2905171864463
267.035395809698 62.55524114454068 39633416945142079 11 541-542-543-544-545-546-547-548-549-550-551 0.8256220475256437 0.9925925925925926 18 1.2430693457808013 1.0 [-1,-1] 1.0 1.0 1.0 0.000762533893525711 0.11946670068019369 27.44475885545932 -267.035395809698 2939.063814269841 2939.063814269841 -2167.9842584883663 0.04391157933945703 -1984.4244398234985
268.7174607093973 61.87564169951865 39633411316386202 11 541-542-543-544-545-546-547-548-549-550-551 0.8124700820715712 0.9925925925925926 18 0.7988762364526499 1.0 [-1,-1] 1.0 1.0 1.0 0.000762533893525711 0.11946670068019369 28.124358300481347 -268.7174607093973 2902.6570023910713 2902.6570023910713 48.16612451894877 431.0146144156684 -2870.073884090592
271.74362623972206 62.21778161200228 39633414172708103 11 541-542-543-544-545-546-547-548-549-550-551 0.47962553925591966 0.9925925925925926 18 0.9815098780806755 1.0 [-1,-1] 1.0 1.0 1.0 0.000668512811805897 0.13401699399284683 27.782218387997723 -271.74362623972206 1877.5383773285246 1877.5383773285246 3.67115756466434 -887.1131474543866 -1654.740808875256
271.7054380116973 62.24030114394315 39633414172707784 11 541-542-543-544-545-546-547-548-549-550-551 0.690444862132 0.9925925925925926 18 0.9575337096970031 1.0 [-1,-1] 1.0 1.0 1.0 0.0005639081233901963 0.1550231922816235 27.75969885605685 -271.7054380116973 2550.6852275102324 2550.6852275102324 53.12470798298898 -1254.366635480588 -2220.301159535291
271.6990870147987 62.25565579041074 39633414172707722 11 541-542-543-544-545-546-547-548-549-550-551 0.8773785212590609 0.9925925925925926 18 0.9501101158712556 1.0 [-1,-1] 1.0 1.0 1.0 0.0005346154933450218 0.1621399955636538 27.744344209589258 -271.6990870147987 3079.569083970958 3079.569083970958 75.7511144226772 -1554.9533556991069 -2657.090057414979
268.1062017925735 63.29000604321843 39633425249863827 11 541-542-543-544-545-546-547-548-549-550-551 0.4721722269035519 0.9925925925925926 18 1.0675983827579072 1.0 [-1,-1] 1.0 1.0 1.0 0.000668512811805897 0.13401699399284683 26.709993956781567 -268.1062017925735 1852.129539955702 1852.129539955702 -887.8910789553278 1625.3892674440808 -11.958008431969262
271.6871603813122 62.22724060975013 39633414172707622 11 541-542-543-544-545-546-547-548-549-550-551 0.8783878930330021 0.9925925925925926 18 0.9535503501540821 1.0 [-1,-1] 1.0 1.0 1.0 0.0005346154933450218 0.1621399955636538 27.772759390249867 -271.6871603813122 3082.2661136869233 3082.2661136869233 89.75882222741171 -1479.2534579910566 -2702.6129868030566
267.2196954379344 62.49355921740376 39633416945143590 11 541-542-543-544-545-546-547-548-549-550-551 0.890066723273727 0.9925925925925926 18 1.1590947241166392 1.0 [-1,-1] 1.0 1.0 1.0 0.0005723615213970424 0.15308410280969617 27.506440782596243 -267.2196954379344 3113.3536245526698 3113.3536245526698 -2125.9691840138466 396.35717919274254 -2239.671138056013
268.7369105309374 61.892418122988126 39633411316386374 11 541-542-543-544-545-546-547-548-549-550-551 0.4384067872791456 0.9925925925925926 18 0.7799114801337029 1.0 [-1,-1] 1.0 1.0 1.0 0.0006285113834356281 0.1413409039925048 28.107581877011874 -268.7369105309374 1735.5849665481792 1735.5849665481792 37.55506153905339 285.6144411662179 -1711.5107900501682
268.2059636031284 63.26004088822025 39633425249864454 11 541-542-543-544-545-546-547-548-549-550-551 0.479250775080874 0.9925925925925926 18 1.0148346567259166 1.0 [-1,-1] 1.0 1.0 1.0 0.000668512811805897 0.13401699399284683 26.739959111779747 -268.2059636031284 1876.2635019548782 1876.2635019548782 -730.526543915937 1726.854913813474 -68.32132932311892
267.9195402531716 63.346796588112355 39633425249862571 11 541-542-543-544-545-546-547-548-549-550-551 0.484455376372677 0.9925925925925926 18 1.167072080888189 1.0 [-1,-1] 1.0 1.0 1.0 0.000668512811805897 0.13401699399284683 26.653203411887645 -267.9195402531716 1893.9428185328513 1893.9428185328513 -1199.1174265218426 1462.8932505344765 95.28974144401792
270.42585484055786 62.043810074604465 39633411328970312 11 541-542-543-544-545-546-547-548-549-550-551 1.0065409372245857 0.9925925925925926 18 0.5757626504711721 1.0 [-1,-1] 1.0 1.0 1.0 0.00023297360745577845 0.30751381291380364 27.956189925395535 -270.42585484055786 3411.8588942998267 3411.8588942998267 1034.3590934261345 -262.88887859078613 -3240.6437351200425
271.19093886328875 63.143760476787754 39633425275028242 11 541-542-543-544-545-546-547-548-549-550-551 0.8243068876096559 0.9925925925925926 18 0.9132276202737486 1.0 [-1,-1] 1.0 1.0 1.0 0.000762533893525711 0.11946670068019369 26.856239523212246 -271.19093886328875 2935.4362107150487 2935.4362107150487 1533.3084935736838 -2463.002722466288 -446.50688666086455
269.0250754400468 62.27887395685868 39633414151736346 11 541-542-543-544-545-546-547-548-549-550-551 0.8759803469566624 0.9925925925925926 18 0.4059594196295334 1.0 [-1,-1] 1.0 1.0 1.0 0.0005346154933450218 0.1621399955636538 27.721126043141318 -269.0250754400468 3075.830484356196 3075.830484356196 657.3635959462342 1476.3653140690885 -2617.0501964297873
269.7555576383565 61.278880852804775 39633402684508273 11 541-542-543-544-545-546-547-548-549-550-551 0.6856656281893393 0.9925925925925926 18 1.2411775013320239 1.0 [-1,-1] 1.0 1.0 1.0 0.0008053318504768218 0.11384060807160488 28.721119147195225 -269.7555576383565 2536.3619951111905 2536.3619951111905 -1000.0067413588743 -448.2685119856876 -2287.39459399627
267.02211594791584 62.67891423650558 39633419734354447 11 541-542-543-544-545-546-547-548-549-550-551 0.6211070097711932 0.9925925925925926 18 1.2561864454365763 1.0 [-1,-1] 1.0 1.0 1.0 0.0007056687116799521 0.12786279395313782 27.321085763494423 -267.02211594791584 2338.7409741458405 2338.7409741458405 -1906.609267993287 -25.28237171826354 -1354.2197919950208
269.7384716259121 61.28408881487427 39633402684508116 11 541-542-543-544-545-546-547-548-549-550-551 0.664685305121316 0.9925925925925926 18 1.2359176227660877 1.0 [-1,-1] 1.0 1.0 1.0 0.0006371005092682059 0.1397016056866948 28.715911185125726 -269.7384716259121 2472.9891788450745 2472.9891788450745 -956.8819482153859 -448.7251955192017 -2235.7768481605267
267.1563269134573 62.81790117004525 39633419734355523 11 541-542-543-544-545-546-547-548-549-550-551 0.6651878685614786 0.9925925925925926 18 1.2185342210363905 1.0 [-1,-1] 1.0 1.0 1.0 0.0006371005092682059 0.1397016056866948 27.182098829954747 -267.1563269134573 2474.516697039387 2474.516697039387 -2180.4783157954053 265.02544912595306 -1139.5212633331319
269.07486416262674 62.310408852936206 39633414151736832 11 541-542-543-544-545-546-547-548-549-550-551 0.4817498866948811 0.9925925925925926 18 0.3687254084285633 1.0 [-1,-1] 1.0 1.0 1.0 0.000668512811805897 0.13401699399284683 27.689591147063794 -269.07486416262674 1884.7595603455181 1884.7595603455181 469.95084390456077 928.1662524853592 -1571.6145241039567
269.6806250576008 61.193448413852956 39633402684507635 11 541-542-543-544-545-546-547-548-549-550-551 0.9403973998781385 0.9925925925925926 18 1.326755898213601 1.0 [-1,-1] 1.0 1.0 1.0 0.0003671239319408774 0.21984967794317842 28.806551586147044 -269.6806250576008 3244.876142032366 3244.876142032366 -1447.9027718699401 -784.1316016182262 -2796.0572904870583
269.6108357445528 61.21143487689005 39633402684507100 11 541-542-543-544-545-546-547-548-549-550-551 0.9450090388309305 0.9925925925925926 18 1.309770397535141 1.0 [-1,-1] 1.0 1.0 1.0 0.0003671239319408774 0.21984967794317842 28.788565123109947 -269.6108357445528 3256.731389384877 3256.731389384877 -1351.9526500321822 -859.200438952397 -2835.541920053329
267.2401951515179 62.70041019035764 39633419734356183 11 541-542-543-544-545-546-547-548-549-550-551 1.0188850084517156 0.9925925925925926 18 1.1594588961275727 1.0 [-1,-1] 1.0 1.0 1.0 0.00020130102782971312 0.3394727840281335 27.299589809642363 -267.2401951515179 3442.308554899133 3442.308554899133 -2789.1661903791487 579.4008045685674 -1932.4427177132372
268.5380696706482 62.457155764380104 39633416957724187 11 541-542-543-544-545-546-547-548-549-550-551 0.6417060754548197 0.9925925925925926 18 0.5541497975196357 1.0 [-1,-1] 1.0 1.0 1.0 0.0007982518636535506 0.11473445525619816 27.542844235619896 -268.5380696706482 2402.6430751818098 2402.6430751818098 -109.21379254315919 1601.1946892384813 -1787.9993460267056
269.5524376120347 61.20771068048726 39633402684506684 11 541-542-543-544-545-546-547-548-549-550-551 0.9436499334054725 0.9925925925925926 18 1.3149566196732507 1.0 [-1,-1] 1.0 1.0 1.0 0.0003671239319408774 0.21984967794317842 28.79228931951274 -269.5524376120347 3253.2408751597627 3253.2408751597627 -1306.6565828792545 -941.8000884827934 -2826.5239004052964
269.54509896839687 61.177509518727895 39633402684506617 11 541-542-543-544-545-546-547-548-549-550-551 0.6599008889895049 0.9925925925925926 18 1.3453203654182446 1.0 [-1,-1] 1.0 1.0 1.0 0.0006371005092682059 0.1397016056866948 28.822490481272105 -269.54509896839687 2458.4237334670556 2458.4237334670556 -1033.7683513303436 -756.6993950523989 -2098.231701835899
269.52769091657285 61.19242491178557 39633402684506494 11 541-542-543-544-545-546-547-548-549-550-551 0.658606315386715 0.9925925925925926 18 1.3309985407007214 1.0 [-1,-1] 1.0 1.0 1.0 0.0006371005092682059 0.1397016056866948 28.807575088214428 -269.52769091657285 2454.475295106329 2454.475295106329 -993.8005630070489 -754.3588831327448 -2113.7057720252583
267.33015448457326 62.72308377996123 39633419738546499 11 541-542-543-544-545-546-547-548-549-550-551 0.6520907847692411 0.9925925925925926 18 1.122067750973079 1.0 [-1,-1] 1.0 1.0 1.0 0.0006371005092682059 0.1397016056866948 27.27691622003877 -267.33015448457326 2434.5556497128246 2434.5556497128246 -1956.9872772667256 594.1897787238274 -1320.6818371678057
269.49642972094847 61.15604282240428 39633402684506257 11 541-542-543-544-545-546-547-548-549-550-551 0.7579536567136528 0.9925925925925926 18 1.368402289436012 1.0 [-1,-1] 1.0 1.0 1.0 0.0007242712797402853 0.12498917450484462 28.84395717759572 -269.49642972094847 2748.62315520834 2748.62315520834 -1152.1509568531542 -932.7265561993837 -2314.6270959552535
267.13735341447614 63.010082143721256 39633422502593636 11 541-542-543-544-545-546-547-548-549-550-551 0.8784109530120112 0.9925925925925926 18 1.2836149673975736 1.0 [-1,-1] 1.0 1.0 1.0 0.0005346154933450218 0.1621399955636538 26.989917856278744 -267.13735341447614 3082.3277106415744 3082.3277106415744 -2941.4314524469874 301.0050393978357 -870.7014945442793
267.36664092017634 62.71942311348916 39633419738546774 11 541-542-543-544-545-546-547-548-549-550-551 0.7949829292423384 0.9925925925925926 18 1.1049726832950728 1.0 [-1,-1] 1.0 1.0 1.0 0.0008239664519383997 0.11155322342262282 27.280576886510843 -267.36664092017634 2853.799962030776 2853.799962030776 -2261.6830150729634 777.8816801631506 -1556.8764415597923
272.3944596950088 62.787554033004675 39633419776296678 11 541-542-543-544-545-546-547-548-549-550-551 0.7903148588398995 0.9925925925925926 18 1.2527666373530875 1.0 [-1,-1] 1.0 1.0 1.0 0.0008239664519383997 0.11155322342262282 27.212445966995325 -272.3944596950088 2840.670396089163 2840.670396089163 -1494.7462230510648 -1979.7892277216984 -1384.043583738988
267.5836406761931 62.74207593706239 39633419738548459 11 541-542-543-544-545-546-547-548-549-550-551 0.8233638700942006 0.9925925925925926 18 1.0113519334426826 1.0 [-1,-1] 1.0 1.0 1.0 0.000762533893525711 0.11946670068019369 27.25792406293761 -267.5836406761931 2932.833316479407 2932.833316479407 -2128.0823944888516 1299.6640349844463 -1543.9073743868648
269.52505151780423 63.23656211201538 39633425262445191 11 541-542-543-544-545-546-547-548-549-550-551 0.8715524795955151 0.9925925925925926 18 0.7226267706804164 1.0 [-1,-1] 1.0 1.0 1.0 0.0005346154933450218 0.1621399955636538 26.763437887984622 -269.52505151780423 3063.970061840595 3063.970061840595 2431.250125271669 1855.6107722092056 -183.4230909212658
267.59675252784507 62.7259021382171 39633419738548575 11 541-542-543-544-545-546-547-548-549-550-551 0.8700485651779005 0.9925925925925926 18 1.002287620559217 1.0 [-1,-1] 1.0 1.0 1.0 0.0005346154933450218 0.1621399955636538 27.2740978617829 -267.59675252784507 3059.9345337973054 3059.9345337973054 -2179.996416779758 1370.9330542307093 -1652.6819218380795
271.00397772646363 62.1013495978808 39633411333164888 11 541-542-543-544-545-546-547-548-549-550-551 0.9365706505371967 0.9925925925925926 18 0.7250437100127675 1.0 [-1,-1] 1.0 1.0 1.0 0.0003671239319408774 0.21984967794317842 27.898650402119202 -271.00397772646363 3235.013970042506 3235.013970042506 803.6621559844249 -873.491081324344 -3009.3945996255575
270.6583444666934 63.109125138715946 39633422527761164 11 541-542-543-544-545-546-547-548-549-550-551 1.0974108780885745 0.9925925925925926 18 0.7259033987931861 1.0 [-1,-1] 1.0 1.0 1.0 5.9370222311395755e-05 0.6353792046182113 26.890874861284054 -270.6583444666934 3630.9623192569766 3630.9623192569766 3162.025335381508 -1651.7198940298088 -676.24295481404
270.0723963388838 61.05373475623851 39633399761078871 11 541-542-543-544-545-546-547-548-549-550-551 0.9039579338219 0.9925925925925926 18 1.4751674079290455 1.0 [-1,-1] 1.0 1.0 1.0 0.0005723615213970424 0.15308410280969617 28.946265243761488 -270.0723963388838 3150.048735268918 3150.048735268918 -1950.1894198906182 -204.6815818464669 -2465.2938387074328
270.9252309986298 61.9444267405813 39633411333164298 11 541-542-543-544-545-546-547-548-549-550-551 0.41694623045503215 0.9925925925925926 18 0.8008255605498997 1.0 [-1,-1] 1.0 1.0 1.0 0.0005613841910631427 0.1556117057517016 28.0555732594187 -270.9252309986298 1660.2782515937179 1660.2782515937179 264.06364766783054 -245.14528654504832 -1620.7091198547007
270.6494905619895 63.11294466750046 39633422527761091 11 541-542-543-544-545-546-547-548-549-550-551 1.0345206492589367 0.9925925925925926 18 0.7266450705269485 1.0 [-1,-1] 1.0 1.0 1.0 0.00017557006270178804 0.37077784677498654 26.887055332499543 -270.6494905619895 3480.563100198662 3480.563100198662 3047.1319510690296 -1557.5206826619485 -635.165876223706
269.95370826132887 61.06734876451124 39633399761077938 11 541-542-543-544-545-546-547-548-549-550-551 0.606820141100739 0.9925925925925926 18 1.456491917100352 1.0 [-1,-1] 1.0 1.0 1.0 0.0006106036532175123 0.14488555312656437 28.932651235488763 -269.95370826132887 2293.9473016690736 2293.9473016690736 -1368.5751066436567 -310.72798994715544 -1814.5645528813595
268.94504605752854 62.33773041644094 39633414151735660 11 541-542-543-544-545-546-547-548-549-550-551 0.4590966254295344 0.9925925925925926 18 0.4064694719213893 1.0 [-1,-1] 1.0 1.0 1.0 0.0005330850268982689 0.1625298359500762 27.66226958355906 -268.94504605752854 1807.2778263808325 1807.2778263808325 345.186110293677 979.3328260837374 -1479.1913016046938
266.7387675217655 62.84622910111228 39633419730162019 11 541-542-543-544-545-546-547-548-549-550-551 0.5141616560311248 0.9925925925925926 18 1.4108011922092019 1.0 [-1,-1] 1.0 1.0 1.0 0.0006888416087567301 0.1305783864573065 27.15377089888772 -266.7387675217655 1993.7950361449432 1993.7950361449432 -1716.71841390065 -524.6696458221642 -867.6510221762533
