data_rosette/LRG_17_clustering_data.ecsv
# %ECSV 1.0
# ---
# datatype:
# - {name: RA, unit: deg, datatype: float64}
# - {name: DEC, unit: deg, datatype: float64}
# - {name: TARGETID, datatype: int64}
# - {name: NTILE, datatype: int64}
# - {name: TILES, datatype: string}
# - {name: Z, datatype: float64}
# - {name: COMP_TILE, datatype: float64}
# - {name: ROSETTE_NUMBER, datatype: int32}
# - {name: ROSETTE_R, unit: deg, datatype: float64}
# - {name: FRACZ_TILELOCID, datatype: float64}
# - {name: BITWEIGHTS, datatype: string, subtype: 'int64[2]'}
# - {name: PROB_OBS, datatype: float64}
# - {name: WEIGHT_ZFAIL, datatype: float64}
# - {name: WEIGHT, datatype: float64}
# - {name: NZ, unit: h3 / Mpc3, datatype: float64}
# - {name: WEIGHT_FKP, datatype: float64}
# - {name: theta, unit: deg, datatype: float64}
# - {name: phi, unit: deg, datatype: float64}
# - {name: rho, unit: Mpc, datatype: float64}
# - {name: r, unit: Mpc, datatype: float64}
# - {name: x, unit: Mpc, datatype: float64}
# - {name: y, unit: Mpc, datatype: float64}
# - {name: z, unit: Mpc, datatype: float64}
# meta: !!omap
# - {EXTNAME: LSS}
# - {DESIDR: edr}
# - comments: ['Visit https://desidatamodel.readthedocs.io/en/latest/ for a more complet', e description]
# schema: astropy-2.0
RA DEC TARGETID NTILE TILES Z COMP_TILE ROSETTE_NUMBER ROSETTE_R FRACZ_TILELOCID BITWEIGHTS PROB_OBS WEIGHT_ZFAIL WEIGHT NZ WEIGHT_FKP theta phi rho r x y z
[from data line 5500]
211.16786618409145 -0.27243963769689217 39627782229069356 2 517-520 0.8174546858485271 0.75 17 1.6646305624671498 1.0 [-1,-1] 1.0 1.0 1.0 0.0006627118749498285 0.13533979738261318 90.27243963769689 -211.16786618409145 2916.4891986962916 2916.4891986962916 -1677.61709386942 1359.8413172202183 -1960.1892062885256
211.90864148950106 0.7575594048365183 39627806400842955 2 517-520 0.9352710106686773 0.75 17 1.6240224317641154 1.0 [-1159756619178344461,-577306311104921601] 0.875 1.0 1.1415929203539823 0.0004445766401596716 0.18918261239264766 89.24244059516349 -211.90864148950106 3231.6594811216733 3231.6594811216733 -458.87855188765354 3059.760162615988 933.2316024488647
211.15597813905558 -0.3728032947663037 39627782229069116 2 517-520 0.8450874160709582 0.75 17 1.6595866606883607 0.5 [1790462253840986111,-5674680690181214273] 0.765625 1.0 1.303030303030303 0.0006232532477076302 0.14268566385842998 90.3728032947663 -211.15597813905558 2992.4205355508916 2992.4205355508916 -1570.9710316474548 1242.743704434061 -2223.1101557054526
211.22807447258393 -0.10240008454192781 39627788268867959 2 517-520 0.5425296425044388 0.75 17 1.648771410531118 0.5 [-29273425495195649,-288233675827445769] 0.90625 1.0 1.1025641025641026 0.0007045118177349687 0.128340413101622 90.10240008454193 -211.22807447258393 2087.4884172168404 2087.4884172168404 -1298.6859224455384 1189.075266287213 -1121.2148669903747
211.15673801104145 -0.39931328267111116 39627776189270787 2 517-520 0.9213379161589612 0.75 17 1.6554084072455724 0.3333333333333333 [5197485515156930561,4904561247361709149] 0.3046875 1.0 3.225 0.0004951280553168204 0.17321314004730964 90.39931328267112 -211.15673801104145 3195.533656033873 3195.533656033873 -1626.681283335049 1288.8250543216457 -2429.871051855521
211.2259844582999 -0.07979540139616144 39627788268867918 2 517-520 1.0447873240692644 0.75 17 1.6577193774234573 0.3333333333333333 [-7604909408817271508,-7770320639945200801] 0.5078125 1.0 1.9545454545454546 0.00017111768859933566 0.3774092623312036 90.07979540139615 -211.2259844582999 3505.4924420750885 3505.4924420750885 -2215.9249729065436 2020.4006407451614 -1815.5261019250713
211.90044596545366 0.7587441933130556 39627806400842779 2 517-520 0.7274221317223777 0.75 17 1.629522558074849 0.5 [-281509336449041,-17783848961] 0.953125 1.0 1.048780487804878 0.0006167714992318164 0.14396928707710532 89.24125580668695 -211.90044596545366 2660.1087234326656 2660.1087234326656 -398.2071563681574 2514.530622633236 771.197269795129
211.31018116449923 0.10820157221400122 39627788273058962 2 517-520 0.8626161180255055 0.75 17 1.6495576633832278 1.0 [-1,-1] 1.0 1.0 1.0 0.0006812235016579503 0.1321480675826358 89.891798427786 -211.31018116449923 3039.9371663826405 3039.9371663826405 -1936.3306857595026 2089.696643977139 -1060.6645968878827
212.49755380341713 -2.252612028637008 39627733931659740 1 518 0.659447569462662 0.7142857142857143 17 1.68004083128549 0.3333333333333333 [585610525686188257,-9204123651876159476] 0.3203125 1.0 3.0714285714285716 0.000700708733790897 0.12894715825466588 92.252612028637 -212.49755380341713 2457.041466990372 2457.041466990372 -953.8202111561452 -2025.7788752620845 -1011.6816316619228
212.19743217922334 -2.2129338381546293 39627733927464942 1 518 0.8124267804540372 0.7142857142857143 17 1.7217435320578107 1.0 [-1,-1] 1.0 1.0 1.0 0.0006627118749498285 0.13533979738261318 92.21293383815463 -212.19743217922334 2902.536658749789 2902.536658749789 -362.01124513889977 -2570.2167258174322 -1299.0969540829853
211.92955052596378 -2.052274890727591 39627739963068224 1 518 0.8743611426872664 0.7142857142857143 17 1.6930263436158732 1.0 [-1,-1] 1.0 1.0 1.0 0.0005690156306133545 0.15418916366201427 92.05227489072759 -211.92955052596378 3071.4969553029678 3071.4969553029678 317.9137531179974 -2471.027807419183 -1796.398053599195
212.06755702325432 -2.146955783789117 39627733927462264 1 518 0.8130348649479046 0.7142857142857143 17 1.7114917640447826 1.0 [-1,-1] 1.0 1.0 1.0 0.0006627118749498285 0.13533979738261318 92.14695578378911 -212.06755702325432 2904.226356235914 2904.226356235914 -25.18961123286384 -2505.620047329697 -1468.2521548292705
213.45826135751759 -2.129980388650664 39627733948437062 1 518 0.9526062555033961 0.7142857142857143 17 1.6654958244747096 1.0 [-1,-1] 1.0 1.0 1.0 0.00041974738576830407 0.19815580287489248 92.12998038865067 -213.45826135751759 3276.191185480411 3276.191185480411 -2757.798554966011 -473.50590604600836 -1704.0445918421472
212.2495375944495 -2.178201543668517 39627733927465984 1 518 0.7014257764388954 0.7142857142857143 17 1.671386167030385 1.0 [-1,-1] 1.0 1.0 1.0 0.0005843703162771602 0.15074849413407446 92.17820154366852 -212.2495375944495 2583.4373363663535 2583.4373363663535 -432.99109024444175 -2226.984145674916 -1235.8028975581728
211.42167330394693 -1.566412262319509 39627752034275610 1 518 0.405633777181021 0.7142857142857143 17 1.6831556965062848 0.5 [-1,-1] 1.0 1.0 1.0 0.0003379611466139912 0.2348475370676925 91.5664122623195 -211.42167330394693 1620.192704810445 1620.192704810445 427.33679207294693 -578.9816496838014 -1451.6156227428846
211.45159068226226 -1.5675358207680443 39627752034276281 1 518 0.9518468437736856 0.7142857142857143 17 1.6594093909521723 1.0 [-1,-1] 1.0 1.0 1.0 0.00041974738576830407 0.19815580287489248 91.56753582076804 -211.45159068226226 3274.249937860835 3274.249937860835 830.0956886170956 -1198.0828075465574 -2931.9364572893373
212.05542794453507 -2.1307547113104954 39627733927461967 1 518 1.044164166805724 0.7142857142857143 17 1.7021309423829403 1.0 [-1,-1] 1.0 1.0 1.0 0.00017111768859933566 0.3774092623312036 92.1307547113105 -212.05542794453507 3503.9835550386542 3503.9835550386542 6.216301755576636 -2994.1115189121424 -1820.2083188172253
213.11483446394573 -2.296193779910864 39627733944240773 1 518 0.6100203439541994 0.7142857142857143 17 1.7251444946253331 0.5 [5934353421599904771,5312118332015604048] 0.4609375 1.0 2.15 0.0007214233604467519 0.12571007283523317 92.29619377991087 -213.11483446394573 2304.014803436335 2304.014803436335 -1863.154130954566 -1050.6661450022793 -856.2952472755873
213.53339846385225 -1.976010800779944 39627739992425220 3 518-520-521 0.6020192909637493 1.0 17 1.5591604731950273 1.0 [-1,-1] 1.0 1.0 1.0 0.0007756247847600315 0.11796159141779075 91.97601080077995 -213.53339846385225 2278.807500169428 2278.807500169428 -1733.6632165770027 -165.02379271690273 -1469.7423659109943
213.55705454031852 -2.075710522878136 39627739992425740 2 518-521 0.8168323424443013 1.0 17 1.6584658497080862 1.0 [-1,-1] 1.0 1.0 1.0 0.0006627118749498285 0.13533979738261318 92.07571052287814 -213.55705454031852 2914.764476975472 2914.764476975472 -2397.4646434315864 -171.09913185531656 -1648.8603114915195
214.05800753223414 0.5479146459435813 39627800398791919 1 519 0.7823985465787894 0.6666666666666666 17 1.7030084323852799 0.5 [8089309941028357394,2477028182843271248] 0.25 1.0 3.909090909090909 0.0007324854237337303 0.12404708914385561 89.45208535405642 -214.05800753223414 2818.319815451615 2818.319815451615 2553.2151577865543 -1170.0531020679068 234.50944236314797
214.1734639085019 -1.5034793829241404 39627752080412038 1 519 0.7198172794627913 0.6666666666666666 17 1.6437771738591591 1.0 [8029337284056448223,-1244119684826021921] 0.8125 1.0 1.2285714285714286 0.0006167714992318164 0.14396928707710532 91.50347938292414 -214.1734639085019 2637.8048846116635 2637.8048846116635 -872.6800031089866 529.2544653695387 -2432.3515231851775
214.43049151865517 -0.06268955164904962 39627788323393456 1 519 0.6153734234108028 0.6666666666666666 17 1.716711015334108 1.0 [-1,-1] 1.0 1.0 1.0 0.0007214233604467519 0.12571007283523317 90.06268955164904 -214.43049151865517 2320.8112396293504 2320.8112396293504 1394.1412355600903 -1441.7688996086254 -1167.8345197082679
213.1660721417673 0.9695872388331493 39627812461613011 1 519 0.765026295571255 0.6666666666666666 17 1.6117081430433715 1.0 [-1,-1] 1.0 1.0 1.0 0.0006416626200019751 0.139161677870846 89.03041276116686 -213.1660721417673 2768.8947173497572 2768.8947173497572 2168.9974652304672 1080.65336821803 1339.5582291749122
214.31283447732258 0.22960505175101503 39627794363188858 1 519 0.8945707322581573 0.6666666666666666 17 1.7253546876486792 0.5 [-2530140212290741042,4429463901357074286] 0.578125 1.0 1.72 0.0005275616701708153 0.16431404058018498 89.77039494824899 -214.31283447732258 3125.284814146734 3125.284814146734 2354.650428235656 -1921.837450252057 -727.7137796926078
214.08355256489423 0.27462366662801807 39627794358994848 1 519 0.8140042946246255 0.6666666666666666 17 1.5531994297495881 0.2 [1023196983818428093,-4506500567684958967] 0.4921875 1.0 2.015625 0.0006627118749498285 0.13533979738261318 89.72537633337198 -214.08355256489423 2906.9188496967113 2906.9188496967113 2563.872561725466 -1255.1419248454401 -548.9566781164352
214.15978381686546 0.3244054284922812 39627794358996533 1 519 0.8123490034461124 0.6666666666666666 17 1.644228274844357 0.5 [-1,-1] 1.0 1.0 1.0 0.0006627118749498285 0.13533979738261318 89.67559457150772 -214.15978381686546 2902.320493377579 2902.320493377579 2477.412979648237 -1456.4992345985675 -405.58495307851814
214.22224221484055 0.35105631016308897 39627794358998194 1 519 0.5548991417945405 0.6666666666666666 17 1.71091350754581 1.0 [-1,-1] 1.0 1.0 1.0 0.000677088223595666 0.13284793461577618 89.64894368983691 -214.22224221484055 2127.8403359139006 2127.8403359139006 1752.0720368048267 -1183.1386227784885 -241.10386201508405
214.30868807544687 0.24129513316389295 39627794363188738 1 519 0.5577243347346899 0.6666666666666666 17 1.7273835732952465 1.0 [-1,-1] 1.0 1.0 1.0 0.000677088223595666 0.13284793461577618 89.75870486683611 -214.30868807544687 2137.0142793249447 2137.0142793249447 1619.9143746815068 -1311.0010651389018 -473.26911577198945
212.21962584598984 0.8650065578320306 39627806405039405 2 519-520 0.7800404720306917 1.0 17 1.5757722614180858 1.0 [-1,-1] 1.0 1.0 1.0 0.0007324854237337303 0.12404708914385561 89.13499344216797 -212.21962584598984 2811.6414075397033 2811.6414075397033 417.9385653575016 2555.305284971943 1095.9332373704235
214.45479439290406 -0.8542652325014058 39627770204000718 2 519-521 0.6490901689365284 0.5 17 1.6740817652567987 1.0 [-1,-1] 1.0 1.0 1.0 0.000833303205902425 0.11070054926254569 90.8542652325014 -214.45479439290406 2425.355379492479 2425.355379492479 409.5627336803499 -444.68864138369383 -2348.799501072348
214.44959905982748 -0.9703862858248343 39627764164203031 2 519-521 0.6015958566462447 0.5 17 1.6905154611066733 1.0 [-1020715129688295539,-4519749254265057799] 0.640625 1.0 1.5542168674698795 0.0007756247847600315 0.11796159141779075 90.97038628582483 -214.44959905982748 2277.4700471792885 2277.4700471792885 210.05784087071285 -225.70878426553492 -2256.5019530221857
214.3865858920843 -1.053316584671459 39627764164201574 2 519-521 0.6842825670067548 0.5 17 1.649913204298136 1.0 [7621154447549069853,-2099756364724984728] 0.5078125 1.0 1.9545454545454546 0.0007209928471550773 0.12577569469930108 91.05331658467146 -214.3865858920843 2532.2092193653043 2532.2092193653043 97.15291961928327 -92.02260042049468 -2528.6709319047313
214.44066674730018 -0.7341369210887382 39627770204000367 2 519-521 0.4300059446497012 0.5 17 1.6460297635857073 1.0 [-1,-1] 1.0 1.0 1.0 0.0005288673958748294 0.16397488484989944 90.73413692108873 -214.44066674730018 1706.2206198298945 1706.2206198298945 426.60096062581266 -450.25383778140224 -1589.4879381388719
211.63476925253397 -1.6856816376920132 39627745998671017 1 520 0.84179978490387 0.45454545454545453 17 1.5924467065432661 1.0 [-1,-1] 1.0 1.0 1.0 0.0006232532477076302 0.14268566385842998 91.68568163769201 -211.63476925253397 2983.452585003094 2983.452585003094 670.2526954735772 -1489.924440969515 -2496.372530567849
211.08513109638923 -0.5081532900843174 39627776189269560 1 520 0.8395282101604106 0.45454545454545453 17 1.7172464930626334 0.5 [6739034898072425393,8224919593589589611] 0.484375 1.0 2.0476190476190474 0.0006232532477076302 0.14268566385842998 90.50815329008432 -211.08513109638923 2977.2458506980015 2977.2458506980015 -1384.9548562591788 944.2963538313012 -2460.5278494183913
211.55538915351158 -1.70414913086139 39627745998669181 1 520 0.8113030483477772 0.45454545454545453 17 1.6635886636971717 1.0 [-1,-1] 1.0 1.0 1.0 0.0006627118749498285 0.13533979738261318 91.7041491308614 -211.55538915351158 2899.4124881023813 2899.4124881023813 785.5708778802081 -1430.7772489049312 -2396.319602224753
214.4539725737261 -0.32698309564705913 39627782283597018 1 521 1.065623359490278 0.5384615384615384 17 1.6762992877032041 0.5 [-1,-1] 1.0 1.0 1.0 0.0001568149373683449 0.39812733398474315 90.32698309564707 -214.4539725737261 3555.630142927424 3555.630142927424 1694.200508099455 -1836.4716067953268 -2529.7356362047462
214.00821851440264 -1.8298673896227158 39627746040610981 1 521 0.8088075879328877 0.5384615384615384 17 1.7238484195208343 0.3333333333333333 [-9070244905712831896,765689065879344686] 0.3125 1.0 3.1463414634146343 0.0007229154976227362 0.12548315978664992 91.82986738962272 -214.00821851440264 2892.467092697931 2892.467092697931 -1778.6728382047959 710.255590506461 -2167.5391145553144
212.33988805169096 -2.1152830993799054 39627739971454637 1 521 0.6576770714343624 0.5384615384615384 17 1.5835576024106606 1.0 [-1,-1] 1.0 1.0 1.0 0.000700708733790897 0.12894715825466588 92.11528309937991 -212.33988805169096 2451.6391891111816 2451.6391891111816 -578.1755101631917 -1992.766165817737 -1305.8065712062182
214.1376952334075 -1.6922100205619603 39627746040613399 1 521 0.9166307739855605 0.5384615384615384 17 1.7267255397429977 0.5 [-4940873941093852594,-4076967269571083919] 0.546875 1.0 1.8169014084507042 0.0004951280553168204 0.17321314004730964 91.69221002056196 -214.1376952334075 3183.2611245888934 3183.2611245888934 -1536.9944619499092 858.5104111232448 -2652.1235426064245
214.42825758311517 -0.1698545668062091 39627782283596348 1 521 1.0463348343232244 0.5384615384615384 17 1.6840771146881321 1.0 [-1,-1] 1.0 1.0 1.0 0.00017111768859933566 0.3774092623312036 90.16985456680621 -214.42825758311517 3509.2371496845194 3509.2371496845194 1969.1911345529174 -2027.381245826141 -2080.0857992872716
