data_rosette/LRG_13_clustering_data.ecsv
# %ECSV 1.0
# ---
# datatype:
# - {name: RA, unit: deg, datatype: float64}
# - {name: DEC, unit: deg, datatype: float64}
# - {name: TARGETID, datatype: int64}
# - {name: NTILE, datatype: int64}
# - {name: TILES, datatype: string}
# - {name: Z, datatype: float64}
# - {name: COMP_TILE, datatype: float64}
# - {name: ROSETTE_NUMBER, datatype: int32}
# - {name: ROSETTE_R, unit: deg, datatype: float64}
# - {name: FRACZ_TILELOCID, datatype: float64}
# - {name: BITWEIGHTS, datatype: string, subtype: 'int64[2]'}
# - {name: PROB_OBS, datatype: float64}
# - {name: WEIGHT_ZFAIL, datatype: float64}
# - {name: WEIGHT, datatype: float64}
# - {name: NZ, unit: h3 / Mpc3, datatype: float64}
# - {name: WEIGHT_FKP, datatype: float64}
# - {name: theta, unit: deg, datatype: float64}
# - {name: phi, unit: deg, datatype: float64}
# - {name: rho, unit: Mpc, datatype: float64}
# - {name: r, unit: Mpc, datatype: float64}
# - {name: x, unit: Mpc, datatype: float64}
# - {name: y, unit: Mpc, datatype: float64}
# - {name: z, unit: Mpc, datatype: float64}
# meta: !!omap
# - {EXTNAME: LSS}
# - {DESIDR: edr}
# - comments: ['Visit https://desidatamodel.readthedocs.io/en/latest/ for a more complet', e description]
# schema: astropy-2.0
RA DEC TARGETID NTILE TILES Z COMP_TILE ROSETTE_NUMBER ROSETTE_R FRACZ_TILELOCID BITWEIGHTS PROB_OBS WEIGHT_ZFAIL WEIGHT NZ WEIGHT_FKP theta phi rho r x y z
[from data line 1828]
244.62673362514778 42.508736053886054 39633123243196491 11 352-353-355-356-357-358-359-360-361-362-433 0.5524793983382056 1.0 13 1.3139935356940051 1.0 [-1,-1] 1.0 1.0 1.0 0.0006724560872077301 0.13333590500666823 47.491263946113946 115.37326637485222 2119.970441955021 2119.970441955021 493.50480734798214 -579.8409272686874 -1978.512617839873
245.71994019762417 42.243169456389055 39633118784652822 11 352-353-355-356-357-358-359-360-361-362-433 0.6225780355619928 1.0 13 1.212522029408668 1.0 [-1,-1] 1.0 1.0 1.0 0.0007056687116799521 0.12786279395313782 47.756830543610945 114.28005980237583 2343.3309969653046 2343.3309969653046 -524.5153858917257 -1283.0517263638278 -1889.4078540050753
246.8450355513916 42.77517481805419 39633127718522263 11 352-353-355-356-357-358-359-360-361-362-433 0.8794552447840859 1.0 13 0.9755335003368634 1.0 [-1,-1] 1.0 1.0 1.0 0.0005346154933450218 0.1621399955636538 47.22482518194581 113.15496444860841 3085.1162927329183 3085.1162927329183 -310.35282927043767 -17.905124089627357 -3069.414124483901
245.69454752690763 43.84933146928243 39633145342986257 11 352-353-355-356-357-358-359-360-361-362-433 0.5621071311376237 1.0 13 0.42127415114479416 1.0 [-1,-1] 1.0 1.0 1.0 0.0006724560872077301 0.13333590500666823 46.15066853071757 114.30545247309237 2151.214942167233 2151.214942167233 630.9469795769879 1662.7279851128005 -1210.3583287146723
246.53130525106255 42.75742303374988 39633127714328079 11 352-353-355-356-357-358-359-360-361-362-433 0.44300659599146414 1.0 13 0.8401072673420625 1.0 [-1,-1] 1.0 1.0 1.0 0.0006285113834356281 0.1413409039925048 47.24257696625012 113.46869474893745 1751.6007773100287 1751.6007773100287 -193.2670315152462 -75.26353270714127 -1739.2781658627302
245.7680348456072 44.40542203209668 39633158383076173 11 352-353-355-356-357-358-359-360-361-362-433 0.6228761190919725 1.0 13 0.9588187242601316 1.0 [-1,-1] 1.0 1.0 1.0 0.0007056687116799521 0.12786279395313782 45.59457796790332 114.23196515439281 2344.2606022153213 2344.2606022153213 989.5233881562532 2122.9576086402585 -97.22256583296186
245.74531127544554 44.39818705410146 39633158383075877 11 352-353-355-356-357-358-359-360-361-362-433 0.55195759912601 1.0 13 0.9531363888964404 1.0 [-1,-1] 1.0 1.0 1.0 0.0006724560872077301 0.13333590500666823 45.60181294589854 114.25468872455446 2118.2718433144796 2118.2718433144796 850.0370908215119 1937.4907761369843 -103.16025780662497
244.8547804103542 43.0593185712973 39633132130927548 11 352-353-355-356-357-358-359-360-361-362-433 0.8168253884215456 1.0 13 0.8427055767445679 1.0 [-1,-1] 1.0 1.0 1.0 0.000762533893525711 0.11946670068019369 46.9406814287027 115.14521958964579 2914.7452013950724 2914.7452013950724 -243.84278735574773 471.72719187112443 -2865.964713767349
245.87860723558347 42.78072755663728 39633127705940159 11 352-353-355-356-357-358-359-360-361-362-433 0.8668437546813443 1.0 13 0.6692732155539717 1.0 [-1,-1] 1.0 1.0 1.0 0.0006576102792991648 0.1359368301360722 47.21927244336272 114.12139276441653 3051.3227610496697 3051.3227610496697 -151.08532953725071 -248.23941804259158 -3037.453045995654
245.7550760698296 44.40804011721026 39633158383076007 11 352-353-355-356-357-358-359-360-361-362-433 0.927295280561102 1.0 13 0.9622550526389985 1.0 [-1,-1] 1.0 1.0 1.0 0.00042618922305278896 0.1953324009783564 45.59195988278974 114.24492393017039 3211.0165811059887 3211.0165811059887 1317.7283754456219 2925.517397944833 -124.76925504756747
244.621686200331 42.70742098810962 39633127693354193 11 352-353-355-356-357-358-359-360-361-362-433 0.6818848513109745 1.0 13 1.1815651692638123 1.0 [-1,-1] 1.0 1.0 1.0 0.0008053318504768218 0.11384060807160488 47.29257901189038 115.378313799669 2525.001555040537 2525.001555040537 276.38600312834143 -321.4369782580021 -2489.160882554648
247.8018454773359 43.19805305553443 39633136585278160 11 352-353-355-356-357-358-359-360-361-362-433 0.7094860542078112 1.0 13 1.420599186217434 1.0 [-1,-1] 1.0 1.0 1.0 0.0005639081233901963 0.1550231922816235 46.80194694446557 112.19815452266411 2607.3393750306645 2607.3393750306645 513.3503306381452 -645.8156854661669 -2473.3807137246113
245.15863659078548 43.74175828910095 39633145334599391 11 352-353-355-356-357-358-359-360-361-362-433 0.5574288340969795 1.0 13 0.5983718039509422 1.0 [-1,-1] 1.0 1.0 1.0 0.0006724560872077301 0.13333590500666823 46.25824171089905 114.84136340921452 2136.055469013708 2136.055469013708 -280.3780106605576 1602.2932384784724 -1384.4773438982556
244.63409414196522 42.709753096367294 39633127693354316 11 352-353-355-356-357-358-359-360-361-362-433 0.5625920056629153 1.0 13 1.1730435086775157 1.0 [-1,-1] 1.0 1.0 1.0 0.0006724560872077301 0.13333590500666823 47.290246903632706 115.36590585803478 2152.7836585268865 2152.7836585268865 229.04404849370582 -273.1624425371496 -2123.0634903971095
246.48515586914286 43.17902410471165 39633136568501523 11 352-353-355-356-357-358-359-360-361-362-433 0.4431192554307702 1.0 13 0.5170100412757332 1.0 [-1,-1] 1.0 1.0 1.0 0.0006285113834356281 0.1413409039925048 46.82097589528835 113.51484413085714 1751.9924869088964 1751.9924869088964 477.7317428571483 211.91588229410112 -1672.2265740273963
245.85549991173573 44.4185258416509 39633158383077319 11 352-353-355-356-357-358-359-360-361-362-433 1.0559952938827346 1.0 13 0.9686865166705685 1.0 [-1,-1] 1.0 1.0 1.0 0.00014839258087788972 0.41078905010633954 45.5814741583491 114.14450008826427 3532.5376578462515 3532.5376578462515 1765.6584347566265 3057.977119548543 -100.24236725185122
244.83117288095292 43.066137318458274 39633132130927257 11 352-353-355-356-357-358-359-360-361-362-433 0.800049683541897 1.0 13 0.8548551528426591 1.0 [-1,-1] 1.0 1.0 1.0 0.0008239664519383997 0.11155322342262282 46.933862681541726 115.16882711904708 2868.0090141812843 2868.0090141812843 -260.0474630913169 475.22807802208047 -2816.3823064747994
246.32683256526437 43.1293048962021 39633136564310033 11 352-353-355-356-357-358-359-360-361-362-433 0.9009206566605712 1.0 13 0.4567606451269531 1.0 [-1,-1] 1.0 1.0 1.0 0.0005723615213970424 0.15308410280969617 46.8706951037979 113.67316743473563 3142.0514235088194 3142.0514235088194 660.1533441005603 428.5896438497918 -3041.8737033991656
245.1825849970915 42.63600265487521 39633127697551222 11 352-353-355-356-357-358-359-360-361-362-433 0.7415945907269416 1.0 13 0.9604001234372151 1.0 [-1,-1] 1.0 1.0 1.0 0.0006073340474539246 0.1455520198534496 47.36399734512479 114.81741500290849 2701.4003726349783 2701.4003726349783 95.5455025799533 -635.2672046758443 -2623.903696569766
245.1596268730053 43.74353974843662 39633145334599405 11 352-353-355-356-357-358-359-360-361-362-433 0.556738879400299 1.0 13 0.5986105524884608 1.0 [-1,-1] 1.0 1.0 1.0 0.0006724560872077301 0.13333590500666823 46.25646025156338 114.8403731269947 2133.816104355639 2133.816104355639 -278.92070767389816 1603.3148347747042 -1380.1289601444967
245.6831453904488 43.085201019259586 39633132139318022 11 352-353-355-356-357-358-359-360-361-362-433 0.5300357191163082 1.0 13 0.39195010911602707 1.0 [-1,-1] 1.0 1.0 1.0 0.0006094867785671962 0.14511252611805409 46.914798980740414 114.3168546095512 2046.4220468026585 2046.4220468026585 146.16466037748614 398.8376294459775 -2001.8510511610573
246.30449472727142 43.975065946490346 39633149717645507 11 352-353-355-356-357-358-359-360-361-362-433 0.873744221249172 1.0 13 0.6081424150253014 1.0 [-1,-1] 1.0 1.0 1.0 0.0005346154933450218 0.1621399955636538 46.024934053509654 113.69550527272858 3069.8447622688436 3069.8447622688436 2259.630232978605 1539.8324111682882 -1395.3258473038352
244.14003957764155 42.83511279169008 39633127684967588 11 352-353-355-356-357-358-359-360-361-362-433 0.7764804266282047 1.0 13 1.410595730575683 1.0 [-1,-1] 1.0 1.0 1.0 0.0007064174578981374 0.12774458208408304 47.16488720830992 115.85996042235845 2801.540768303376 2801.540768303376 106.67664225178783 -42.48037788613228 -2799.186701161322
246.48637970012817 44.598308566462606 39633158391464880 11 352-353-355-356-357-358-359-360-361-362-433 0.6347663143459097 1.0 13 1.2282902631331272 1.0 [-1,-1] 1.0 1.0 1.0 0.0007982518636535506 0.11473445525619816 45.401691433537394 113.51362029987183 2381.204148752882 2381.204148752882 2152.9302510710895 951.8616183346973 359.14341369731846
245.93434263549403 44.384895065529626 39633158383078467 11 352-353-355-356-357-358-359-360-361-362-433 0.9627615405758645 1.0 13 0.9357141653640373 1.0 [-1,-1] 1.0 1.0 1.0 0.0003767415448896098 0.21544643941305056 45.615104934470374 114.06565736450597 3302.0669632858117 3302.0669632858117 1867.6286358009536 2715.462044969033 -204.6347748855198
245.95489895735784 44.48515905215724 39633158383078727 11 352-353-355-356-357-358-359-360-361-362-433 0.9366663314369301 1.0 13 1.0365616012153094 1.0 [-1,-1] 1.0 1.0 1.0 0.0003671239319408774 0.21984967794317842 45.51484094784276 114.04510104264216 3235.2608288719134 3235.2608288719134 1886.3911328658235 2625.4776367179757 123.72673022418583
246.73865683266715 43.214203293595006 39633136572694664 11 352-353-355-356-357-358-359-360-361-362-433 0.9171999069541499 1.0 13 0.6676009844967666 1.0 [-1,-1] 1.0 1.0 1.0 0.00042618922305278896 0.1953324009783564 46.785796706404994 113.26134316733285 3184.7468051001865 3184.7468051001865 1042.1694436379858 172.47295069906167 -3004.4547166865896
246.83909770064508 43.176611068532374 39633136572695846 11 352-353-355-356-357-358-359-360-361-362-433 0.9975981089896296 1.0 13 0.7494869939545027 1.0 [-1,-1] 1.0 1.0 1.0 0.00023297360745577845 0.30751381291380364 46.823388931467626 113.16090229935492 3389.6610507345013 3389.6610507345013 1001.3087440436801 63.7358324091836 -3237.764750817344
246.36719962524978 44.562410435591694 39633158387273058 11 352-353-355-356-357-358-359-360-361-362-433 0.6909680860397396 1.0 13 1.166293250006034 1.0 [-1,-1] 1.0 1.0 1.0 0.0005639081233901963 0.1550231922816235 45.437589564408306 113.63280037475022 2552.2507863511487 2552.2507863511487 2180.390418754776 1293.5854879405817 294.13990484454473
246.2184463166985 42.70595741616821 39633127710134146 11 352-353-355-356-357-358-359-360-361-362-433 0.868778973341369 1.0 13 0.7840336446706264 0.5 [-1,-1] 1.0 1.0 1.0 0.0006576102792991648 0.1359368301360722 47.29404258383179 113.7815536833015 3056.52494233245 3056.52494233245 -401.0721997717948 -327.13928875894345 -3012.385383615598
246.99861073206793 43.25428938869936 39633136572697911 11 352-353-355-356-357-358-359-360-361-362-433 0.49232256093996474 1.0 13 0.8366022025909741 1.0 [-1,-1] 1.0 1.0 1.0 0.0007365189099627642 0.12316671624379881 46.74571061130064 113.00138926793207 1920.5614980856026 1920.5614980856026 705.8653822710567 -67.93373130142747 -1784.8516852084977
246.62855574000162 42.29181077924376 39633118797234333 11 352-353-355-356-357-358-359-360-361-362-433 0.9579206335673348 1.0 13 1.2815358531672076 1.0 [-1,-1] 1.0 1.0 1.0 0.0003767415448896098 0.21544643941305056 47.70818922075624 113.37144425999838 3289.75167354438 3289.75167354438 -1746.9292742048922 -491.2131656305856 -2743.9777350454574
245.157430345069 44.03899360719987 39633149705061425 11 352-353-355-356-357-358-359-360-361-362-433 0.9024304618511256 1.0 13 0.787015433804165 1.0 [-1,-1] 1.0 1.0 1.0 0.0005723615213970424 0.15308410280969617 45.96100639280013 114.842569654931 3146.0286324625786 3146.0286324625786 -501.207917530917 2844.0733721466345 -1248.0117922219952
245.43679048217632 43.12816742781902 39633136555918460 10 352-353-355-356-357-358-359-360-361-433 0.7612774875244116 1.0 13 0.455691310349022 1.0 [-1,-1] 1.0 1.0 1.0 0.0007242712797402853 0.12498917450484462 46.87183257218098 114.56320951782368 2758.1607277046655 2758.1607277046655 72.0412309631075 684.0933774630633 -2671.0067225308194
245.44124128622465 43.12763752688428 39633136555918520 10 352-353-355-356-357-358-359-360-361-433 0.7616873617984453 1.0 13 0.4537807420620946 1.0 [-1,-1] 1.0 1.0 1.0 0.0007242712797402853 0.12498917450484462 46.87236247311572 114.55875871377535 2759.3355116677817 2759.3355116677817 74.9626827758036 682.6495909281772 -2672.5086712951083
245.88703488068938 44.09333631478221 39633149713450259 10 352-353-355-356-357-358-359-360-361-433 0.6335798168860223 1.0 13 0.6433563696168535 1.0 [-1,-1] 1.0 1.0 1.0 0.0007982518636535506 0.11473445525619816 45.90666368521779 114.11296511931062 2377.529635475125 2377.529635475125 1175.6428710615876 1895.47432045032 -823.218141076801
244.97967254567868 44.29978252410098 39633154046167949 10 352-353-355-356-357-358-359-360-361-433 0.7428524696627924 1.0 13 1.069254477310876 1.0 [-1,-1] 1.0 1.0 1.0 0.0006073340474539246 0.1455520198534496 45.70021747589902 115.02032745432132 2705.048079840952 2705.048079840952 -923.0511001213293 2511.576235200438 -396.5433085961971
245.74926093759217 42.64204667831929 39633127705938398 10 352-353-355-356-357-358-359-360-361-433 0.4522845384165846 1.0 13 0.8135827175803175 1.0 [-1,-1] 1.0 1.0 1.0 0.0005330850268982689 0.1625298359500762 47.35795332168071 114.25073906240783 1783.77120135057 1783.77120135057 -167.71069259111772 -378.1961042329648 -1735.1312714320125
245.53091754368424 43.970977773603394 39633149709256086 10 352-353-355-356-357-358-359-360-361-433 0.8781675767794103 1.0 13 0.5788670267745647 1.0 [-1,-1] 1.0 1.0 1.0 0.0005346154933450218 0.1621399955636538 46.029022226396606 114.46908245631576 3081.677570259351 3081.677570259351 541.6434581146177 2685.1177045037816 -1411.914276534364
246.02701418867903 44.04134155497266 39633149713451750 10 352-353-355-356-357-358-359-360-361-433 0.43831214544604363 1.0 13 0.6008028381848388 1.0 [-1,-1] 1.0 1.0 1.0 0.0006285113834356281 0.1413409039925048 45.95865844502734 113.97298581132097 1735.2549756006201 1735.2549756006201 1021.2673249038158 1224.5051715942718 -684.6239596810757
246.20833652203646 44.756806289823615 39633162694822828 10 352-353-355-356-357-358-359-360-361-433 0.5468781405694716 1.0 13 1.3279015614032719 1.0 [-1,-1] 1.0 1.0 1.0 0.0006094867785671962 0.14511252611805409 45.243193710176385 113.79166347796354 2101.7086791759193 2101.7086791759193 1538.191213740139 1280.756907840754 640.9437612725595
247.12295710354928 43.75886775441435 39633145359764297 10 352-353-355-356-357-358-359-360-361-433 0.8352089477231515 1.0 13 0.9515585547673685 1.0 [-1,-1] 1.0 1.0 1.0 0.0006366829495309179 0.1397804201853648 46.24113224558565 112.87704289645072 2965.420693813763 2965.420693813763 2235.4068109111795 -500.56728755718206 -1883.1114336805601
245.73621086949566 42.64022075212177 39633127705938235 10 352-353-355-356-357-358-359-360-361-433 1.0092379124806683 1.0 13 0.8165686124529399 1.0 [-1,-1] 1.0 1.0 1.0 0.00023297360745577845 0.30751381291380364 47.35977924787823 114.26378913050434 3418.530470550192 3418.530470550192 -314.31367270773467 -734.5121612841292 -3323.8606135268083
245.90929549430584 43.973341021363986 39633149713450468 10 352-353-355-356-357-358-359-360-361-433 0.5169349861495948 1.0 13 0.5237692403923032 1.0 [-1,-1] 1.0 1.0 1.0 0.0006888416087567301 0.1305783864573065 46.026658978636014 114.09070450569416 2003.0259095984186 2003.0259095984186 973.0620054101157 1493.577085923943 -913.5045793824779
247.02792516063832 43.182688410875464 39633136572698311 10 352-353-355-356-357-358-359-360-361-433 0.6768853342537068 1.0 13 0.8769296825508608 1.0 [-1,-1] 1.0 1.0 1.0 0.0008053318504768218 0.11384060807160488 46.817311589124536 112.97207483936168 2509.938851888535 2509.938851888535 751.5600941203991 -94.63641038643006 -2392.905015869716
247.08982873242866 43.34818593836981 39633136576889110 10 352-353-355-356-357-358-359-360-361-433 0.6315120758122142 1.0 13 0.8849125843462317 1.0 [-1,-1] 1.0 1.0 1.0 0.0007982518636535506 0.11473445525619816 46.65181406163019 112.91017126757134 2371.1196124087796 2371.1196124087796 1059.4029472570435 -200.6305871726392 -2111.7814705085875
