data_rosette/LRG_4_clustering_data.ecsv
# %ECSV 1.0
# ---
# datatype:
# - {name: RA, unit: deg, datatype: float64}
# - {name: DEC, unit: deg, datatype: float64}
# - {name: TARGETID, datatype: int64}
# - {name: NTILE, datatype: int64}
# - {name: TILES, datatype: string}
# - {name: Z, datatype: float64}
# - {name: COMP_TILE, datatype: float64}
# - {name: ROSETTE_NUMBER, datatype: int32}
# - {name: ROSETTE_R, unit: deg, datatype: float64}
# - {name: FRACZ_TILELOCID, datatype: float64}
# - {name: BITWEIGHTS, datatype: string, subtype: 'int64[2]'}
# - {name: PROB_OBS, datatype: float64}
# - {name: WEIGHT_ZFAIL, datatype: float64}
# - {name: WEIGHT, datatype: float64}
# - {name: NZ, unit: h3 / Mpc3, datatype: float64}
# - {name: WEIGHT_FKP, datatype: float64}
# - {name: theta, unit: deg, datatype: float64}
# - {name: phi, unit: deg, datatype: float64}
# - {name: rho, unit: Mpc, datatype: float64}
# - {name: r, unit: Mpc, datatype: float64}
# - {name: x, unit: Mpc, datatype: float64}
# - {name: y, unit: Mpc, datatype: float64}
# - {name: z, unit: Mpc, datatype: float64}
# meta: !!omap
# - {EXTNAME: LSS}
# - {DESIDR: edr}
# - comments: ['Visit https://desidatamodel.readthedocs.io/en/latest/ for a more complet', e description]
# schema: astropy-2.0
RA DEC TARGETID NTILE TILES Z COMP_TILE ROSETTE_NUMBER ROSETTE_R FRACZ_TILELOCID BITWEIGHTS PROB_OBS WEIGHT_ZFAIL WEIGHT NZ WEIGHT_FKP theta phi rho r x y z
[from data line 3673]
194.41775193881506 28.153026606483387 39628443943441322 11 110-111-112-113-114-115-116-117-118-119-454 0.7070648137704934 1.0 4 0.29661862977600745 1.0 [-1,-1] 1.0 1.0 1.0 0.0005843703162771602 0.15074849413407446 61.84697339351661 -194.41775193881506 2600.171710377799 2600.171710377799 -2026.8409095089974 -765.2063980724829 1437.7997146121174
193.90502504162257 27.38879757775326 39628427896031540 11 110-111-112-113-114-115-116-117-118-119-454 0.9497336809749449 1.0 4 1.1030717611307566 1.0 [-1,-1] 1.0 1.0 1.0 0.0004445766401596716 0.18918261239264766 62.61120242224674 -193.90502504162257 3268.843563450695 3268.843563450695 -459.29370914193413 -548.5389998850773 3189.591274232603
195.3663855092123 28.786051885529794 39628454588585034 11 110-111-112-113-114-115-116-117-118-119-454 0.8005096364806007 1.0 4 0.7980716324137638 1.0 [-1,-1] 1.0 1.0 1.0 0.0007229154976227362 0.12548315978664992 61.213948114470206 -195.3663855092123 2869.296739770539 2869.296739770539 -2385.325355868407 1588.971263980439 -135.11865065012083
193.8124570955641 28.453508115474257 39628449257622843 11 110-111-112-113-114-115-116-117-118-119-454 0.9381091052687186 1.0 4 0.8633331198852293 1.0 [-1,-1] 1.0 1.0 1.0 0.0004445766401596716 0.18918261239264766 61.54649188452574 -193.8124570955641 3238.981517674678 3238.981517674678 -1766.417001549088 -2557.1465726806287 912.0162576973082
193.44381032358245 28.574707439922097 39628449253427054 10 110-111-112-113-114-115-116-117-118-454 0.9016466130076599 1.0 4 1.208665432329572 1.0 [-1,-1] 1.0 1.0 1.0 0.0005275616701708153 0.16431404058018498 61.42529256007791 -193.44381032358245 3143.9642235643073 3143.9642235643073 -724.7995077456294 -3015.7828858935814 514.0333625120005
193.42206061264602 28.58641407660095 39628449253426706 10 110-111-112-113-114-115-116-117-118-454 0.9014953566519125 1.0 4 1.2304355127573618 1.0 [-1,-1] 1.0 1.0 1.0 0.0005275616701708153 0.16431404058018498 61.413585923399054 -193.42206061264602 3143.5657511927 3143.5657511927 -660.190595397 -3036.1200696945225 477.62844578103403
194.10555219426027 28.30436672553289 39628443939245422 10 110-111-112-113-114-115-116-117-118-454 0.6429530941171039 1.0 4 0.5771898049005472 1.0 [-1,-1] 1.0 1.0 1.0 0.000833303205902425 0.11070054926254569 61.69563327446711 -194.10555219426027 2406.485880026496 2406.485880026496 -1706.5894369282585 -1360.9426381626793 1013.1939203146621
195.1821391536076 27.891652816830536 39628438620868777 10 110-111-112-113-114-115-116-117-118-454 0.9697902024419646 1.0 4 0.4904471863299313 1.0 [-1,-1] 1.0 1.0 1.0 0.00041974738576830407 0.19815580287489248 62.108347183169464 -195.1821391536076 3319.8852890288244 3319.8852890288244 -2021.4077574468918 862.7376811864652 2488.2187813583696
194.14546310209374 28.496801981308813 39628449261817936 10 110-111-112-113-114-115-116-117-118-454 0.7405531626312314 1.0 4 0.6092248084173224 1.0 [-1,-1] 1.0 1.0 1.0 0.0007126833197713517 0.12705585074725267 61.50319801869119 -194.14546310209374 2698.3782401188937 2698.3782401188937 -2111.679779880212 -1550.2953095356556 647.0224781442606
193.15579355300673 27.739362411786637 39628433243770286 10 110-111-112-113-114-115-116-117-118-454 0.5155065032396379 1.0 4 1.481416059957883 1.0 [-1,-1] 1.0 1.0 1.0 0.0006865842838717192 0.13125169390769817 62.26063758821336 -193.15579355300673 1998.2732190814058 1998.2732190814058 56.32110075969825 -1078.907304203425 1681.0362341852356
195.0998430842604 28.95556088510454 39628459881797065 10 110-111-112-113-114-115-116-117-118-454 0.9018664170634472 1.0 4 0.8156313262557529 1.0 [-1,-1] 1.0 1.0 1.0 0.0005275616701708153 0.16431404058018498 61.04443911489546 -195.0998430842604 3144.543215073387 3144.543215073387 -2914.091375746525 969.2531766360755 -675.8489216124235
195.13194672965508 27.112464289745596 39628417158611227 10 110-111-112-113-114-115-116-117-118-454 0.9014685942656444 1.0 4 1.138938258569633 1.0 [-1,-1] 1.0 1.0 1.0 0.0005275616701708153 0.16431404058018498 62.887535710254404 -195.13194672965508 3143.4952441518344 3143.4952441518344 164.1481279393777 -60.51511833833154 3138.6232113064634
193.45155846082585 28.597548527699153 39628449253427176 10 110-111-112-113-114-115-116-117-118-454 0.6477868189430944 1.0 4 1.2093841404864711 1.0 [-1,-1] 1.0 1.0 1.0 0.000833303205902425 0.11070054926254569 61.40245147230085 -193.45155846082585 2421.3539013819022 2421.3539013819022 -578.2210099432396 -2326.4090996495065 341.227021886529
193.43518233826464 28.699960238419322 39628454563415072 10 110-111-112-113-114-115-116-117-118-454 0.6494039322436848 1.0 4 1.2594998511489672 1.0 [-1,-1] 1.0 1.0 1.0 0.000833303205902425 0.11070054926254569 61.30003976158068 -193.43518233826464 2426.3182051389795 2426.3182051389795 -546.194496562735 -2362.149397235127 94.56124816830275
194.9534066023246 29.207083254010012 39628465166615984 10 110-111-112-113-114-115-116-117-118-454 0.6895086099018396 1.0 4 1.0227637566495353 1.0 [-1,-1] 1.0 1.0 1.0 0.0007209928471550773 0.12577569469930108 60.792916745989984 -194.9534066023246 2547.882585915658 2547.882585915658 -2239.15920202276 395.1223773300054 -1149.6738870402091
194.09821156934905 28.31161561072319 39628443939245298 10 110-111-112-113-114-115-116-117-118-454 0.6794561793471022 1.0 4 0.5848712739387972 1.0 [-1,-1] 1.0 1.0 1.0 0.0007209928471550773 0.12577569469930108 61.688384389276806 -194.09821156934905 2517.6901014129935 2517.6901014129935 -1780.877012023991 -1441.6969184245777 1043.4320822183631
193.27624425367566 28.355277050500614 39628443926663127 10 110-111-112-113-114-115-116-117-118-454 0.8071725011147985 1.0 4 1.307128020087653 1.0 [-1,-1] 1.0 1.0 1.0 0.0007229154976227362 0.12548315978664992 61.64472294949938 -193.27624425367566 2887.910622927571 2887.910622927571 -182.7516410059227 -2671.7122322242267 1081.0103384847864
195.84058069043124 28.958996138952923 39628459894377222 10 110-111-112-113-114-115-116-117-118-454 0.7820290365970819 1.0 4 1.221977475123369 1.0 [-1,-1] 1.0 1.0 1.0 0.0007324854237337303 0.12404708914385561 61.04100386104707 -195.84058069043124 2817.2739393986944 2817.2739393986944 -1339.6684311641206 2400.8639215164794 -614.9580266309357
194.1030992084638 28.38666291540535 39628449261817279 10 110-111-112-113-114-115-116-117-118-454 0.5072866855569645 1.0 4 0.5994209488167868 1.0 [-1,-1] 1.0 1.0 1.0 0.0005337442823398631 0.16272042362546515 61.61333708459465 -194.1030992084638 1970.8451955427186 1970.8451955427186 -1443.4151019770952 -1156.8744619804515 680.0184610697778
195.8603236507807 29.22544286977538 39628465179199728 10 110-111-112-113-114-115-116-117-118-454 0.728552802947633 1.0 4 1.414128752440033 1.0 [-1,-1] 1.0 1.0 1.0 0.0006167714992318164 0.14396928707710532 60.77455713022462 -195.8603236507807 2663.416012488353 2663.416012488353 -1106.4116549010666 2078.224773869462 -1245.2388906365177
195.86857481757164 29.171150023585195 39628465179199881 9 110-111-112-113-114-115-116-117-119 0.7856477236130046 1.0 4 1.3805829584850289 1.0 [-1,-1] 1.0 1.0 1.0 0.0007324854237337303 0.12404708914385561 60.8288499764148 -195.86857481757164 2827.506356304436 2827.506356304436 -1187.8170418578943 2276.2122149997836 -1184.3735991230676
194.72177065828137 29.40634257490772 39628470434662288 9 110-111-112-113-114-115-116-117-119 0.5903599957438826 1.0 4 1.2065961522372424 1.0 [-1,-1] 1.0 1.0 1.0 0.0007756247847600315 0.11796159141779075 60.59365742509228 -194.72177065828137 2241.854417287271 2241.854417287271 -1757.9716100547887 -100.26694896183773 -1387.5855236696975
194.72149363485613 29.403282687221104 39628470434662284 9 110-111-112-113-114-115-116-117-119 0.9319447725316801 1.0 4 1.2035419304173198 1.0 [-1,-1] 1.0 1.0 1.0 0.0004445766401596716 0.18918261239264766 60.59671731277889 -194.72149363485613 3223.0623542871476 3223.0623542871476 -2533.437506704787 -145.2002200795443 -1987.144241199741
195.56576485827543 28.83191520434693 39628454592777179 9 110-111-112-113-114-115-116-117-119 1.0700832941270033 1.0 4 0.9555662227499471 1.0 [-1,-1] 1.0 1.0 1.0 0.0001075182622224553 0.4910338705006151 61.16808479565307 -195.56576485827543 3566.283418909874 3566.283418909874 -2506.7759995361985 2514.9220662369985 -331.0868660865608
194.70351109144275 29.423420788407537 39628470434661902 9 110-111-112-113-114-115-116-117-119 0.7211242368856254 1.0 4 1.224098672882324 1.0 [-1,-1] 1.0 1.0 1.0 0.0006167714992318164 0.14396928707710532 60.57657921159246 -194.70351109144275 2641.6453248939333 2641.6453248939333 -2040.8241180077416 -153.8285370111929 -1670.2286439565378
194.04388187264004 27.821380635084843 39628433256353896 9 110-111-112-113-114-115-116-117-119 0.7399202686244648 1.0 4 0.7293701187463182 1.0 [-1,-1] 1.0 1.0 1.0 0.0007126833197713517 0.12705585074725267 62.17861936491516 -194.04388187264004 2696.540703881634 2696.540703881634 -1215.8950283241995 -1098.820033630258 2141.384034095648
194.9858874027248 27.7846349560047 39628433273127500 9 110-111-112-113-114-115-116-117-119 0.7125148964820687 1.0 4 0.46466431055763385 1.0 [-1,-1] 1.0 1.0 1.0 0.0006167714992318164 0.14396928707710532 62.2153650439953 -194.9858874027248 2616.2908939712725 2616.2908939712725 -1480.3323820065912 311.10271004516255 2134.668401523348
193.62632702189433 28.538117029473874 39628449253430166 9 110-111-112-113-114-115-116-117-119 0.6864313691053686 1.0 4 1.0449351413157169 1.0 [-1,-1] 1.0 1.0 1.0 0.0007209928471550773 0.12577569469930108 61.461882970526126 -193.62632702189433 2538.659703499588 2538.659703499588 -1010.6766631861195 -2273.076185683339 506.4093470137264
193.67383944263418 28.029704721311884 39628438599894585 9 110-111-112-113-114-115-116-117-119 0.771266620583087 1.0 4 0.9643306466753514 1.0 [-1,-1] 1.0 1.0 1.0 0.0007324854237337303 0.12404708914385561 61.97029527868811 -193.67383944263418 2786.708694715192 2786.708694715192 -949.9712028141547 -1889.3330381951378 1814.8610783774627
194.79697503181845 26.85902744596594 39628411752157524 10 110-111-112-113-114-115-116-117-119-454 0.7423065018791611 0.9523809523809523 4 1.3416193515693475 1.0 [-1,-1] 1.0 1.0 1.0 0.0007126833197713517 0.12705585074725267 63.140972554034065 -194.79697503181845 2703.465176865627 2703.465176865627 822.3114323873384 -14.992817173959818 2575.325821352197
193.84179849287855 27.686520791298047 39628433256350034 10 110-111-112-113-114-115-116-117-119-454 0.8259883604426098 0.9523809523809523 4 0.9525551119300844 1.0 [-1,-1] 1.0 1.0 1.0 0.0006627118749498285 0.13533979738261318 62.31347920870195 -193.84179849287855 2940.073702836264 2940.073702836264 -862.740671475264 -1173.7513075979052 2553.824539745039
194.3261954852336 28.450087444431297 39628449266010448 10 110-111-112-113-114-115-116-117-119-454 0.4105241583040282 0.9523809523809523 4 0.4491310977530153 1.0 [-1,-1] 1.0 1.0 1.0 0.0006262316776515472 0.14210347001521706 61.5499125555687 -194.3261954852336 1637.5548066136025 1637.5548066136025 -1411.6972804089457 -686.3711473395575 466.4666989711898
193.82328853349105 27.6688789267452 39628433252160288 10 110-111-112-113-114-115-116-117-119-454 0.6165153029850694 0.9523809523809523 4 0.9759121106721518 1.0 [-1,-1] 1.0 1.0 1.0 0.0007214233604467519 0.12571007283523317 62.3311210732548 -193.82328853349105 2324.387052459116 2324.387052459116 -644.117034091502 -911.1884120737224 2039.0252803080477
194.88427961728186 29.018725006949875 39628459881792589 10 110-111-112-113-114-115-116-117-119-454 0.7903436770415078 0.9523809523809523 4 0.8271680564153928 1.0 [-1,-1] 1.0 1.0 1.0 0.0007229154976227362 0.12548315978664992 60.98127499305012 -194.88427961728186 2840.7515648296912 2840.7515648296912 -2715.100597889518 287.60694819131504 -784.4618791084746
193.82068963554917 27.666318762451894 39628433252160240 10 110-111-112-113-114-115-116-117-119-454 0.8277975203777499 0.9523809523809523 4 0.9792401946151303 1.0 [-1,-1] 1.0 1.0 1.0 0.0006627118749498285 0.13533979738261318 62.333681237548106 -193.82068963554917 2945.058110761903 2945.058110761903 -809.3030961649754 -1151.2015453803228 2587.1085744931947
193.81492555966975 27.66899510585978 39628433252160152 10 110-111-112-113-114-115-116-117-119-454 0.8244813404705131 0.9523809523809523 4 0.982055584382505 1.0 [-1,-1] 1.0 1.0 1.0 0.0006627118749498285 0.13533979738261318 62.33100489414022 -193.81492555966975 2935.9175691766154 2935.9175691766154 -804.0971165530985 -1157.9253047530058 2575.315279487849
193.5563747091202 28.242071602825163 39628443930856802 10 110-111-112-113-114-115-116-117-119-454 0.9218740357837989 0.9523809523809523 4 1.0525757744244448 1.0 [-1,-1] 1.0 1.0 1.0 0.0004951280553168204 0.17321314004730964 61.75792839717484 -193.5563747091202 3196.929255134969 3196.929255134969 -959.5078524232284 -2641.4795361115025 1523.9052476384986
193.83058041824648 29.19907915107503 39628465149839338 10 110-111-112-113-114-115-116-117-119-454 0.6924191239115612 0.9523809523809523 4 1.2839457664072118 1.0 [-1,-1] 1.0 1.0 1.0 0.0005843703162771602 0.15074849413407446 60.800920848924974 -193.83058041824648 2556.589886483943 2556.589886483943 -1335.870968610278 -1860.8288988882414 -1135.3045459076573
194.50974382673257 29.48951398498363 39628470430469306 10 110-111-112-113-114-115-116-117-119-454 0.8172129307161995 0.9523809523809523 4 1.3065722056043079 1.0 [-1,-1] 1.0 1.0 1.0 0.0006627118749498285 0.13533979738261318 60.51048601501637 -194.50974382673257 2915.819291260452 2915.819291260452 -2055.6524770733067 -566.70759294114 -1988.7527591160851
194.52016348490613 29.467354855871253 39628470430469511 10 110-111-112-113-114-115-116-117-119-454 0.7207278111317363 0.9523809523809523 4 1.2832473753675975 1.0 [-1,-1] 1.0 1.0 1.0 0.0006167714992318164 0.14396928707710532 60.53264514412875 -194.52016348490613 2640.4807665473945 2640.4807665473945 -1904.9043730954972 -503.85241720149895 -1757.7288612151115
194.7947729804258 26.849009820602085 39628411752157490 10 110-111-112-113-114-115-116-117-119-454 0.7169526472070858 0.9523809523809523 4 1.3515734685788057 1.0 [-1,-1] 1.0 1.0 1.0 0.0006167714992318164 0.14396928707710532 63.150990179397915 -194.7947729804258 2629.3766015452807 2629.3766015452807 824.8539869966423 -13.222269707020097 2496.6101787170037
195.36821837916858 28.70582375329229 39628454588585070 10 110-111-112-113-114-115-116-117-119-454 0.4214474057425882 0.9523809523809523 4 0.7424907785022868 1.0 [-1,-1] 1.0 1.0 1.0 0.0006262316776515472 0.14210347001521706 61.29417624670771 -195.36821837916858 1676.1532121337527 1676.1532121337527 -1392.510276210938 931.3023755837138 55.50321094644543
194.79396044425738 26.84467442455026 39628411752157480 10 110-111-112-113-114-115-116-117-119-454 0.7973051585536713 0.9523809523809523 4 1.355886113954761 1.0 [-1,-1] 1.0 1.0 1.0 0.0007229154976227362 0.12548315978664992 63.15532557544974 -194.79396044425738 2860.317752307049 2860.317752307049 909.0778734099464 -13.833525347542702 2711.9741329547664
194.6433763010085 28.65002911306419 39628454580193182 10 110-111-112-113-114-115-116-117-119-454 0.7985913029342786 0.9523809523809523 4 0.45969423159879974 1.0 [-1,-1] 1.0 1.0 1.0 0.0007229154976227362 0.12548315978664992 61.34997088693581 -194.6433763010085 2863.9236337941397 2863.9236337941397 -2826.513872729265 -384.9745295583157 254.30792175037288
194.36086729251682 29.662908234503078 39628475685934435 10 110-111-112-113-114-115-116-117-119-454 0.5448709586968782 0.9523809523809523 4 1.5020237298665773 1.0 [-1,-1] 1.0 1.0 1.0 0.0007045118177349687 0.128340413101622 60.33709176549692 -194.36086729251682 2095.149546028874 2095.149546028874 -1154.0154448895528 -512.4161464242047 -1671.9239414713613
195.39920787226566 27.945345222850882 39628438625061440 10 110-111-112-113-114-115-116-117-119-454 1.0756698734862011 0.9523809523809523 4 0.6268818839044593 1.0 [-1,-1] 1.0 1.0 1.0 0.0001075182622224553 0.4910338705006151 62.05465477714912 -195.39920787226566 3579.589049353982 3579.589049353982 -2042.4125747551573 1459.525879654267 2551.821475604512
