data_rosette/LRG_19_clustering_data.ecsv
# %ECSV 1.0
# ---
# datatype:
# - {name: RA, unit: deg, datatype: float64}
# - {name: DEC, unit: deg, datatype: float64}
# - {name: TARGETID, datatype: int64}
# - {name: NTILE, datatype: int64}
# - {name: TILES, datatype: string}
# - {name: Z, datatype: float64}
# - {name: COMP_TILE, datatype: float64}
# - {name: ROSETTE_NUMBER, datatype: int32}
# - {name: ROSETTE_R, unit: deg, datatype: float64}
# - {name: FRACZ_TILELOCID, datatype: float64}
# - {name: BITWEIGHTS, datatype: string, subtype: 'int64[2]'}
# - {name: PROB_OBS, datatype: float64}
# - {name: WEIGHT_ZFAIL, datatype: float64}
# - {name: WEIGHT, datatype: float64}
# - {name: NZ, unit: h3 / Mpc3, datatype: float64}
# - {name: WEIGHT_FKP, datatype: float64}
# - {name: theta, unit: deg, datatype: float64}
# - {name: phi, unit: deg, datatype: float64}
# - {name: rho, unit: Mpc, datatype: float64}
# - {name: r, unit: Mpc, datatype: float64}
# - {name: x, unit: Mpc, datatype: float64}
# - {name: y, unit: Mpc, datatype: float64}
# - {name: z, unit: Mpc, datatype: float64}
# meta: !!omap
# - {EXTNAME: LSS}
# - {DESIDR: edr}
# - comments: ['Visit https://desidatamodel.readthedocs.io/en/latest/ for a more complet', e description]
# schema: astropy-2.0
RA DEC TARGETID NTILE TILES Z COMP_TILE ROSETTE_NUMBER ROSETTE_R FRACZ_TILELOCID BITWEIGHTS PROB_OBS WEIGHT_ZFAIL WEIGHT NZ WEIGHT_FKP theta phi rho r x y z
[from data line 2656]
236.85515000416956 44.304868680489676 39633153949697037 10 571-573-574-575-576-577-578-579-580-581 0.7852698810353099 1.0 19 1.013446198059741 1.0 [-1,-1] 1.0 1.0 1.0 0.0007064174578981374 0.12774458208408304 45.695131319510324 123.14484999583044 2826.4389931200517 2826.4389931200517 -2272.754700773226 -1631.9476801339742 -400.1127606663363
237.0682697597336 42.45454215163007 39633123146730217 10 571-573-574-575-576-577-578-579-580-581 0.9594231145751323 1.0 19 1.2219400451095195 1.0 [-1,-1] 1.0 1.0 1.0 0.0003767415448896098 0.21544643941305056 47.54545784836993 122.9317302402664 3293.57776704764 3293.57776704764 1236.2138702663738 536.7339399067966 -3005.219867547744
237.21334584286197 43.52671240980678 39633140855081094 10 571-573-574-575-576-577-578-579-580-581 0.7209332503656277 1.0 19 0.8113765928376422 1.0 [-1,-1] 1.0 1.0 1.0 0.0005823912580269674 0.15084542533972659 46.47328759019322 122.78665415713803 2641.0843092234663 2641.0843092234663 -1543.9679444796723 -418.244633204473 -2101.5615007991714
236.261165803763 44.528292870280026 39633158265638599 10 571-573-574-575-576-577-578-579-580-581 1.0541548005592942 1.0 19 1.0845088178713493 1.0 [-1,-1] 1.0 1.0 1.0 0.00014839258087788972 0.41078905010633954 45.471707129719974 123.73883419623701 3528.108583287294 3528.108583287294 -1219.2289700314475 -3298.297055903059 286.8229856945652
237.5287565772865 43.058079246051236 39633132038655372 10 571-573-574-575-576-577-578-579-580-581 0.6430110358118455 1.0 19 1.1119351121988186 1.0 [-1,-1] 1.0 1.0 1.0 0.0007982518636535506 0.11473445525619816 46.941920753948764 122.47124342271351 2406.6643618354215 2406.6643618354215 -434.96213874250645 22.145659140041396 -2366.928570567877
236.6720159506757 43.99727844938082 39633149600205319 10 571-573-574-575-576-577-578-579-580-581 0.9327857929185472 1.0 19 0.6858541074501092 1.0 [-1,-1] 1.0 1.0 1.0 0.0003671239319408774 0.21984967794317842 46.00272155061918 123.3279840493243 3225.2376937235285 3225.2376937235285 -2011.4410853012057 -2095.5324214039715 -1401.7870067246952
236.2359827233182 44.504493112643544 39633158265638302 10 571-573-574-575-576-577-578-579-580-581 0.6499268625127925 1.0 19 1.0590233023685014 1.0 [-1,-1] 1.0 1.0 1.0 0.0007982518636535506 0.11473445525619816 45.495506887356456 123.76401727668181 2427.922479396728 2427.922479396728 -782.9071864878586 -2293.9784331145825 139.73851190986244
237.41298359983418 43.79706469776129 39633145242322858 10 571-573-574-575-576-577-578-579-580-581 0.6922079659440682 1.0 19 1.0118237211311985 1.0 [-1,-1] 1.0 1.0 1.0 0.0005639081233901963 0.1550231922816235 46.20293530223871 122.58701640016582 2555.958690052533 2555.958690052533 -2030.7173429494524 -131.98484111815972 -1546.5095861372438
236.3506027757526 42.165512505287204 39633118667212801 10 571-573-574-575-576-577-578-579-580-581 1.0217712369721637 1.0 19 1.2975763881714804 1.0 [-1,-1] 1.0 1.0 1.0 0.00020130102782971312 0.3394727840281335 47.834487494712796 123.6493972242474 3449.396429762569 3449.396429762569 965.5067818751974 2032.3088941048632 -2614.5464124306577
236.91257186808494 44.181130301191615 39633153949697552 10 571-573-574-575-576-577-578-579-580-581 0.7325012023713781 1.0 19 0.9371836494827246 1.0 [-1,-1] 1.0 1.0 1.0 0.0006073340474539246 0.1455520198534496 45.818869698808385 123.08742813191506 2674.947543499371 2674.947543499371 -2179.4712493854922 -1382.6086170314302 -702.5972144022465
235.26128998568623 44.10942015015037 39633149583428343 10 571-573-574-575-576-577-578-579-580-581 0.8291300097397339 1.0 19 0.895271532500045 1.0 [-1,-1] 1.0 1.0 1.0 0.000762533893525711 0.11946670068019369 45.89057984984963 124.73871001431377 2948.7257733434726 2948.7257733434726 1674.5459493160556 -2222.0663470182176 -976.3711893836103
236.5165921386062 42.20350628000123 39633118667214742 10 571-573-574-575-576-577-578-579-580-581 0.6463619232507977 1.0 19 1.2833877798790756 1.0 [-1,-1] 1.0 1.0 1.0 0.0007982518636535506 0.11473445525619816 47.79649371999877 123.4834078613938 2416.975623566713 2416.975623566713 862.0296009689856 1234.6849427745303 -1890.5632028723098
236.8589874060783 44.306535274694134 39633153949697068 10 571-573-574-575-576-577-578-579-580-581 0.785489142337084 1.0 19 1.0163344389756865 1.0 [-1,-1] 1.0 1.0 1.0 0.0007064174578981374 0.12774458208408304 45.693464725305866 123.14101259392169 2827.0584115800075 2827.0584115800075 -2280.0399314063334 -1623.9546237293437 -395.5357806140483
235.44419287081598 43.60741832987711 39633140834109277 10 571-573-574-575-576-577-578-579-580-581 0.7032041844517622 1.0 19 0.5008587810104949 1.0 [-1,-1] 1.0 1.0 1.0 0.0005639081233901963 0.1550231922816235 46.39258167012289 124.55580712918402 2588.7211277026145 2588.7211277026145 772.0099310931633 -1546.9203974390684 -1926.7887863734259
236.04461056370346 42.52685108434484 39633123134147418 10 571-573-574-575-576-577-578-579-580-581 1.0053558541068874 1.0 19 0.9240375595613167 1.0 [-1,-1] 1.0 1.0 1.0 0.00023297360745577845 0.30751381291380364 47.47314891565516 123.95538943629654 3408.923983120337 3408.923983120337 159.91781603311156 1155.526387834624 -3203.115324465557
236.453235918005 42.50380164297128 39633123138342185 10 571-573-574-575-576-577-578-579-580-581 0.8037478521561786 1.0 19 0.980854577141582 1.0 [-1,-1] 1.0 1.0 1.0 0.0008239664519383997 0.11155322342262282 47.49619835702872 123.54676408199501 2878.3526198264594 2878.3526198264594 543.8346859151379 894.737760429666 -2681.1568358674454
238.08932173019298 43.10674844388896 39633132047041924 10 571-573-574-575-576-577-578-579-580-581 0.8748646939807003 1.0 19 1.4883684627777287 1.0 [-1,-1] 1.0 1.0 1.0 0.0005346154933450218 0.1621399955636538 46.89325155611104 121.91067826980702 3072.8450763393057 3072.8450763393057 -575.1828378804403 403.2361366851027 -2991.4782607035254
235.5955576299538 43.98714517508855 39633149587622423 10 571-573-574-575-576-577-578-579-580-581 0.7545094917902613 1.0 19 0.6491849636807866 1.0 [-1,-1] 1.0 1.0 1.0 0.0007242712797402853 0.12498917450484462 46.01285482491145 124.40444237004621 2738.7199901619433 2738.7199901619433 752.294856893249 -2336.1877888823456 -1215.2638593661952
237.7987400447911 44.1589830231018 39633153962278978 10 571-573-574-575-576-577-578-579-580-581 0.947590369725134 1.0 19 1.4161869838506866 1.0 [-1,-1] 1.0 1.0 1.0 0.0003671239319408774 0.21984967794317842 45.8410169768982 122.20125995520891 3263.353137140607 3263.353137140607 -2969.334576496311 986.8195745458761 -926.667684664793
236.2038322423005 42.01762320055956 39633114170919776 10 571-573-574-575-576-577-578-579-580-581 0.7786524108872347 1.0 19 1.4344053677814925 1.0 [-1,-1] 1.0 1.0 1.0 0.0007064174578981374 0.12774458208408304 47.98237679944044 123.7961677576995 2807.705758737932 2807.705758737932 621.3704835579455 2032.148989957102 -1835.0697077848133
237.97878906803797 43.401461032933064 39633140863470590 10 571-573-574-575-576-577-578-579-580-581 0.7059062695222799 1.0 19 1.365334731355313 1.0 [-1,-1] 1.0 1.0 1.0 0.0005639081233901963 0.1550231922816235 46.598538967066936 122.02121093196203 2596.7383046517534 2596.7383046517534 -1142.3181600962068 625.3906250281838 -2246.5630661272203
236.16850856113828 42.01129105084366 39633114170919355 10 571-573-574-575-576-577-578-579-580-581 0.619580447184488 1.0 19 1.4395886146261108 1.0 [-1,-1] 1.0 1.0 1.0 0.0007056687116799521 0.12786279395313782 47.98870894915634 123.83149143886172 2333.9733107783195 2333.9733107783195 459.0353894998831 1715.7580121904994 -1514.2299594897427
235.51214668923538 43.99998020459888 39633149587621372 10 571-573-574-575-576-577-578-579-580-581 0.9849569617315939 1.0 19 0.6949428349940067 1.0 [-1,-1] 1.0 1.0 1.0 0.00030269805442075816 0.25472307248715254 46.00001979540112 124.48785331076462 3358.083494989387 3358.083494989387 1165.1381646066811 -2795.1318831524122 -1451.3495693601737
237.2903308986431 44.268000327556734 39633153953892361 10 571-573-574-575-576-577-578-579-580-581 0.6569102038907717 1.0 19 1.1856294506547613 1.0 [-1,-1] 1.0 1.0 1.0 0.0006371005092682059 0.1397016056866948 45.731999672443266 122.7096691013569 2449.297456052021 2449.297456052021 -2367.936162203325 -449.40166412868604 -435.86064772018455
237.7042866197321 43.17100928125494 39633136459451026 10 571-573-574-575-576-577-578-579-580-581 1.0070746279235947 1.0 19 1.2002084205950823 1.0 [-1,-1] 1.0 1.0 1.0 0.00023297360745577845 0.30751381291380364 46.82899071874506 122.2957133802679 3413.179936602306 3413.179936602306 -966.7023329770304 222.67920230968062 -3265.838001478336
237.76054135398726 43.13432560651573 39633136459451665 10 571-573-574-575-576-577-578-579-580-581 0.6123055596363514 1.0 19 1.2491715772587082 1.0 [-1,-1] 1.0 1.0 1.0 0.0007056687116799521 0.12786279395313782 46.86567439348427 122.23945864601274 2311.1918560450786 2311.1918560450786 -566.7565000421658 164.60359748794963 -2234.5694262660704
235.70224290940126 43.88444588544835 39633149587623826 10 571-573-574-575-576-577-578-579-580-581 0.5047915856963526 1.0 19 0.5210813817832884 1.0 [-1,-1] 1.0 1.0 1.0 0.0007365189099627642 0.12316671624379881 46.11555411455165 124.29775709059874 1962.4924986063543 1962.4924986063543 337.70615309518706 -1625.4511241549615 -1046.537148997222
234.59470207138205 43.39910035453374 39633140821527616 10 571-573-574-575-576-577-578-579-580-581 0.8115480789767286 1.0 19 1.0944373413237267 1.0 [-1,-1] 1.0 1.0 1.0 0.000762533893525711 0.11946670068019369 46.60089964546626 125.40529792861795 2900.0938964809084 2900.0938964809084 1400.4243635225305 -370.1571290022977 -2512.4370460385885
237.80174831240527 44.15890802581521 39633153962279007 10 571-573-574-575-576-577-578-579-580-581 0.9497422238680667 1.0 19 1.418029861254034 1.0 [-1,-1] 1.0 1.0 1.0 0.0003671239319408774 0.21984967794317842 45.84109197418479 122.19825168759473 3268.8654334549524 3268.8654334549524 -2971.297141015219 997.4074607187146 -928.4680280623917
237.8061067568872 43.72283742473966 39633145246517686 10 571-573-574-575-576-577-578-579-580-581 0.7420752153218346 1.0 19 1.265528001917108 1.0 [-1,-1] 1.0 1.0 1.0 0.0006073340474539246 0.1455520198534496 46.27716257526034 122.1938932431128 2702.7944586208755 2702.7944586208755 -1916.62385244055 652.6823283992286 -1790.43477178115
237.61952320573835 44.12132508105675 39633149612787557 10 571-573-574-575-576-577-578-579-580-581 0.9515424993625986 1.0 19 1.286075016165297 1.0 [-1,-1] 1.0 1.0 1.0 0.0003767415448896098 0.21544643941305056 45.87867491894325 122.38047679426165 3273.4717117787145 3273.4717117787145 -3070.442023093939 437.81887362331094 -1047.051796490261
235.80862424200154 44.600165317705184 39633158261443186 10 571-573-574-575-576-577-578-579-580-581 0.8621517816541086 1.0 19 1.1690889012859673 1.0 [-1,-1] 1.0 1.0 1.0 0.0006576102792991648 0.1359368301360722 45.399834682294816 124.19137575799846 3038.684885310573 3038.684885310573 295.2223177339335 -2988.5215481051537 463.8842224498571
237.90012468134313 43.08440547025011 39633132042849133 10 571-573-574-575-576-577-578-579-580-581 1.0044393065246315 1.0 19 1.360785537288305 1.0 [-1,-1] 1.0 1.0 1.0 0.00023297360745577845 0.30751381291380364 46.91559452974989 122.09987531865687 3406.6527116119555 3406.6527116119555 -642.5988901947085 288.69382311246477 -3333.017437750713
237.4316937904169 43.384852301047324 39633140859274086 10 571-573-574-575-576-577-578-579-580-581 0.7155920551869923 1.0 19 0.9694775660608769 1.0 [-1,-1] 1.0 1.0 1.0 0.0005823912580269674 0.15084542533972659 46.615147698952676 122.56830620958311 2625.3683417753396 2625.3683417753396 -1277.3978437036499 -59.04848493962214 -2292.8861627485558
237.5810725124234 42.50455414347959 39633123155116811 10 571-573-574-575-576-577-578-579-580-581 0.7896777146013418 1.0 19 1.4380212798090257 1.0 [-1,-1] 1.0 1.0 1.0 0.0007064174578981374 0.12774458208408304 47.49544585652041 122.41892748757661 2838.8754676201775 2838.8754676201775 1025.2161967286359 -106.16502077290914 -2645.160611188901
237.94066635794135 43.671412409606816 39633145250709644 10 571-573-574-575-576-577-578-579-580-581 0.6302979947801922 1.0 19 1.3520511747058173 1.0 [-1,-1] 1.0 1.0 1.0 0.0007982518636535506 0.11473445525619816 46.328587590393184 122.05933364205865 2367.352182800927 2367.352182800927 -1512.6555572398122 754.6877103194344 -1657.3098631386458
237.02968065315454 42.646688224058025 39633127596887603 10 571-573-574-575-576-577-578-579-580-581 0.6429753488026813 1.0 19 1.052068787186571 1.0 [-1,-1] 1.0 1.0 1.0 0.0007982518636535506 0.11473445525619816 47.353311775941975 122.97031934684546 2406.5544334184397 2406.5544334184397 493.2282198633883 237.16592232903574 -2343.4979175203375
235.31727084078577 43.026511733641826 39633132013487226 10 571-573-574-575-576-577-578-579-580-581 0.8368076165843833 1.0 19 0.7102770545555354 1.0 [-1,-1] 1.0 1.0 1.0 0.0006366829495309179 0.1397804201853648 46.973488266358174 124.68272915921423 2969.8010683793914 2969.8010683793914 247.5030512610263 -369.7971894823912 -2936.274963966212
235.29310126992524 43.008123941615736 39633132013486951 10 571-573-574-575-576-577-578-579-580-581 0.986834262757804 1.0 19 0.735458829382465 1.0 [-1,-1] 1.0 1.0 1.0 0.00030269805442075816 0.25472307248715254 46.991876058384264 124.70689873007476 3362.7878570438984 3362.7878570438984 255.022638313926 -361.7994441127581 -3333.527679151472
237.02664994798812 44.23243011038968 39633153949698691 10 571-573-574-575-576-577-578-579-580-581 0.7501480315425747 1.0 19 1.0290130501660377 1.0 [-1,-1] 1.0 1.0 1.0 0.0007242712797402853 0.12498917450484462 45.76756988961032 122.97335005201188 2726.149561825296 2726.149561825296 -2397.075549733476 -1161.5774636007868 -580.2224042252856
235.685714385408 43.866158896378515 39633145221352011 10 571-573-574-575-576-577-578-579-580-581 1.0850821053903918 1.0 19 0.5128559026107731 1.0 [-1,-1] 1.0 1.0 1.0 0.00012850791192818028 0.44600300211103894 46.133841103621485 124.314285614592 3601.9091355422984 3601.9091355422984 661.2161764057917 -2937.8968549176493 -1976.184368581878
236.41564669246122 44.60036066552384 39633158269830906 10 571-573-574-575-576-577-578-579-580-581 0.7554765527311856 1.0 19 1.1725332584832535 1.0 [-1,-1] 1.0 1.0 1.0 0.0007242712797402853 0.12498917450484462 45.39963933447616 123.58435330753878 2741.5027136270564 2741.5027136270564 -1319.1978891184262 -2366.4223381981983 419.0457915867566
235.85733255942554 42.53307380262248 39633123134144890 10 571-573-574-575-576-577-578-579-580-581 0.6877331035758437 1.0 19 0.9339472768535241 1.0 [-1,-1] 1.0 1.0 1.0 0.0008053318504768218 0.11384060807160488 47.46692619737752 124.14266744057446 2542.5632756095174 2542.5632756095174 -42.53448625580315 854.1279635324854 -2394.427749978897
236.3257877114856 44.410201340323184 39633158269829750 10 571-573-574-575-576-577-578-579-580-581 0.4714425442549251 1.0 19 0.9738716776435937 1.0 [-1,-1] 1.0 1.0 1.0 0.000668512811805897 0.13401699399284683 45.589798659676816 123.67421228851441 1849.6358724465988 1849.6358724465988 -751.5014789187259 -1688.7247375804075 -67.8759788750237
237.36927451284845 43.022185622665276 39633132038653196 10 571-573-574-575-576-577-578-579-580-581 0.8091935236613419 1.0 19 1.018866914862061 1.0 [-1,-1] 1.0 1.0 1.0 0.0008239664519383997 0.11155322342262282 46.977814377334724 122.63072548715155 2893.5419176049404 2893.5419176049404 -418.6920349381518 -45.65464211262231 -2862.7255304114983
237.36769596485627 43.023711821639466 39633132038653167 10 571-573-574-575-576-577-578-579-580-581 0.8329572362591605 1.0 19 1.0171723258528784 1.0 [-1,-1] 1.0 1.0 1.0 0.0006366829495309179 0.1397804201853648 46.976288178360534 122.63230403514373 2959.243819411127 2959.243819411127 -432.5654783813916 -47.85848137466897 -2927.0669031295033
