data_rosette/LRG_1_clustering_data.ecsv
# %ECSV 1.0
# ---
# datatype:
# - {name: RA, unit: deg, datatype: float64}
# - {name: DEC, unit: deg, datatype: float64}
# - {name: TARGETID, datatype: int64}
# - {name: NTILE, datatype: int64}
# - {name: TILES, datatype: string}
# - {name: Z, datatype: float64}
# - {name: COMP_TILE, datatype: float64}
# - {name: ROSETTE_NUMBER, datatype: int32}
# - {name: ROSETTE_R, unit: deg, datatype: float64}
# - {name: FRACZ_TILELOCID, datatype: float64}
# - {name: BITWEIGHTS, datatype: string, subtype: 'int64[2]'}
# - {name: PROB_OBS, datatype: float64}
# - {name: WEIGHT_ZFAIL, datatype: float64}
# - {name: WEIGHT, datatype: float64}
# - {name: NZ, unit: h3 / Mpc3, datatype: float64}
# - {name: WEIGHT_FKP, datatype: float64}
# - {name: theta, unit: deg, datatype: float64}
# - {name: phi, unit: deg, datatype: float64}
# - {name: rho, unit: Mpc, datatype: float64}
# - {name: r, unit: Mpc, datatype: float64}
# - {name: x, unit: Mpc, datatype: float64}
# - {name: y, unit: Mpc, datatype: float64}
# - {name: z, unit: Mpc, datatype: float64}
# meta: !!omap
# - {EXTNAME: LSS}
# - {DESIDR: edr}
# - comments: ['Visit https://desidatamodel.readthedocs.io/en/latest/ for a more complet', e description]
# schema: astropy-2.0
RA DEC TARGETID NTILE TILES Z COMP_TILE ROSETTE_NUMBER ROSETTE_R FRACZ_TILELOCID BITWEIGHTS PROB_OBS WEIGHT_ZFAIL WEIGHT NZ WEIGHT_FKP theta phi rho r x y z
[from data line 5898]
180.34275407703785 1.5559708747753898 39627823991752787 1 445 0.6116832717594975 0.4632352941176471 1 1.724121037821233 0.25 [-4323417537248091136,577797841734877256] 0.234375 1.0 4.161290322580645 0.0007214233604467519 0.12571007283523317 88.44402912522462 -180.34275407703785 2309.238459686216 2309.238459686216 -313.5908003911622 1017.9944749447816 2048.8851413844304
180.3554521546971 1.5082760396335289 39627823991753113 1 445 0.49078337976402747 0.4632352941176471 1 1.6868529081466341 1.0 [-4466263459031228256,-7902673843534911807] 0.3359375 1.0 2.9318181818181817 0.0005337442823398631 0.16272042362546515 88.49172396036647 -180.3554521546971 1915.3636000740084 1915.3636000740084 -271.9448652354467 924.359900155158 1655.3617386377175
180.38249847295802 1.5208545086705987 39627823991753733 1 445 0.8177549891254289 0.4632352941176471 1 1.710309469825757 0.14285714285714285 [-4600422621310189568,-9223372027441708030] 0.125 1.0 7.588235294117647 0.0006627118749498285 0.13533979738261318 88.4791454913294 -180.38249847295802 2917.321207992322 2917.321207992322 -367.8236501237237 1387.8266937063354 2539.5680461936004
180.29906931718153 1.4328187800795096 39627823991751754 1 445 0.6000228282612208 0.4632352941176471 1 1.5942288697441047 0.25 [-3722363139969509848,6291704340844061456] 0.453125 1.0 2.1864406779661016 0.0007756247847600315 0.11796159141779075 88.56718121992049 -180.29906931718153 2272.4984842526537 2272.4984842526537 -432.5746588707254 1213.183821492049 1872.248258298945
179.09617924956535 1.7166377811832592 39627830010578996 1 445 1.0104629422386942 0.4632352941176471 1 1.789023382398939 1.0 [-1,-1] 1.0 1.0 1.0 0.00020304675497218746 0.33812883710054276 88.28336221881673 -179.09617924956535 3421.5573732390435 3421.5573732390435 -1071.9592548518265 27.23147128421895 3249.1870769895163
178.46530533730026 1.290544663037658 39627817918402135 1 445 1.0037873419337677 0.4632352941176471 1 1.7183770692472138 1.0 [-1,-1] 1.0 1.0 1.0 0.0002622817504223413 0.28340640119267335 88.70945533696234 -178.46530533730026 3405.0363519267457 3405.0363519267457 -1897.8503353061187 -1313.703391965137 2503.3218052540406
178.51758886497817 1.3135375614941702 39627817922593091 1 445 0.7863589921461549 0.4632352941176471 1 1.7019957459515638 1.0 [-1,-1] 1.0 1.0 1.0 0.0007324854237337303 0.12404708914385561 88.68646243850583 -178.51758886497817 2829.514948858427 2829.514948858427 -1590.845257894218 -982.356881225511 2123.7563817815058
178.43727709836236 1.439256592433755 39627823958199773 1 445 0.80825897795222 0.4632352941176471 1 1.8501620764391629 0.3333333333333333 [-665780302918037457,-1822963082201546996] 0.5234375 1.0 1.8970588235294117 0.0007229154976227362 0.12548315978664992 88.56074340756625 -178.43727709836236 2890.938791545188 2890.938791545188 -1308.1880944125098 -960.8582600178828 2392.2630311597272
178.52423590532405 1.4007362438826398 39627823962390997 1 445 0.45228650941258425 0.4632352941176471 1 1.7660973471638957 0.5 [-5795720427615689364,6590184745504665523] 0.53125 1.0 1.8695652173913044 0.0005635091211985168 0.1554616369400361 88.59926375611737 -178.52423590532405 1783.7780166137898 1783.7780166137898 -903.5532844655972 -549.6874776934808 1436.4188635467847
178.55670431595303 1.4497002575556308 39627823962391558 1 445 0.6038279662767653 0.4632352941176471 1 1.7860191571896118 0.2 [649697610148348161,72374271808176144] 0.171875 1.0 5.608695652173913 0.0007756247847600315 0.11796159141779075 88.55029974244437 -178.55670431595303 2284.516474003965 2284.516474003965 -1099.6244724280098 -620.9838024646983 1903.7385998895472
178.59974740872175 1.4070451898828826 39627823962392327 1 445 0.4681609194366815 0.4632352941176471 1 1.726290900810925 0.5 [-6948362419904325576,2153739130403142626] 0.5703125 1.0 1.7432432432432432 0.0005635091211985168 0.1554616369400361 88.59295481011712 -178.59974740872175 1838.4074836944255 1838.4074836944255 -962.9678855339489 -490.4079486225399 1487.2575336712123
178.6453658651785 1.4403181153221296 39627823962393142 1 445 0.7059993503038545 0.4632352941176471 1 1.72790353523635 1.0 [-1,-1] 1.0 1.0 1.0 0.0005843703162771602 0.15074849413407446 88.55968188467787 -178.6453658651785 2597.0142437458076 2597.0142437458076 -1326.0749650143846 -600.822979271587 2150.5859473547953
179.12514160042144 1.6784711569169484 39627830010579585 1 445 0.5545808280892617 0.4632352941176471 1 1.7443312230889563 0.5 [5802485885107682546,-4174610179932750156] 0.46875 1.0 2.1147540983606556 0.000677088223595666 0.13284793461577618 88.32152884308306 -179.12514160042144 2126.8057232953793 2126.8057232953793 -742.0159439899672 40.376022161047196 1992.7580636748432
179.16004960301765 1.6867561469118963 39627830010580382 1 445 0.5571535916443879 0.4632352941176471 1 1.7431714575125858 0.5 [-9209285125672131772,4127323129834934494] 0.390625 1.0 2.5294117647058822 0.000677088223595666 0.13284793461577618 88.31324385308811 -179.16004960301765 2135.1622355877757 2135.1622355877757 -726.5287343296806 65.0288467967928 2006.7000322813024
178.7512066744149 1.5667780387091474 39627823966584877 1 445 0.9115301104643291 0.4632352941176471 1 1.7818709108363457 1.0 [-1,-1] 1.0 1.0 1.0 0.0004951280553168204 0.17321314004730964 88.43322196129085 -178.7512066744149 3169.92370241793 3169.92370241793 -1359.245151633003 -449.7977802016603 2828.1709378746596
178.70436918769153 1.55921022356135 39627823962394200 1 445 0.9853211533120557 0.4632352941176471 1 1.7980803774970204 1.0 [-2956167750284030021,-3234855811247315349] 0.6484375 1.0 1.5357142857142858 0.0003578035202613049 0.22475091060875194 88.44078977643865 -178.70436918769153 3358.9965358937616 3358.9965358937616 -1437.5565338452645 -551.6496496333625 2985.2925491824863
179.23411303768762 1.7391088465880815 39627830010581922 1 445 0.6080214252922407 0.4632352941176471 1 1.7771695849502136 1.0 [-1,-1] 1.0 1.0 1.0 0.0007756247847600315 0.11796159141779075 88.26089115341192 -179.23411303768762 2297.728715261823 2297.728715261823 -661.9629288550622 109.09140215526317 2197.603557454386
178.67792212077077 1.5672549013972152 39627823962393727 1 445 0.49793888228520516 0.4632352941176471 1 1.8183243583998545 0.5 [-2956167750284030021,-3234855811247315349] 0.6484375 1.0 1.5357142857142858 0.0005337442823398631 0.16272042362546515 88.43274509860278 -178.67792212077077 1939.487219410296 1939.487219410296 -808.4962347329074 -335.0417189638153 1730.8066209812014
178.65737082269305 1.5362785176680367 39627823962393365 1 445 0.8264285130210394 0.4632352941176471 1 1.8023563734006187 0.5 [2825003754526501719,3194435799449570088] 0.5546875 1.0 1.7916666666666667 0.0006627118749498285 0.13533979738261318 88.46372148233196 -178.65737082269305 2941.286865271827 2941.286865271827 -1289.2696675212355 -565.5921814361972 2582.451864513354
178.64676032741886 1.5423683479417583 39627823962393177 1 445 0.6719066675359214 0.4632352941176471 1 1.8131041034318136 0.3333333333333333 [793318597275533791,-3533289476699848511] 0.4921875 1.0 2.015625 0.0007209928471550773 0.12577569469930108 88.45763165205824 -178.64676032741886 2494.893335079333 2494.893335079333 -1076.2691328907154 -485.832252753335 2197.7498786701285
178.3831231179481 1.2437483059553098 39627817918400754 1 445 0.9142361769273478 0.4632352941176471 1 1.739961663356033 0.5 [5930796206298148592,-3259221657040200076] 0.5546875 1.0 1.7916666666666667 0.0004951280553168204 0.17321314004730964 88.75625169404469 -178.3831231179481 3177.0046820098123 3177.0046820098123 -1746.765518924452 -1434.8047260187452 2232.3763951455703
