data_rosette/LRG_6_clustering_data.ecsv
# %ECSV 1.0
# ---
# datatype:
# - {name: RA, unit: deg, datatype: float64}
# - {name: DEC, unit: deg, datatype: float64}
# - {name: TARGETID, datatype: int64}
# - {name: NTILE, datatype: int64}
# - {name: TILES, datatype: string}
# - {name: Z, datatype: float64}
# - {name: COMP_TILE, datatype: float64}
# - {name: ROSETTE_NUMBER, datatype: int32}
# - {name: ROSETTE_R, unit: deg, datatype: float64}
# - {name: FRACZ_TILELOCID, datatype: float64}
# - {name: BITWEIGHTS, datatype: string, subtype: 'int64[2]'}
# - {name: PROB_OBS, datatype: float64}
# - {name: WEIGHT_ZFAIL, datatype: float64}
# - {name: WEIGHT, datatype: float64}
# - {name: NZ, unit: h3 / Mpc3, datatype: float64}
# - {name: WEIGHT_FKP, datatype: float64}
# - {name: theta, unit: deg, datatype: float64}
# - {name: phi, unit: deg, datatype: float64}
# - {name: rho, unit: Mpc, datatype: float64}
# - {name: r, unit: Mpc, datatype: float64}
# - {name: x, unit: Mpc, datatype: float64}
# - {name: y, unit: Mpc, datatype: float64}
# - {name: z, unit: Mpc, datatype: float64}
# meta: !!omap
# - {EXTNAME: LSS}
# - {DESIDR: edr}
# - comments: ['Visit https://desidatamodel.readthedocs.io/en/latest/ for a more complet', e description]
# schema: astropy-2.0
RA DEC TARGETID NTILE TILES Z COMP_TILE ROSETTE_NUMBER ROSETTE_R FRACZ_TILELOCID BITWEIGHTS PROB_OBS WEIGHT_ZFAIL WEIGHT NZ WEIGHT_FKP theta phi rho r x y z
[from data line 2490]
213.3476540720511 52.0361863681833 39633278927373789 10 163-165-166-167-168-169-170-171-172-460 0.937271902432547 0.9411764705882353 6 1.3963754867769673 1.0 [-1,-1] 1.0 1.0 1.0 0.0003671239319408774 0.21984967794317842 37.9638136318167 -213.3476540720511 3236.8228901753205 3236.8228901753205 813.6917537715408 234.55012645499295 3124.086168847949
216.69556845010183 53.62450888846679 39633300981025076 10 163-165-166-167-168-169-170-171-172-460 0.4108905094986191 0.9411764705882353 6 1.3343940431183565 1.0 [-1,-1] 1.0 1.0 1.0 0.0005613841910631427 0.1556117057517016 36.37549111153321 -216.69556845010183 1638.8534161688222 1638.8534161688222 1584.6572350990898 117.99644743515283 400.972324891644
215.32649498527067 52.83955276060572 39633290050669693 9 163-165-166-167-168-169-170-171-173 0.4473826764111956 1.0 6 0.3554799994736739 1.0 [-1,-1] 1.0 1.0 1.0 0.0006285113834356281 0.1413409039925048 37.16044723939428 -215.32649498527067 1766.796721729417 1766.796721729417 115.15519343835867 899.004099517635 1516.6085738873016
216.89972935314626 52.113217978911536 39633278965121726 9 163-165-166-167-168-169-170-171-173 0.5701566011112756 1.0 6 0.9391649127296464 1.0 [-1,-1] 1.0 1.0 1.0 0.0005369919189708607 0.1615383650856205 37.886782021088464 -216.89972935314626 2177.1976612956246 2177.1976612956246 -402.7818843989511 52.59154411360059 2138.96950409278
217.51339950463662 51.874391342321594 39633275232191070 9 163-165-166-167-168-169-170-171-173 0.6044574261139668 1.0 6 1.3837981575002725 1.0 [-1,-1] 1.0 1.0 1.0 0.0006106036532175123 0.14488555312656437 38.125608657678406 -217.51339950463662 2286.501851762223 2286.501851762223 -696.2687348523378 640.2469694093126 2081.678261677676
213.79622807716996 52.82284950273117 39633290038084603 9 163-165-166-167-168-169-170-171-173 0.8984269951040502 1.0 6 1.0826057973992835 1.0 [-1,-1] 1.0 1.0 1.0 0.0005723615213970424 0.15308410280969617 37.17715049726883 -213.79622807716996 3135.474633831742 3135.474633831742 -1541.2985573222447 261.2873222043649 2717.9641042246926
213.89759899015203 52.80229678504212 39633290038085663 9 163-165-166-167-168-169-170-171-173 0.8014130371263193 1.0 6 1.0180146507348677 1.0 [-1,-1] 1.0 1.0 1.0 0.0008239664519383997 0.11155322342262282 37.19770321495788 -213.89759899015203 2871.824940067409 2871.824940067409 -1330.623158453474 367.2561172809075 2518.321552324133
213.82468599766273 52.811851000585555 39633290038084886 9 163-165-166-167-168-169-170-171-173 0.5837824575135032 1.0 6 1.0629883235759516 1.0 [-1,-1] 1.0 1.0 1.0 0.0005369919189708607 0.1615383650856205 37.188148999414445 -213.82468599766273 2220.8915405639254 2220.8915405639254 -1065.1786038339287 211.91707577723253 1937.2260915744541
213.85406882914745 52.84268540254663 39633290038085215 9 163-165-166-167-168-169-170-171-173 0.9166283155162691 1.0 6 1.0552323326527817 1.0 [-1,-1] 1.0 1.0 1.0 0.00042618922305278896 0.1953324009783564 37.15731459745337 -213.85406882914745 3183.2547058400323 3183.2547058400323 -1599.8720811711855 367.46525695418643 2727.3593696235343
214.4823357725739 52.11316045578907 39633278939956161 9 163-165-166-167-168-169-170-171-173 0.8099378258632937 1.0 6 0.7326719098618377 1.0 [-1,-1] 1.0 1.0 1.0 0.0008239664519383997 0.11155322342262282 37.88683954421093 -214.4823357725739 2895.6140805367936 2895.6140805367936 355.0135342922487 -407.4276717965148 2844.740583274113
213.8541114945452 52.82507394136276 39633290038085216 9 163-165-166-167-168-169-170-171-173 0.7652831708673435 1.0 6 1.0498127268568316 1.0 [-1,-1] 1.0 1.0 1.0 0.0007242712797402853 0.12498917450484462 37.17492605863724 -213.8541114945452 2769.6293378333175 2769.6293378333175 -1351.0301559176196 310.3708949363967 2397.756053973092
216.95727307092048 52.197611938032054 39633282685472092 10 163-165-166-167-168-169-170-171-173-460 0.5752799936865919 1.0 6 0.9401170096867121 1.0 [-1,-1] 1.0 1.0 1.0 0.0005369919189708607 0.1615383650856205 37.802388061967946 -216.95727307092048 2193.6692707989628 2193.6692707989628 -222.19272043953842 42.12868770870578 2181.9808519561466
214.824482058329 51.616901897775286 39633271444734231 10 163-165-166-167-168-169-170-171-173-460 0.814242444467352 1.0 6 0.9758862458793209 1.0 [-1,-1] 1.0 1.0 1.0 0.000762533893525711 0.11946670068019369 38.383098102224714 -214.824482058329 2907.5800460244254 2907.5800460244254 672.2805455773431 -1709.847167444818 2253.549035645455
215.75636073256086 51.331667486730666 39633267669862932 10 163-165-166-167-168-169-170-171-173-460 0.6737277475755005 1.0 6 1.1789826991393801 1.0 [-1,-1] 1.0 1.0 1.0 0.0008053318504768218 0.11384060807160488 38.668332513269334 -215.75636073256086 2500.401924843108 2500.401924843108 -1090.2276353761144 -1749.558105354639 1415.083009865221
213.645098703984 52.22956914536335 39633282651917303 10 163-165-166-167-168-169-170-171-173-460 0.799839895487604 1.0 6 1.1644619461398493 1.0 [-1,-1] 1.0 1.0 1.0 0.0008239664519383997 0.11155322342262282 37.77043085463665 -213.645098703984 2867.42155384994 2867.42155384994 204.29952393092458 -3.432199336452562 2860.132215827184
215.2191363403069 52.5680568322049 39633286372262202 10 163-165-166-167-168-169-170-171-173-460 0.900736167779931 1.0 6 0.18390278377878347 1.0 [-1,-1] 1.0 1.0 1.0 0.0005723615213970424 0.15308410280969617 37.4319431677951 -215.2191363403069 3141.565187336592 3141.565187336592 16.619271770679227 829.2117806839718 3030.1094780330836
214.84568232534053 51.87389597017701 39633275202832340 10 163-165-166-167-168-169-170-171-173-460 0.7700883753805989 1.0 6 0.7435858148379499 1.0 [-1,-1] 1.0 1.0 1.0 0.0007064174578981374 0.12774458208408304 38.12610402982299 -214.84568232534053 2783.350366287677 2783.350366287677 398.9471769257326 -1081.4426908510356 2533.4486610037325
213.94437238336673 51.86607976899171 39633275194442935 10 163-165-166-167-168-169-170-171-173-460 0.6490053588906708 1.0 6 1.14522271710691 1.0 [-1,-1] 1.0 1.0 1.0 0.0007982518636535506 0.11473445525619816 38.13392023100829 -213.94437238336673 2425.095096668566 2425.095096668566 970.9356497942573 -317.5305364249765 2199.441872449052
214.50609098703495 52.12703504364157 39633282660306740 10 163-165-166-167-168-169-170-171-173-460 0.6433411003375266 1.0 6 0.7129426639737015 1.0 [-1,-1] 1.0 1.0 1.0 0.0007982518636535506 0.11473445525619816 37.87296495635843 -214.50609098703495 2407.6809622823134 2407.6809622823134 266.0676360951111 -320.4082503846358 2371.3865526828185
217.5546699586439 53.124417002143204 39633293733268111 9 163-165-166-167-168-169-170-171-460 0.7705117113871303 1.0 6 1.3899710953314954 1.0 [-1,-1] 1.0 1.0 1.0 0.0007064174578981374 0.12774458208408304 36.875582997856796 -217.5546699586439 2784.557268226746 2784.557268226746 1445.2393701887252 -1443.4446235172975 1892.4877705628387
215.26581402654145 53.455593134549474 39633300968440680 9 163-165-166-167-168-169-170-171-460 0.7634734356173616 1.0 6 0.9659393855964498 1.0 [-1,-1] 1.0 1.0 1.0 0.0007242712797402853 0.12498917450484462 36.544406865450526 -215.26581402654145 2764.4513608137513 2764.4513608137513 168.57456912494757 2522.9511314011042 1117.3591765906021
217.70295207406306 52.98449113348777 39633293737460086 9 163-165-166-167-168-169-170-171-460 0.81098729336137 1.0 6 1.4188747390554275 1.0 [-1,-1] 1.0 1.0 1.0 0.000762533893525711 0.11946670068019369 37.01550886651223 -217.70295207406306 2898.5342529813474 2898.5342529813474 1089.9525342181107 -1470.8560082320946 2247.2398385364218
216.08736766805904 51.98463048431476 39633278956733157 9 163-165-166-167-168-169-170-171-460 0.8962584796672 1.0 6 0.6284539258321893 1.0 [-1,-1] 1.0 1.0 1.0 0.0005723615213970424 0.15308410280969617 38.01536951568524 -216.08736766805904 3129.747419559825 3129.747419559825 -755.332647564013 -613.9697433384986 2974.5306614708447
216.9074377246688 52.09602346126142 39633278965121777 9 163-165-166-167-168-169-170-171-460 0.5774768824514814 1.0 6 0.9507904836400222 1.0 [-1,-1] 1.0 1.0 1.0 0.0005369919189708607 0.1615383650856205 37.90397653873858 -216.9074377246688 2200.7165237133536 2200.7165237133536 -443.4738178418852 61.38503471800375 2154.696282111797
214.9066956485789 52.63241814478471 39633290046475363 8 163-165-166-167-168-169-170-172 0.459402460349353 1.0 6 0.38417738509582483 1.0 [-1,-1] 1.0 1.0 1.0 0.0005330850268982689 0.1625298359500762 37.36758185521529 -214.9066956485789 1808.330925582037 1808.330925582037 -169.66348720804243 563.6106281322105 1709.8590869955362
217.06099082921259 52.74457532590547 39633290071638665 9 163-165-166-167-168-169-170-172-173 0.8295745194737584 1.0 6 0.978656242175426 1.0 [-1,-1] 1.0 1.0 1.0 0.000762533893525711 0.11946670068019369 37.25542467409453 -217.06099082921259 2949.9486269185973 2949.9486269185973 1213.0565789530685 -363.44226038215015 2664.319868387786
216.78703611527953 53.352589112361116 39633297365534552 9 163-165-166-167-168-169-170-172-173 0.7311381389133151 1.0 6 1.1527407630574678 1.0 [-1,-1] 1.0 1.0 1.0 0.0006073340474539246 0.1455520198534496 36.647410887638884 -216.78703611527953 2670.9697626864377 2670.9697626864377 2318.7776528974487 -39.75474056767521 1325.0544253769503
217.38680090175725 51.86253410287856 39633275227999053 9 163-165-166-167-168-169-170-172-173 0.9789503051671177 1.0 6 1.3208598874988269 1.0 [-1,-1] 1.0 1.0 1.0 0.00030269805442075816 0.25472307248715254 38.13746589712144 -217.38680090175725 3342.996297150165 3342.996297150165 -1157.383513121434 820.8755194901449 3026.9210475029217
216.78540727309274 53.34153552505337 39633297365534539 9 163-165-166-167-168-169-170-172-173 0.9024602041467821 1.0 6 1.1439920103775512 1.0 [-1,-1] 1.0 1.0 1.0 0.0005723615213970424 0.15308410280969617 36.65846447494663 -216.78540727309274 3146.1069452081297 3146.1069452081297 2713.9197347812687 -42.107605121095936 1590.8662839605859
216.3316912159483 53.44339949847725 39633300976831476 9 163-165-166-167-168-169-170-172-173 0.441170128498981 1.0 6 1.0680904788133354 1.0 [-1,-1] 1.0 1.0 1.0 0.0006285113834356281 0.1413409039925048 36.55660050152275 -216.3316912159483 1745.2117722531345 1745.2117722531345 1437.582053768399 673.630450332051 724.8061706962745
214.99513224416282 53.60425290656092 39633300964247872 9 163-165-166-167-168-169-170-172-173 0.5763795953654214 1.0 6 1.1451856626579406 1.0 [-1,-1] 1.0 1.0 1.0 0.0005369919189708607 0.1615383650856205 36.39574709343908 -214.99513224416282 2197.197786442451 2197.197786442451 -429.22930531952034 2075.1673834078024 580.620915092578
215.00468024677966 53.61495729783149 39633300964247964 9 163-165-166-167-168-169-170-172-173 0.9941895171057904 1.0 6 1.1540075535836314 1.0 [-1,-1] 1.0 1.0 1.0 0.00023297360745577845 0.30751381291380364 36.38504270216851 -215.00468024677966 3381.16950923277 3381.16950923277 -631.8133674705681 3208.7439939149813 858.5342744267156
216.5585543856954 53.11891655373668 39633293724878077 9 163-165-166-167-168-169-170-172-173 0.7661351652501858 1.0 6 0.8901959152670038 1.0 [-1,-1] 1.0 1.0 1.0 0.0007242712797402853 0.12498917450484462 36.88108344626332 -216.5585543856954 2772.0650811055752 2772.0650811055752 1978.0403397025996 424.37347026203923 1895.1539214881304
217.13983847819702 53.46884780178628 39633300985219759 9 163-165-166-167-168-169-170-172-173 0.6618808391863841 1.0 6 1.3831527942324873 1.0 [-1,-1] 1.0 1.0 1.0 0.0006371005092682059 0.1397016056866948 36.53115219821372 -217.13983847819702 2464.456546160236 2464.456546160236 2113.801755659312 -819.7330113164313 966.13973929331
216.4529811279577 51.494955542130434 39633271461511597 10 163-165-166-167-168-169-170-172-173-460 0.8300215703311303 1.0 6 1.1637564454008502 1.0 [-1,-1] 1.0 1.0 1.0 0.0006366829495309179 0.1397804201853648 38.505044457869566 -216.4529811279577 2951.178141000826 2951.178141000826 -2023.1767511425937 -663.5326673149553 2043.5098857023154
216.88561699246725 52.72265985359042 39633290067446270 10 163-165-166-167-168-169-170-172-173-460 0.8369037409675236 1.0 6 0.8703206389932833 1.0 [-1,-1] 1.0 1.0 1.0 0.0006366829495309179 0.1397804201853648 37.27734014640958 -216.88561699246725 2970.0643162026972 2970.0643162026972 1207.7451439054503 -140.39224409314494 2709.782966872419
213.93256696905928 53.65142403248399 39633304550377645 10 163-165-166-167-168-169-170-172-173-460 0.9699102087145125 1.0 6 1.4873660775692463 1.0 [-1,-1] 1.0 1.0 1.0 0.0003767415448896098 0.21544643941305056 36.34857596751601 -213.93256696905928 3320.1888743254203 3320.1888743254203 -3091.1531067173855 970.6753671102109 725.4074466885585
216.8709694591587 53.421547143208336 39633300985217334 10 163-165-166-167-168-169-170-172-173-460 0.871589893106533 1.0 6 1.2373819048376553 1.0 [-1,-1] 1.0 1.0 1.0 0.0005346154933450218 0.1621399955636538 36.578452856791664 -216.8709694591587 3064.070409006924 3064.070409006924 2744.7694452296246 -278.3799714729894 1333.1439364781327
213.8968080349798 52.487887631783735 39633286355488324 10 163-165-166-167-168-169-170-172-173-460 0.8503848143314322 1.0 6 0.9761509657424919 1.0 [-1,-1] 1.0 1.0 1.0 0.0006576102792991648 0.1359368301360722 37.512112368216265 -213.8968080349798 3006.833459901443 3006.833459901443 -538.9746564552953 148.29999657382672 2954.4137974051605
216.8989630681402 52.14948488314121 39633282685471581 10 163-165-166-167-168-169-170-172-173-460 0.7725241963946282 1.0 6 0.9240634367341839 1.0 [-1,-1] 1.0 1.0 1.0 0.0007064174578981374 0.12774458208408304 37.85051511685879 -216.8989630681402 2790.2904942701507 2790.2904942701507 -417.34636982203125 54.16801423124981 2758.370692319105
213.247262838555 52.93144426459968 39633293691323499 10 163-165-166-167-168-169-170-172-173-460 0.4203145300588777 1.0 6 1.4311472609422067 1.0 [-1,-1] 1.0 1.0 1.0 0.0005613841910631427 0.1556117057517016 37.06855573540032 -213.247262838555 1672.1617399858721 1672.1617399858721 -915.1873333867702 -366.6390145743797 1350.604628480489
216.3309355853293 53.63632474761114 39633304575542600 10 163-165-166-167-168-169-170-172-173-460 0.6393617239727837 1.0 6 1.2411526077043133 1.0 [-1,-1] 1.0 1.0 1.0 0.0007982518636535506 0.11473445525619816 36.36367525238886 -216.3309355853293 2395.410829989782 2395.410829989782 2108.5350963438173 989.9732797696952 558.5926040154297
215.43637695180456 51.93063536772081 39633278948346307 10 163-165-166-167-168-169-170-172-173-460 0.9209743390452092 1.0 6 0.5706974439729284 1.0 [-1,-1] 1.0 1.0 1.0 0.00042618922305278896 0.1953324009783564 38.06936463227919 -215.43637695180456 3194.586957338475 3194.586957338475 -271.72095826505654 -1123.5757073349196 2978.1086579779876
216.3393467770083 53.63294273458014 39633304575542663 10 163-165-166-167-168-169-170-172-173-460 0.9965059528130239 1.0 6 1.240111476975372 1.0 [-1,-1] 1.0 1.0 1.0 0.00023297360745577845 0.30751381291380364 36.36705726541986 -216.3393467770083 3386.9421055083835 3386.9421055083835 2990.543534105285 1373.5040695341415 800.9449217391854
216.5142056666999 53.04576117986363 39633293724877719 10 163-165-166-167-168-169-170-172-173-460 0.8220516714786177 1.0 6 0.8211575517311634 1.0 [-1,-1] 1.0 1.0 1.0 0.000762533893525711 0.11946670068019369 36.95423882013637 -216.5142056666999 2929.2089549968177 2929.2089549968177 1921.093602576967 502.19124629526306 2153.4782154263394
216.89079067735815 52.721135462155665 39633290067446318 10 163-165-166-167-168-169-170-172-173-460 0.5819621265942033 1.0 6 0.8729847331633432 1.0 [-1,-1] 1.0 1.0 1.0 0.0005369919189708607 0.1615383650856205 37.278864537844335 -216.89079067735815 2215.075238809806 2215.075238809806 897.1237965165365 -108.99162919045294 2022.3372696161452
216.91266913736084 52.14544678500252 39633282685471715 10 163-165-166-167-168-169-170-172-173-460 0.7729759552032136 1.0 6 0.9333820720614294 1.0 [-1,-1] 1.0 1.0 1.0 0.0007064174578981374 0.12774458208408304 37.85455321499748 -216.91266913736084 2791.5765177902585 2791.5765177902585 -427.7836420735368 61.49568636711902 2757.9193046226937
