data_rosette/LRG_13_clustering_data.ecsv
# %ECSV 1.0
# ---
# datatype:
# - {name: RA, unit: deg, datatype: float64}
# - {name: DEC, unit: deg, datatype: float64}
# - {name: TARGETID, datatype: int64}
# - {name: NTILE, datatype: int64}
# - {name: TILES, datatype: string}
# - {name: Z, datatype: float64}
# - {name: COMP_TILE, datatype: float64}
# - {name: ROSETTE_NUMBER, datatype: int32}
# - {name: ROSETTE_R, unit: deg, datatype: float64}
# - {name: FRACZ_TILELOCID, datatype: float64}
# - {name: BITWEIGHTS, datatype: string, subtype: 'int64[2]'}
# - {name: PROB_OBS, datatype: float64}
# - {name: WEIGHT_ZFAIL, datatype: float64}
# - {name: WEIGHT, datatype: float64}
# - {name: NZ, unit: h3 / Mpc3, datatype: float64}
# - {name: WEIGHT_FKP, datatype: float64}
# - {name: theta, unit: deg, datatype: float64}
# - {name: phi, unit: deg, datatype: float64}
# - {name: rho, unit: Mpc, datatype: float64}
# - {name: r, unit: Mpc, datatype: float64}
# - {name: x, unit: Mpc, datatype: float64}
# - {name: y, unit: Mpc, datatype: float64}
# - {name: z, unit: Mpc, datatype: float64}
# meta: !!omap
# - {EXTNAME: LSS}
# - {DESIDR: edr}
# - comments: ['Visit https://desidatamodel.readthedocs.io/en/latest/ for a more complet', e description]
# schema: astropy-2.0
RA DEC TARGETID NTILE TILES Z COMP_TILE ROSETTE_NUMBER ROSETTE_R FRACZ_TILELOCID BITWEIGHTS PROB_OBS WEIGHT_ZFAIL WEIGHT NZ WEIGHT_FKP theta phi rho r x y z
[from data line 3405]
245.40116148772148 43.03303567443353 39633132135124880 8 352-356-357-358-359-361-362-433 0.8362867065924826 1.0 13 0.5436292788959031 1.0 [-1,-1] 1.0 1.0 1.0 0.0006366829495309179 0.1397804201853648 46.96696432556647 -245.40116148772148 2968.374230764654 2968.374230764654 434.6652767506112 -162.0897529793679 -2931.9001659391565
244.6278433336077 42.62125403067859 39633123243196514 7 352-356-357-358-359-361-433 0.824388996695702 1.0 13 1.2346710384751491 1.0 [-1,-1] 1.0 1.0 1.0 0.000762533893525711 0.11946670068019369 47.37874596932141 -244.6278433336077 2935.662776234926 2935.662776234926 -676.8630107387398 -299.33723050303524 -2840.839598234968
244.85356588876803 43.94899726197302 39633149700867629 7 352-356-357-358-359-362-433 0.47221939306947175 1.0 13 0.8942412406547502 1.0 [-1,-1] 1.0 1.0 1.0 0.000668512811805897 0.13401699399284683 46.05100273802698 -244.85356588876803 1852.29069118119 1852.29069118119 1597.9014248854862 308.40371199463357 -884.63494810761
246.95139314931586 42.159597628054485 39633118797238677 6 352-356-357-358-359-433 1.0222730012233663 1.0 13 1.510931721266347 1.0 [-1,-1] 1.0 1.0 1.0 0.00020130102782971312 0.3394727840281335 47.840402371945515 -246.95139314931586 3450.627419215111 3450.627419215111 747.9976329837301 2139.2282595321944 -2602.1205930757187
247.8129602840882 42.830638869693246 39633127731104164 6 352-356-357-358-360-362 0.8131304019533931 1.0 13 1.5403910032583208 1.0 [-1,-1] 1.0 1.0 1.0 0.000762533893525711 0.11946670068019369 47.169361130306754 -247.8129602840882 2904.4917706225738 2904.4917706225738 122.95404830358726 48.094253889402964 -2901.4895640623686
244.91917541603522 42.21497405154378 39633118772072324 7 352-356-357-358-360-362-433 1.042713789477015 1.0 13 1.4218642062475615 1.0 [-1,-1] 1.0 1.0 1.0 0.00017557006270178804 0.37077784677498654 47.78502594845622 -244.91917541603522 3500.4695486544542 3500.4695486544542 -2132.5536493400396 -268.0780199431377 -2762.9035757635415
247.75052660365273 44.07720206388908 39633149734423206 7 352-356-357-358-361-362-433 0.5034340494909914 1.0 13 1.4893457907037846 1.0 [-1,-1] 1.0 1.0 1.0 0.0007365189099627642 0.12316671624379881 45.92279793611092 -247.75052660365273 1957.9426620476459 1957.9426620476459 -1655.4041869092778 -769.8341340522292 -707.4827573004934
246.48283170448636 43.5083819773152 39633140968328043 6 352-356-357-359-360-361 0.5766498752882226 1.0 13 0.44130714102133983 1.0 [-1,-1] 1.0 1.0 1.0 0.0005369919189708607 0.1615383650856205 46.4916180226848 -246.48283170448636 2198.0647274643843 2198.0647274643843 171.21851453579907 -1287.6765363143893 -1773.1502768317775
247.70773417056927 43.592018168012565 39633140985102890 6 352-356-357-359-360-361 0.8608873525143731 1.0 13 1.3328897498989212 1.0 [-1,-1] 1.0 1.0 1.0 0.0006576102792991648 0.1359368301360722 46.407981831987435 -247.70773417056927 3035.273043720055 3035.273043720055 -1768.7032974793322 -916.506355510714 -2290.1063721425285
245.48090499129182 44.22629382100035 39633154054553977 7 352-356-357-359-360-361-433 1.02563062254121 1.0 13 0.8279459706352515 1.0 [-1,-1] 1.0 1.0 1.0 0.00020130102782971312 0.3394727840281335 45.77370617899965 -245.48090499129182 3458.8554520193907 3458.8554520193907 3058.31825837561 -1427.4045805275964 -756.8927479765373
246.7610179804524 43.17130646216519 39633136572694932 7 352-356-357-359-360-361-433 0.9350456145243826 1.0 13 0.6990222934099142 1.0 [-1,-1] 1.0 1.0 1.0 0.0003671239319408774 0.21984967794317842 46.82869353783481 -246.7610179804524 3231.0774496601302 3231.0774496601302 -136.74941079456758 -930.0096007410624 -3091.317393422908
245.0972857036775 43.11901041605497 39633132130930426 6 352-356-357-359-360-362 0.924646150514259 1.0 13 0.658939620873586 1.0 [-1,-1] 1.0 1.0 1.0 0.00042618922305278896 0.1953324009783564 46.88098958394503 -245.0972857036775 3204.1383839546143 3204.1383839546143 769.5707209277165 -40.870800972457374 -3110.0793023088577
246.14520537715444 43.857031051448985 39633145347181981 6 352-356-357-359-360-362 0.5987269305714868 1.0 13 0.4499921034131612 1.0 [-1,-1] 1.0 1.0 1.0 0.0006106036532175123 0.14488555312656437 46.142968948551015 -246.14520537715444 2268.399216434254 2268.399216434254 853.4128643253017 -1680.8172053621727 -1261.814174227773
244.93347928433127 42.22499756612391 39633118772072554 6 352-356-357-359-360-362 0.7249934425978183 1.0 13 1.4079391477328025 1.0 [-1,-1] 1.0 1.0 1.0 0.0005823912580269674 0.15084542533972659 47.77500243387609 -244.93347928433127 2652.996958681308 2652.996958681308 -1598.0561281813366 -177.70816179841262 -2110.220197795618
246.37999101125808 42.15772742125181 39633118793041182 6 352-356-357-359-361-433 0.6208446415110714 1.0 13 1.3433226977473318 1.0 [-1,-1] 1.0 1.0 1.0 0.0007056687116799521 0.12786279395313782 47.84227257874819 -246.37999101125808 2337.9218776467023 2337.9218776467023 -358.3343778646119 1496.440298975082 -1760.1538600994038
246.90155029265958 42.09068002109596 39633114305137363 6 352-356-357-359-362-433 0.5389597162232762 1.0 13 1.5524179820679724 1.0 [-1,-1] 1.0 1.0 1.0 0.0006094867785671962 0.14511252611805409 47.90931997890404 -246.90155029265958 2075.7861315115515 2075.7861315115515 414.8472958688349 1408.0069913379007 -1467.7554623402361
247.28377392781812 43.55812715571795 39633140976717277 5 352-356-357-359-433 0.8208361137713738 0.6666666666666666 13 1.0239057303306898 1.0 [-1,-1] 1.0 1.0 1.0 0.000762533893525711 0.11946670068019369 46.44187284428205 -247.28377392781812 2925.848961896068 2925.848961896068 -1143.5012507198958 -1447.0621737618821 -2271.344998607184
246.64774287796126 42.01373729789347 39633114300943676 5 352-356-357-359-433 0.7493782607204181 0.6666666666666666 13 1.5429882092766118 0.5 [-1,-1] 1.0 1.0 1.0 0.0006073340474539246 0.1455520198534496 47.98626270210653 -246.64774287796126 2723.927503656951 2723.927503656951 67.66899479896105 2067.4123325098994 -1772.2889718405581
247.2070505434625 42.18574255494244 39633118801431640 6 352-356-357-360-362-433 0.91018657035034 1.0 13 1.59553353262552 1.0 [-1,-1] 1.0 1.0 1.0 0.00042618922305278896 0.1953324009783564 47.81425744505756 -247.2070505434625 3166.403808834369 3166.403808834369 1125.2582511849148 1673.2571767952743 -2441.335161145265
245.77670357823854 43.6088817794216 39633140959938498 6 352-356-357-360-362-433 0.9282936308572974 1.0 13 0.1756480060961074 1.0 [-1,-1] 1.0 1.0 1.0 0.00042618922305278896 0.1953324009783564 46.3911182205784 -245.77670357823854 3213.605886498794 3213.605886498794 1598.3350095031997 -1437.5225206065722 -2388.747997149351
247.0490404914498 42.15609324701974 39633118801429651 6 352-356-357-360-362-433 0.7298328525077313 1.0 13 1.5523372093068595 1.0 [-1,-1] 1.0 1.0 1.0 0.0005823912580269674 0.15084542533972659 47.84390675298026 -247.0490404914498 2667.15750231219 2667.15750231219 739.5736590308505 1595.6551779848407 -2005.154482322518
245.16699992498138 44.71871538289795 39633162682239715 4 352-356-357-361 0.7461547544084518 1.0 13 1.3681752833407688 1.0 [-1,-1] 1.0 1.0 1.0 0.0006073340474539246 0.1455520198534496 45.28128461710205 -245.16699992498138 2714.611091136623 2714.611091136623 2595.2660621486584 -320.2390854711497 728.8033828941553
246.94924940820346 43.55955155234433 39633140972523958 6 352-356-358-359-360-362 0.9112912598372884 1.0 13 0.783238324626531 1.0 [-1,-1] 1.0 1.0 1.0 0.00042618922305278896 0.1953324009783564 46.44044844765567 -246.94924940820346 3169.2981520332373 3169.2981520332373 -656.503326318104 -1890.5583944500663 -2457.487154837019
244.9297044185266 42.229605495662305 39633118772072487 6 352-356-358-359-360-362 0.724946557535644 1.0 13 1.4052893681900063 1.0 [-1,-1] 1.0 1.0 1.0 0.0005823912580269674 0.15084542533972659 47.770394504337695 -244.9297044185266 2652.859565065936 2652.859565065936 -1587.614721242118 -182.6167684766854 -2117.4972218938733
244.03874648910605 44.08132247272919 39633149692477478 5 352-356-358-359-361 0.7360230867720622 1.0 13 1.4719202108999743 1.0 [-1,-1] 1.0 1.0 1.0 0.0006073340474539246 0.1455520198534496 45.91867752727081 -244.03874648910605 2685.210102656723 2685.210102656723 1343.3623537456374 2117.599921813114 -959.9486721100258
245.29987692494473 44.134430084618714 39633154050361848 7 352-356-358-359-361-362-433 0.5262055060432409 1.0 13 0.8023711985685599 1.0 [-1,-1] 1.0 1.0 1.0 0.0006888416087567301 0.1305783864573065 45.865569915381286 -245.29987692494473 2033.770077110891 2033.770077110891 1872.3867299600558 -489.38384522234986 -625.2136531270856
245.26041481362444 44.137574456782815 39633154050361333 6 352-356-358-359-361-433 0.635176759922056 1.0 13 0.8202261306078596 1.0 [-1,-1] 1.0 1.0 1.0 0.0007982518636535506 0.11473445525619816 45.862425543217185 -245.26041481362444 2382.474656634333 2382.474656634333 2216.5691940337288 -486.8029603417955 -725.2788259476574
245.21640442266977 42.32103899411782 39633118776266545 6 352-356-358-359-361-433 0.6055309638327261 1.0 13 1.229203145940961 1.0 [-1,-1] 1.0 1.0 1.0 0.0006106036532175123 0.14488555312656437 47.67896100588218 -245.21640442266977 2289.8861397654396 2289.8861397654396 -1188.9353532510286 206.75498669214397 -1946.089318186
245.7328116117273 42.73667100963546 39633127705938191 6 352-356-358-359-361-433 0.5776636525725025 1.0 13 0.7213808443105904 1.0 [-1,-1] 1.0 1.0 1.0 0.0005369919189708607 0.1615383650856205 47.26332899036454 -245.7328116117273 2201.3152170298376 2201.3152170298376 -236.24266671280134 194.41812128093204 -2179.949467595324
243.95860375235392 43.24694543756052 39633136534949175 5 352-356-358-359-362 0.6165406959544886 1.0 13 1.4118689186317765 1.0 [-1,-1] 1.0 1.0 1.0 0.0007056687116799521 0.12786279395313782 46.75305456243948 -243.95860375235392 2324.466542661873 2324.466542661873 392.8502259660608 745.1581092768263 -2166.460892813863
244.8085838826866 44.1871954294558 39633154046165585 5 352-356-358-359-362 0.8084355130530928 1.0 13 1.0681979710971228 1.0 [-1,-1] 1.0 1.0 1.0 0.0008239664519383997 0.11155322342262282 45.8128045705442 -244.8085838826866 2891.4306329396286 2891.4306329396286 2717.2375258160373 652.4189754454403 -742.5232749736032
245.76482933800585 43.56331497702626 39633140959938369 6 352-356-358-360-362-433 0.924216242788524 1.0 13 0.1407763313201418 1.0 [-1,-1] 1.0 1.0 1.0 0.00042618922305278896 0.1953324009783564 46.43668502297374 -245.76482933800585 3203.021149791153 3203.021149791153 1526.8085506937346 -1340.742780913351 -2476.006650024727
244.74912519725223 44.771412732532646 39633162678044692 4 352-356-358-361 0.4902128905820534 1.0 13 1.5509013308209103 1.0 [-1,-1] 1.0 1.0 1.0 0.0007365189099627642 0.12316671624379881 45.228587267467354 -244.74912519725223 1913.435800931898 1913.435800931898 1735.1742717193436 527.4537707963208 610.0814131932576
245.47693322243035 43.32817743471476 39633136555919014 6 352-356-359-360-361-433 0.9078681971063806 1.0 13 0.3172336919581739 0.5 [-1,-1] 1.0 1.0 1.0 0.0005723615213970424 0.15308410280969617 46.67182256528524 -245.47693322243035 3160.323350756289 3160.323350756289 1253.2756865675042 -578.8887377298781 -2842.856233460235
245.0036767569415 42.50872805219056 39633123247391357 6 352-356-359-360-362-433 1.0526656374824679 1.0 13 1.138853557746068 1.0 [-1,-1] 1.0 1.0 1.0 0.00014839258087788972 0.41078905010633954 47.49127194780944 -245.0036767569415 3524.5214985117736 3524.5214985117736 -1264.8740692325146 -51.31905706453961 -3289.3330230970632
245.01632791724305 42.51127588554529 39633123247391540 6 352-356-359-360-362-433 0.780593412694995 1.0 13 1.1315476762238894 1.0 [-1,-1] 1.0 1.0 1.0 0.0007064174578981374 0.12774458208408304 47.48872411445471 -245.01632791724305 2813.208270957215 2813.208270957215 -1003.3466731506295 -27.999696775308628 -2628.0510356992954
247.57977591275917 43.93055568673825 39633149734421334 6 352-356-360-361-362-433 0.8618449787417785 1.0 13 1.3196548272856103 1.0 [-1,-1] 1.0 1.0 1.0 0.0006576102792991648 0.1359368301360722 46.06944431326175 -247.57977591275917 3037.8572689679568 3037.8572689679568 -2171.317819133833 -1504.8235589030062 -1499.8205797707403
247.2508793183081 42.21156806777219 39633118801432180 5 352-356-360-362-433 0.4920680228507303 1.0 13 1.5950825214716027 1.0 [-1,-1] 1.0 1.0 1.0 0.0007365189099627642 0.12316671624379881 47.78843193222781 -247.2508793183081 1919.702242291132 1919.702242291132 703.0654190755131 952.5051825593903 -1511.1881394304535
247.6075885348366 44.52836175100014 39633158404048675 2 352-357 0.7552705346255623 0.7692307692307693 13 1.645466093291898 0.3333333333333333 [-1,-1] 1.0 1.0 1.0 0.0007242712797402853 0.12498917450484462 45.47163824899986 -247.6075885348366 2740.9100321358865 2740.9100321358865 -2287.711849295556 -1493.0595322364577 223.01464537941132
247.84535393773592 44.34837332973394 39633154079723177 2 352-357 0.5837191794227328 0.7692307692307693 13 1.6769992205645503 1.0 [-1,-1] 1.0 1.0 1.0 0.0005369919189708607 0.1615383650856205 45.65162667026606 -247.84535393773592 2220.689463116639 2220.689463116639 -2083.0671445192047 -737.949309460708 -218.45772975186426
248.2137296229123 43.30301072121872 39633136589473277 2 352-357 0.9912895859888071 0.7692307692307693 13 1.7025860624618547 1.0 [-1,-1] 1.0 1.0 1.0 0.00023297360745577845 0.30751381291380364 46.69698927878128 -248.2137296229123 3373.9317374878674 3373.9317374878674 -1396.4373900526248 38.98467576474472 -3071.1330449764678
247.9995598753694 44.084509264484296 39633149738616817 2 352-357 0.7308303167305239 0.7692307692307693 13 1.656888791730251 1.0 [-1,-1] 1.0 1.0 1.0 0.0006073340474539246 0.1455520198534496 45.915490735515704 -247.9995598753694 2670.0709999283467 2670.0709999283467 -2453.466252255507 -462.3410573534179 -946.585041286309
247.78126547316444 44.30035470467383 39633154079722364 2 352-357 1.015688969989389 0.7692307692307693 13 1.6128368285922499 1.0 [-1,-1] 1.0 1.0 1.0 0.00020130102782971312 0.3394727840281335 45.69964529532617 -247.78126547316444 3434.4458715630453 3434.4458715630453 -3123.3666923782116 -1337.3376874271648 -501.52453521816835
247.97023042553235 44.09449937992549 39633149738616394 2 352-357 0.7026959175718138 0.7692307692307693 13 1.6411254844547176 1.0 [-1,-1] 1.0 1.0 1.0 0.0005639081233901963 0.1550231922816235 45.90550062007451 -247.97023042553235 2587.2116098182487 2587.2116098182487 -2372.0015723661995 -519.4507884307449 -892.9968270208398
248.053061838165 43.65578384350149 39633145372345909 2 352-357 0.7891528649907638 0.7692307692307693 13 1.5882417012053536 1.0 [-1,-1] 1.0 1.0 1.0 0.0007064174578981374 0.12774458208408304 46.34421615649851 -248.053061838165 2837.396369936318 2837.396369936318 -1977.2708479239102 -264.0512130109761 -2017.7946156597525
247.98297334380035 44.13634677009404 39633154083915054 2 352-357 0.5202989054057895 0.7692307692307693 13 1.66589820140801 0.5 [7379935895776487940,1191787628797625076] 0.3984375 1.0 2.480769230769231 0.0006888416087567301 0.1305783864573065 45.86365322990596 -247.98297334380035 2014.201752164545 2014.201752164545 -1878.5263381995703 -386.3659082237898 -615.5232571362699
247.47800121456316 44.56936945590689 39633158404047147 3 352-357-358 0.8325389501662523 0.7142857142857143 13 1.6042815783271454 1.0 [-1,-1] 1.0 1.0 1.0 0.0006366829495309179 0.1397804201853648 45.43063054409311 -247.47800121456316 2958.095458301152 2958.095458301152 -2230.6758968974154 -1908.8840543186245 361.35225278238653
247.37634322459215 44.67780840602907 39633162711597203 3 352-357-358 0.4493639836281163 0.7142857142857143 13 1.6319955645888373 1.0 [-1,-1] 1.0 1.0 1.0 0.0006285113834356281 0.1413409039925048 45.32219159397093 -247.37634322459215 1773.6637239209895 1773.6637239209895 -1191.136663573243 -1249.9244951075068 405.91281178982126
