data_rosette/LRG_16_clustering_data.ecsv
# %ECSV 1.0
# ---
# datatype:
# - {name: RA, unit: deg, datatype: float64}
# - {name: DEC, unit: deg, datatype: float64}
# - {name: TARGETID, datatype: int64}
# - {name: NTILE, datatype: int64}
# - {name: TILES, datatype: string}
# - {name: Z, datatype: float64}
# - {name: COMP_TILE, datatype: float64}
# - {name: ROSETTE_NUMBER, datatype: int32}
# - {name: ROSETTE_R, unit: deg, datatype: float64}
# - {name: FRACZ_TILELOCID, datatype: float64}
# - {name: BITWEIGHTS, datatype: string, subtype: 'int64[2]'}
# - {name: PROB_OBS, datatype: float64}
# - {name: WEIGHT_ZFAIL, datatype: float64}
# - {name: WEIGHT, datatype: float64}
# - {name: NZ, unit: h3 / Mpc3, datatype: float64}
# - {name: WEIGHT_FKP, datatype: float64}
# - {name: distance, unit: Mpc, datatype: float64}
# - {name: x, unit: Mpc, datatype: float64}
# - {name: y, unit: Mpc, datatype: float64}
# - {name: z, unit: Mpc, datatype: float64}
# meta: !!omap
# - {EXTNAME: LSS}
# - {DESIDR: edr}
# - comments: ['Visit https://desidatamodel.readthedocs.io/en/latest/ for a more complet', e description]
# schema: astropy-2.0
RA DEC TARGETID NTILE TILES Z COMP_TILE ROSETTE_NUMBER ROSETTE_R FRACZ_TILELOCID BITWEIGHTS PROB_OBS WEIGHT_ZFAIL WEIGHT NZ WEIGHT_FKP distance x y z
[from data line 4984]
195.09237634188116 24.93544485729855 39628373651099513 5 482-485-487-488-490 0.9859110253877291 1.0 16 0.3898768783106997 1.0 [-1,-288239172244733953] 0.984375 1.0 1.015748031496063 0.0003578035202613049 0.22475091060875194 3360.4749501311153 -2942.1158291683137 -793.4238183162332 1416.7656767244384
193.58962794017003 23.783632798951047 39628346073550281 5 482-485-487-488-490 0.8984008489220384 1.0 16 1.399698713212621 1.0 [-1,-1] 1.0 1.0 1.0 0.0005275616701708153 0.16431404058018498 3135.405623937909 -2788.8055342610874 -674.148692134267 1264.458642894206
195.03289748773685 24.63905391538522 39628368160754972 5 482-485-487-488-490 0.8696679264551056 1.0 16 0.2642030307717433 1.0 [-1,-137438953473] 0.9921875 1.0 1.0078125 0.0006812235016579503 0.1321480675826358 3058.9125700921154 -2685.2515296091055 -721.1637182545006 1275.2620223596614
193.6632086916163 23.496655482271247 39628340537066324 6 482-485-487-488-490-491 0.9804688012525725 1.0 16 1.559546232997098 1.0 [-1,-1] 1.0 1.0 1.0 0.0003578035202613049 0.22475091060875194 3346.815420790221 -2982.4503289939257 -725.0144112441956 1334.360370893665
194.40571022309138 23.314714544745165 39628334996390241 6 482-485-487-488-490-491 0.6210516878796621 1.0 16 1.4205359265419726 1.0 [-1,-1] 1.0 1.0 1.0 0.0007214233604467519 0.12571007283523317 2338.5682737176357 -2080.087522023188 -534.2966795532926 925.561737422438
193.97316767218956 23.206124880737097 39628334988003604 3 482-485-488 0.8489119848797958 0.8148148148148148 16 1.6539701031300758 1.0 [-1,-1] 1.0 1.0 1.0 0.0006232532477076302 0.14268566385842998 3002.830855858902 -2678.213598167231 -666.4215930467757 1183.2359577917837
195.47625586064362 23.268645788274828 39628335013167145 3 482-485-488 0.8790367471991255 0.8148148148148148 16 1.5776672895727184 1.0 [-1,-1] 1.0 1.0 1.0 0.0005690156306133545 0.15418916366201427 3083.998984052653 -2730.427805183254 -755.9962358070848 1218.3117112485932
193.6711629297884 23.37064888366879 39628334983808667 3 482-485-488 0.7019122506062312 0.8148148148148148 16 1.654662585338192 1.0 [-1,-1] 1.0 1.0 1.0 0.0005843703162771602 0.15074849413407446 2584.883257737812 -2305.5880451419134 -560.812567636151 1025.3655378513959
194.61590913684327 23.006651919197903 39628329430552765 3 482-485-488 1.0222805174776872 0.8148148148148148 16 1.697782640975396 1.0 [-2667962234555098162,-1913590352671981697] 0.6953125 1.0 1.4333333333333333 0.00020304675497218746 0.33812883710054276 3450.6458562618636 -3073.39580418082 -801.470990819255 1348.643506289227
193.66403097612195 23.34977814130492 39628334983808558 3 482-485-488 0.9987624700191655 0.8148148148148148 16 1.6753708497217064 1.0 [-1,-1] 1.0 1.0 1.0 0.0002622817504223413 0.28340640119267335 3392.5578296324957 -3026.5615538591514 -735.7835679922459 1344.6175401113246
193.64478225156483 23.396827025545 39628340537065976 3 482-485-488 0.537463934366901 0.8148148148148148 16 1.6482850307172205 1.0 [-1,-1] 1.0 1.0 1.0 0.0007045118177349687 0.128340413101622 2070.8753928791193 -1846.960194261945 -448.3550553310756 822.3385422094681
194.05970545146494 23.11948469291597 39628329422163784 3 482-485-488 0.8506812011168465 0.8148148148148148 16 1.7018286004164391 1.0 [-1,-1] 1.0 1.0 1.0 0.0006812235016579503 0.1321480675826358 3007.638501170063 -2683.2256559437233 -671.9739565336346 1180.9489551824045
193.01326145081873 24.67191677006755 39628368131393525 3 482-485-488 0.7992332275600245 0.8148148148148148 16 1.5782582916879868 0.5 [-5269833956863258761,-2522792755430822153] 0.71875 1.0 1.3870967741935485 0.0007229154976227362 0.12548315978664992 2865.722309067873 -2537.239733140924 -586.3865410108037 1196.2147440078056
193.27457236052845 23.753888792476907 39628346069355782 3 482-485-488 0.8810715733849342 0.8148148148148148 16 1.644799996067708 1.0 [-1542107673862688155,5485427131519516364] 0.4921875 1.0 2.015625 0.0005690156306133545 0.15418916366201427 3089.4289543924 -2752.1515084943862 -649.2915378142964 1244.449210475438
193.72695745794226 23.301756271026555 39628334983809572 3 482-485-488 0.6493157320243581 0.8148148148148148 16 1.6818055975137516 1.0 [-1,-1] 1.0 1.0 1.0 0.000833303205902425 0.11070054926254569 2426.0475692879877 -2164.523407247165 -528.7329729159562 959.6805047924706
194.50202570649958 23.072219936214562 39628329430550831 3 482-485-488 0.8237759173511465 0.8148148148148148 16 1.643493707273196 1.0 [-1,-1] 1.0 1.0 1.0 0.0006627118749498285 0.13533979738261318 2933.970821374124 -2613.2846703695473 -675.9399424624929 1149.7970283793925
194.5227736434627 23.052537340836587 39628329430551152 3 482-485-488 0.4669972066398324 0.8148148148148148 16 1.6605123616737663 1.0 [-844442110328834,-17734993707265] 0.9140625 1.0 1.0932203389830508 0.0005635091211985168 0.1554616369400361 1834.4204058954492 -1634.0021168443755 -423.27466553138726 718.3132083102864
193.8202590569472 23.28172662163248 39628334983811158 3 482-485-488 0.42040351623380673 0.8148148148148148 16 1.6531648142942077 1.0 [-1,-1] 1.0 1.0 1.0 0.0006262316776515472 0.14210347001521706 1672.4753633877092 -1491.814072176461 -366.9840397583244 661.0501718915103
194.5248631993724 23.059152289066013 39628329430551198 3 482-485-488 0.5269883215320216 0.8148148148148148 16 1.653710035378004 1.0 [9214364837331599343,-2256206450393105] 0.9296875 1.0 1.075 0.0006865842838717192 0.13125169390769817 2036.3582628744566 -1813.771130381896 -469.9129210399999 797.6033525568388
194.53781387040473 23.041571337369547 39628329430551451 3 482-485-488 0.7997161189575149 0.8148148148148148 16 1.66973990388396 1.0 [-1,-1] 1.0 1.0 1.0 0.0007229154976227362 0.12548315978664992 2867.0749129080345 -2553.8688942004655 -662.2739359356541 1122.16997876534
195.48446680461566 23.279750795176657 39628335013167282 3 482-485-488 0.8802407011607541 0.8148148148148148 16 1.5707768798349868 0.5 [-4224477924727398172,3262869467879357143] 0.53125 1.0 1.8695652173913044 0.0005690156306133545 0.15418916366201427 3087.212555807454 -2732.936619935268 -757.1125652761551 1220.1308780835539
193.28779988067708 23.768408284393814 39628346069356025 3 482-485-488 0.8467931737817556 0.8148148148148148 16 1.6265270793465623 0.5 [-8152066190700118679,-5267260224101583118] 0.625 1.0 1.5925925925925926 0.0006232532477076302 0.14268566385842998 2997.0664953226765 -2669.4290788438957 -630.4261544722777 1207.939913309299
194.55479733156568 23.047994997931717 39628329430551745 3 482-485-488 0.9881427398980879 0.8148148148148148 16 1.6616195447159794 1.0 [-4510196764262481,9151173155572154365] 0.8984375 1.0 1.1120689655172413 0.0003578035202613049 0.22475091060875194 3366.063718595966 -2997.9733941201625 -778.388408219762 1317.8209179341627
193.2857373833657 23.766274874015597 39628346069355995 3 482-485-488 0.849378284045778 0.8148148148148148 16 1.6292998604551738 0.5 [-530027307580064843,-4208027434795668514] 0.625 1.0 1.5925925925925926 0.0006232532477076302 0.14268566385842998 3004.0984672556015 -2675.7589399999583 -631.8193555831614 1210.6717135079325
194.63635501326215 23.02469066379923 39628329430553122 3 482-485-488 1.0234919575433603 0.8148148148148148 16 1.678529631181742 1.0 [-1,-1] 1.0 1.0 1.0 0.00020304675497218746 0.33812883710054276 3453.6164067191085 -3075.3438186687404 -803.1511575597426 1350.8052782861862
193.0240950926929 24.66760223108894 39628368131393715 3 482-485-488 0.874920085885304 0.8148148148148148 16 1.5685268065445095 1.0 [5293690484062272508,-6380788513802407137] 0.6015625 1.0 1.6538461538461537 0.0005690156306133545 0.15418916366201427 3072.993348208081 -2720.7275479452533 -629.3347203240836 1282.5238936478067
194.075077444619 23.15191544202607 39628334988005484 3 482-485-488 0.5639566214344301 0.8148148148148148 16 1.6664713508873934 1.0 [-1,-1] 1.0 1.0 1.0 0.000677088223595666 0.13284793461577618 2157.1961252221154 -1923.919801055844 -482.3656808351626 848.1456665756074
193.97473301411458 25.19886870077153 39628379112082807 5 482-485-488-489-490 0.4180332702427407 1.0 16 0.861950786397234 1.0 [-1,-1] 1.0 1.0 1.0 0.0006262316776515472 0.14210347001521706 1664.1159749188557 -1461.1843982880212 -363.6298352855735 708.5163901209297
193.1703179429202 24.791287945217896 39628368131396498 6 482-485-488-489-490-491 0.49842666590425333 1.0 16 1.4375210332794766 1.0 [-1,-1] 1.0 1.0 1.0 0.0005337442823398631 0.16272042362546515 1941.127912325852 -1715.8840143476589 -401.51926143986356 813.9421994278655
194.88741846519525 24.970587943355333 39628373651095976 5 482-485-488-489-491 0.6578107848993097 1.0 16 0.2979435096555648 1.0 [-1,-1] 1.0 1.0 1.0 0.000700708733790897 0.12894715825466588 2452.047389170332 -2148.2261291338386 -571.0936816048933 1035.1390745569663
195.70425497534535 23.399837836982115 39628340566429398 5 482-485-488-489-491 0.421813914547779 1.0 16 1.5651625902779762 1.0 [-1,-1] 1.0 1.0 1.0 0.0006262316776515472 0.14210347001521706 1677.4439593854543 -1482.0174440601343 -416.69507398500525 666.1889729625126
196.30707798560263 24.84290384803016 39628368181724885 5 482-485-488-489-491 0.832008643545834 1.0 16 1.4210012014875415 1.0 [-1,-1] 1.0 1.0 1.0 0.0006232532477076302 0.14268566385842998 2956.6391406080825 -2575.1039207033214 -753.3584111251357 1242.1778897328254
194.0533938172742 23.17330352852361 39628334988005102 4 482-485-488-490 0.8078431730422341 0.9166666666666666 16 1.6541289998990847 0.5 [-41658715330838594,-144189959161644162] 0.84375 1.0 1.18348623853211 0.0007229154976227362 0.12548315978664992 2889.780117525407 -2577.1158834830876 -645.0986535128607 1137.1677879628114
194.4199518852145 23.172800363477858 39628334996390538 4 482-485-488-490 0.4751338764797147 0.9166666666666666 16 1.5567050299169014 1.0 [-1,-1] 1.0 1.0 1.0 0.00048380039118235755 0.17655271186088778 1862.2396516041035 -1658.0644085155816 -426.33408231102186 732.8016017180001
193.74100975490146 23.365473168539314 39628334983809802 4 482-485-488-490 0.8306362945783359 0.9166666666666666 16 1.6217592555458673 1.0 [-1,-1] 1.0 1.0 1.0 0.0006232532477076302 0.14268566385842998 2952.868263016396 -2633.1322989679306 -643.8854889272831 1171.0921193527865
193.21391821739553 23.868417217747552 39628346069354471 4 482-485-488-490 0.8676812329793929 0.9166666666666666 16 1.6284699067647754 1.0 [-1,-1] 1.0 1.0 1.0 0.0006812235016579503 0.1321480675826358 3053.574779266135 -2718.4904382229647 -638.3129166603038 1235.591069199335
194.06668715954237 23.173758778994994 39628334988005332 4 482-485-488-490 0.8070021316960627 0.9166666666666666 16 1.6490691144020293 1.0 [-6350148069752898825,-571815081050627] 0.7890625 1.0 1.2647058823529411 0.0007229154976227362 0.12548315978664992 2887.4355984557565 -2574.8666568689205 -645.1705024921454 1136.266279218148
194.49669232248849 23.098701330696294 39628329430550743 4 482-485-488-490 1.027419566535788 0.9166666666666666 16 1.6179571058764561 1.0 [-1,-1] 1.0 1.0 1.0 0.00020304675497218746 0.33812883710054276 3463.232761815432 -3084.16432746342 -797.4291741564832 1358.6825515616085
194.43995865904685 23.17612165255655 39628334996390945 4 482-485-488-490 0.6498709884816798 0.9166666666666666 16 1.5499993292055687 1.0 [-1,-1] 1.0 1.0 1.0 0.000833303205902425 0.11070054926254569 2427.751090350029 -2161.32554866697 -556.541068859479 955.462855399374
193.2516129396215 23.80249590026059 39628346069355289 4 482-485-488-490 0.9440542231848612 0.9166666666666666 16 1.634571746619211 1.0 [-1,-1] 1.0 1.0 1.0 0.0004445766401596716 0.18918261239264766 3254.2794839068715 -2898.1954002380235 -682.5205409000043 1313.378883896761
194.05098910131775 23.155003536369687 39628334988005050 4 482-485-488-490 0.8575956995322225 0.9166666666666666 16 1.6718896442879956 1.0 [-453596959463491761,-3269930830635477073] 0.75 1.0 1.3298969072164948 0.0006812235016579503 0.1321480675826358 3026.3789397177325 -2699.3323929700036 -675.5712642768801 1190.0325986766907
193.71603106005503 23.403453800271404 39628340537067460 4 482-485-488-490 0.8562058508611947 0.9166666666666666 16 1.6038941033316945 0.5 [-1,-1] 1.0 1.0 1.0 0.0006812235016579503 0.1321480675826358 3022.6182643242932 -2694.8442974288796 -657.7310923086142 1200.5936842464089
193.03827924961766 24.73051366028446 39628368131394002 4 482-485-488-490 0.7465582075650088 0.9166666666666666 16 1.5552110127290322 1.0 [-576506966219065869,9146136636398992239] 0.78125 1.0 1.2772277227722773 0.0007126833197713517 0.12705585074725267 2715.778128679267 -2403.1092504538005 -556.4928357362388 1136.148097023568
193.9263999012514 23.231486361234367 39628334988002790 4 482-485-488-490 0.689002811349721 0.9166666666666666 16 1.6501158971841066 1.0 [-1,-1] 1.0 1.0 1.0 0.0007209928471550773 0.12577569469930108 2546.3678293072808 -2271.125154666746 -563.1573247993126 1004.407029792158
193.72642171440322 23.365474996309345 39628334983809566 4 482-485-488-490 0.8215535385704431 0.9166666666666666 16 1.62936473862812 1.0 [-1,-1] 1.0 1.0 1.0 0.0006627118749498285 0.13533979738261318 2927.832334869078 -2610.9696846236507 -637.7615328862705 1161.1630868451434
193.03439221419882 24.721906956648603 39628368131393940 4 482-485-488-490 0.45898935350082193 0.9166666666666666 16 1.5586503908597047 1.0 [-172150686022637589,-612545624743119647] 0.6953125 1.0 1.4333333333333333 0.0005635091211985168 0.1554616369400361 1806.9084048904733 -1599.0138695168478 -370.1725582659839 755.6751324897547
193.26611375477464 23.79056204641396 39628346069355611 4 482-485-488-490 0.5547141270775119 0.9166666666666666 16 1.6302180708265475 1.0 [-1,-1] 1.0 1.0 1.0 0.000677088223595666 0.13284793461577618 2127.2390083230116 -1894.5370083383978 -446.6666442987196 858.116677053991
193.7103200935642 23.35270708702068 39628334983809298 4 482-485-488-490 0.8582799514522239 0.9166666666666666 16 1.648292572539061 1.0 [-1,-1] 1.0 1.0 1.0 0.0006812235016579503 0.1321480675826358 3028.2292474367932 -2700.9464130835777 -658.9351889922783 1200.3604731039225
193.06424035159077 24.73325993775324 39628368131394489 4 482-485-488-490 0.7967808200425585 0.9166666666666666 16 1.5316733702128575 0.3333333333333333 [-4689254553881720065,-166633297958476165] 0.734375 1.0 1.3578947368421053 0.0007229154976227362 0.12548315978664992 2858.846893281939 -2529.384898357332 -586.9424084947735 1196.1254968856815
193.88350474391024 23.238796748305234 39628334988002064 4 482-485-488-490 0.8526213493615872 0.9166666666666666 16 1.6619145722524211 1.0 [-1,-1] 1.0 1.0 1.0 0.0006812235016579503 0.1321480675826358 3012.9047632198194 -2687.583936757719 -664.2887078807506 1188.7843402807252
193.08772631126394 24.686705434593545 39628368131394963 5 482-485-488-490-491 0.817850984730204 1.0 16 1.5103190794121222 1.0 [-1,-1] 1.0 1.0 1.0 0.0006627118749498285 0.13533979738261318 2917.5871381293987 -2582.0752311051065 -600.2846818922791 1218.5485259837178
194.00971874136403 23.294654688321803 39628334988004285 5 482-485-488-490-491 0.7167906116704761 1.0 16 1.559593616649038 1.0 [-1,-1] 1.0 1.0 1.0 0.0006167714992318164 0.14396928707710532 2628.8994240236625 -2342.7771005024415 -584.5420483514209 1039.624082398269
193.4259159810269 23.741024740970197 39628346073547738 5 482-485-488-490-491 0.753660268304522 1.0 16 1.5419775836563014 1.0 [-1,-1] 1.0 1.0 1.0 0.0006416626200019751 0.139161677870846 2736.274998352635 -2436.265004046051 -581.5648301348347 1101.633353262531
193.33499662881866 23.833012661390708 39628346069356792 5 482-485-488-490-491 0.7519496956274927 1.0 16 1.554235235214542 1.0 [-1,-1] 1.0 1.0 1.0 0.0006416626200019751 0.139161677870846 2731.346278725595 -2431.073792960415 -576.2496120326413 1103.6616746636826
193.92687498702213 23.27339354641916 39628334988002797 5 482-485-488-490-491 0.600334784752347 1.0 16 1.612675323304296 1.0 [-1,-1] 1.0 1.0 1.0 0.0007756247847600315 0.11796159141779075 2273.484802522571 -2027.0973296619295 -502.6650459781041 898.2969525331804
