data_rosette/LRG_17_clustering_data.ecsv
# %ECSV 1.0
# ---
# datatype:
# - {name: RA, unit: deg, datatype: float64}
# - {name: DEC, unit: deg, datatype: float64}
# - {name: TARGETID, datatype: int64}
# - {name: NTILE, datatype: int64}
# - {name: TILES, datatype: string}
# - {name: Z, datatype: float64}
# - {name: COMP_TILE, datatype: float64}
# - {name: ROSETTE_NUMBER, datatype: int32}
# - {name: ROSETTE_R, unit: deg, datatype: float64}
# - {name: FRACZ_TILELOCID, datatype: float64}
# - {name: BITWEIGHTS, datatype: string, subtype: 'int64[2]'}
# - {name: PROB_OBS, datatype: float64}
# - {name: WEIGHT_ZFAIL, datatype: float64}
# - {name: WEIGHT, datatype: float64}
# - {name: NZ, unit: h3 / Mpc3, datatype: float64}
# - {name: WEIGHT_FKP, datatype: float64}
# - {name: theta, unit: deg, datatype: float64}
# - {name: phi, unit: deg, datatype: float64}
# - {name: rho, unit: Mpc, datatype: float64}
# - {name: r, unit: Mpc, datatype: float64}
# - {name: x, unit: Mpc, datatype: float64}
# - {name: y, unit: Mpc, datatype: float64}
# - {name: z, unit: Mpc, datatype: float64}
# meta: !!omap
# - {EXTNAME: LSS}
# - {DESIDR: edr}
# - comments: ['Visit https://desidatamodel.readthedocs.io/en/latest/ for a more complet', e description]
# schema: astropy-2.0
RA DEC TARGETID NTILE TILES Z COMP_TILE ROSETTE_NUMBER ROSETTE_R FRACZ_TILELOCID BITWEIGHTS PROB_OBS WEIGHT_ZFAIL WEIGHT NZ WEIGHT_FKP theta phi rho r x y z
[from data line 3479]
213.81883025772441 0.698869722016997 39627806434395639 4 511-513-516-519 0.7765025955071432 0.7777777777777778 17 1.6507672221293437 1.0 [9223372036854775807,-2254273798734853] 0.9375 1.0 1.0661157024793388 0.0007324854237337303 0.12404708914385561 89.301130277983 146.18116974227559 2801.603733716918 2801.603733716918 -264.22059931090735 2712.2420620070498 650.3183472393406
212.7281619733215 -0.5876748585882439 39627776214439079 4 511-513-516-519 0.6873358524816966 0.7777777777777778 17 0.07288385842388809 1.0 [-1,-1] 1.0 1.0 1.0 0.0007209928471550773 0.12577569469930108 90.58767485858824 147.2718380266785 2541.3723480445415 2541.3723480445415 -1168.2148564613926 470.6911701610354 -2207.328086823694
213.90310483270412 0.5894457961706902 39627800394599814 4 511-513-516-519 0.8508826147819134 0.7777777777777778 17 1.622213876636811 1.0 [-1,-1] 1.0 1.0 1.0 0.0006812235016579503 0.1321480675826358 89.4105542038293 146.09689516729588 3008.1854960880173 3008.1854960880173 -38.31384601402001 2984.530023896584 374.55649044941197
213.85898624718592 0.7066040289817759 39627806434396541 4 511-513-516-519 0.6028350180123165 0.7777777777777778 17 1.6818490979441498 1.0 [-1,-1] 1.0 1.0 1.0 0.0007756247847600315 0.11796159141779075 89.29339597101823 146.14101375281408 2281.3830712640315 2281.3830712640315 -126.08268728979124 2211.3164076233074 546.7098125988241
212.816356939715 -0.7264909466334645 39627770178831758 5 511-513-516-519-520 0.6511421211872326 1.0 17 0.12754400455449813 1.0 [-1,-1] 1.0 1.0 1.0 0.000700708733790897 0.12894715825466588 90.72649094663346 147.183643060285 2431.648743859967 2431.648743859967 -803.0412712653196 409.1424115800363 -2258.4602757646207
213.93670554048478 0.25665460376361804 39627794354803008 6 511-513-516-519-520-521 0.9409028540630268 1.0 17 1.4233484902695754 1.0 [-1,-1] 1.0 1.0 1.0 0.0004445766401596716 0.18918261239264766 89.74334539623638 146.06329445951522 3246.177108018601 3246.177108018601 65.94647148709241 3175.554249810987 -670.2030185173637
214.33612849502285 0.023376180160084515 39627788323391420 5 511-513-516-519-521 0.6337188216118881 0.875 17 1.6577712700877802 1.0 [-1,-1] 1.0 1.0 1.0 0.000833303205902425 0.11070054926254569 89.97662381983992 145.66387150497715 2377.9602623281226 2377.9602623281226 877.1386546767384 1963.1716415658786 -1015.519519967513
213.1811155152223 0.8705049358989553 39627806421815982 5 511-513-516-519-521 0.9226510652105344 0.875 17 1.5190869033435803 1.0 [-1,-1] 1.0 1.0 1.0 0.0004951280553168204 0.17321314004730964 89.12949506410105 146.8188844847777 3198.9511881464887 3198.9511881464887 -1970.499066883245 2180.608313235034 1263.0793782681878
213.18272092580145 0.870081443110383 39627806421816037 5 511-513-516-519-521 0.67056654060755 0.875 17 1.5190806123852194 1.0 [-1,-1] 1.0 1.0 1.0 0.0007209928471550773 0.12577569469930108 89.12991855688962 146.81727907419855 2490.8356783514055 2490.8356783514055 -1531.862847502244 1700.6821329281868 982.5166032843694
213.06037077404022 0.9184180503319364 39627812461610344 3 511-513-517 0.7644603035811566 1.0 17 1.5405784057531433 1.0 [-1,-1] 1.0 1.0 1.0 0.0006416626200019751 0.139161677870846 89.08158194966806 146.93962922595978 2767.275671051648 2767.275671051648 -1877.687258357014 1631.063879539117 1213.1511943120995
213.75632785304046 -1.2801323707687786 39627758116012201 6 511-513-517-518-519-520 0.6382459971197763 1.0 17 1.1734078903556613 1.0 [-1,-1] 1.0 1.0 1.0 0.000833303205902425 0.11070054926254569 91.28013237076878 146.24367214695954 2391.9652215606507 2391.9652215606507 65.79611551903439 -408.7142207601334 -2355.8695163541497
213.75235290410444 -1.2862174438357523 39627758116012108 6 511-513-517-518-519-520 0.9090049758314823 1.0 17 1.1737179662022448 1.0 [-1,-1] 1.0 1.0 1.0 0.0005275616701708153 0.16431404058018498 91.28621744383575 146.24764709589556 3163.305860188869 3163.305860188869 92.24721432784939 -558.8580155121193 -3112.1812503534957
213.45027124819674 -0.6019903618084056 39627776227020834 6 511-513-517-518-519-521 0.8072170994743667 1.0 17 0.6502385208490098 1.0 [-1,-1] 1.0 1.0 1.0 0.0007229154976227362 0.12548315978664992 90.6019903618084 146.54972875180326 2888.0349641246403 2888.0349641246403 -626.4850800629212 1246.659564817753 -2528.6562296827497
213.11376858866768 0.8555747806243676 39627806421814173 4 511-513-517-519 0.7885771337889351 1.0 17 1.4890073486869833 1.0 [-1,-1] 1.0 1.0 1.0 0.0007324854237337303 0.12404708914385561 89.14442521937563 146.88623141133232 2835.77334093292 2835.77334093292 -1884.722146738871 1822.5277300067476 1080.6597725900263
213.55060419847692 -0.6724791644466479 39627770191414670 5 511-513-517-519-520 0.8647770657167105 1.0 17 0.7540492990764336 1.0 [-1,-1] 1.0 1.0 1.0 0.0006812235016579503 0.1321480675826358 90.67247916444664 146.44939580152308 3045.7604964134157 3045.7604964134157 -457.2788036143245 1195.47268159583 -2763.76521521558
213.2442941310247 0.7187368207078884 39627806421817731 5 511-513-517-519-521 0.9215956104933596 1.0 17 1.3915657191966604 1.0 [-1,-1] 1.0 1.0 1.0 0.0004951280553168204 0.17321314004730964 89.28126317929211 146.7557058689753 3196.20452827789 3196.20452827789 -1925.0446901367366 2421.624985940208 803.5289385146837
214.3194257879653 -0.6827686140101819 39627770203997716 5 511-513-517-519-521 0.9866034284136883 1.0 17 1.5215832743718645 0.5 [-1,-1] 1.0 1.0 1.0 0.0003578035202613049 0.22475091060875194 90.68276861401019 145.6805742120347 3362.2096855860354 3362.2096855860354 542.3968352408956 1270.5290446267952 -3065.292088811266
214.16832607832237 0.22772294626307996 39627794358996767 4 511-513-517-521 0.8994750417152352 1.0 17 1.599183918955762 1.0 [-1,-1] 1.0 1.0 1.0 0.0005275616701708153 0.16431404058018498 89.77227705373691 145.83167392167763 3138.2399475818916 3138.2399475818916 761.7761683183379 2953.9556983634566 -736.473197127422
214.16682548735352 0.22711119759208798 39627794358996722 4 511-513-517-521 0.5118593381401284 1.0 17 1.597583368146802 1.0 [-1,-1] 1.0 1.0 1.0 0.0006865842838717192 0.13125169390769817 89.7728888024079 145.83317451264648 1986.1201255668814 1986.1201255668814 479.2339148707951 1869.9356368026567 -467.2779924572292
212.82304385955865 -0.7531038717253085 39627770178831931 3 511-513-519 0.757013477921143 1.0 17 0.15482810031463773 1.0 [-1,-574466] 0.9609375 1.0 1.0403225806451613 0.0006416626200019751 0.139161677870846 90.75310387172532 147.17695614044135 2745.9218682295377 2745.9218682295377 -843.1378464633764 436.69715781434616 -2576.528880226101
213.75365818744078 0.7583437930003288 39627806434394249 3 511-513-519 0.8973390101719569 1.0 17 1.6596739029669545 1.0 [-1,-1] 1.0 1.0 1.0 0.0005275616701708153 0.16431404058018498 89.24165620699966 146.24634181255922 3132.6021099324357 3132.6021099324357 -484.46257256438986 2959.034042190438 906.9782423495938
213.7564771346526 0.7556118108507863 39627806434394310 3 511-513-519 0.766149806050545 1.0 17 1.6590622429663 1.0 [-1,-1] 1.0 1.0 1.0 0.0006416626200019751 0.139161677870846 89.24438818914922 146.2435228653474 2772.1069262966557 2772.1069262966557 -421.6748036756252 2621.8660244820894 795.3525761783244
213.55044269666718 0.7680199384299242 39627806430200849 2 511-514 0.5842259658383221 1.0 17 1.5603252312994957 1.0 [-1,-1] 1.0 1.0 1.0 0.0006621615122706149 0.13543705131792066 89.23198006157007 146.44955730333282 2222.3076581484365 2222.3076581484365 -758.0061463064492 1980.7111887863452 663.973791834751
211.35760351875146 0.1631312886554626 39627794312857782 2 511-514 0.6295407718441918 1.0 17 1.6318137070065433 1.0 [-1,-1] 1.0 1.0 1.0 0.0007214233604467519 0.12571007283523317 89.83686871134454 148.64239648124854 2365.0010240800657 2365.0010240800657 -1243.7636830741033 -1884.976018968737 -702.2443680646167
212.80833532046404 -0.9544648679373036 39627764139033783 7 511-514-515-516-517-518-519 0.5786814152808821 1.0 17 0.3545628395120521 1.0 [-1,-1] 1.0 1.0 1.0 0.0006621615122706149 0.13543705131792066 90.9544648679373 147.19166467953596 2204.576470013377 2204.576470013377 -298.092312441607 148.875697651381 -2179.250883227691
214.16145558263807 0.054822064958985034 39627788319199018 7 511-514-515-516-517-518-519 0.7035845594250176 1.0 17 1.510725358015489 1.0 [-1,-1] 1.0 1.0 1.0 0.0005843703162771602 0.15074849413407446 89.94517793504102 145.83854441736193 2589.850510071503 2589.850510071503 577.3588145579279 2304.1923488886014 -1031.8333601377299
212.52500594164147 -1.245854153258535 39627758095041118 8 511-514-515-516-517-518-519-520 0.696907283655498 0.8571428571428571 17 0.7019465066824117 1.0 [-1,-1] 1.0 1.0 1.0 0.0005843703162771602 0.15074849413407446 91.24585415325853 147.47499405835853 2569.9867932484663 2569.9867932484663 352.0055825696203 -64.0036189007155 -2544.961242156542
213.84312632526144 -0.42106956726381894 39627776235407737 8 511-514-515-516-517-518-519-520 0.7347458015894559 0.8571428571428571 17 1.0583200614663062 1.0 [-1,-1] 1.0 1.0 1.0 0.0007126833197713517 0.12705585074725267 90.42106956726381 146.15687367473856 2681.4907071323655 2681.4907071323655 -123.44022262537415 1692.2544004504073 -2076.398316323644
212.1196069212658 -1.881947568934596 39627739967261315 8 511-514-515-516-517-518-519-520 0.7009097160352763 0.8571428571428571 17 1.4512366595189234 1.0 [-1,-1] 1.0 1.0 1.0 0.0005843703162771602 0.15074849413407446 91.88194756893459 147.8803930787342 2581.903009577393 2581.903009577393 1762.2118121433589 404.3254052649107 -1843.1911584707061
212.43624050043405 0.6629848144699985 39627806409232708 8 511-514-515-516-517-518-519-520 0.6482987848636188 0.8571428571428571 17 1.3143234826834391 0.5 [-1,-1] 1.0 1.0 1.0 0.000833303205902425 0.11070054926254569 89.33701518553 147.56375949956595 2422.926091657468 2422.926091657468 -2365.558592735764 216.08913633106843 477.50274881744883
212.45875416210444 0.7367669690000335 39627806409233289 8 511-514-515-516-517-518-519-520 0.7950653961504788 0.8571428571428571 17 1.3796337206254536 1.0 [-1,-1] 1.0 1.0 1.0 0.0007229154976227362 0.12548315978664992 89.26323303099997 147.54124583789556 2854.0315782218427 2854.0315782218427 -2731.2622171483536 311.6375652106902 767.1929213795397
213.7738925213964 -1.4946170009152853 39627752076214826 8 511-514-515-516-517-518-519-520 0.7150361817081198 0.8571428571428571 17 1.3222972676072005 1.0 [-1,-1] 1.0 1.0 1.0 0.0006167714992318164 0.14396928707710532 91.49461700091528 146.2261074786036 2623.729802385938 2623.729802385938 140.6800443271534 -983.6920532013372 -2428.274520214879
213.91303959213533 -0.677511162333708 39627770195611321 8 511-514-515-516-517-518-519-520 0.8506921975534166 0.8571428571428571 17 1.1156661477393413 1.0 [-1,-1] 1.0 1.0 1.0 0.0006812235016579503 0.1321480675826358 90.6775111623337 146.08696040786467 3007.668366765364 3007.668366765364 -3.6280598807046816 1250.1825530262963 -2735.5254386920233
211.31080708403502 -0.38944044336831635 39627776193463667 8 511-514-515-516-517-518-519-520 0.8874720292058 0.8571428571428571 17 1.5039491437889132 1.0 [-1,-1] 1.0 1.0 1.0 0.0005690156306133545 0.15418916366201427 90.38944044336831 148.68919291596498 3106.465643211895 3106.465643211895 -1043.0151448300896 -1754.0713044075835 -2342.110599259744
213.02584473237604 0.7874426579787251 39627806421811890 8 511-514-515-516-517-518-519-520 0.4061467157460563 0.8571428571428571 17 1.4057027934007955 1.0 [-1,-1] 1.0 1.0 1.0 0.0003379611466139912 0.2348475370676925 89.21255734202127 146.97415526762396 1622.0161367552273 1622.0161367552273 -1195.4036975819702 968.0604780718343 514.5923226176599
212.80221627709602 0.6253889388413143 39627806417618355 9 511-514-515-516-517-518-519-520-521 0.6180256649542331 1.0 17 1.2253909429775822 1.0 [-1,-1] 1.0 1.0 1.0 0.0007214233604467519 0.12571007283523317 89.37461106115869 147.19778372290398 2329.112955521925 2329.112955521925 -2063.0715993576064 1014.6311138970698 372.86249236966165
212.67463508617809 -0.806336653189758 39627770174639847 9 511-514-515-516-517-518-519-520-521 0.7593243849917054 1.0 17 0.2414307189378491 1.0 [-1,-1] 1.0 1.0 1.0 0.0006416626200019751 0.139161677870846 90.80633665318976 147.32536491382191 2752.558722881992 2752.558722881992 -769.3074799807558 263.0684733222498 -2629.7415276987394
212.8043107448017 0.642400990627821 39627806417618402 9 511-514-515-516-517-518-519-520-521 0.6207634586248705 1.0 17 1.242408468782856 1.0 [-1,-1] 1.0 1.0 1.0 0.0007214233604467519 0.12571007283523317 89.35759900937218 147.1956892551983 2337.668403486195 2337.668403486195 -2062.506271530564 1019.7233312360167 413.43170208355866
212.55258186961325 0.657003226956624 39627806413424064 9 511-514-515-516-517-518-519-520-521 0.6423129269327783 1.0 17 1.2811207489252345 1.0 [-1,-1] 1.0 1.0 1.0 0.000833303205902425 0.11070054926254569 89.34299677304338 147.44741813038675 2404.513509466978 2404.513509466978 -2309.5519008241263 486.0776126199197 459.7649281084711
212.96789283601487 0.16754545345708424 39627794338025839 9 511-514-515-516-517-518-519-520-521 1.0127201995711015 1.0 17 0.7856928181491777 1.0 [-1,-1] 1.0 1.0 1.0 0.00020304675497218746 0.33812883710054276 89.83245454654292 147.03210716398513 3427.1290954938127 3427.1290954938127 -2661.8551981849537 1911.3852109728946 -1003.1686380415216
212.94459731461004 0.17347578280960757 39627794338025324 9 511-514-515-516-517-518-519-520-521 0.7651231236852859 1.0 17 0.7868751888166822 1.0 [-1,-1] 1.0 1.0 1.0 0.0006416626200019751 0.139161677870846 89.8265242171904 147.05540268538996 2769.1716430279143 2769.1716430279143 -2190.140682544252 1496.5946824498237 -794.8583116992789
211.75654544354742 0.04682392654197665 39627788281446584 9 511-514-515-516-517-518-519-520-521 0.5487336974467322 1.0 17 1.2276569821388479 1.0 [-1,-1] 1.0 1.0 1.0 0.0007045118177349687 0.128340413101622 89.95317607345802 148.24345455645258 2107.7652240927 2107.7652240927 -1602.2861912467986 -1069.573591690762 -855.1991190314106
213.329153620816 0.2895634608179334 39627794346411758 9 511-514-515-516-517-518-519-520-521 0.9294024632049355 1.0 17 1.0350454219836591 1.0 [-1,-1] 1.0 1.0 1.0 0.0004951280553168204 0.17321314004730964 89.71043653918207 146.670846379184 3216.479935643232 3216.479935643232 -1753.7148868785664 2637.507764235176 -560.1607497273875
212.54231793934903 -1.2601027248714212 39627758095041479 9 511-514-515-516-517-518-519-520-521 0.7461963435588412 1.0 17 0.7086024431934853 1.0 [-1,-1] 1.0 1.0 1.0 0.0007126833197713517 0.12705585074725267 91.26010272487142 147.45768206065097 2714.7314060443496 2714.7314060443496 408.12816699062216 -81.53102621925325 -2682.638756529854
212.1591521893788 -1.1772546106611015 39627758086655147 9 511-514-515-516-517-518-519-520-521 0.6374332507216601 1.0 17 0.862442198227946 1.0 [-1,-1] 1.0 1.0 1.0 0.000833303205902425 0.11070054926254569 91.1772546106611 147.8408478106212 2389.453808469009 2389.453808469009 166.74369278085882 31.37581110248484 -2383.4222458898284
212.9010493117694 0.847737576763586 39627806417620901 9 511-514-515-516-517-518-519-520-521 0.5046074209306192 1.0 17 1.451259612740438 1.0 [-1,-1] 1.0 1.0 1.0 0.0005337442823398631 0.16272042362546515 89.15226242323641 147.0989506882306 1961.8754818849873 1961.8754818849873 -1545.644592881511 960.2443216002875 733.3955561305256
214.2080182565927 -0.8222466156243248 39627770199806878 9 511-514-515-516-517-518-519-520-521 1.0974434527888504 1.0 17 1.4253424459985278 1.0 [-1,-1] 1.0 1.0 1.0 4.689797466212482e-05 0.6886505109163528 90.82224661562432 145.7919817434073 3631.0388090640718 3631.0388090640718 292.89430472392206 974.1200895034208 -3485.648549469033
212.81654707171433 0.6230280908812117 39627800377820862 9 511-514-515-516-517-518-519-520-521 0.7671167056909157 1.0 17 1.2231400190734865 1.0 [-1,-1] 1.0 1.0 1.0 0.0006416626200019751 0.139161677870846 89.3769719091188 147.18345292828567 2774.86962159787 2774.86962159787 -2441.2644783224455 1244.3873255138856 437.75489471637326
