data_rosette/LRG_2_clustering_data.ecsv
# %ECSV 1.0
# ---
# datatype:
# - {name: RA, unit: deg, datatype: float64}
# - {name: DEC, unit: deg, datatype: float64}
# - {name: TARGETID, datatype: int64}
# - {name: NTILE, datatype: int64}
# - {name: TILES, datatype: string}
# - {name: Z, datatype: float64}
# - {name: COMP_TILE, datatype: float64}
# - {name: ROSETTE_NUMBER, datatype: int32}
# - {name: ROSETTE_R, unit: deg, datatype: float64}
# - {name: FRACZ_TILELOCID, datatype: float64}
# - {name: BITWEIGHTS, datatype: string, subtype: 'int64[2]'}
# - {name: PROB_OBS, datatype: float64}
# - {name: WEIGHT_ZFAIL, datatype: float64}
# - {name: WEIGHT, datatype: float64}
# - {name: NZ, unit: h3 / Mpc3, datatype: float64}
# - {name: WEIGHT_FKP, datatype: float64}
# - {name: theta, unit: deg, datatype: float64}
# - {name: phi, unit: deg, datatype: float64}
# - {name: rho, unit: Mpc, datatype: float64}
# - {name: r, unit: Mpc, datatype: float64}
# - {name: x, unit: Mpc, datatype: float64}
# - {name: y, unit: Mpc, datatype: float64}
# - {name: z, unit: Mpc, datatype: float64}
# meta: !!omap
# - {EXTNAME: LSS}
# - {DESIDR: edr}
# - comments: ['Visit https://desidatamodel.readthedocs.io/en/latest/ for a more complet', e description]
# schema: astropy-2.0
RA DEC TARGETID NTILE TILES Z COMP_TILE ROSETTE_NUMBER ROSETTE_R FRACZ_TILELOCID BITWEIGHTS PROB_OBS WEIGHT_ZFAIL WEIGHT NZ WEIGHT_FKP theta phi rho r x y z
[from data line 4955]
183.0052563144652 -1.6287971941581552 39627745520517275 6 56-59-62-64-65-448 0.5179608428739959 0.8888888888888888 2 1.6315496460265149 1.0 [-1,-1] 1.0 1.0 1.0 0.0006865842838717192 0.13125169390769817 91.62879719415815 -183.0052563144652 2006.4364928715504 2006.4364928715504 -702.8475970462649 713.4476928754474 -1738.6158416348565
183.34238414576768 0.32855176018608445 39627793843095302 6 56-59-62-64-65-448 0.804054560370733 0.8888888888888888 2 0.4082838342277457 1.0 [-1,-1] 1.0 1.0 1.0 0.0007229154976227362 0.12548315978664992 89.67144823981391 -183.34238414576768 2879.209431328237 2879.209431328237 1217.0637925485034 -2579.939596949055 -390.53085718195115
182.91834036049607 -1.6178743590358518 39627751556124619 6 56-59-62-64-65-448 0.7544618138032877 0.8888888888888888 2 1.6280383579520719 1.0 [-1,-1] 1.0 1.0 1.0 0.0006416626200019751 0.139161677870846 91.61787435903585 -182.91834036049607 2738.582754256726 2738.582754256726 -1020.4388406188292 869.9642846100422 -2387.8237409766643
182.90542151514396 -1.6329789452399588 39627745516326025 4 56-59-62-65 0.8725209858235635 1.0 2 1.644527521927564 1.0 [-1,-1] 1.0 1.0 1.0 0.0005690156306133545 0.15418916366201427 91.63297894523996 -182.90542151514396 3066.5669779104096 3066.5669779104096 -1186.0767467210544 985.0042585201369 -2650.8152692323506
182.5083784105756 -1.5329781024620552 39627751551926488 5 56-59-62-65-448 0.837279496444927 1.0 2 1.6431538097692138 1.0 [-1,-1] 1.0 1.0 1.0 0.0006232532477076302 0.14268566385842998 91.53297810246205 -182.5083784105756 2971.093220257429 2971.093220257429 -1176.4013736035968 358.75984263576674 -2704.5824274655024
183.0999469066902 -1.6433497660228285 39627745520519266 5 56-59-62-65-448 0.670289310929465 1.0 2 1.6433497668802264 1.0 [-1,-1] 1.0 1.0 1.0 0.0007209928471550773 0.12577569469930108 91.64334976602282 -183.0999469066902 2489.995864690002 2489.995864690002 -804.3545893234365 988.1427155136795 -2139.3146273012035
182.92793839256038 -1.6295994179536932 39627745516326479 5 56-59-62-65-448 0.9790515523899517 1.0 2 1.6386553867025555 1.0 [-1,-1] 1.0 1.0 1.0 0.0003578035202613049 0.22475091060875194 91.6295994179537 -182.92793839256038 3343.251047395276 3343.251047395276 -1261.2071422791678 1096.3052312511245 -2895.6517314941457
183.3931746772736 -1.6281236155331396 39627745524714833 5 56-59-62-65-448 0.6689793835770725 1.0 2 1.6543018959702345 1.0 [-1,-1] 1.0 1.0 1.0 0.000700708733790897 0.12894715825466588 91.62812361553314 -183.3931746772736 2486.025775134808 2486.025775134808 -471.2128631003136 1146.3646306981386 -2155.0245302009325
183.30255931361114 -1.6466972621068507 39627745524712674 5 56-59-62-65-448 0.9311969323508174 1.0 2 1.6591054369357603 1.0 [-1,-1] 1.0 1.0 1.0 0.0004445766401596716 0.18918261239264766 91.64669726210685 -183.30255931361114 3221.127116648718 3221.127116648718 -766.3002691784883 1469.7324556569963 -2761.9432122791945
183.2335124802607 -1.6056745864295445 39627751560320594 5 56-59-62-65-448 0.677502638750347 1.0 2 1.6112143845975406 1.0 [-1,-1] 1.0 1.0 1.0 0.0007209928471550773 0.12577569469930108 91.60567458642954 -183.2335124802607 2511.8011683167692 2511.8011683167692 -628.4897844719508 1025.8806337481653 -2204.929619119928
183.42425725251545 -1.5759752333259982 39627751564513332 5 56-59-62-65-448 0.9809977139683081 1.0 2 1.6089792367366473 1.0 [-1,-262145] 0.9921875 1.0 1.0078125 0.0003578035202613049 0.22475091060875194 91.575975233326 -183.42425725251545 3348.1448705099892 3348.1448705099892 -532.3986578225807 1419.1154341202796 -2985.420762256583
181.8430745051091 -0.9070278483969064 39627763618941061 5 56-59-62-65-448 0.882066433465713 1.0 2 1.5499771725384364 1.0 [-1,-1] 1.0 1.0 1.0 0.0005690156306133545 0.15418916366201427 90.90702784839691 -181.8430745051091 3092.081350290857 3092.081350290857 570.5091119854314 220.81976631683384 -3030.961078727654
183.45369796562306 -1.5667545592223928 39627751564514065 5 56-59-62-65-448 0.8387641919490939 1.0 2 1.6061727542023683 1.0 [-1,-1] 1.0 1.0 1.0 0.0006232532477076302 0.14268566385842998 91.56675455922239 -183.45369796562306 2975.156379656508 2975.156379656508 -427.83093248163834 1251.2042396147037 -2665.1461737384875
181.82041469278164 -0.8876752529937317 39627763618940573 5 56-59-62-65-448 0.5656639847772429 1.0 2 1.5572973075459184 1.0 [-1,-1] 1.0 1.0 1.0 0.000677088223595666 0.13284793461577618 90.88767525299373 -181.82041469278164 2162.7117114345842 2162.7117114345842 433.27142250657005 179.09145157028038 -2111.2849341550022
181.83081090259495 -0.8970730046155921 39627763618940815 5 56-59-62-65-448 0.6849088282176276 1.0 2 1.554171582584529 1.0 [-1,-1] 1.0 1.0 1.0 0.0007209928471550773 0.12577569469930108 90.89707300461559 -181.83081090259495 2534.0900627028773 2534.0900627028773 488.2276911863921 195.88974506574246 -2478.885510713707
184.11218576306044 0.13484965249470976 39627793855678558 5 56-59-63-64-448 0.8760078584386803 1.0 2 1.0211280801032294 1.0 [-1,-1] 1.0 1.0 1.0 0.0005690156306133545 0.15418916366201427 89.86515034750529 -184.11218576306044 3075.9040779250117 3075.9040779250117 -940.3110372303152 -2754.0757374497093 -996.0260449653945
183.4164446916627 -1.5420961595092666 39627751564513145 5 56-59-63-64-65 0.7584108536510973 1.0 2 1.5742215940191173 1.0 [-1249195241009887361,9221027809290190651] 0.7421875 1.0 1.34375 0.0006416626200019751 0.139161677870846 91.54209615950927 -183.4164446916627 2749.936200150065 2749.936200150065 -416.33143725964123 1083.9117333948216 -2492.780093280218
183.42064501625507 -1.54355138677249 39627751564513244 6 56-59-63-64-65-448 0.8866086863134892 1.0 2 1.5764958724977858 1.0 [1684063677891722121,-281381448765240602] 0.5703125 1.0 1.7432432432432432 0.0005690156306133545 0.15418916366201427 91.54355138677249 -183.42064501625507 3104.1714072190075 3104.1714072190075 -466.26980886679445 1229.3272747232068 -2811.979203756132
182.00818736676865 -1.2244948987039035 39627757583335604 3 56-59-64 0.8207099802888281 0.5 2 1.6405063507616673 1.0 [-1,-1] 1.0 1.0 1.0 0.0006627118749498285 0.13533979738261318 91.22449489870391 -182.00818736676865 2925.50016804425 2925.50016804425 -338.1298348852595 -70.01733450788262 -2905.050261330398
183.43320377177724 0.21801923720700028 39627793843097018 4 56-59-64-448 0.956466517382978 1.0 2 0.3981916692586795 1.0 [-1729382257992400898,-3458799702621814785] 0.921875 1.0 1.084033613445378 0.00041974738576830407 0.19815580287489248 89.781980762793 -183.43320377177724 3286.0455012388247 3286.0455012388247 1092.592830116719 -2993.4830095304587 -802.119327433221
183.31771314295366 0.33269072669511557 39627793843094825 4 56-59-64-448 0.8401653368779691 1.0 2 0.3975947679987584 1.0 [-1,-1] 1.0 1.0 1.0 0.0006232532477076302 0.14268566385842998 89.66730927330488 -183.31771314295366 2978.98755896404 2978.98755896404 1325.4456225734205 -2638.9426168583323 -391.8451773243935
182.17890627058986 -1.3807218026290644 39627751543541412 4 56-59-64-448 0.8070212844146026 1.0 2 1.6597114553578085 1.0 [-1,-1] 1.0 1.0 1.0 0.0007229154976227362 0.12548315978664992 91.38072180262907 -182.17890627058986 2887.489002554848 2887.489002554848 -782.3576997828516 -26.19344432297846 -2779.356593339576
182.47279785803727 -1.4865078464567805 39627751547736661 5 56-59-64-65-448 0.8605917965227999 1.0 2 1.6133814911313207 1.0 [-1,-1] 1.0 1.0 1.0 0.0006812235016579503 0.1321480675826358 91.48650784645677 -182.47279785803727 3034.4751640696004 3034.4751640696004 -1088.470187236697 290.05068596606156 -2817.648447273498
182.24323905220564 -1.3542141719038143 39627757583340370 5 56-59-64-65-448 0.9529561542570512 1.0 2 1.6024352251581058 1.0 [-1,-1] 1.0 1.0 1.0 0.00041974738576830407 0.19815580287489248 91.35421417190382 -182.24323905220564 3277.0853210268765 3277.0853210268765 -804.11513935163 24.827013944667943 -3176.8019553214085
183.38784338314684 -1.6149355317761918 39627751564512449 4 56-59-65-448 0.427584416752926 1.0 2 1.6403806396134688 1.0 [-1,-1] 1.0 1.0 1.0 0.0006262316776515472 0.14210347001521706 91.6149355317762 -183.38784338314684 1697.7290046780636 1697.7290046780636 -318.4618974830142 763.1567093552078 -1482.7196734861307
183.3822730544868 -1.106093012307109 39627763644107518 7 56-60-61-62-63-64-65 0.5858713293531232 1.0 2 1.1415384052739657 1.0 [-1,-1] 1.0 1.0 1.0 0.0006621615122706149 0.13543705131792066 91.10609301230711 -183.3822730544868 2227.557950533753 2227.557950533753 0.0816628838917059 -0.19266876819834683 -2227.5579407045852
182.57141066826995 1.0100166532130217 39627811949905797 8 56-60-61-62-63-64-65-448 1.0840082957123263 1.0 2 1.139961130347526 1.0 [-1,-1] 1.0 1.0 1.0 0.0001075182622224553 0.4910338705006151 88.98998334678697 -182.57141066826995 3599.3688522096522 3599.3688522096522 2880.9455014448167 -1081.2290422537199 1867.2313488555744
183.91950760553763 0.4042501833697473 39627799891283787 7 56-60-61-62-64-65-448 0.7123095442161168 1.0 2 0.9137832249115401 1.0 [-1,-1] 1.0 1.0 1.0 0.0006167714992318164 0.14396928707710532 89.59574981663025 -183.91950760553763 2615.6845114251137 2615.6845114251137 -354.86437768965015 -2586.69300652493 -157.78474815771023
182.74305745492552 -0.4052985070470849 39627775711123339 7 56-60-61-62-64-65-448 0.6628379985108926 1.0 2 0.5400673431921195 1.0 [-1,-1] 1.0 1.0 1.0 0.000700708733790897 0.12894715825466588 90.40529850704708 -182.74305745492552 2467.3703570685957 2467.3703570685957 1372.3481220857545 -805.3427172757208 -1885.7359885412036
184.02119860034225 0.28081412802031 39627793855676778 7 56-60-61-63-64-65-448 0.8470531229020101 1.0 2 0.9630455029861117 1.0 [-1,-1] 1.0 1.0 1.0 0.0006232532477076302 0.14268566385842998 89.71918587197969 -184.02119860034225 2997.774098600014 2997.774098600014 -694.931148282647 -2864.183648639877 -547.8797972618156
183.9411156313431 -1.2799261796961243 39627757612699403 7 56-60-62-63-64-65-448 0.4155118049396824 1.0 2 1.531525005307854 1.0 [-1,-1] 1.0 1.0 1.0 0.0006262316776515472 0.14210347001521706 91.27992617969612 -183.9411156313431 1655.2103025889792 1655.2103025889792 45.005307734496704 282.5687833404985 -1630.2915539111075
182.6228010769178 1.3899151272265118 39627824029502075 4 56-60-62-64 0.7992407169059216 1.0 2 1.4695367303489488 1.0 [-1,-1] 1.0 1.0 1.0 0.0007229154976227362 0.12548315978664992 88.61008487277348 -182.6228010769178 2865.743290127007 2865.743290127007 1580.8259053605004 -687.8792591693542 2289.1693224079645
182.62178672248473 1.3873312410075593 39627824029502049 4 56-60-62-64 0.7980122100023372 1.0 2 1.4674233255484717 0.5 [-1,-1] 1.0 1.0 1.0 0.0007229154976227362 0.12548315978664992 88.61266875899244 -182.62178672248473 2862.3004144796387 2862.3004144796387 1585.03713151728 -687.8003535010009 2281.9622319761743
182.61284009035882 1.3861897745838259 39627824029501829 4 56-60-62-64 0.5404149693628072 1.0 2 1.469285732022705 1.0 [-1,-1] 1.0 1.0 1.0 0.0007045118177349687 0.128340413101622 88.61381022541617 -182.61284009035882 2080.5595384504295 2080.5595384504295 1158.3071903325017 -490.3610569749911 1657.2864808666784
181.601347972733 0.10739232933902626 39627787773937764 4 56-60-62-65 0.5763582768976552 1.0 2 1.5024940535505014 1.0 [-1,-1] 1.0 1.0 1.0 0.0006621615122706149 0.13543705131792066 89.89260767066098 -181.601347972733 2197.129399961375 2197.129399961375 1685.9793953884252 1180.939295214205 -768.2665289593773
181.61890500607242 0.10888218479572673 39627787773938110 4 56-60-62-65 0.7250502043269059 1.0 2 1.4850909300180903 1.0 [-1,-1] 1.0 1.0 1.0 0.0006167714992318164 0.14396928707710532 89.89111781520427 -181.61890500607242 2653.1632899865986 2653.1632899865986 2061.7852808270227 1390.8625974288443 -924.0227995948128
183.66648262455962 0.1213353857820859 39627787807493578 5 56-60-63-64-65 0.8337633837661278 1.0 2 0.5793309589990362 1.0 [-1,-1] 1.0 1.0 1.0 0.0006232532477076302 0.14268566385842998 89.87866461421791 -183.66648262455962 2961.4561982163564 2961.4561982163564 324.66625641354426 -2769.714489061995 -996.7428379379213
184.5508268729274 0.17566710080282358 39627793864066156 4 56-60-63-65 0.9968170339299163 1.0 2 1.4614208667457897 1.0 [-1,-1] 1.0 1.0 1.0 0.0002622817504223413 0.28340640119267335 89.82433289919717 -184.5508268729274 3387.716726148083 3387.716726148083 -2255.077993282892 -2336.5490088691336 -965.2909354113714
181.649015463007 0.38654951893877826 39627799853535097 3 56-60-64 0.8439224667390828 1.0 2 1.5015807381526443 1.0 [-1,-1] 1.0 1.0 1.0 0.0006232532477076302 0.14268566385842998 89.61345048106122 -181.649015463007 2989.2448323176914 2989.2448323176914 2519.610037473835 1591.4813425345137 -233.10311658934324
183.1733076444742 -0.03193422251947897 39627787799105359 4 56-60-64-448 0.9663480543338481 1.0 2 0.07996127031200571 1.0 [-537002241,-1] 0.9765625 1.0 1.0238095238095237 0.00041974738576830407 0.19815580287489248 90.03193422251948 -183.1733076444742 3311.168363524159 3311.168363524159 1667.4572033907032 -2386.464803939719 -1577.4055109643402
182.27072482380422 0.7126635595275272 39627805905912383 5 56-60-64-65-448 0.693297756903464 1.0 2 1.0934126398921342 1.0 [-1,-1] 1.0 1.0 1.0 0.0005843703162771602 0.15074849413407446 89.28733644047247 -182.27072482380422 2559.215438109635 2559.215438109635 2476.660650632382 -144.67965705077884 628.33388982574
181.59068689470908 -0.01721188275313711 39627787773937496 3 56-61-62 0.5759474586145095 1.0 2 1.5094112197088752 1.0 [-4456466877392129929,3048471730700994641] 0.4765625 1.0 2.0806451612903225 0.0006621615122706149 0.13543705131792066 90.01721188275313 -181.59068689470908 2195.8113827131206 2195.8113827131206 1581.7543337412847 1133.2619813337274 -1017.5254973742551
181.5941429214816 -0.020244752645175057 39627787773937575 3 56-61-62 0.57741339969797 1.0 2 1.505993126332461 0.5 [-4787240898709898488,-3090614439166029844] 0.5234375 1.0 1.8970588235294117 0.0006621615122706149 0.13543705131792066 90.02024475264517 -181.5941429214816 2200.513013686854 2200.513013686854 1586.5291481842844 1128.405772657666 -1025.61357128292
181.53371555365516 -0.2914504301764152 39627781734138548 4 56-61-62-64 0.8708908040674805 1.0 2 1.5931632557844149 1.0 [-1,-1] 1.0 1.0 1.0 0.0005690156306133545 0.15418916366201427 90.29145043017641 -181.53371555365516 3062.195003231419 3062.195003231419 1734.2199317845873 1398.5526229738218 -2100.8498344216737
182.0464809785986 -0.9111299819401666 39627763623134318 5 56-61-62-64-448 0.44295404370040625 1.0 2 1.3928268417834233 1.0 [-1,-1] 1.0 1.0 1.0 0.0005288673958748294 0.16397488484989944 90.91112998194016 -182.0464809785986 1751.4180473503345 1751.4180473503345 334.8036947438286 56.05674761547269 -1718.2052565444894
181.76801780925234 0.5486828630999298 39627799857725883 5 56-61-62-64-65 0.857364376821087 1.0 2 1.4405468420912941 1.0 [-1,-1] 1.0 1.0 1.0 0.0006812235016579503 0.1321480675826358 89.45131713690007 -181.76801780925234 3025.753240576936 3025.753240576936 2722.2658513106567 1296.1063156165508 254.08606075222795
181.60246263103625 -0.006727285242436094 39627787773937785 4 56-61-62-65 0.5744521854129664 1.0 2 1.4975524757091647 1.0 [-1,-1] 1.0 1.0 1.0 0.0006621615122706149 0.13543705131792066 90.00672728524243 -181.60246263103625 2191.0113569748073 2191.0113569748073 1600.1407985525661 1118.1572803922127 -994.8891835305242
181.51602285358942 -0.2675791512001325 39627781734138206 3 56-61-64 0.7400962462035527 1.0 2 1.6064133842474149 1.0 [1676026024296238742,8473548313793783215] 0.5078125 1.0 1.9545454545454546 0.0007126833197713517 0.12705585074725267 90.26757915120014 -181.51602285358942 2697.051705765623 2697.051705765623 1538.8504972208777 1286.5863918537125 -1802.9760140038359
181.54205721604205 0.23733489438782746 39627793813734359 3 56-61-64 0.9734512573705802 1.0 2 1.5759123348828965 1.0 [-1,-1] 1.0 1.0 1.0 0.0003578035202613049 0.22475091060875194 89.76266510561217 -181.54205721604205 3329.1371496671145 3329.1371496671145 2541.7075646986277 2014.988930102654 -750.1309408438054
