data_rosette/LRG_11_clustering_data.ecsv
# %ECSV 1.0
# ---
# datatype:
# - {name: RA, unit: deg, datatype: float64}
# - {name: DEC, unit: deg, datatype: float64}
# - {name: TARGETID, datatype: int64}
# - {name: NTILE, datatype: int64}
# - {name: TILES, datatype: string}
# - {name: Z, datatype: float64}
# - {name: COMP_TILE, datatype: float64}
# - {name: ROSETTE_NUMBER, datatype: int32}
# - {name: ROSETTE_R, unit: deg, datatype: float64}
# - {name: FRACZ_TILELOCID, datatype: float64}
# - {name: BITWEIGHTS, datatype: string, subtype: 'int64[2]'}
# - {name: PROB_OBS, datatype: float64}
# - {name: WEIGHT_ZFAIL, datatype: float64}
# - {name: WEIGHT, datatype: float64}
# - {name: NZ, unit: h3 / Mpc3, datatype: float64}
# - {name: WEIGHT_FKP, datatype: float64}
# - {name: theta, unit: deg, datatype: float64}
# - {name: phi, unit: deg, datatype: float64}
# - {name: rho, unit: Mpc, datatype: float64}
# - {name: r, unit: Mpc, datatype: float64}
# - {name: x, unit: Mpc, datatype: float64}
# - {name: y, unit: Mpc, datatype: float64}
# - {name: z, unit: Mpc, datatype: float64}
# meta: !!omap
# - {EXTNAME: LSS}
# - {DESIDR: edr}
# - comments: ['Visit https://desidatamodel.readthedocs.io/en/latest/ for a more complet', e description]
# schema: astropy-2.0
RA DEC TARGETID NTILE TILES Z COMP_TILE ROSETTE_NUMBER ROSETTE_R FRACZ_TILELOCID BITWEIGHTS PROB_OBS WEIGHT_ZFAIL WEIGHT NZ WEIGHT_FKP theta phi rho r x y z
[from data line 698]
241.9565358393496 54.59005639614595 39633315480733951 11 298-299-300-301-302-303-305-306-307-308-475 0.6726576550449278 1.0 11 0.6011639459669619 1.0 [-1,-1] 1.0 1.0 1.0 0.0008053318504768218 0.11384060807160488 35.40994360385405 118.04346416065039 2497.165739262205 2497.165739262205 -435.45445365419454 1828.9373569939628 -1643.5340861477807
242.10422497209598 54.74034297323126 39633318987173144 11 298-299-300-301-302-303-305-306-307-308-475 0.9053650429087852 1.0 11 0.4422526982150736 1.0 [-1,-1] 1.0 1.0 1.0 0.0005723615213970424 0.15308410280969617 35.25965702676874 117.89577502790402 3153.748818371189 3153.748818371189 -175.05601677806723 2029.316362050397 -2407.7711899352084
242.10321068953198 54.74041501131961 39633318987173138 11 298-299-300-301-302-303-305-306-307-308-475 0.9037274935538692 1.0 11 0.4427041805342155 1.0 [-1,-1] 1.0 1.0 1.0 0.0005723615213970424 0.15308410280969617 35.25958498868039 117.89678931046802 3149.4424818321318 3149.4424818321318 -176.85732085134518 2026.1944799431478 -2404.629984816404
242.09001741783098 55.649280004666565 39633332807402998 11 298-299-300-301-302-303-305-306-307-308-475 0.8327831163930192 1.0 11 0.7674505109229544 1.0 [-1,-1] 1.0 1.0 1.0 0.0006366829495309179 0.1397804201853648 34.350719995333435 117.90998258216902 2958.765826504699 2958.765826504699 60.80664669302916 -604.4677715507022 -2895.723826777428
243.9818148541986 54.282753745281404 39633311974293558 11 298-299-300-301-302-303-305-306-307-308-475 0.9582097106609887 1.0 11 0.9972407864136329 1.0 [-1,-1] 1.0 1.0 1.0 0.0003767415448896098 0.21544643941305056 35.717246254718596 116.0181851458014 3290.48807757537 3290.48807757537 2943.1787855164057 -660.4485671514276 -1314.8452818865999
243.46260688995898 54.20881086549124 39633311965908900 11 298-299-300-301-302-303-305-306-307-308-475 0.8733420633711222 1.0 11 0.8747364367575224 1.0 [-1,-1] 1.0 1.0 1.0 0.0005346154933450218 0.1621399955636538 35.79118913450876 116.53739311004102 3068.767404179262 3068.767404179262 2767.987604302554 851.5854599253231 -1015.0764541768832
242.81356363516636 53.76865453718212 39633304839783934 11 298-299-300-301-302-303-305-306-307-308-475 0.43547286008155484 1.0 11 1.211911024754929 1.0 [-1,-1] 1.0 1.0 1.0 0.0006285113834356281 0.1413409039925048 36.23134546281788 117.18643636483364 1725.3464521043097 1725.3464521043097 1001.7582755763926 1393.4894818830132 177.44802333233284
242.0160910167976 55.47340016016358 39633329384850469 11 298-299-300-301-302-303-305-306-307-308-475 0.7969944022499815 1.0 11 0.6470207928585943 1.0 [-1,-1] 1.0 1.0 1.0 0.0008239664519383997 0.11155322342262282 34.52659983983642 117.98390898320241 2859.4460840907414 2859.4460840907414 15.319838194580834 -87.06050418386593 -2858.0793689103207
242.26340512300914 54.16684502289071 39633311953325957 11 298-299-300-301-302-303-305-306-307-308-475 0.5270948950897355 1.0 11 0.8606792916371612 1.0 [-1,-1] 1.0 1.0 1.0 0.0006888416087567301 0.1305783864573065 35.83315497710929 117.73659487699086 2036.7105270642496 2036.7105270642496 142.37589946327893 1943.4256367860614 -592.4657530938376
240.36753210923484 55.03202569580322 39633322460054281 11 298-299-300-301-302-303-305-306-307-308-475 1.073161175809715 1.0 11 1.3672464129587676 1.0 [-1,-1] 1.0 1.0 1.0 0.00012850791192818028 0.44600300211103894 34.96797430419678 119.63246789076516 3573.6193808167122 3573.6193808167122 -1380.950025061015 -355.47995293632175 -3276.7921066636486
243.124346540793 54.1380157450666 39633311961715511 11 298-299-300-301-302-303-305-306-307-308-475 0.45773341152247476 1.0 11 0.8695119082122714 1.0 [-1,-1] 1.0 1.0 1.0 0.0005330850268982689 0.1625298359500762 35.8619842549334 116.875653459207 1802.5814401759426 1802.5814401759426 1398.260252289974 1033.9661009081492 -474.42830596998795
241.6306048114068 54.28548098816849 39633311949129517 11 298-299-300-301-302-303-305-306-307-308-475 0.6416418207395022 1.0 11 0.9497980360826903 1.0 [-1,-1] 1.0 1.0 1.0 0.0007982518636535506 0.11473445525619816 35.71451901183151 118.36939518859319 2402.444989170994 2402.444989170994 -1167.8262553870845 1864.075476062202 -965.9950221222022
241.03770123194792 55.3036402512744 39633325928745730 11 298-299-300-301-302-303-305-306-307-308-475 0.5429271051098966 1.0 11 1.0307525934049686 1.0 [-1,-1] 1.0 1.0 1.0 0.0006094867785671962 0.14511252611805409 34.6963597487256 118.96229876805208 2088.7897399995177 2088.7897399995177 -264.1629871074853 117.40505672688896 -2068.6895723681355
242.01760646355186 55.4720430693223 39633329384850482 11 298-299-300-301-302-303-305-306-307-308-475 0.7936256944722507 1.0 11 0.6454314922017003 1.0 [-1,-1] 1.0 1.0 1.0 0.0008239664519383997 0.11155322342262282 34.5279569306777 117.98239353644814 2849.986379330716 2849.986379330716 14.473427192745289 -82.98709363427037 -2848.74112979155
242.54172859100532 54.547814120569434 39633315484929411 10 298-299-300-301-302-303-305-306-307-475 0.8695470564797345 1.0 11 0.44857880356976226 1.0 [-1,-1] 1.0 1.0 1.0 0.0006576102792991648 0.1359368301360722 35.452185879430566 117.45827140899468 3058.5880017077143 3058.5880017077143 821.3070295812154 2239.8706972481777 -1913.9996308672137
242.25200982584846 53.98242031187398 39633308404944635 10 298-299-300-301-302-303-305-306-307-475 0.88862848338908 1.0 11 1.0386793649047783 1.0 [-1,-1] 1.0 1.0 1.0 0.0005346154933450218 0.1621399955636538 36.01757968812602 117.74799017415154 3109.536933948012 3109.536933948012 190.66825510592167 3084.6039196576953 -343.6338442500225
243.42446246182573 56.09676212273986 39633336217372313 10 298-299-300-301-302-303-305-306-307-475 0.899894518596608 1.0 11 1.180159813159535 1.0 [-1,-1] 1.0 1.0 1.0 0.0005723615213970424 0.15308410280969617 33.90323787726014 116.57553753817427 3139.3462696762076 3139.3462696762076 -1803.3506826795895 -631.0402256720602 -2491.0258027151654
243.6743168585911 56.13197454590564 39633339597980469 10 298-299-300-301-302-303-305-306-307-475 0.6837780980741001 1.0 11 1.265024583660661 1.0 [-1,-1] 1.0 1.0 1.0 0.0008053318504768218 0.11384060807160488 33.86802545409436 116.32568314140889 2530.6936319311208 2530.6936319311208 -1603.837700175696 -139.49100507422722 -1952.602660475306
241.23483099122728 54.68626165201379 39633318978784345 10 298-299-300-301-302-303-305-306-307-475 0.7077638920457691 1.0 11 0.9207631320350564 1.0 [-1,-1] 1.0 1.0 1.0 0.0005639081233901963 0.1550231922816235 35.31373834798621 118.76516900877272 2602.2422949066836 2602.2422949066836 -1458.065101882237 1030.728057936886 -1892.9634942745197
241.90211233129654 55.81902767016305 39633332803210647 10 298-299-300-301-302-303-305-306-307-475 0.8145940477438639 1.0 11 0.9673423211390954 1.0 [-1,-1] 1.0 1.0 1.0 0.000762533893525711 0.11946670068019369 34.18097232983695 118.09788766870346 2908.556059440226 2908.556059440226 303.945584369155 -1025.4108429706298 -2704.7824377881507
240.62112334560328 55.13423974420529 39633325924551829 10 298-299-300-301-302-303-305-306-307-475 1.0613554687467686 1.0 11 1.2290015560428245 1.0 [-1,-1] 1.0 1.0 1.0 0.00014839258087788972 0.41078905010633954 34.86576025579471 119.37887665439672 3545.409736381616 3545.409736381616 -1075.615849833805 1.7685098294256592 -3378.3098754834264
242.14223919007026 56.40098137386965 39633342936648252 10 298-299-300-301-302-303-305-306-307-475 0.8169539118380726 1.0 11 1.4616765626385049 1.0 [-1,-1] 1.0 1.0 1.0 0.000762533893525711 0.11946670068019369 33.59901862613035 117.85776080992974 2915.1014373054527 2915.1014373054527 114.5473451212482 -2382.7652285766526 -1675.4477494067203
244.32409615744126 55.223489237063944 39633325962298537 10 298-299-300-301-302-303-305-306-307-475 0.5583956624916843 1.0 11 0.9328859712205828 1.0 [-1,-1] 1.0 1.0 1.0 0.0006724560872077301 0.13333590500666823 34.776510762936056 115.67590384255874 2139.191895647525 2139.191895647525 392.9961304369482 -248.0476255998159 -2088.1016218804893
240.35240156808123 55.231371281875454 39633325924549260 10 298-299-300-301-302-303-305-306-307-475 0.8231701834619201 1.0 11 1.394351249818497 1.0 [-1,-1] 1.0 1.0 1.0 0.000762533893525711 0.11946670068019369 34.768628718124546 119.64759843191877 2932.298524148377 2932.298524148377 -592.6637942582082 -162.16136227673152 -2867.198624839718
241.29101308144604 55.74831908140195 39633332799015255 10 298-299-300-301-302-303-305-306-307-475 0.8147073679586428 1.0 11 1.1304125329094286 1.0 [-1,-1] 1.0 1.0 1.0 0.000762533893525711 0.11946670068019369 34.25168091859805 118.70898691855396 2908.870580229152 2908.870580229152 685.6669394479616 -544.9364889669289 -2773.8841222486467
240.66260551088388 54.68116285405821 39633318974588935 10 298-299-300-301-302-303-305-306-307-475 0.7307251557307388 1.0 11 1.2388598312561256 1.0 [-1,-1] 1.0 1.0 1.0 0.0006073340474539246 0.1455520198534496 35.31883714594179 119.33739448911612 2669.7639179457356 2669.7639179457356 -1840.0939441905082 79.4057650460513 -1932.715286480612
244.18434077835423 54.08109125460467 39633308425914956 10 298-299-300-301-302-303-305-306-307-475 0.5429986189255969 1.0 11 1.2250075495435222 1.0 [-1,-1] 1.0 1.0 1.0 0.0006094867785671962 0.14511252611805409 35.91890874539533 115.81565922164577 2089.0238483606636 2089.0238483606636 1863.0611731061667 -839.3075175409232 -434.26558150878503
242.62109786593913 56.329584707401494 39633339585399722 10 298-299-300-301-302-303-305-306-307-475 0.6641695763024993 1.0 11 1.3515420092696935 1.0 [-1,-1] 1.0 1.0 1.0 0.0006371005092682059 0.1397016056866948 33.670415292598506 117.37890213406087 2471.4211589799834 2471.4211589799834 -800.1390878227843 -1740.8832288508556 -1561.0975525885326
243.90944168794056 55.336532955684376 39633325958104246 9 298-299-300-301-302-303-305-306-308 0.4358300123815585 1.0 11 0.7522449255358399 1.0 [-1,-1] 1.0 1.0 1.0 0.0006285113834356281 0.1413409039925048 34.663467044315624 116.09055831205944 1726.5937653824244 1726.5937653824244 180.58085489091928 -26.99110668596666 -1716.9123640023652
243.46355141054124 55.38520414156064 39633329397434447 9 298-299-300-301-302-303-305-306-308 0.7862147936084277 1.0 11 0.5746024653712208 1.0 [-1,-1] 1.0 1.0 1.0 0.0007064174578981374 0.12774458208408304 34.61479585843936 116.53644858945876 2829.1078080697407 2829.1078080697407 154.838082710579 47.476679510786006 -2824.4684672919107
241.52161895082347 54.65238853708198 39633318982978056 10 298-299-300-301-302-303-305-306-308-475 0.913456445230549 1.0 11 0.7799232811111433 1.0 [-1,-1] 1.0 1.0 1.0 0.00042618922305278896 0.1953324009783564 35.34761146291802 118.47838104917653 3174.965524430894 3174.965524430894 -1398.290582395313 1769.8317230947835 -2234.4764935968037
243.09077569826917 56.07995690029665 39633336213179060 10 298-299-300-301-302-303-305-306-308-475 0.7400367911354456 1.0 11 1.1167344030572635 1.0 [-1,-1] 1.0 1.0 1.0 0.0006073340474539246 0.1455520198534496 33.92004309970335 116.90922430173083 2696.879066857021 2696.879066857021 -1257.8162805402735 -997.1165874897155 -2167.2132835999996
242.37228766372786 54.49464696287014 39633315484927989 10 298-299-300-301-302-303-305-306-308-475 0.8931820939668957 1.0 11 0.5320873797718078 1.0 [-1,-1] 1.0 1.0 1.0 0.0005723615213970424 0.15308410280969617 35.50535303712986 117.62771233627214 3121.609713338772 3121.609713338772 458.8984959251231 2493.348280571965 -1821.283537678156
241.09056410890764 55.40574513710839 39633329376461372 10 298-299-300-301-302-303-305-306-308-475 0.8123411361520215 1.0 11 1.0384774893447248 1.0 [-1,-1] 1.0 1.0 1.0 0.000762533893525711 0.11946670068019369 34.59425486289161 118.90943589109236 2902.2986272690064 2902.2986272690064 -94.98332346376334 48.37800273396987 -2900.3405074168118
240.6380250539931 55.06362228972726 39633322460056884 10 298-299-300-301-302-303-305-306-308-475 0.8104576467147576 1.0 11 1.2135581055359086 1.0 [-1,-1] 1.0 1.0 1.0 0.000762533893525711 0.11946670068019369 34.93637771027274 119.36197494600691 2897.0607276668015 2897.0607276668015 -1071.3231251668726 19.870919521437735 -2691.622701611308
241.54882039622134 55.46203912035658 39633329380656048 10 298-299-300-301-302-303-305-306-308-475 0.8061909051427432 1.0 11 0.8377259451938693 1.0 [-1,-1] 1.0 1.0 1.0 0.0008239664519383997 0.11155322342262282 34.53796087964342 118.45117960377866 2885.173064030058 2885.173064030058 33.76287798234584 -45.20958287807718 -2884.621252624152
245.0148833061869 54.56841507229498 39633315510094660 10 298-299-300-301-302-303-305-306-308-475 0.4196704636632836 1.0 11 1.3696145255679884 1.0 [-1,-1] 1.0 1.0 1.0 0.0005613841910631427 0.1556117057517016 35.43158492770502 114.9851166938131 1669.891292757572 1669.891292757572 399.2023248394869 -1216.9079206654117 -1071.5920614170711
241.10472032710132 55.388674014480756 39633329376461494 10 298-299-300-301-302-303-305-306-308-475 0.5428021317445706 1.0 11 1.0243681852138184 1.0 [-1,-1] 1.0 1.0 1.0 0.0006094867785671962 0.14511252611805409 34.611325985519244 118.89527967289868 2088.38060152248 2088.38060152248 -99.34950846252201 52.38608558316193 -2085.3582210308437
245.02830568835174 55.41417074274346 39633329414210062 10 298-299-300-301-302-303-305-306-308-475 0.679843028925617 1.0 11 1.3708461462164223 1.0 [-1,-1] 1.0 1.0 1.0 0.0008053318504768218 0.11384060807160488 34.58582925725654 114.97169431164826 2518.8554259222938 2518.8554259222938 21.312948427063386 -68.03946500394801 -2517.8461124797723
242.70440490114837 55.700001148733236 39633332811598758 10 298-299-300-301-302-303-305-306-308-475 1.0988387809964222 1.0 11 0.7204678785229287 1.0 [-1,-1] 1.0 1.0 1.0 5.9370222311395755e-05 0.6353792046182113 34.299998851266764 117.29559509885163 3634.3138796166804 3634.3138796166804 -455.18857724546115 -805.9391609543061 -3514.470486938248
241.17427439796757 54.53763999347279 39633315472346102 10 298-299-300-301-302-303-305-306-308-475 0.8104919240537026 1.0 11 1.0110923580469133 1.0 [-1,-1] 1.0 1.0 1.0 0.000762533893525711 0.11946670068019369 35.46236000652721 118.82572560203243 2897.1561046082666 2897.1561046082666 -1936.4137738698798 1200.0391308393987 -1789.8942078486584
241.02014511413415 54.26428240628104 39633311944933663 10 298-299-300-301-302-303-305-306-308-475 0.551014684513981 1.0 11 1.2309214015659171 1.0 [-1,-1] 1.0 1.0 1.0 0.0006724560872077301 0.13333590500666823 35.73571759371896 118.97985488586585 2115.2010341870323 2115.2010341870323 -1799.4972553478879 762.2282255909554 -809.2547034980845
241.6057151830724 55.448181025085766 39633329380656636 10 298-299-300-301-302-303-305-306-308-475 0.8042729127840368 1.0 11 0.8033373528344956 1.0 [-1,-1] 1.0 1.0 1.0 0.0008239664519383997 0.11155322342262282 34.551818974914234 118.39428481692761 2879.8193178264023 2879.8193178264023 9.05861006764989 -13.689784362989961 -2879.7725317659833
241.8682482326361 54.06621510188806 39633308404941154 10 298-299-300-301-302-303-305-306-308-475 0.769115213654319 1.0 11 1.0473038507373937 1.0 [-1,-1] 1.0 1.0 1.0 0.0007242712797402853 0.12498917450484462 35.93378489811194 118.13175176736391 2780.574775073232 2780.574775073232 -863.4262495177998 2587.8916007305047 -537.5018644485681
241.03716222977866 54.25316724776325 39633311944933839 10 298-299-300-301-302-303-305-306-308-475 0.5517494991930805 1.0 11 1.229566434215231 1.0 [-1,-1] 1.0 1.0 1.0 0.0006724560872077301 0.13333590500666823 35.74683275223675 118.96283777022134 2117.5942712076117 2117.5942712076117 -1796.4078469874 797.2393725339421 -788.374103846058
244.28667108375333 55.097045115747896 39633322497803326 10 298-299-300-301-302-303-305-306-308-475 0.5812244249534791 1.0 11 0.8882780465585653 1.0 [-1,-1] 1.0 1.0 1.0 0.0005369919189708607 0.1615383650856205 34.902954884252104 115.71332891624667 2212.7163081140716 2212.7163081140716 648.1105787406505 -375.9175375172074 -2082.0067586118507
