data_rosette/LRG_16_clustering_data.ecsv
# %ECSV 1.0
# ---
# datatype:
# - {name: RA, unit: deg, datatype: float64}
# - {name: DEC, unit: deg, datatype: float64}
# - {name: TARGETID, datatype: int64}
# - {name: NTILE, datatype: int64}
# - {name: TILES, datatype: string}
# - {name: Z, datatype: float64}
# - {name: COMP_TILE, datatype: float64}
# - {name: ROSETTE_NUMBER, datatype: int32}
# - {name: ROSETTE_R, unit: deg, datatype: float64}
# - {name: FRACZ_TILELOCID, datatype: float64}
# - {name: BITWEIGHTS, datatype: string, subtype: 'int64[2]'}
# - {name: PROB_OBS, datatype: float64}
# - {name: WEIGHT_ZFAIL, datatype: float64}
# - {name: WEIGHT, datatype: float64}
# - {name: NZ, unit: h3 / Mpc3, datatype: float64}
# - {name: WEIGHT_FKP, datatype: float64}
# - {name: theta, unit: deg, datatype: float64}
# - {name: phi, unit: deg, datatype: float64}
# - {name: rho, unit: Mpc, datatype: float64}
# - {name: r, unit: Mpc, datatype: float64}
# - {name: x, unit: Mpc, datatype: float64}
# - {name: y, unit: Mpc, datatype: float64}
# - {name: z, unit: Mpc, datatype: float64}
# meta: !!omap
# - {EXTNAME: LSS}
# - {DESIDR: edr}
# - comments: ['Visit https://desidatamodel.readthedocs.io/en/latest/ for a more complet', e description]
# schema: astropy-2.0
RA DEC TARGETID NTILE TILES Z COMP_TILE ROSETTE_NUMBER ROSETTE_R FRACZ_TILELOCID BITWEIGHTS PROB_OBS WEIGHT_ZFAIL WEIGHT NZ WEIGHT_FKP theta phi rho r x y z
[from data line 1463]
195.95472724545505 25.33781098288296 39628379141443091 10 481-482-483-484-486-487-488-489-490-491 0.42681044717961997 1.0 16 1.2643386236343461 1.0 [-1,-1] 1.0 1.0 1.0 0.0006262316776515472 0.14210347001521706 64.66218901711704 164.04527275454495 1695.01232248359 1695.01232248359 1271.3208130682035 1033.2399045247053 -435.00053256127654
195.48278205310422 25.556041530132582 39628384598234065 10 481-482-483-484-486-487-488-489-490-491 1.0305173347679628 1.0 16 1.0830212658342806 1.0 [-1,-1] 1.0 1.0 1.0 0.00017111768859933566 0.3774092623312036 64.44395846986743 164.51721794689578 3470.8017722957397 3470.8017722957397 1402.628479315064 3171.522255908592 -143.33482431717454
195.70595253110184 25.542928875252418 39628384602427205 10 481-482-483-484-486-487-488-489-490-491 0.8007150130888079 1.0 16 1.2081571300824943 1.0 [-1,-1] 1.0 1.0 1.0 0.0007229154976227362 0.12548315978664992 64.45707112474759 164.29404746889816 2869.8716150335536 2869.8716150335536 1710.3410907014008 2299.244934446122 -156.1062832095088
195.5070874224658 25.608513143612722 39628384602423751 10 481-482-483-484-486-487-488-489-490-491 0.42276463700303346 1.0 16 1.1379812699491687 1.0 [-1,-1] 1.0 1.0 1.0 0.0006262316776515472 0.14210347001521706 64.39148685638727 164.4929125775342 1680.7908386969598 1680.7908386969598 716.9374346420042 1520.1008400875646 18.761509045177178
195.51407332826753 25.526803675242675 39628384602423867 10 481-482-483-484-486-487-488-489-490-491 0.9031325564069065 1.0 16 1.0780718658909128 1.0 [-1,-1] 1.0 1.0 1.0 0.0005275616701708153 0.16431404058018498 64.47319632475732 164.48592667173247 3147.876906863785 3147.876906863785 1359.270449860473 2830.596790336856 -221.8888808325105
194.73192793527892 24.031944517142588 39628351622615767 10 481-482-483-484-486-487-488-489-490-491 0.8846124887732627 1.0 16 0.6682582829081348 1.0 [-1,-1] 1.0 1.0 1.0 0.0005690156306133545 0.15418916366201427 65.96805548285741 165.26807206472108 3098.862199770297 3098.862199770297 -5.483053522569546 15.777968928705485 -3098.8171816010313
195.5505279818427 25.421155527639733 39628384602424520 10 481-482-483-484-486-487-488-489-490-491 0.8279651137203232 1.0 16 1.0227017754026957 1.0 [-1,-1] 1.0 1.0 1.0 0.0006627118749498285 0.13533979738261318 64.57884447236026 164.4494720181573 2945.5195714964734 2945.5195714964734 1349.764315957769 2566.6419849150275 -516.3049086608322
194.71743467383135 25.534016152490796 39628384589841424 10 481-482-483-484-486-487-488-489-490-491 0.43828207020487464 1.0 16 0.8345372033466069 1.0 [-1,-1] 1.0 1.0 1.0 0.0005288673958748294 0.16397488484989944 64.46598384750921 165.28256532616865 1735.1501073076745 1735.1501073076745 -592.0795624795934 1627.3066594756904 -109.82132128998143
195.07722019734535 25.407488744655954 39628384594037078 10 481-482-483-484-486-487-488-489-490-491 0.7550030242773034 1.0 16 0.7670792524456663 1.0 [-1,-1] 1.0 1.0 1.0 0.0006416626200019751 0.139161677870846 64.59251125534405 164.92277980265465 2740.140336678716 2740.140336678716 29.154024269533142 2690.742942531174 -517.1281512171969
195.52572858000718 25.541522054735488 39628384602424071 10 481-482-483-484-486-487-488-489-490-491 0.4676651621687165 1.0 16 1.096105692689946 1.0 [-1,-1] 1.0 1.0 1.0 0.0005635091211985168 0.1554616369400361 64.45847794526452 164.47427141999282 1836.7092760873593 1836.7092760873593 813.0532515869845 1643.7583997863137 -102.48755085921464
193.80765161185812 25.51247315069423 39628384573069695 10 481-482-483-484-486-487-488-489-490-491 0.6752911734714849 1.0 16 1.1782362509947737 1.0 [-1,-1] 1.0 1.0 1.0 0.0007209928471550773 0.12577569469930108 64.48752684930577 166.19234838814188 2505.12626542654 2505.12626542654 -2375.552057377852 766.359912995936 -212.37352040835367
195.19002732051047 25.493762455789266 39628384594038896 10 481-482-483-484-486-487-488-489-490-491 0.6442030739956742 1.0 16 0.8881694190848511 1.0 [-1,-1] 1.0 1.0 1.0 0.000833303205902425 0.11070054926254569 64.50623754421073 164.80997267948953 2410.33488198769 2410.33488198769 295.6655674189565 2379.1127798797684 -249.2358244358143
193.64839235568363 24.11462479233645 39628351605837979 10 481-482-483-484-486-487-488-489-490-491 0.6393329916920758 1.0 16 1.1614519538951784 1.0 [-1,-1] 1.0 1.0 1.0 0.000833303205902425 0.11070054926254569 65.88537520766354 166.35160764431637 2395.3221277968582 2395.3221277968582 -208.22982338031704 32.068113737082705 -2386.038573168845
194.5540767103828 23.927968564964964 39628351622612410 10 481-482-483-484-486-487-488-489-490-491 0.7134871981634757 1.0 16 0.7924078681115657 1.0 [-1,-1] 1.0 1.0 1.0 0.0006167714992318164 0.14396928707710532 66.07203143503503 165.4459232896172 2619.1609656573246 2619.1609656573246 126.36821374004 -224.69692314178417 -2606.4432722217025
196.11438758278965 24.48949747520362 39628362678800176 10 481-482-483-484-486-487-488-489-490-491 0.7226788960180816 1.0 16 1.2583284449455996 1.0 [-1,-1] 1.0 1.0 1.0 0.0006167714992318164 0.14396928707710532 65.51050252479638 163.88561241721035 2646.2096554804134 2646.2096554804134 1023.9034183726235 590.0533281534767 -2367.674893336843
194.70997358123026 25.506379631429347 39628384589841323 10 481-482-483-484-486-487-488-489-490-491 0.41191973743137655 1.0 16 0.8071937976714769 1.0 [-1,-1] 1.0 1.0 1.0 0.0006262316776515472 0.14210347001521706 64.49362036857065 165.29002641876974 1642.500219522874 1642.500219522874 -570.7217063905291 1532.9119145324973 -149.2138306983822
194.9626260225816 24.083713511066993 39628351626808762 10 481-482-483-484-486-487-488-489-490-491 0.513297281173228 1.0 16 0.6459936602560958 1.0 [-1,-1] 1.0 1.0 1.0 0.0006865842838717192 0.13125169390769817 65.91628648893301 165.0373739774184 1990.9148454380297 1990.9148454380297 -11.780170992485195 113.12551330569686 -1987.6633939367712
195.33410276714113 25.519578703835005 39628384598231347 10 481-482-483-484-486-487-488-489-490-491 0.8614561766952732 1.0 16 0.9754174387759175 1.0 [-1,-1] 1.0 1.0 1.0 0.0006812235016579503 0.1321480675826358 64.48042129616499 164.66589723285887 3036.808236925527 3036.808236925527 800.9002702082252 2919.776564755962 -235.9403249573791
193.51720014844244 25.408827267554912 39628384568873830 10 481-482-483-484-486-487-488-489-490-491 0.7821170075980538 1.0 16 1.322741535200401 1.0 [-1,-1] 1.0 1.0 1.0 0.0007324854237337303 0.12404708914385561 64.59117273244509 166.48279985155756 2817.522957303082 2817.522957303082 -2766.9559686691478 59.80541130619779 -528.0280249708134
196.11535671655417 24.499989062279038 39628362678800201 10 481-482-483-484-486-487-488-489-490-491 0.8258643928380321 1.0 16 1.2574346146004902 1.0 [-1,-1] 1.0 1.0 1.0 0.0006627118749498285 0.13533979738261318 65.50001093772096 163.88464328344583 2939.731961336086 2939.731961336086 1161.9715790927157 668.1197689401872 -2616.383387088559
195.51613951568072 25.527714504204866 39628384602423908 10 481-482-483-484-486-487-488-489-490-491 0.7983426538559729 1.0 16 1.079969643324033 1.0 [-1,-1] 1.0 1.0 1.0 0.0007229154976227362 0.12548315978664992 64.47228549579513 164.48386048431928 2863.2267306393787 2863.2267306393787 1241.7533908164742 2572.241452606553 -199.2228323666304
194.58915085155286 25.2950933200648 39628379120472380 10 481-482-483-484-486-487-488-489-490-491 0.8238274246854774 1.0 16 0.612689202627014 1.0 [-1,-1] 1.0 1.0 1.0 0.0006627118749498285 0.13533979738261318 64.70490667993519 165.41084914844714 2934.112993563895 2934.112993563895 -1286.6148577155984 2488.129398846124 -873.4147706007599
193.81712039867952 25.49888569454174 39628384573069918 10 481-482-483-484-486-487-488-489-490-491 0.6305483910165978 1.0 16 1.1626983036999599 1.0 [-1,-1] 1.0 1.0 1.0 0.000833303205902425 0.11070054926254569 64.50111430545826 166.18287960132048 2368.1294184568856 2368.1294184568856 -2235.8863648257657 744.7501485902326 -232.8010359126316
193.8916355004305 23.99897341202651 39628351610031870 10 481-482-483-484-486-487-488-489-490-491 0.863135772589557 1.0 16 1.0502213904996573 1.0 [-1,-1] 1.0 1.0 1.0 0.0006812235016579503 0.1321480675826358 66.00102658797348 166.1083644995695 3041.33822294094 3041.33822294094 77.37985120118358 -32.35563764963626 -3040.181517222602
194.62880871957367 23.564246748208888 39628340549651890 10 481-482-483-484-486-487-488-489-490-491 0.9254420473170315 1.0 16 1.1411253734503874 1.0 [-1,-1] 1.0 1.0 1.0 0.0004951280553168204 0.17321314004730964 66.43575325179111 165.37119128042633 3206.205988090967 3206.205988090967 605.9629471796712 -1295.2801956458693 -2869.636729532729
194.79894653403232 23.929824941102204 39628351626806209 10 481-482-483-484-486-487-488-489-490-491 0.6001704295338541 1.0 16 0.7714655922934992 1.0 [-1,-1] 1.0 1.0 1.0 0.0007756247847600315 0.11796159141779075 66.0701750588978 165.20105346596768 2272.965181109867 2272.965181109867 58.01082562246357 -211.71595665774163 -2262.339897615941
193.37154072684754 24.71463320553433 39628368135589215 10 481-482-483-484-486-487-488-489-490-491 0.7469291855119259 1.0 16 1.2523481679838564 1.0 [-1,-1] 1.0 1.0 1.0 0.0007126833197713517 0.12705585074725267 65.28536679446567 166.62845927315246 2716.8509755824175 2716.8509755824175 -1712.0902745301132 -213.47859028568365 -2098.6788717839067
194.79835796999168 23.93297753605217 39628351626806192 10 481-482-483-484-486-487-488-489-490-491 0.5967933442624689 1.0 16 0.7682873106962976 1.0 [-1,-1] 1.0 1.0 1.0 0.0007756247847600315 0.11796159141779075 66.06702246394784 165.20164203000832 2262.2767559739723 2262.2767559739723 55.981812619689656 -203.84008167654002 -2252.379048556889
195.32742838360085 25.64537562908165 39628390055020432 9 481-482-483-484-486-487-488-489-491 0.7419517781896161 1.0 16 1.0801965683960213 1.0 [-1,-1] 1.0 1.0 1.0 0.0007126833197713517 0.12705585074725267 64.35462437091834 164.67257161639915 2702.436459212371 2702.436459212371 696.6624286698461 2607.871389390021 129.73470222377577
193.50306629331516 25.402578711374503 39628384568873455 9 481-482-483-484-486-487-488-489-491 1.0797180193236657 1.0 16 1.330283160191086 1.0 [-1,-1] 1.0 1.0 1.0 0.0001075182622224553 0.4910338705006151 64.5974212886255 166.49693370668484 3589.203694139321 3589.203694139321 -3521.240042206049 26.32856852501284 -694.6643287714678
195.3994333661208 24.651542898060786 39628368169140438 9 481-482-483-484-486-487-488-489-491 0.4102764880396942 1.0 16 0.5921157763503044 1.0 [-1,-1] 1.0 1.0 1.0 0.0006262316776515472 0.14210347001521706 65.34845710193922 164.6005666338792 1636.6767265314334 1636.6767265314334 313.06313996405436 904.9802263492007 -1327.2953580429808
195.32523921102376 25.54342156678742 39628384598231153 9 481-482-483-484-486-487-488-489-491 0.8095895418177832 1.0 16 0.9912675266783697 1.0 [-1,-1] 1.0 1.0 1.0 0.0007229154976227362 0.12548315978664992 64.45657843321258 164.67476078897624 2894.6445616609994 2894.6445616609994 739.872028187891 2794.1387302107855 -156.02972984273111
195.69521845619244 24.60502124685775 39628362674603006 9 481-482-483-484-486-487-488-489-491 0.7206641284413273 1.0 16 0.864298434059515 1.0 [-1,-1] 1.0 1.0 1.0 0.0006167714992318164 0.14396928707710532 65.39497875314225 164.30478154380756 2640.2936632165406 2640.2936632165406 849.1018022856745 1167.4254368943139 -2210.722643541871
194.02226453741855 25.562386568246733 39628384577261395 9 481-482-483-484-486-487-488-489-491 0.6624127237682561 1.0 16 1.0852531811746502 1.0 [-1,-1] 1.0 1.0 1.0 0.000700708733790897 0.12894715825466588 64.43761343175326 165.97773546258145 2466.075933606008 2466.075933606008 -2130.5780232242555 1238.8447259100458 -86.20639390110598
194.0225782075156 25.563713663977563 39628384577261400 9 481-482-483-484-486-487-488-489-491 0.4170808010786307 1.0 16 1.0861336530485852 1.0 [-1,-1] 1.0 1.0 1.0 0.0006262316776515472 0.14210347001521706 64.43628633602243 165.9774217924844 1660.7534791774142 1660.7534791774142 -1434.6194278281787 834.7752726228088 -55.85212722313992
195.33741851528745 25.5211443162761 39628384598231407 9 481-482-483-484-486-487-488-489-491 0.8576781456999081 1.0 16 0.9783604297162983 1.0 [-1,-1] 1.0 1.0 1.0 0.0006812235016579503 0.1321480675826358 64.4788556837239 164.66258148471255 3026.6019253366703 3026.6019253366703 807.950424343145 2907.6520782151943 -230.42291185173042
195.97735479847347 23.84823684555988 39628346111298679 9 481-482-483-484-486-487-488-489-491 0.5904356389740273 1.0 16 1.4061527000559986 1.0 [-1,-1] 1.0 1.0 1.0 0.0007756247847600315 0.11796159141779075 66.15176315444012 164.02264520152653 2242.095007682584 2242.095007682584 -314.21351342096455 -243.77566984964704 -2206.5432953486716
195.97050421024093 23.834527123827197 39628346111298523 9 481-482-483-484-486-487-488-489-491 0.4737317593856537 1.0 16 1.40961201765162 1.0 [-1,-1] 1.0 1.0 1.0 0.00048380039118235755 0.17655271186088778 66.1654728761728 164.02949578975907 1857.4555242647634 1857.4555242647634 -278.58976478068047 -219.21139885630782 -1823.3143256697658
195.33035885017253 25.531033477448414 39628384598231254 9 481-482-483-484-486-487-488-489-491 0.9510768583376047 1.0 16 0.9832324270010752 1.0 [-1,-1] 1.0 1.0 1.0 0.00041974738576830407 0.19815580287489248 64.46896652255158 164.66964114982747 3272.280769450723 3272.280769450723 851.9206101156 3151.9881225187255 -216.8492187630773
195.94336405693898 24.989584166952753 39628373663682866 9 481-482-483-484-486-487-488-489-491 0.7958282353485019 1.0 16 1.1209627183840052 1.0 [-1,-1] 1.0 1.0 1.0 0.0007229154976227362 0.12548315978664992 65.01041583304725 164.05663594306102 2856.173537745949 2856.173537745949 1802.6335029707736 1499.3856571059114 -1630.9758989490317
195.80453114956006 23.940458769164717 39628351639392814 9 481-482-483-484-486-487-488-489-491 0.8186380999128063 1.0 16 1.2248678707922045 1.0 [-1,-1] 1.0 1.0 1.0 0.0006627118749498285 0.13533979738261318 66.05954123083528 164.19546885043994 2919.767049598737 2919.767049598737 -168.94824029194908 -185.71974475023916 -2908.952439012139
194.86701770503868 25.4739830040863 39628384589843720 9 481-482-483-484-486-487-488-489-491 0.8120267204573903 1.0 16 0.7812047896998452 1.0 [-1,-1] 1.0 1.0 1.0 0.0006627118749498285 0.13533979738261318 64.5260169959137 165.13298229496132 2901.4246652449283 2901.4246652449283 -570.2595391374747 2822.3386565622177 -357.03452744648393
195.3318046642083 25.530096029915022 39628384598231290 9 481-482-483-484-486-487-488-489-491 0.9489678677586518 1.0 16 0.9831421321143974 1.0 [-1,-1] 1.0 1.0 1.0 0.0004445766401596716 0.18918261239264766 64.46990397008497 164.6681953357917 3266.8826140299784 3266.8826140299784 855.0103977452811 3145.35820901248 -219.54719446307683
195.34230958233482 23.88509829861711 39628351635194859 9 481-482-483-484-486-487-488-489-491 0.4092232658683537 1.0 16 0.9775020201534458 1.0 [-1,-1] 1.0 1.0 1.0 0.0003379611466139912 0.2348475370676925 66.11490170138289 164.65769041766518 1632.9412312210209 1632.9412312210209 -62.720141250112434 -221.5114116403143 -1616.631047275879
195.49956445384402 25.828401398593723 39628390055024341 9 481-482-483-484-486-487-488-489-491 0.4204300166656555 1.0 16 1.3163468338475974 1.0 [-1,-1] 1.0 1.0 1.0 0.0006262316776515472 0.14210347001521706 64.17159860140627 164.50043554615598 1672.568758453031 1672.568758453031 683.4175430496354 1477.7425575801497 383.0191210913521
193.99075394528364 23.672251419261617 39628346081936828 9 481-482-483-484-486-487-488-489-491 0.7551778345614931 1.0 16 1.239329907482501 1.0 [-1,-1] 1.0 1.0 1.0 0.0006416626200019751 0.139161677870846 66.32774858073839 166.00924605471636 2740.643324562026 2740.643324562026 836.625851131667 -451.811806376964 -2570.418080644274
195.6421423672783 25.576975934483066 39628384602426155 9 481-482-483-484-486-487-488-489-491 0.558081518391607 1.0 16 1.1922032918442764 1.0 [-1,-1] 1.0 1.0 1.0 0.000677088223595666 0.13284793461577618 64.42302406551693 164.3578576327217 2138.1730027048848 2138.1730027048848 1163.9286446761669 1793.085689830377 -43.56154868510534
