data_rosette/LRG_13_clustering_data.ecsv
# %ECSV 1.0
# ---
# datatype:
# - {name: RA, unit: deg, datatype: float64}
# - {name: DEC, unit: deg, datatype: float64}
# - {name: TARGETID, datatype: int64}
# - {name: NTILE, datatype: int64}
# - {name: TILES, datatype: string}
# - {name: Z, datatype: float64}
# - {name: COMP_TILE, datatype: float64}
# - {name: ROSETTE_NUMBER, datatype: int32}
# - {name: ROSETTE_R, unit: deg, datatype: float64}
# - {name: FRACZ_TILELOCID, datatype: float64}
# - {name: BITWEIGHTS, datatype: string, subtype: 'int64[2]'}
# - {name: PROB_OBS, datatype: float64}
# - {name: WEIGHT_ZFAIL, datatype: float64}
# - {name: WEIGHT, datatype: float64}
# - {name: NZ, unit: h3 / Mpc3, datatype: float64}
# - {name: WEIGHT_FKP, datatype: float64}
# - {name: theta, unit: deg, datatype: float64}
# - {name: phi, unit: deg, datatype: float64}
# - {name: rho, unit: Mpc, datatype: float64}
# - {name: r, unit: Mpc, datatype: float64}
# - {name: x, unit: Mpc, datatype: float64}
# - {name: y, unit: Mpc, datatype: float64}
# - {name: z, unit: Mpc, datatype: float64}
# meta: !!omap
# - {EXTNAME: LSS}
# - {DESIDR: edr}
# - comments: ['Visit https://desidatamodel.readthedocs.io/en/latest/ for a more complet', e description]
# schema: astropy-2.0
RA DEC TARGETID NTILE TILES Z COMP_TILE ROSETTE_NUMBER ROSETTE_R FRACZ_TILELOCID BITWEIGHTS PROB_OBS WEIGHT_ZFAIL WEIGHT NZ WEIGHT_FKP theta phi rho r x y z
[from data line 2921]
246.81874939888712 43.079735505407776 39633132156092461 10 352-354-356-357-358-359-360-361-362-433 0.7671886149428343 0.9545454545454546 13 0.7774197234731667 1.0 [-1,-1] 1.0 1.0 1.0 0.0007242712797402853 0.12498917450484462 46.920264494592224 -246.81874939888712 2775.075021234385 2775.075021234385 -113.5375241010186 -549.5731721467845 -2717.7416971736943
246.96020260054706 42.988105404033966 39633132156094338 10 352-354-356-357-358-359-360-361-362-433 0.914178154795244 0.9545454545454546 13 0.9126831385113126 1.0 [-1,-1] 1.0 1.0 1.0 0.00042618922305278896 0.1953324009783564 47.011894595966034 -246.96020260054706 3176.852974908279 3176.852974908279 -120.13629588113673 -334.10636046258264 -3156.950274314436
245.60587768212568 42.12690541751551 39633118780461082 10 352-354-356-357-358-359-360-361-362-433 0.4739792830055289 0.9545454545454546 13 1.3382981319805083 1.0 [-1,-1] 1.0 1.0 1.0 0.000668512811805897 0.13401699399284683 47.87309458248449 -245.60587768212568 1858.3003866408212 1858.3003866408212 -1071.1815868748429 674.0425731346397 -1360.7045765087119
245.63824755833426 42.140885466387275 39633118784651718 10 352-354-356-357-358-359-360-361-362-433 0.9200653635248055 0.9545454545454546 13 1.3210770605574742 1.0 [-1,-1] 1.0 1.0 1.0 0.00042618922305278896 0.1953324009783564 47.859114533612725 -245.63824755833426 3192.2192288649944 3192.2192288649944 -1774.4006585222376 1198.420299815345 -2367.605265487
245.17046929024198 42.79692476348676 39633127697551067 10 352-354-356-357-358-359-360-361-362-433 0.5833611501916268 0.9545454545454546 13 0.8334798065422704 1.0 [-1,-1] 1.0 1.0 1.0 0.0005369919189708607 0.1615383650856205 47.20307523651324 -245.17046929024198 2219.5459566718973 2219.5459566718973 -174.17489029676827 22.105799764929728 -2212.590946150108
245.45142976722332 43.33874312178361 39633136555918663 10 352-354-356-357-358-359-360-361-362-433 0.8502677890851974 0.9545454545454546 13 0.33069387728961475 1.0 [-1,-1] 1.0 1.0 1.0 0.0006576102792991648 0.1359368301360722 46.66125687821639 -245.45142976722332 3006.5155582309276 3006.5155582309276 1232.1072782581791 -531.4197169576232 -2690.4721781086173
246.15108949767642 42.072032885699464 39633114296747372 10 352-354-356-357-358-359-360-361-362-433 0.7759288445401904 0.9545454545454546 13 1.3922643992830088 1.0 [-1,-1] 1.0 1.0 1.0 0.0007064174578981374 0.12774458208408304 47.927967114300536 -246.15108949767642 2799.9738587842535 2799.9738587842535 -902.3292817056004 1803.3680683052132 -1942.554783646773
246.148975710102 42.07751755823075 39633114296747347 10 352-354-356-357-358-359-360-361-362-433 0.7744446838341498 0.9545454545454546 13 1.386613209717355 1.0 [-1,-1] 1.0 1.0 1.0 0.0007064174578981374 0.12774458208408304 47.92248244176925 -246.148975710102 2795.7551225627444 2795.7551225627444 -899.9799496671611 1789.2117654472363 -1950.6419594374834
245.45105093912528 43.34516818661116 39633136555918660 10 352-354-356-357-358-359-360-361-362-433 0.8510544174629441 0.9545454545454546 13 0.32883322943433785 1.0 [-1,-1] 1.0 1.0 1.0 0.0006576102792991648 0.1359368301360722 46.65483181338884 -245.45105093912528 3008.6520218206388 3008.6520218206388 1249.0454924802193 -538.1642262353085 -2683.701103275254
246.82615054426077 43.06496563994913 39633132156092538 10 352-354-356-357-358-359-360-361-362-433 0.6275072220946782 0.9545454545454546 13 0.7893344923929918 1.0 [-1,-1] 1.0 1.0 1.0 0.0007056687116799521 0.12786279395313782 46.93503436005087 -246.82615054426077 2358.681532894537 2358.681532894537 -92.79555048915113 -432.9742510280094 -2316.7435890434385
246.73684068683608 44.01671844759082 39633149721840736 10 352-354-356-357-358-359-360-361-362-433 0.894506166066902 0.9545454545454546 13 0.8393258234817033 1.0 [-1,-1] 1.0 1.0 1.0 0.0005723615213970424 0.15308410280969617 45.98328155240918 -246.73684068683608 3125.1140040672576 3125.1140040672576 -345.152100393826 -2819.3277264273834 -1303.303010434956
246.89040463433122 43.981636625290264 39633149726032821 10 352-354-356-357-358-359-360-361-362-433 0.7654606816319884 0.9545454545454546 13 0.9032993446849612 1.0 [-1,-1] 1.0 1.0 1.0 0.0007242712797402853 0.12498917450484462 46.018363374709736 -246.89040463433122 2770.136922186192 2770.136922186192 -673.1698775189602 -2382.393325795838 -1242.8607825753227
246.05381492386158 43.94992914447585 39633149713452048 10 352-354-356-357-358-359-360-361-362-433 0.9457431827350676 0.9545454545454546 13 0.5154802095670473 1.0 [-1,-1] 1.0 1.0 1.0 0.0003671239319408774 0.21984967794317842 46.05007085552415 -246.05381492386158 3258.6156801366865 3258.6156801366865 1524.4683402343328 -2425.048486763299 -1553.612650342064
247.37484200203465 43.903906071685796 39633149730228698 10 352-354-356-357-358-359-360-361-362-433 0.7639136876994876 0.9545454545454546 13 1.1725329251801646 1.0 [-1,-1] 1.0 1.0 1.0 0.0007242712797402853 0.12498917450484462 46.096093928314204 -247.37484200203465 2765.711523748652 2765.711523748652 -1630.9842400344312 -1716.6331947386325 -1429.063020330746
244.36810509368323 43.546659823307095 39633140943160659 9 352-354-356-357-358-359-360-361-433 0.7484209604072491 1.0 13 1.1009559882311257 1.0 [-1,-1] 1.0 1.0 1.0 0.0006073340474539246 0.1455520198534496 46.453340176692905 -244.36810509368323 2721.1626654452616 2721.1626654452616 1318.9703515125182 1058.1667227036748 -2131.9771693446132
244.37187180861036 43.55369921405335 39633140943160688 9 352-354-356-357-358-359-360-361-433 0.7457526303087744 1.0 13 1.0988126999910675 1.0 [-1,-1] 1.0 1.0 1.0 0.0006073340474539246 0.1455520198534496 46.44630078594665 -244.37187180861036 2713.447613690415 2713.447613690415 1330.8713750108723 1059.4997571506885 -2114.0103121831053
244.46762606255533 42.77793320421445 39633127689162162 9 352-354-356-357-358-359-360-361-433 1.012345619027301 1.0 13 1.230699337630377 1.0 [-1,-1] 1.0 1.0 1.0 0.00020130102782971312 0.3394727840281335 47.22206679578555 -244.46762606255533 3426.2050063589395 3426.2050063589395 -281.5368862590892 -183.0893778135765 -3409.706146723854
246.96318205157974 43.48854657137207 39633140972524144 9 352-354-356-357-358-359-360-361-433 0.6069094048621543 1.0 13 0.787051144067745 1.0 [-1,-1] 1.0 1.0 1.0 0.0006106036532175123 0.14488555312656437 46.51145342862793 -246.96318205157974 2294.2283820969037 2294.2283820969037 -449.95448275902146 -1239.7376773178028 -1877.252067278845
245.20118209696977 44.455231674084956 39633158374689079 9 352-354-356-357-358-359-360-361-433 1.0514060689473719 1.0 13 1.1177140108068986 1.0 [-1,-1] 1.0 1.0 1.0 0.00014839258087788972 0.41078905010633954 45.544768325915044 -245.20118209696977 3521.4850317264413 3521.4850317264413 3478.0777408396602 -550.4294658409744 29.316556466913276
246.96403261745704 43.096011512037116 39633132156094386 9 352-354-356-357-358-359-360-361-433 0.45560280259811403 1.0 13 0.8650168403524696 1.0 [-1,-1] 1.0 1.0 1.0 0.0005330850268982689 0.1625298359500762 46.903988487962884 -246.96403261745704 1795.2336135633284 1795.2336135633284 -133.91437177904484 -367.991448489983 -1752.0025576856085
245.09723754803574 42.78237578703371 39633127697550178 9 352-354-356-357-358-359-360-361-433 0.6406222106997538 1.0 13 0.8787466503698929 1.0 [-1,-1] 1.0 1.0 1.0 0.0007982518636535506 0.11473445525619816 47.21762421296629 -245.09723754803574 2399.300672559974 2399.300672559974 -224.252388591839 11.898894365338382 -2388.768092526037
246.39161137159581 42.122903271889754 39633114300940577 9 352-354-356-357-358-359-360-361-433 1.0772530467439105 1.0 13 1.379180211817872 1.0 [-1,-1] 1.0 1.0 1.0 0.00012850791192818028 0.44600300211103894 47.877096728110246 -246.39161137159581 3583.351886897555 3583.351886897555 -543.0270690776457 2390.034256044749 -2614.052142271426
246.49893993263225 42.19311818093964 39633118793042637 8 352-354-356-357-358-359-360-362 0.8972310773096996 1.0 13 1.3363442796933451 1.0 [-1,-1] 1.0 1.0 1.0 0.0005723615213970424 0.15308410280969617 47.80688181906036 -246.49893993263225 3132.317041233464 3132.317041233464 -228.96526465995845 1963.5531689356676 -2429.7003739439674
247.19006409993472 42.287334112008274 39633118801431406 8 352-354-356-357-358-359-360-362 0.8365416477423692 1.0 13 1.50783889306795 1.0 [-1,-1] 1.0 1.0 1.0 0.0006366829495309179 0.1397804201853648 47.712665887991726 -247.19006409993472 2969.072602347561 2969.072602347561 896.7614211665385 1383.6702481262653 -2469.143113707362
244.42123202994736 42.965490290820505 39633132122541687 8 352-354-356-357-358-359-360-362 0.8045679936860926 1.0 13 1.1684265493717347 1.0 [-1,-1] 1.0 1.0 1.0 0.0008239664519383997 0.11155322342262282 47.034509709179495 -244.42123202994736 2880.6433891374472 2880.6433891374472 208.82377340435082 150.02736903023137 -2869.1446034636024
245.00160615639743 42.527944205764896 39633123247391327 8 352-354-356-357-358-359-360-362 0.7773405773629336 1.0 13 1.1238319310633906 1.0 [-1,-1] 1.0 1.0 1.0 0.0007064174578981374 0.12774458208408304 47.472055794235104 -245.00160615639743 2803.9832016921496 2803.9832016921496 -955.7785633673408 -40.76075365206578 -2635.744239136441
247.32977557990506 42.37479766479297 39633118805623315 8 352-354-356-357-358-359-360-362 0.8805401018690963 1.0 13 1.511076474637967 1.0 [-1,-1] 1.0 1.0 1.0 0.0005346154933450218 0.1621399955636538 47.62520233520703 -247.32977557990506 3088.0113511438967 3088.0113511438967 972.6764315800946 1120.8198777129023 -2708.0394136655036
244.728438870701 42.838462776079396 39633127693355406 8 352-354-356-357-358-359-360-362 0.6783219022003545 1.0 13 1.03918716920891 1.0 [-1,-1] 1.0 1.0 1.0 0.0008053318504768218 0.11384060807160488 47.161537223920604 -244.728438870701 2514.271684443794 2514.271684443794 -89.95403951277154 -29.38991485003285 -2512.4901207519756
246.60212240530555 42.07740734953182 39633114300943096 8 352-354-356-357-358-359-360-362 0.5848363602894509 1.0 13 1.4714019336964477 1.0 [-1,-1] 1.0 1.0 1.0 0.0005369919189708607 0.1615383650856205 47.92259265046818 -246.60212240530555 2224.256016801212 2224.256016801212 -20.557946683843113 1593.4395106654583 -1551.7225025611901
247.18872637774678 42.28919406588863 39633118801431379 8 352-354-356-357-358-359-360-362 0.5888568905650804 1.0 13 1.505771469621812 1.0 [-1,-1] 1.0 1.0 1.0 0.0005369919189708607 0.1615383650856205 47.71080593411137 -247.18872637774678 2237.0713532154505 2237.0713532154505 672.3975897497835 1040.5322192035733 -1862.7029879922284
246.75999621026267 43.69130260099607 39633145355570029 8 352-354-356-357-358-359-360-362 0.9992216947657194 1.0 13 0.6817097878538196 1.0 [-1,-1] 1.0 1.0 1.0 0.00023297360745577845 0.30751381291380364 46.30869739900393 -246.75999621026267 3393.699776131387 3393.699776131387 -356.8488561114019 -2444.2178964002533 -2327.1561914325666
246.27651359192066 44.45486358709617 39633158387272029 9 352-354-356-357-358-359-360-362-433 0.5552126836863815 1.0 13 1.0446186971379816 1.0 [-1,-1] 1.0 1.0 1.0 0.0006724560872077301 0.13333590500666823 45.54513641290383 -246.27651359192066 2128.859243247791 2128.859243247791 706.9329207700869 -2007.9842089817212 16.93929080813302
247.1243032553244 42.89170106422396 39633132156096484 9 352-354-356-357-358-359-360-362-433 0.8451033328153006 1.0 13 1.0654572873022874 1.0 [-1,-1] 1.0 1.0 1.0 0.0006366829495309179 0.1397804201853648 47.10829893577604 -247.1243032553244 2992.46390989584 2992.46390989584 -22.74571670157812 -40.7327301049559 -2992.1002204302963
244.26250352297484 42.69498410400288 39633127689159525 9 352-354-356-357-358-359-360-362-433 0.6970109191367913 1.0 13 1.402151680884672 1.0 [-1,-1] 1.0 1.0 1.0 0.0005639081233901963 0.1550231922816235 47.30501589599712 -244.26250352297484 2570.295707424472 2570.295707424472 -328.5957463925223 -326.18959171016525 -2528.249435739552
247.21053366243822 43.635497436070494 39633145359765495 9 352-354-356-357-358-359-360-362-433 1.0070890754924435 1.0 13 0.982116573325911 1.0 [-1,-1] 1.0 1.0 1.0 0.00023297360745577845 0.30751381291380364 46.364502563929506 -247.21053366243822 3413.2156928559975 3413.2156928559975 -1318.1443522134578 -1945.4111329610093 -2475.4620490804487
247.5144480518094 43.89771558153063 39633149734420663 9 352-354-356-357-358-359-360-362-433 0.504802287593744 1.0 13 1.264079553280071 1.0 [-1,-1] 1.0 1.0 1.0 0.0007365189099627642 0.12316671624379881 46.10228441846937 -247.5144480518094 1962.5283516144125 1962.5283516144125 -1310.6379124399018 -1041.2875127258733 -1024.4345314400155
246.9936775181074 44.16849417859028 39633154071332574 9 352-354-356-357-358-359-360-362-433 0.64342801052086 1.0 13 1.0780073451053576 1.0 [-1,-1] 1.0 1.0 1.0 0.0007982518636535506 0.11473445525619816 45.83150582140972 -246.9936775181074 2407.948612105095 2407.948612105095 -855.8702882230778 -2151.2219969888465 -661.7752548615867
247.3298182685694 42.34944129597712 39633118805623316 9 352-354-356-357-358-359-360-362-433 0.8667105953791795 1.0 13 1.5293940396508559 1.0 [-1,-1] 1.0 1.0 1.0 0.0006576102792991648 0.1359368301360722 47.65055870402288 -247.3298182685694 3050.9645852619115 3050.9645852619115 1005.2089001760619 1158.2073190147905 -2637.51697126479
247.5528165092124 42.66751150253005 39633127726911008 9 352-354-356-357-358-359-360-362-433 0.8045764280703026 1.0 13 1.4512235311626407 1.0 [-1,-1] 1.0 1.0 1.0 0.0008239664519383997 0.11155322342262282 47.33248849746995 -247.5528165092124 2880.666941651466 2880.666941651466 480.9751594672485 352.9032328202619 -2818.220046938151
244.91118444385557 43.04711299676005 39633132130928186 9 352-354-356-357-358-359-360-362-433 0.7557068583946607 1.0 13 0.8125764281080062 1.0 [-1,-1] 1.0 1.0 1.0 0.0007242712797402853 0.12498917450484462 46.95288700323995 -244.91118444385557 2742.165178924467 2742.165178924467 462.51220430366294 61.89944158136379 -2702.169644657407
246.03760377490303 43.76332336067437 39633145347180579 9 352-354-356-357-358-359-360-362-433 0.5408537402799086 1.0 13 0.3334586668844697 1.0 [-1,-1] 1.0 1.0 1.0 0.0006094867785671962 0.14511252611805409 46.23667663932563 -246.03760377490303 2081.997933812343 2081.997933812343 881.1350295044181 -1352.499203137531 -1314.9381588848419
244.82254958033923 42.99689011432765 39633132130927167 9 352-354-356-357-358-359-360-362-433 0.6577576654137993 1.0 13 0.8938901599402445 1.0 [-1,-1] 1.0 1.0 1.0 0.0006371005092682059 0.1397016056866948 47.00310988567235 -244.82254958033923 2451.88523014645 2451.88523014645 288.1901234257388 64.95268287614708 -2434.0231682458075
245.99044953412215 43.821143874237116 39633145347180046 9 352-354-356-357-358-359-360-362-433 0.9462730084258414 1.0 13 0.37965462935642597 1.0 [-1,-1] 1.0 1.0 1.0 0.0003671239319408774 0.21984967794317842 46.178856125762884 -245.99044953412215 3259.9750479971854 3259.9750479971854 1545.0680608419893 -2143.4374719971806 -1909.4181848323753
246.78785072003126 43.9341788491242 39633149721841298 9 352-354-356-357-358-359-360-362-433 0.8853844624493502 1.0 13 0.8156710961705053 1.0 [-1,-1] 1.0 1.0 1.0 0.0005346154933450218 0.1621399955636538 46.0658211508758 -246.78785072003126 3100.916139337264 3100.916139337264 -464.6873590859114 -2661.9127153673007 -1521.172987294334
245.98419769068607 43.795296651125135 39633145347179964 9 352-354-356-357-358-359-360-362-433 0.6648436972267809 1.0 13 0.3534390894519216 1.0 [-1,-1] 1.0 1.0 1.0 0.0006371005092682059 0.1397016056866948 46.204703348874865 -245.98419769068607 2473.4706547339642 2473.4706547339642 1159.9693728543507 -1588.1723956294754 -1500.0788564707136
247.20640209757624 43.62199258601994 39633140976716436 9 352-354-356-357-358-359-360-362-433 0.5855505295022335 1.0 13 0.9768137726507102 1.0 [-1,-1] 1.0 1.0 1.0 0.0005369919189708607 0.1615383650856205 46.37800741398006 -247.20640209757624 2226.5347027933926 2226.5347027933926 -842.3758939344802 -1254.3673188379826 -1635.366095249794
