data_rosette/LRG_11_clustering_data.ecsv
# %ECSV 1.0
# ---
# datatype:
# - {name: RA, unit: deg, datatype: float64}
# - {name: DEC, unit: deg, datatype: float64}
# - {name: TARGETID, datatype: int64}
# - {name: NTILE, datatype: int64}
# - {name: TILES, datatype: string}
# - {name: Z, datatype: float64}
# - {name: COMP_TILE, datatype: float64}
# - {name: ROSETTE_NUMBER, datatype: int32}
# - {name: ROSETTE_R, unit: deg, datatype: float64}
# - {name: FRACZ_TILELOCID, datatype: float64}
# - {name: BITWEIGHTS, datatype: string, subtype: 'int64[2]'}
# - {name: PROB_OBS, datatype: float64}
# - {name: WEIGHT_ZFAIL, datatype: float64}
# - {name: WEIGHT, datatype: float64}
# - {name: NZ, unit: h3 / Mpc3, datatype: float64}
# - {name: WEIGHT_FKP, datatype: float64}
# - {name: distance, unit: Mpc, datatype: float64}
# - {name: x, unit: Mpc, datatype: float64}
# - {name: y, unit: Mpc, datatype: float64}
# - {name: z, unit: Mpc, datatype: float64}
# meta: !!omap
# - {EXTNAME: LSS}
# - {DESIDR: edr}
# - comments: ['Visit https://desidatamodel.readthedocs.io/en/latest/ for a more complet', e description]
# schema: astropy-2.0
RA DEC TARGETID NTILE TILES Z COMP_TILE ROSETTE_NUMBER ROSETTE_R FRACZ_TILELOCID BITWEIGHTS PROB_OBS WEIGHT_ZFAIL WEIGHT NZ WEIGHT_FKP distance x y z
[from data line 836]
243.7380098729584 54.65592800159761 39633319003950125 11 298-299-300-301-302-304-305-306-307-308-475 0.6297543763410252 1.0 11 0.6550396084909915 1.0 [-1,-1] 1.0 1.0 1.0 0.0007056687116799521 0.12786279395313782 2365.6643706283944 -605.5297447793982 -1227.245352942386 1929.6555356667554
241.78336739376488 55.666790759825766 39633332803209662 11 298-299-300-301-302-304-305-306-307-308-475 0.7591871622240368 1.0 11 0.8798329041574924 1.0 [-1,-1] 1.0 1.0 1.0 0.0007242712797402853 0.12498917450484462 2752.164882928043 -733.9065087659731 -1367.776298071457 2272.659406432739
242.14485432854772 55.30059484646116 39633325941326923 11 298-299-300-301-302-304-305-306-307-308-475 0.8804038482968743 1.0 11 0.47160654282152237 1.0 [-1,-1] 1.0 1.0 1.0 0.0005346154933450218 0.1621399955636538 3087.6478469814065 -821.2677953730639 -1554.0456290024877 2538.5095269134295
241.9491547636057 54.97288082454629 39633322472639984 11 298-299-300-301-302-304-305-306-307-308-475 0.5482626368594947 1.0 11 0.4596682875943326 1.0 [-1,-1] 1.0 1.0 1.0 0.0006094867785671962 0.14511252611805409 2106.2283264347584 -568.4909048801966 -1066.890773001992 1724.749237607563
243.0673642792953 54.60184738187766 39633315493315321 11 298-299-300-301-302-304-305-306-307-308-475 0.8831643342041176 1.0 11 0.42009547807985315 1.0 [-1,-1] 1.0 1.0 1.0 0.0005346154933450218 0.1621399955636538 3095.006630477418 -812.0344709018875 -1598.3503062288733 2522.88373876886
242.65748116823352 53.787619538905226 39633304835592880 11 298-299-300-301-302-304-305-306-307-308-475 0.4647790197604199 1.0 11 1.1935968117386864 1.0 [-1,-1] 1.0 1.0 1.0 0.0005330850268982689 0.1625298359500762 1826.8127915528053 -495.7065669381512 -958.6676647784985 1473.9322519652949
240.5996007485809 55.30639987139613 39633325924551653 11 298-299-300-301-302-304-305-306-307-308-475 0.9580292162577264 1.0 11 1.2715575105320938 1.0 [-1,-1] 1.0 1.0 1.0 0.0003767415448896098 0.21544643941305056 3290.0282952580405 -919.2991392993607 -1631.4665588893952 2705.086346737859
242.76492303157968 56.22336499550188 39633339589591841 11 298-299-300-301-302-304-305-306-307-308-475 0.5995998287154457 1.0 11 1.2433935689903821 1.0 [-1,-1] 1.0 1.0 1.0 0.0006106036532175123 0.14488555312656437 2271.160780038265 -577.849913689104 -1122.6831901822777 1887.8144030904252
242.76533631911713 56.23419276191781 39633339589591848 11 298-299-300-301-302-304-305-306-307-308-475 1.0946376443504016 1.0 11 1.254222671024849 1.0 [-1,-1] 1.0 1.0 1.0 5.9370222311395755e-05 0.6353792046182113 3624.445116693755 -921.8916506925567 -1791.1408870044797 3013.06032319457
241.75143735205944 54.1361762690448 39633311949130793 11 298-299-300-301-302-304-305-306-307-308-475 0.8034792402326498 1.0 11 1.0233682740627819 1.0 [-1,-1] 1.0 1.0 1.0 0.0008239664519383997 0.11155322342262282 2877.6021026833864 -797.9201705697342 -1485.0910062333485 2332.042445147737
243.39436995737637 54.78278223276642 39633318999756547 11 298-299-300-301-302-304-305-306-307-308-475 0.6095957447266951 1.0 11 0.4198833235795874 1.0 [-1,-1] 1.0 1.0 1.0 0.0006106036532175123 0.14488555312656437 2302.680187278262 -594.6980463392836 -1187.293141802232 1881.2244081962886
243.03323065683708 53.69953551784363 39633304839786010 11 298-299-300-301-302-304-305-306-307-308-475 0.6159530976517753 1.0 11 1.2910635753731436 1.0 [-1,-1] 1.0 1.0 1.0 0.0007056687116799521 0.12786279395313782 2322.6268088444285 -623.5448002959497 -1225.5322251720631 1871.8594873150998
240.62943417322535 55.286776676233316 39633325924551896 11 298-299-300-301-302-304-305-306-307-308-475 0.7432997768403158 1.0 11 1.250418485021172 1.0 [-1,-1] 1.0 1.0 1.0 0.0006073340474539246 0.1455520198534496 2706.3445490991207 -755.8811744636906 -1343.085796037062 2224.6494135061835
243.38685685355756 54.8085749121655 39633318999756470 11 298-299-300-301-302-304-305-306-307-308-475 0.8346185647779206 1.0 11 0.4043791712802177 1.0 [-1,-1] 1.0 1.0 1.0 0.0006366829495309179 0.1397804201853648 2963.801970453831 -765.1536333840362 -1527.101438677357 2422.111317296289
243.60168973532544 55.65437291532996 39633332819988122 11 298-299-300-301-302-304-305-306-307-308-475 0.495738690631846 1.0 11 0.8304406181338866 1.0 [-1,-1] 1.0 1.0 1.0 0.0007365189099627642 0.12316671624379881 1932.0807189095906 -484.64511631527046 -976.3835559016304 1595.2210402884127
240.84710377833503 54.544256596690964 39633315468152219 11 298-299-300-301-302-304-305-306-307-308-475 0.8999926431954891 1.0 11 1.1811784547035766 1.0 [-1,-1] 1.0 1.0 1.0 0.0005723615213970424 0.15308410280969617 3139.6050220544403 -887.1842286857487 -1590.4982618147733 2557.40867247394
240.31464773621295 54.54560222319217 39633315463957685 11 298-299-300-301-302-304-305-306-307-308-475 0.9672840834987885 1.0 11 1.4706338121027618 1.0 [-1,-1] 1.0 1.0 1.0 0.0003767415448896098 0.21544643941305056 3313.540526921831 -951.8621105348972 -1669.7836771235845 2699.135383357622
244.9052508293077 54.68106626593537 39633319016531397 11 298-299-300-301-302-304-305-306-307-308-475 0.6905285869351033 1.0 11 1.2768448619575483 1.0 [-1,-1] 1.0 1.0 1.0 0.0005639081233901963 0.1550231922816235 2550.935777292686 -625.4723177977587 -1335.5590297056513 2081.42734624878
240.90851605701286 54.667981930637275 39633318978781609 11 298-299-300-301-302-304-305-306-307-308-475 0.6105252751952962 1.0 11 1.1057560159429631 1.0 [-1,-1] 1.0 1.0 1.0 0.0007056687116799521 0.12786279395313782 2305.6014731252553 -648.2873144408251 -1165.1499200507692 1880.9432140865222
241.15646200987763 53.956249672686816 39633308396553901 11 298-299-300-301-302-304-305-306-307-308-475 0.6698239808462115 1.0 11 1.380406037189013 1.0 [-1,-1] 1.0 1.0 1.0 0.0006371005092682059 0.1397016056866948 2488.5859185184077 -706.4024265372182 -1282.6315836790632 2012.1907728094209
241.15411594893243 53.95251044189045 39633308396553879 11 298-299-300-301-302-304-305-306-307-308-475 0.7054055471691474 1.0 11 1.3841224109185568 1.0 [-1,-1] 1.0 1.0 1.0 0.0005639081233901963 0.1550231922816235 2595.2536391341887 -736.8016406632447 -1337.6985313497062 2098.3392082740197
242.99905632521677 53.694521622915694 39633304839785686 11 298-299-300-301-302-304-305-306-307-308-475 0.8408712765735538 1.0 11 1.2936508531181932 1.0 [-1,-1] 1.0 1.0 1.0 0.0006366829495309179 0.1397804201853648 2980.9166012697865 -801.3062453669337 -1572.5880242260948 2402.2362479411613
240.94546220003406 55.37095824159945 39633325928744945 11 298-299-300-301-302-304-305-306-307-308-475 0.7949545844124862 1.0 11 1.1021373932685568 1.0 [-1,-1] 1.0 1.0 1.0 0.0008239664519383997 0.11155322342262282 2853.7203502016728 -787.5449540982427 -1417.5847812884954 2348.179330947448
241.1521512499409 53.941553357293316 39633308396553860 11 298-299-300-301-302-304-305-306-307-308-475 0.6496817916527906 1.0 11 1.3931180385145117 1.0 [-1,-1] 1.0 1.0 1.0 0.0007982518636535506 0.11473445525619816 2427.1707011469193 -689.3062621657234 -1251.3668639878072 1962.1660126397226
240.84399978290458 54.54441289211931 39633315468152196 11 298-299-300-301-302-304-305-306-307-308-475 0.8998431737881033 1.0 11 1.182783527972784 1.0 [-1,-1] 1.0 1.0 1.0 0.0005723615213970424 0.15308410280969617 3139.210868520886 -887.1556041384191 -1590.2444358016348 2557.092576636089
243.56724029905823 54.710510229118896 39633319003948436 11 298-299-300-301-302-304-305-306-307-308-475 0.5465366122660346 1.0 11 0.5422567647278393 1.0 [-1,-1] 1.0 1.0 1.0 0.0006094867785671962 0.14511252611805409 2100.5931860393075 -540.1992159421629 -1086.6637641566194 1714.5956969499277
240.61868018897306 54.61370778962977 39633315468150407 11 298-299-300-301-302-304-305-306-307-308-475 0.8913315746683416 1.0 11 1.2820359791366267 1.0 [-1,-1] 1.0 1.0 1.0 0.0005723615213970424 0.15308410280969617 3116.7074792345184 -885.4910638225174 -1572.692147592677 2540.9467715611804
240.6375868513476 54.61206923505535 39633315468150546 11 298-299-300-301-302-304-305-306-307-308-475 0.9358930392257917 1.0 11 1.272092646622709 1.0 [-1,-1] 1.0 1.0 1.0 0.0003671239319408774 0.21984967794317842 3233.2653165131373 -918.1049767696086 -1631.876025698284 2635.9189090996047
240.81914314010956 54.545467175284045 39633315468151993 11 298-299-300-301-302-304-305-306-307-308-475 0.42334926908161125 1.0 11 1.1957303611543513 1.0 [-1,-1] 1.0 1.0 1.0 0.0005613841910631427 0.1556117057517016 1682.8480086692573 -475.9381728087448 -852.2596038609556 1370.8077339920158
242.4929238255104 56.31073305154067 39633339585398678 11 298-299-300-301-302-304-305-306-307-308-475 0.6919309698075184 1.0 11 1.3386146444881952 1.0 [-1,-1] 1.0 1.0 1.0 0.0005639081233901963 0.1550231922816235 2555.130566222197 -654.5923616300925 -1257.0811456222418 2126.016943455432
241.18654127166664 55.280679223854705 39633325932937470 11 298-299-300-301-302-304-305-306-307-308-475 1.065559019843749 1.0 11 0.943040043203082 1.0 [-1,-1] 1.0 1.0 1.0 0.00014839258087788972 0.41078905010633954 3555.4762554089084 -975.9898870154606 -1774.3316184415817 2922.4309146699397
242.50043127328817 55.54287591531961 39633329389045163 10 298-299-300-301-302-304-305-306-307-475 0.8132708632197514 1.0 11 0.580562203034036 1.0 [-1,-1] 1.0 1.0 1.0 0.000762533893525711 0.11946670068019369 2904.8819627424677 -758.8965677423878 -1457.8535350047657 2395.2198828937317
243.9689716659692 54.55799580355962 39633315501704370 10 298-299-300-301-302-304-305-306-307-475 0.8508408096752885 1.0 11 0.8200856955101897 1.0 [-1,-1] 1.0 1.0 1.0 0.0006576102792991648 0.1359368301360722 3008.071968118477 -765.5069609199684 -1567.367002309017 2450.6849528725816
243.33900265866492 54.839678560040255 39633318999755946 10 298-299-300-301-302-304-305-306-307-475 0.8679016586011344 1.0 11 0.36651993188120807 1.0 [-1,-1] 1.0 1.0 1.0 0.0006576102792991648 0.1359368301360722 3054.167326084932 -789.1888851676197 -1571.7920351226135 2496.915849118225
242.82054264197234 54.29539515398498 39633311961711797 10 298-299-300-301-302-304-305-306-307-475 0.58649189893052 1.0 11 0.6858209928891413 1.0 [-1,-1] 1.0 1.0 1.0 0.0005369919189708607 0.1615383650856205 2229.536800016519 -594.3481099339901 -1157.4969543452153 1810.4655388952708
240.71084298596597 55.62458853983642 39633329372267689 10 298-299-300-301-302-304-305-306-307-475 1.002996752793234 1.0 11 1.3276719256845846 1.0 [-1,-1] 1.0 1.0 1.0 0.00023297360745577845 0.30751381291380364 3403.075482026124 -939.9921881757955 -1675.7893982662026 2808.7483538392
243.82287691017402 54.595241248265516 39633315497513402 10 298-299-300-301-302-304-305-306-307-475 0.9044351728246175 1.0 11 0.7285088977895773 1.0 [-1,-1] 1.0 1.0 1.0 0.0005723615213970424 0.15308410280969617 3151.304013764649 -805.4050567670158 -1638.4502857524965 2568.5638677714187
241.77904475634472 55.03380208277128 39633322472638273 10 298-299-300-301-302-304-305-306-307-475 0.6089990157093442 1.0 11 0.5594098880140985 1.0 [-1,-1] 1.0 1.0 1.0 0.0006106036532175123 0.14488555312656437 2300.80394305388 -623.5184991659237 -1161.8365552703117 1885.486484811751
242.60581109982624 55.36430563502971 39633325945521402 10 298-299-300-301-302-304-305-306-307-475 0.4928156573082497 1.0 11 0.3930290636666994 1.0 [-1,-1] 1.0 1.0 1.0 0.0007365189099627642 0.12316671624379881 1922.2256904916399 -502.67418684454225 -969.997590035716 1581.573565279574
242.6830791940118 55.61008991863488 39633329389047066 10 298-299-300-301-302-304-305-306-307-475 0.9125769870556714 1.0 11 0.6312407751287267 1.0 [-1,-1] 1.0 1.0 1.0 0.00042618922305278896 0.1953324009783564 3172.664424624205 -822.3655053916542 -1592.150118405705 2618.123856367125
242.67754537123446 55.61664640533409 39633329389047019 10 298-299-300-301-302-304-305-306-307-475 0.7577655658897989 1.0 11 0.6379811688669922 1.0 [-1,-1] 1.0 1.0 1.0 0.0007242712797402853 0.12498917450484462 2748.0828628202867 -712.3265841831433 -1378.781390384898 2267.931245853984
243.76352622955207 54.57490827470087 39633315497512759 10 298-299-300-301-302-304-305-306-307-475 0.63277441810802 1.0 11 0.7111877811603584 1.0 [-1,-1] 1.0 1.0 1.0 0.0007982518636535506 0.11473445525619816 2375.0338490327754 -608.5896847277534 -1234.8326086529717 1935.3534065647314
241.03249648577426 54.137785133473194 39633311944933787 10 298-299-300-301-302-304-305-306-307-475 0.6657939544823566 1.0 11 1.3042288316209205 1.0 [-1,-1] 1.0 1.0 1.0 0.0006371005092682059 0.1397016056866948 2476.358245232172 -702.6152818693041 -1269.24872411347 2006.9104615675828
242.72713152488484 55.48685499906156 39633329389047527 10 298-299-300-301-302-304-305-306-307-475 0.7219309868124855 1.0 11 0.5070227153278885 1.0 [-1,-1] 1.0 1.0 1.0 0.0005823912580269674 0.15084542533972659 2644.0144038597164 -686.466075249402 -1331.5503601304615 2178.6578744230983
243.90777466613338 53.94286478998663 39633308421721950 9 298-299-300-301-302-304-305-306-308 0.6181373611038371 1.0 11 1.2362952507353637 1.0 [-1,-1] 1.0 1.0 1.0 0.0007056687116799521 0.12786279395313782 2329.462278747736 -603.0344738628941 -1231.369410741336 1883.208248105353
243.92102339993076 53.934918240084215 39633308421722108 9 298-299-300-301-302-304-305-306-308 0.6213339404140132 1.0 11 1.2471898624971338 1.0 [-1,-1] 1.0 1.0 1.0 0.0007056687116799521 0.12786279395313782 2339.449331180559 -605.4491863790873 -1237.024231266447 1891.0910890630632
242.89837541437277 54.67567220131199 39633318995560979 9 298-299-300-301-302-304-305-306-308 0.8833892674095297 1.0 11 0.3161017488091828 1.0 [-1,-1] 1.0 1.0 1.0 0.0005346154933450218 0.1621399955636538 3095.6057122061566 -815.4213316508051 -1593.3615935734665 2525.680425045345
243.9240305350156 53.950317311399054 39633308421722158 9 298-299-300-301-302-304-305-306-308 0.7592694681589571 1.0 11 1.2352096506598247 1.0 [-1,-1] 1.0 1.0 1.0 0.0007242712797402853 0.12498917450484462 2752.4011112581825 -711.9817955592495 -1454.8798393971813 2225.3355821006267
240.31780774577854 55.273102288417235 39633325924548916 9 298-299-300-301-302-304-305-306-308 0.7442499888075372 1.0 11 1.4211173718235335 1.0 [-1,-1] 1.0 1.0 1.0 0.0006073340474539246 0.1455520198534496 2709.0974631990093 -764.2143465886023 -1340.7784837888535 2226.544083324722
240.79065061383787 55.310808986271816 39633325928743481 10 298-299-300-301-302-304-305-306-308-475 0.7707617082888499 1.0 11 1.1675570321968027 1.0 [-1,-1] 1.0 1.0 1.0 0.0007064174578981374 0.12774458208408304 2785.2698469197744 -773.5638729531277 -1383.5993750444823 2290.192093253048
242.01885052762083 55.31110079080753 39633325937135668 10 298-299-300-301-302-304-305-306-308-475 0.7900462383932185 1.0 11 0.5331219449084785 1.0 [-1,-1] 1.0 1.0 1.0 0.0008239664519383997 0.11155322342262282 2839.9137373418357 -758.3149647010705 -1427.31568627095 2335.131341397776
241.94543696103872 55.359858571668525 39633325937134921 10 298-299-300-301-302-304-305-306-308-475 0.770632180018162 1.0 11 0.5961919491225227 1.0 [-1,-1] 1.0 1.0 1.0 0.0007064174578981374 0.12774458208408304 2784.9006594719394 -744.5013924970507 -1396.9924313949125 2291.244532196973
241.7662059641696 56.00835884597922 39633336200595583 10 298-299-300-301-302-304-305-306-308-475 0.4110834085788683 1.0 11 1.1696363856517047 1.0 [-1,-1] 1.0 1.0 1.0 0.0005613841910631427 0.1556117057517016 1639.537074213837 -433.6254892887709 -807.5640359907226 1359.3715755948106
242.92647706457993 55.62645448926158 39633332815791263 10 298-299-300-301-302-304-305-306-308-475 0.9116853259068187 1.0 11 0.6542126214508448 1.0 [-1,-1] 1.0 1.0 1.0 0.00042618922305278896 0.1953324009783564 3170.3301643136397 -814.6543138664056 -1593.7898442642884 2616.708931458717
243.54041315959594 54.37711197329871 39633315497510274 10 298-299-300-301-302-304-305-306-308-475 0.7344721095252918 1.0 11 0.7565025199083031 1.0 [-1,-1] 1.0 1.0 1.0 0.0006073340474539246 0.1455520198534496 2680.6933530590068 -695.6913381514728 -1397.8091368786627 2179.050259175837
