data_rosette/LRG_0_clustering_data.ecsv
# %ECSV 1.0
# ---
# datatype:
# - {name: RA, unit: deg, datatype: float64}
# - {name: DEC, unit: deg, datatype: float64}
# - {name: TARGETID, datatype: int64}
# - {name: NTILE, datatype: int64}
# - {name: TILES, datatype: string}
# - {name: Z, datatype: float64}
# - {name: COMP_TILE, datatype: float64}
# - {name: ROSETTE_NUMBER, datatype: int32}
# - {name: ROSETTE_R, unit: deg, datatype: float64}
# - {name: FRACZ_TILELOCID, datatype: float64}
# - {name: BITWEIGHTS, datatype: string, subtype: 'int64[2]'}
# - {name: PROB_OBS, datatype: float64}
# - {name: WEIGHT_ZFAIL, datatype: float64}
# - {name: WEIGHT, datatype: float64}
# - {name: NZ, unit: h3 / Mpc3, datatype: float64}
# - {name: WEIGHT_FKP, datatype: float64}
# - {name: theta, unit: deg, datatype: float64}
# - {name: phi, unit: deg, datatype: float64}
# - {name: rho, unit: Mpc, datatype: float64}
# - {name: r, unit: Mpc, datatype: float64}
# - {name: x, unit: Mpc, datatype: float64}
# - {name: y, unit: Mpc, datatype: float64}
# - {name: z, unit: Mpc, datatype: float64}
# meta: !!omap
# - {EXTNAME: LSS}
# - {DESIDR: edr}
# - comments: ['Visit https://desidatamodel.readthedocs.io/en/latest/ for a more complet', e description]
# schema: astropy-2.0
RA DEC TARGETID NTILE TILES Z COMP_TILE ROSETTE_NUMBER ROSETTE_R FRACZ_TILELOCID BITWEIGHTS PROB_OBS WEIGHT_ZFAIL WEIGHT NZ WEIGHT_FKP theta phi rho r x y z
[from data line 3333]
150.3219543855896 3.6882372390416807 39627877825644744 6 1-3-6-9-11-442 0.7048765483322996 1.0 0 1.5224593097036316 0.5 [-1,-1] 1.0 1.0 1.0 0.0005843703162771602 0.15074849413407446 86.31176276095832 209.6780456144104 2593.6846412258687 2593.6846412258687 1784.830452307339 -1869.8687631710884 -212.53489869752283
151.58963221933652 2.1231407169963177 39627835589002818 6 1-3-6-9-11-442 0.8808733951989097 1.0 0 1.4897441470622526 1.0 [-1,-1] 1.0 1.0 1.0 0.0005690156306133545 0.15418916366201427 87.87685928300368 208.41036778066348 3088.9004029831235 3088.9004029831235 -131.07472698457715 -236.8010370003206 3077.0197244039227
150.48538025107263 3.5765129079965243 39627871798428092 6 1-3-6-9-11-442 0.6314310233319199 1.0 0 1.446652024349722 1.0 [-1,-1] 1.0 1.0 1.0 0.000833303205902425 0.11070054926254569 86.42348709200347 209.51461974892737 2370.8681842480237 2370.8681842480237 1335.575347642256 -1957.626441400644 70.37864575878038
150.49280561557057 3.5602901358833368 39627871798428224 6 1-3-6-9-11-442 0.9098977325456233 1.0 0 1.4330336146526403 1.0 [-1,-1] 1.0 1.0 1.0 0.0005275616701708153 0.16431404058018498 86.43970986411667 209.50719438442943 3165.646724593556 3165.646724593556 1762.7561856005925 -2625.433430454615 145.28977014252666
151.16874279704007 3.374414047034009 39627865775411001 6 1-3-6-9-11-442 1.0974800510995228 1.0 0 1.6004179140449097 1.0 [-1,-1] 1.0 1.0 1.0 4.689797466212482e-05 0.6886505109163528 86.62558595296599 208.83125720295993 3631.124745138487 3631.124745138487 -298.81251549262635 -3521.3629392278594 834.1349084977451
151.11949114461214 3.4603659105182083 39627871806819164 6 1-3-6-9-11-442 0.8285878526992222 1.0 0 1.634325650849796 0.5 [-1,-1] 1.0 1.0 1.0 0.0006627118749498285 0.13533979738261318 86.5396340894818 208.88050885538786 2947.2338471568337 2947.2338471568337 -103.21060971461645 -2914.1210627847795 428.2911991896589
150.13593869213744 2.1202151445030344 39627835563838242 5 1-3-6-9-442 0.6680916633837611 1.0 0 0.0714642437724306 1.0 [6762154770139445147,9146792835423354875] 0.78125 1.0 1.2772277227722773 0.000700708733790897 0.12894715825466588 87.87978485549696 209.86406130786256 2483.333497881689 2483.333497881689 170.88157689258387 -122.67791479044688 2474.4079852770187
150.66516363690798 3.5061775221798186 39627871798431475 5 1-3-6-9-442 1.0050991401930576 1.0 0 1.4394635711017454 1.0 [-1,-1] 1.0 1.0 1.0 0.0002622817504223413 0.28340640119267335 86.49382247782017 209.33483636309202 3408.287950594199 3408.287950594199 1379.4887384418028 -3097.99991080775 340.3441307162866
151.3858449630461 3.009545003983244 39627859744000735 4 1-3-7-11 0.5567994363496714 1.0 0 1.5280077502372122 0.5 [-474026678557876985,-947021206729885697] 0.625 1.0 1.5925925925925926 0.000677088223595666 0.13284793461577618 86.99045499601675 208.6141550369539 2134.012689745317 2134.012689745317 -524.641652747009 -1685.5317965678648 1199.0595727300774
151.39340110076995 3.0020471783225413 39627859744000903 5 1-3-7-11-442 0.9221517000588315 1.0 0 1.5303311965084039 1.0 [-1,-1] 1.0 1.0 1.0 0.0004951280553168204 0.17321314004730964 86.99795282167746 208.60659889923005 3197.651881534036 3197.651881534036 -801.0728011423271 -2506.7232727061864 1816.4796604480139
148.66086558470047 2.308770747301901 39627841578470992 7 1-3-7-8-10-11-442 0.956504474096845 1.0 0 1.4436060682471181 1.0 [-1,-1] 1.0 1.0 1.0 0.00041974738576830407 0.19815580287489248 87.6912292526981 211.33913441529953 3286.142283795447 3286.142283795447 583.8980638096702 667.9322085373698 3164.1208455471588
149.34987229108634 1.0992212144573883 39627811392063592 7 1-3-7-8-9-10-11 0.5183163876296232 1.0 0 1.317051049697226 1.0 [-1,-1] 1.0 1.0 1.0 0.0006865842838717192 0.13125169390769817 88.90077878554261 210.65012770891366 2007.6180498432918 2007.6180498432918 -1595.1982304509086 -263.0328688534572 1190.2464238659122
149.33874429905993 1.1011868100586535 39627811392063388 7 1-3-7-8-9-10-11 0.8999705064364922 1.0 0 1.3218073191239694 1.0 [-1,-1] 1.0 1.0 1.0 0.0005275616701708153 0.16431404058018498 88.89881318994135 210.66125570094007 3139.546649238794 3139.546649238794 -2486.258118496072 -438.4328029031093 1866.2932267726405
151.03081020416818 3.424030230002238 39627871806817546 6 1-3-7-9-11-442 0.8908910552459424 1.0 0 1.5514318006370045 1.0 [-1,-1] 1.0 1.0 1.0 0.0005275616701708153 0.16431404058018498 86.57596976999776 208.96918979583182 3115.539694498851 3115.539694498851 163.16681667879985 -3059.6378228540602 564.4294206486469
151.0305133908139 3.415976533441186 39627871806817538 6 1-3-7-9-11-442 0.8282586896208338 1.0 0 1.5448154852780918 1.0 [-1,-1] 1.0 1.0 1.0 0.0006627118749498285 0.13533979738261318 86.58402346655882 208.9694866091861 2946.327807264055 2946.327807264055 154.92844433448596 -2889.029687998694 557.0926196384926
151.26616080000036 1.980258130933799 39627835584807299 5 1-3-7-9-442 0.9294352798975355 1.0 0 1.1827239392732931 1.0 [-1,-1] 1.0 1.0 1.0 0.0004951280553168204 0.17321314004730964 88.0197418690662 208.73383919999964 3216.564966340581 3216.564966340581 32.1025977051853 174.36524148842452 3211.675009783967
150.59964953389107 3.465346569136777 39627871798430188 5 1-3-7-9-442 0.5460316679987081 1.0 0 1.3769574191766758 1.0 [-1,-1] 1.0 1.0 1.0 0.0007045118177349687 0.128340413101622 86.53465343086322 209.40035046610893 2098.9435231797347 2098.9435231797347 967.8222194254056 -1839.0359072457043 294.6709978019715
149.99651416848064 3.79399344440014 39627877821449123 3 1-3-9 0.6927534459530389 1.0 0 1.6153025637656415 1.0 [-1,-1] 1.0 1.0 1.0 0.0005843703162771602 0.15074849413407446 86.20600655559986 210.00348583151936 2557.589080878659 2557.589080878659 2224.9347849121987 -1167.4521256508644 -477.4752808583172
148.8210781704909 2.974699898507198 39627859702056376 5 1-3-9-10-442 0.9725078673515847 1.0 0 1.5035550543344098 1.0 [-1,-1] 1.0 1.0 1.0 0.0003578035202613049 0.22475091060875194 87.0253001014928 211.1789218295091 3326.7550187484203 3326.7550187484203 2067.131523125813 1713.7866502183826 1963.9759515840856
148.86952522643946 2.9120292803660845 39627859702057324 4 1-3-9-11 0.8524969343809051 1.0 0 1.4296853499216584 1.0 [-1,-1] 1.0 1.0 1.0 0.0006812235016579503 0.1321480675826358 87.08797071963392 211.13047477356054 3012.567240244989 3012.567240244989 1851.9574267510393 1389.7375794539537 1927.2894247498077
148.8651379151811 2.9081444113226675 39627859702057230 4 1-3-9-11 0.7306720086067161 1.0 0 1.4314826773632212 1.0 [-1,-1] 1.0 1.0 1.0 0.0007126833197713517 0.12705585074725267 87.09185558867733 211.1348620848189 2669.608714885656 2669.608714885656 1630.4052226589993 1234.6995453309396 1715.8398915048201
149.99137802295363 3.804183742792251 39627877821448986 4 1-3-9-442 0.5500432890599137 1.0 0 1.6258062209217585 1.0 [-1,-1] 1.0 1.0 1.0 0.000677088223595666 0.13284793461577618 86.19581625720775 210.00862197704637 2112.035632128116 2112.035632128116 1838.5967942555433 -952.7245723938938 -415.4181371689525
150.28105511843293 3.8312742902870176 39627877825643887 4 1-3-9-442 0.650083041289904 1.0 0 1.6591546577480187 1.0 [-1,-1] 1.0 1.0 1.0 0.000700708733790897 0.12894715825466588 86.16872570971299 209.71894488156707 2428.401514158109 2428.401514158109 1703.0860656629322 -1644.052308753229 -541.9628889447392
148.6360692650141 2.869780076934764 39627853658065567 2 1-4 1.0476508588136602 0.6666666666666666 0 1.6161516560092755 1.0 [-1,-1] 1.0 1.0 1.0 0.00017111768859933566 0.3774092623312036 87.13021992306524 211.3639307349859 3512.419046123824 3512.419046123824 1663.6018704103828 2001.0573896456474 2359.085775397965
150.26287901001044 2.267251483265416 39627841607827859 2 1-4 0.9764312878776152 0.6666666666666666 0 0.18373189185890923 0.5 [-1,-1] 1.0 1.0 1.0 0.0003578035202613049 0.22475091060875194 87.73274851673459 209.73712098998956 3336.653245433589 3336.653245433589 561.185064466054 -522.3650613503338 3247.3775490945295
148.5482725128581 2.4181945820031436 39627847618266130 4 1-4-10-442 0.9215421020741176 1.0 0 1.5683635061476129 1.0 [-1,-1] 1.0 1.0 1.0 0.0004951280553168204 0.17321314004730964 87.58180541799686 211.4517274871419 3196.0652348300214 3196.0652348300214 679.7271932261874 981.3416828964201 2964.7550370119875
148.98652247879983 3.4193026092767567 39627871773262426 3 1-4-442 0.7381425991100137 0.6666666666666666 0 1.6636530419634066 1.0 [-1196831715058780805,-302880546134956289] 0.78125 1.0 1.2772277227722773 0.0007126833197713517 0.12705585074725267 86.58069739072324 211.01347752120017 2691.3756628937167 2691.3756628937167 2286.004709083513 1329.5082845181619 500.0931415868164
148.5755645672092 2.575958003982678 39627847618266716 3 1-4-442 0.5309191446422509 0.6666666666666666 0 1.5732427590504314 1.0 [-1,-1] 1.0 1.0 1.0 0.0007045118177349687 0.128340413101622 87.42404199601732 211.4244354327908 2049.336015285325 2049.336015285325 623.9288600805353 850.2416784845826 1757.1510946050878
151.00180883344012 2.464519539181194 39627847660208227 6 1-4-5-10-11-442 0.9911755507314283 1.0 0 0.9443189962753605 1.0 [-1,-1] 1.0 1.0 1.0 0.0002622817504223413 0.28340640119267335 87.5354804608188 208.99819116655988 3373.6468709975643 3373.6468709975643 115.36220284221051 -1398.9082265001186 3067.774526619801
150.45329679785115 2.0685173444580607 39627835568034595 6 1-4-5-10-11-442 0.8262498735580638 1.0 0 0.3708439607103087 1.0 [-1,-1] 1.0 1.0 1.0 0.0006627118749498285 0.13533979738261318 87.93148265554194 209.54670320214885 2940.7945323340864 2940.7945323340864 57.419485859273024 -78.6214973300721 2939.182563946529
150.19693089602794 2.2494320081866412 39627841603638432 5 1-4-5-10-442 0.6770836261022647 1.0 0 0.11801961379660139 1.0 [-1,-1] 1.0 1.0 1.0 0.0007209928471550773 0.12577569469930108 87.75056799181336 209.80306910397206 2510.537145395281 2510.537145395281 413.4009299369157 -336.7966242696283 2453.2558903256227
151.15969429464846 2.288796202243577 39627841620413906 6 1-4-5-6-10-11 0.6752488973651462 1.0 0 1.0642596441746761 1.0 [-1,-1] 1.0 1.0 1.0 0.0007209928471550773 0.12577569469930108 87.71120379775643 208.84030570535154 2504.998575174412 2504.998575174412 -47.43309140687516 -626.1781968624836 2425.0090369397535
150.99260967382983 2.447899564838567 39627847656019205 7 1-4-5-6-10-11-442 0.872254893893671 1.0 0 0.9306735212903301 1.0 [-1,-1] 1.0 1.0 1.0 0.0005690156306133545 0.15418916366201427 87.55210043516144 209.00739032617017 3065.8536391947405 3065.8536391947405 112.27865573798066 -1223.9470514498 2808.7017740722576
150.45409511668387 2.0721203998635476 39627835568034624 7 1-4-5-6-10-11-442 0.8258129933514573 1.0 0 0.37051870981555224 1.0 [-1,-1] 1.0 1.0 1.0 0.0006627118749498285 0.13533979738261318 87.92787960013645 209.54590488331613 2939.590260883153 2939.590260883153 63.56928295587067 -87.18814630524417 2937.6092448260397
150.31380256705964 2.07238646708065 39627835568031143 8 1-4-5-6-7-10-11-442 0.8707957798877023 1.0 0 0.24013261201168232 1.0 [-1,-1] 1.0 1.0 1.0 0.0005690156306133545 0.15418916366201427 87.92761353291935 209.68619743294036 3061.9400266897414 3061.9400266897414 78.83067947501134 -81.25003448757778 3059.8465456480085
150.20388909712693 2.2256595654681384 39627841603638630 7 1-4-5-6-7-10-442 0.8788985240120456 1.0 0 0.11261945433995973 1.0 [-1,-1] 1.0 1.0 1.0 0.0005690156306133545 0.15418916366201427 87.77434043453187 209.79611090287307 3083.6298930215917 3083.6298930215917 449.5224973664927 -371.458454348826 3027.989672735118
151.033068057866 1.3677952185037971 39627817461220023 7 1-4-5-6-7-11-442 0.9800515320265714 1.0 0 1.238020812378934 1.0 [-1,-1] 1.0 1.0 1.0 0.0003578035202613049 0.22475091060875194 88.6322047814962 208.966931942134 3345.7663002448417 3345.7663002448417 -105.63805515589273 2068.7061503103846 2627.4412649619635
149.54498206207134 2.4417600316350554 39627847635043265 7 1-4-5-6-7-11-442 0.8534639134164949 1.0 0 0.6123874521098337 1.0 [-1,-1] 1.0 1.0 1.0 0.0006812235016579503 0.1321480675826358 87.55823996836494 210.45501793792866 3015.1898750961054 3015.1898750961054 1191.1951265316543 -37.761439410111336 2769.656698420037
148.97108209931338 1.2409586835530293 39627817423475011 7 1-4-5-6-7-8-10 0.9526797505542483 1.0 0 1.4693021551758467 1.0 [-1,-1] 1.0 1.0 1.0 0.00041974738576830407 0.19815580287489248 88.75904131644697 211.02891790068662 3276.379011002865 3276.379011002865 -2002.334650314314 -1206.2821841459781 2295.691325963221
149.79680408844746 0.9328303225131134 39627811400451223 8 1-4-5-6-7-8-10-11 0.5995847655622916 1.0 0 1.2854108649680762 1.0 [-1,-1] 1.0 1.0 1.0 0.0007756247847600315 0.11796159141779075 89.06716967748689 210.20319591155254 2271.1131375994087 2271.1131375994087 -1945.7720155526363 566.9210148166912 1024.9520526483548
150.0051075510512 1.1991141937868741 39627817444442276 9 1-4-5-6-7-8-10-11-442 0.6524809565439138 1.0 0 0.9874517844838662 1.0 [-1,-1] 1.0 1.0 1.0 0.000700708733790897 0.12894715825466588 88.80088580621313 209.9948924489488 2435.7507311646286 2435.7507311646286 -1593.466701075069 853.6555198346093 1632.4882083463458
149.18145818979718 2.9223186712676963 39627859706252573 7 1-4-5-6-7-8-11 0.7675210557700274 1.0 0 1.1790275778038952 1.0 [-1,-1] 1.0 1.0 1.0 0.0006416626200019751 0.139161677870846 87.0776813287323 210.81854181020282 2776.0244798797953 2776.0244798797953 2034.3795980937139 700.9970637509721 1753.914102903692
149.55170599301726 2.4371914238276795 39627847635043383 8 1-4-5-6-7-8-11-442 0.8426497195376275 1.0 0 0.6043676491773899 1.0 [-1,-1] 1.0 1.0 1.0 0.0006232532477076302 0.14268566385842998 87.56280857617232 210.44829400698274 2985.772723478538 2985.772723478538 1166.762312896498 -44.84181356650761 2747.9981210380997
149.718358508756 1.8254043592490103 39627829515653215 8 1-4-5-6-7-8-9-10 0.8355374387867245 1.0 0 0.5221418882506865 1.0 [-1,-1] 1.0 1.0 1.0 0.0006232532477076302 0.14268566385842998 88.174595640751 210.281641491244 2966.321107908096 2966.321107908096 -605.4066322113614 125.9185154607575 2901.15291778282
149.72185088293955 1.8453706796609348 39627829515653293 8 1-4-5-6-7-8-9-10 0.6852174177854881 1.0 0 0.506101851306478 1.0 [-1,-1] 1.0 1.0 1.0 0.0007209928471550773 0.12577569469930108 88.15462932033907 210.27814911706045 2535.016582663249 2535.016582663249 -468.4711520222719 99.1454078206226 2489.3802526349136
149.7157087101279 1.845760918986066 39627829515653162 9 1-4-5-6-7-8-9-10-11 0.6732382565087569 1.0 0 0.5104446247335783 1.0 [-1,-1] 1.0 1.0 1.0 0.0007209928471550773 0.12577569469930108 88.15423908101394 210.2842912898721 2498.9218622470316 2498.9218622470316 -461.45432305710347 94.70291926604574 2454.1193407066767
151.40725312187354 1.6533673335089176 39627829545012011 9 1-4-5-6-7-8-9-10-11 0.5826317454820783 1.0 0 1.4094102748914945 1.0 [-1,-1] 1.0 1.0 1.0 0.0006621615122706149 0.13543705131792066 88.34663266649108 208.59274687812646 2217.215546689828 2217.215546689828 262.50437768352487 783.8169164867305 2057.3690173639957
149.74442943445027 1.876369554081955 39627835555452190 9 1-4-5-6-7-8-9-10-11 0.9882639868564617 1.0 0 0.468702017693165 1.0 [-1,-1] 1.0 1.0 1.0 0.0003578035202613049 0.22475091060875194 88.12363044591804 210.25557056554973 3366.3671408544587 3366.3671408544587 -518.9425551791444 122.129629340744 3323.8848814430767
149.80712009395634 0.9510393200654976 39627811400451454 9 1-4-5-6-7-8-9-10-11 0.8348386095820328 1.0 0 1.2652965757316919 1.0 [-1,-1] 1.0 1.0 1.0 0.0006232532477076302 0.14268566385842998 89.0489606799345 210.19287990604366 2964.4053607956803 2964.4053607956803 -2508.2451466529724 758.9607003611444 1385.779233035802
