data_rosette/LRG_7_clustering_data.ecsv
# %ECSV 1.0
# ---
# datatype:
# - {name: RA, unit: deg, datatype: float64}
# - {name: DEC, unit: deg, datatype: float64}
# - {name: TARGETID, datatype: int64}
# - {name: NTILE, datatype: int64}
# - {name: TILES, datatype: string}
# - {name: Z, datatype: float64}
# - {name: COMP_TILE, datatype: float64}
# - {name: ROSETTE_NUMBER, datatype: int32}
# - {name: ROSETTE_R, unit: deg, datatype: float64}
# - {name: FRACZ_TILELOCID, datatype: float64}
# - {name: BITWEIGHTS, datatype: string, subtype: 'int64[2]'}
# - {name: PROB_OBS, datatype: float64}
# - {name: WEIGHT_ZFAIL, datatype: float64}
# - {name: WEIGHT, datatype: float64}
# - {name: NZ, unit: h3 / Mpc3, datatype: float64}
# - {name: WEIGHT_FKP, datatype: float64}
# - {name: theta, unit: deg, datatype: float64}
# - {name: phi, unit: deg, datatype: float64}
# - {name: rho, unit: Mpc, datatype: float64}
# - {name: r, unit: Mpc, datatype: float64}
# - {name: x, unit: Mpc, datatype: float64}
# - {name: y, unit: Mpc, datatype: float64}
# - {name: z, unit: Mpc, datatype: float64}
# meta: !!omap
# - {EXTNAME: LSS}
# - {DESIDR: edr}
# - comments: ['Visit https://desidatamodel.readthedocs.io/en/latest/ for a more complet', e description]
# schema: astropy-2.0
RA DEC TARGETID NTILE TILES Z COMP_TILE ROSETTE_NUMBER ROSETTE_R FRACZ_TILELOCID BITWEIGHTS PROB_OBS WEIGHT_ZFAIL WEIGHT NZ WEIGHT_FKP theta phi rho r x y z
[from data line 2213]
219.09151452181243 33.73950830808209 39632956406367459 8 190-191-193-194-196-199-200-463 0.606333654943072 1.0 7 1.2572783499905709 1.0 [-1,-1] 1.0 1.0 1.0 0.0006106036532175123 0.14488555312656437 56.26049169191791 -219.09151452181243 2292.415149054122 2292.415149054122 -444.4900425994815 -476.3386027042466 2197.884745207653
217.61428539379946 33.75443525541124 39632956385396117 8 190-191-193-194-196-199-200-463 0.5693495755726653 1.0 7 0.6636378156294329 1.0 [-1,-1] 1.0 1.0 1.0 0.0006724560872077301 0.13333590500666823 56.24556474458876 -217.61428539379946 2174.598409436171 2174.598409436171 431.11039329515256 -485.2320204682036 2075.469093344338
218.33685866202032 33.44268446890883 39632951356425137 8 190-191-193-194-196-199-200-463 0.6621519603311717 1.0 7 1.0558887250432756 1.0 [-1,-1] 1.0 1.0 1.0 0.0006371005092682059 0.1397016056866948 56.55731553109117 -218.33685866202032 2465.2820730803096 2465.2820730803096 -0.08166751101755043 21.31876151729448 2465.189891993908
218.76538534912837 34.87210218052258 39632976413199281 7 190-191-193-194-196-200-463 0.6020705946922061 1.0 7 0.9240007601141181 1.0 [-1,-1] 1.0 1.0 1.0 0.0006106036532175123 0.14488555312656437 55.12789781947742 -218.76538534912837 2278.969523907653 2278.969523907653 -928.4870673962531 -2053.189927038558 340.62439737221274
216.05410228753584 33.995634905525804 39632961385008275 6 190-191-193-194-196-463 0.4620037308087298 1.0 7 1.499559245286031 1.0 [-1,-1] 1.0 1.0 1.0 0.0005330850268982689 0.1625298359500762 56.004365094474196 -216.05410228753584 1817.280218273921 1817.280218273921 710.0750551089171 617.5154557379713 1554.6624938444047
217.31954833421685 35.71184860705291 39632996164175634 9 190-191-193-194-197-198-199-200-463 0.6527378121274757 1.0 7 1.369529021789354 1.0 [-1,-1] 1.0 1.0 1.0 0.0006371005092682059 0.1397016056866948 54.28815139294709 -217.31954833421685 2436.537315134213 2436.537315134213 1602.7469612027087 -981.8924000778313 -1550.4204529953536
218.755817937679 34.60558595664142 39632971434557822 9 190-191-193-194-197-198-199-200-463 0.6531731423250255 1.0 7 0.8140712891336445 1.0 [-1,-1] 1.0 1.0 1.0 0.0006371005092682059 0.1397016056866948 55.39441404335858 -218.755817937679 2437.8701714269373 2437.8701714269373 -899.1402082424061 -2040.05930616613 986.3649861891769
217.14151587966833 33.82596426064796 39632956377008968 9 190-191-193-194-197-198-199-200-463 0.7526459040661245 1.0 7 0.7916642771838102 1.0 [-1,-1] 1.0 1.0 1.0 0.0007242712797402853 0.12498917450484462 56.17403573935204 -217.14151587966833 2733.3529002188825 2733.3529002188825 931.9406467672669 -363.20639214367145 2543.7739334980147
217.5197746435486 34.06654247106007 39632961405979188 9 190-191-193-194-197-198-199-200-463 0.6791505610030916 1.0 7 0.40603936534865936 1.0 [-1,-1] 1.0 1.0 1.0 0.0008053318504768218 0.11384060807160488 55.93345752893993 -217.5197746435486 2516.769279354774 2516.769279354774 1062.8980020381389 -989.9568681131116 2055.32499669589
218.20205470170717 35.1620883798105 39632986320142404 9 190-191-193-194-197-198-199-200-463 1.054083060316168 1.0 7 0.8305550638903928 1.0 [-1,-1] 1.0 1.0 1.0 0.00014839258087788972 0.41078905010633954 54.8379116201895 -218.20205470170717 3527.935847181815 3527.935847181815 482.76195993659 -3459.920803286761 -492.1587821548573
217.31633214840977 35.72122075927611 39632996164175590 9 190-191-193-194-197-198-199-200-463 0.8685239176084981 1.0 7 1.3792558185083337 0.5 [-1,-1] 1.0 1.0 1.0 0.0006576102792991648 0.1359368301360722 54.27877924072389 -217.31633214840977 3055.8396564777577 3055.8396564777577 1998.4138525197723 -1215.4680054095281 -1966.5033963827686
218.72736803021257 34.73130509566538 39632976413198806 9 190-191-193-194-197-198-199-200-463 0.5343168896485729 1.0 7 0.8324305590681229 1.0 [-1,-1] 1.0 1.0 1.0 0.0006094867785671962 0.14511252611805409 55.26869490433462 -218.72736803021257 2060.5289071774387 2060.5289071774387 -744.4249586399253 -1828.2561812035585 590.8385516863099
218.83992510745378 34.9964180494084 39632981379254275 9 190-191-193-194-197-198-199-200-463 0.8148955346222008 1.0 7 1.0424462622063289 1.0 [-1,-1] 1.0 1.0 1.0 0.000762533893525711 0.11946670068019369 55.0035819505916 -218.83992510745378 2909.392790197294 2909.392790197294 -1392.4249747602103 -2553.4535425221 74.79373969364998
218.83531098171602 34.99731017182205 39632981379254216 9 190-191-193-194-197-198-199-200-463 0.8162419194566746 1.0 7 1.0398456937661555 1.0 [-1,-1] 1.0 1.0 1.0 0.000762533893525711 0.11946670068019369 55.00268982817795 -218.83531098171602 2913.1276188634297 2913.1276188634297 -1382.4317352905887 -2563.195062567982 72.29171649285917
217.3616452997559 33.304550388872684 39632946289705537 8 190-191-193-194-197-198-199-463 0.4317708267606876 1.0 7 1.1543516339371902 1.0 [-1,-1] 1.0 1.0 1.0 0.0006285113834356281 0.1413409039925048 56.695449611127316 -217.3616452997559 1712.4018332835778 1712.4018332835778 -207.86289814753283 139.7038954805333 1693.9881569226602
217.32065093477843 35.77436517795188 39632996164175646 7 190-191-193-194-197-199-200 0.8705295783244784 1.0 7 1.429235463988948 1.0 [-1,-1] 1.0 1.0 1.0 0.0005346154933450218 0.1621399955636538 54.22563482204812 -217.32065093477843 3061.225655864559 3061.225655864559 1904.670147647462 -1169.7501326921745 -2091.6545536609615
216.55006704113575 33.40193271430973 39632951331259203 7 190-191-193-194-197-199-200 0.9157273435530873 1.0 7 1.4395691002663868 1.0 [-1,-1] 1.0 1.0 1.0 0.00042618922305278896 0.1953324009783564 56.59806728569027 -216.55006704113575 3180.9017503393293 3180.9017503393293 -153.29126646795035 -34.25090805886114 3177.021342111759
216.11336126987982 34.81516623940223 39632976375451854 8 190-191-193-194-197-199-200-463 0.6602934848255696 1.0 7 1.4489361817926558 1.0 [-1,-1] 1.0 1.0 1.0 0.0006371005092682059 0.1397016056866948 55.18483376059777 -216.11336126987982 2459.6205323216423 2459.6205323216423 1906.7221181062082 1469.2487940604653 505.4225049348741
216.9580608010509 35.00504307621535 39632981354087744 8 190-191-193-194-197-199-200-463 0.7388303358819319 1.0 7 0.9193305155951943 1.0 [-1,-1] 1.0 1.0 1.0 0.0006073340474539246 0.1455520198534496 54.99495692378465 -216.9580608010509 2693.374551872937 2693.374551872937 2645.4466382869514 -503.7471051865642 46.01537426957137
216.11094065464113 34.80987272980907 39632976375451810 8 190-191-193-194-197-199-200-463 0.4705514601288347 1.0 7 1.4493817937167326 1.0 [-1,-1] 1.0 1.0 1.0 0.000668512811805897 0.13401699399284683 55.19012727019093 -216.11094065464113 1846.5891355502195 1846.5891355502195 1427.2117580546321 1105.2723686181864 389.0128845833478
216.11580927748295 34.816953271578335 39632976375451898 8 190-191-193-194-197-199-200-463 0.4700344463987169 1.0 7 1.4475053862920424 1.0 [-1,-1] 1.0 1.0 1.0 0.000668512811805897 0.13401699399284683 55.183046728421665 -216.11580927748295 1844.8206470802686 1844.8206470802686 1433.3519277237108 1098.9056384569049 375.86150235426567
218.5558148635682 33.42566202590521 39632951356428421 7 190-191-193-194-197-199-463 1.05435106921155 1.0 7 1.1587674056090935 1.0 [-1,-1] 1.0 1.0 1.0 0.00014839258087788972 0.41078905010633954 56.57433797409479 -218.5558148635682 3528.5811219646343 3528.5811219646343 19.333862492451015 88.48180858665958 3527.4185895064334
219.38748879311447 34.323766174498466 39632966443338595 8 190-191-193-194-198-199-200-463 0.7645856190362632 1.0 7 1.31265676482695 1.0 [-1,-1] 1.0 1.0 1.0 0.0007242712797402853 0.12498917450484462 55.676233825501534 -219.38748879311447 2767.634189583674 2767.634189583674 -1835.3095025224554 -1060.5910437786824 1779.4900042314655
217.58634277972894 32.94124295128849 39632941227181309 6 190-191-193-194-199-200 0.6553566977742983 1.0 7 1.469552948883687 1.0 [-1,-1] 1.0 1.0 1.0 0.0006371005092682059 0.1397016056866948 57.05875704871151 -217.58634277972894 2444.5502630248193 2444.5502630248193 -817.3679918904697 869.7731299137128 2133.3612579138485
216.19091147275296 34.91706044272877 39632981341507545 7 190-191-193-194-199-200-463 0.7734048492013037 1.0 7 1.420953962083727 1.0 [-1,-1] 1.0 1.0 1.0 0.0007064174578981374 0.12774458208408304 55.08293955727123 -216.19091147275296 2792.797126414823 2792.797126414823 2324.73688273719 1519.712838658893 292.8943553016976
217.99779901146024 34.43091913036131 39632971421977238 5 190-191-193-194-463 0.4269229971226169 1.0 7 0.1660799353546755 1.0 [-1,-1] 1.0 1.0 1.0 0.0005613841910631427 0.1556117057517016 55.56908086963869 -217.99779901146024 1695.4074578746495 1695.4074578746495 473.2639524566207 -1325.6979081320274 944.9617642510653
216.33454530691333 35.1125850777084 39632981345699216 5 190-191-193-195-196 0.8221185856479304 1.0 7 1.3990386590113797 1.0 [-1,-1] 1.0 1.0 1.0 0.000762533893525711 0.11946670068019369 54.8874149222916 -216.33454530691333 2929.393844819858 2929.393844819858 2645.290611257109 1230.3500799511396 -264.6215426371881
217.14545274958778 35.77217049599313 39632996159982900 7 190-191-193-195-196-197-198 0.7033935033541459 1.0 7 1.472988074996051 1.0 [-1,-1] 1.0 1.0 1.0 0.0005639081233901963 0.1550231922816235 54.22782950400687 -217.14545274958778 2589.283272612575 2589.283272612575 1762.4354964442164 -694.8808782237738 -1765.0352834387393
217.3718995158414 35.87773955032989 39633001071510365 8 190-191-193-195-196-197-198-199 0.9163861930881015 1.0 7 1.5186360179956446 1.0 [-1,-1] 1.0 1.0 1.0 0.00042618922305278896 0.1953324009783564 54.12226044967011 -217.3718995158414 3182.6225091082306 3182.6225091082306 1720.1307530359043 -1181.878394199064 -2402.789980266262
216.57662212393674 34.918169314711605 39632981349892518 8 190-191-193-195-196-197-198-199 0.7508172623873869 1.0 7 1.1318522784005538 1.0 [-1,-1] 1.0 1.0 1.0 0.0007242712797402853 0.12498917450484462 55.081830685288395 -216.57662212393674 2728.080553266194 2728.080553266194 2662.8326514321443 521.1534745749619 283.0986250663954
218.57646726152666 34.77939515995194 39632976413196712 9 190-191-193-195-196-197-198-199-200 0.6477438796239945 1.0 7 0.7433265319774968 1.0 [-1,-1] 1.0 1.0 1.0 0.0007982518636535506 0.11473445525619816 55.22060484004806 -218.57646726152666 2421.2220172337607 2421.2220172337607 -549.0152786907025 -2285.218621212929 581.9571580136883
218.99683818947813 33.33475524937755 39632946310679180 9 190-191-193-195-196-197-198-199-200 0.754751994355219 1.0 7 1.456793659010359 1.0 [-1,-1] 1.0 1.0 1.0 0.0007242712797402853 0.12498917450484462 56.66524475062245 -218.99683818947813 2739.4179460262244 2739.4179460262244 194.38670436030026 252.4659087938361 2720.824407615343
216.18885355189235 34.979568709001335 39632981341507510 9 190-191-193-195-196-197-198-199-200 0.4555168217087562 1.0 7 1.4459632139414904 1.0 [-1,-1] 1.0 1.0 1.0 0.0005330850268982689 0.1625298359500762 55.020431290998665 -216.18885355189235 1794.936894201256 1794.936894201256 1499.0156518389142 984.3364650458644 76.36919069767458
216.57490011342333 34.94278977286414 39632981349892489 9 190-191-193-195-196-197-198-199-200 0.4179267110168015 1.0 7 1.1444475122165516 1.0 [-1,-1] 1.0 1.0 1.0 0.0005613841910631427 0.1556117057517016 55.05721022713586 -216.57490011342333 1663.7398843184938 1663.7398843184938 1627.0760007539968 321.35160496626065 131.860670512869
218.3458542732663 33.75505050624982 39632956393786724 10 190-191-193-195-196-197-198-199-200-463 0.6974416341618639 1.0 7 0.7876337913121815 1.0 [-1,-1] 1.0 1.0 1.0 0.0005639081233901963 0.1550231922816235 56.24494949375018 -218.3458542732663 2571.579363830311 2571.579363830311 -3.9721805282928586 -769.0728965309756 2453.8809111448777
217.75857585054334 34.93302325308734 39632981362479384 10 190-191-193-195-196-197-198-199-200-463 1.0203302553801918 1.0 7 0.5341109994645536 1.0 [-1,-1] 1.0 1.0 1.0 0.00020130102782971312 0.3394727840281335 55.06697674691266 -217.75857585054334 3445.859226729032 3445.859226729032 1886.9851759246578 -2866.915724015546 306.6382032079649
217.51800275434658 33.706865435218624 39632956385394916 10 190-191-193-195-196-197-198-199-200-463 0.8648082451930355 1.0 7 0.731451410148843 1.0 [-1,-1] 1.0 1.0 1.0 0.0006576102792991648 0.1359368301360722 56.293134564781376 -217.51800275434658 3045.8444637547336 3045.8444637547336 564.2975498241569 -523.7086109506381 2946.9418154188193
216.57881951564525 34.29178999075841 39632966405588109 10 190-191-193-195-196-197-198-199-200-463 0.8271779864695196 1.0 7 1.01404725290746 1.0 [-1,-1] 1.0 1.0 1.0 0.000762533893525711 0.11946670068019369 55.70821000924159 -216.57881951564525 2943.351847485864 2943.351847485864 2152.7416197931757 416.41204136361205 1963.5744519411762
217.49373687084065 35.23899453308112 39632986307562399 10 190-191-193-195-196-197-198-199-200-463 0.6290039537684897 1.0 7 0.8758568174744643 1.0 [-1,-1] 1.0 1.0 1.0 0.0007056687116799521 0.12786279395313782 54.76100546691888 -217.49373687084065 2363.3335600901714 2363.3335600901714 1729.2873306821778 -1528.5024175526169 -508.5186365575978
217.21774664943848 35.135207663565026 39632986303368095 10 190-191-193-195-196-197-198-199-200-463 0.5698382238068503 1.0 7 0.877095985852602 1.0 [-1,-1] 1.0 1.0 1.0 0.0006724560872077301 0.13333590500666823 54.864792336434974 -217.21774664943848 2176.172390268854 2176.172390268854 1949.0276177194128 -936.3333291728666 -245.55552165550105
217.9215362697214 33.9424660702801 39632961410174666 10 190-191-193-195-196-197-198-199-200-463 0.5910022929920116 1.0 7 0.46845318863889623 1.0 [-1,-1] 1.0 1.0 1.0 0.0006106036532175123 0.14488555312656437 56.0575339297199 -217.9215362697214 2243.896951841193 2243.896951841193 430.70633119756604 -966.6689939566642 1978.665369098914
218.77805740883454 34.15797300009085 39632966434949305 10 190-191-193-195-196-197-198-199-200-463 0.6487100881499928 1.0 7 0.8436316442362888 1.0 [-1,-1] 1.0 1.0 1.0 0.0007982518636535506 0.11473445525619816 55.84202699990915 -218.77805740883454 2424.188803103124 2424.188803103124 -666.6712406391437 -1425.8238745230447 1843.710142304184
218.70371657818438 33.86820248163154 39632956402172004 10 190-191-193-195-196-197-198-199-200-463 0.8520982956378816 1.0 7 0.9177932899792246 1.0 [-1,-1] 1.0 1.0 1.0 0.0006576102792991648 0.1359368301360722 56.13179751836846 -218.70371657818438 3011.4856110580804 3011.4856110580804 -432.9991106702066 -1139.8827733042979 2753.5839589329344
217.76380496498408 34.92946640336902 39632981362479473 10 190-191-193-195-196-197-198-199-200-463 0.6537026465550205 1.0 7 0.5303026704736943 1.0 [-1,-1] 1.0 1.0 1.0 0.0006371005092682059 0.1397016056866948 55.07053359663098 -217.76380496498408 2439.490885334179 2439.490885334179 1324.827439901115 -2035.926372213031 225.72514490211282
217.89880666002392 35.25860878318416 39632986315948103 10 190-191-193-195-196-197-198-199-200-463 0.6442103299745191 1.0 7 0.8624308373069595 1.0 [-1,-1] 1.0 1.0 1.0 0.0007982518636535506 0.11473445525619816 54.74139121681584 -217.89880666002392 2410.357216414905 2410.357216414905 1002.0825626286393 -2118.19779447006 -564.703950669022
217.70491992666533 33.71737143131719 39632956385397364 10 190-191-193-195-196-197-198-199-200-463 0.6862152395394453 1.0 7 0.6871581861071789 1.0 [-1,-1] 1.0 1.0 1.0 0.0008053318504768218 0.11384060807160488 56.28262856868281 -217.70491992666533 2538.0112862055876 2538.0112862055876 396.2250391037108 -536.8984681081964 2448.723553657553
217.3109459828794 33.99682267320516 39632961401786206 10 190-191-193-195-196-197-198-199-200-463 1.05757164693475 1.0 7 0.5711094415058698 1.0 [-1,-1] 1.0 1.0 1.0 0.00014839258087788972 0.41078905010633954 56.00317732679484 -217.3109459828794 3536.327321853238 3536.327321853238 1572.711727213917 -944.9822909059172 3023.110520679606
