data_rosette/LRG_17_clustering_data.ecsv
# %ECSV 1.0
# ---
# datatype:
# - {name: RA, unit: deg, datatype: float64}
# - {name: DEC, unit: deg, datatype: float64}
# - {name: TARGETID, datatype: int64}
# - {name: NTILE, datatype: int64}
# - {name: TILES, datatype: string}
# - {name: Z, datatype: float64}
# - {name: COMP_TILE, datatype: float64}
# - {name: ROSETTE_NUMBER, datatype: int32}
# - {name: ROSETTE_R, unit: deg, datatype: float64}
# - {name: FRACZ_TILELOCID, datatype: float64}
# - {name: BITWEIGHTS, datatype: string, subtype: 'int64[2]'}
# - {name: PROB_OBS, datatype: float64}
# - {name: WEIGHT_ZFAIL, datatype: float64}
# - {name: WEIGHT, datatype: float64}
# - {name: NZ, unit: h3 / Mpc3, datatype: float64}
# - {name: WEIGHT_FKP, datatype: float64}
# - {name: theta, unit: deg, datatype: float64}
# - {name: phi, unit: deg, datatype: float64}
# - {name: rho, unit: Mpc, datatype: float64}
# - {name: r, unit: Mpc, datatype: float64}
# - {name: x, unit: Mpc, datatype: float64}
# - {name: y, unit: Mpc, datatype: float64}
# - {name: z, unit: Mpc, datatype: float64}
# meta: !!omap
# - {EXTNAME: LSS}
# - {DESIDR: edr}
# - comments: ['Visit https://desidatamodel.readthedocs.io/en/latest/ for a more complet', e description]
# schema: astropy-2.0
RA DEC TARGETID NTILE TILES Z COMP_TILE ROSETTE_NUMBER ROSETTE_R FRACZ_TILELOCID BITWEIGHTS PROB_OBS WEIGHT_ZFAIL WEIGHT NZ WEIGHT_FKP theta phi rho r x y z
[from data line 496]
212.88598322308206 -1.3513493640640324 39627758099238283 11 511-512-513-514-515-516-517-518-519-520-521 0.8719566903833518 0.9956616052060737 17 0.7562517648843878 1.0 [-1,-1] 1.0 1.0 1.0 0.0005690156306133545 0.15418916366201427 91.35134936406403 147.11401677691794 3065.0540806504464 3065.0540806504464 637.7555040364269 -383.0163277963787 -2973.4025840818417
213.5962492920319 -1.727751558217924 39627746032224262 11 511-512-513-514-515-516-517-518-519-520-521 0.902048714220174 0.9956616052060737 17 1.3804182122203528 1.0 [-1,-1] 1.0 1.0 1.0 0.0005275616701708153 0.16431404058018498 91.72775155821792 146.4037507079681 3145.023351081735 3145.023351081735 575.5534143530541 -1738.5801228743903 -2556.80451001284
211.77354807525546 -0.27481600496530906 39627782241649114 11 511-512-513-514-515-516-517-518-519-520-521 0.5527585914872559 0.9956616052060737 17 1.076700492343447 1.0 [-1,-1] 1.0 1.0 1.0 0.000677088223595666 0.13284793461577618 90.2748160049653 148.22645192474454 2120.879070771554 2120.879070771554 -1317.9267361116558 -847.7224577106325 -1429.182908438221
212.91531461586908 -1.91652063704042 39627739979845391 11 511-512-513-514-515-516-517-518-519-520-521 0.42251120722796476 0.9956616052060737 17 1.3215585687898792 1.0 [-1,-1] 1.0 1.0 1.0 0.0006262316776515472 0.14210347001521706 91.91652063704042 147.08468538413092 1679.8988616695544 1679.8988616695544 1024.5796054212178 -656.9681086695399 -1157.881566389557
212.89322977185395 -1.3555024246358212 39627758099238432 11 511-512-513-514-515-516-517-518-519-520-521 0.8681755285743424 0.9956616052060737 17 0.761231270415577 1.0 [-1,-1] 1.0 1.0 1.0 0.0006812235016579503 0.1321480675826358 91.35550242463582 147.10677022814605 3054.90343260306 3054.90343260306 643.3599450790579 -392.7537188088778 -2960.4505535407325
212.77233574193374 -1.2504198982303494 39627758099235422 11 511-512-513-514-515-516-517-518-519-520-521 0.9949679281551445 0.9956616052060737 17 0.6510077936728039 1.0 [-1,-1] 1.0 1.0 1.0 0.0002622817504223413 0.28340640119267335 91.25041989823035 147.22766425806626 3383.110199799884 3383.110199799884 442.5667951295605 -201.46743019808474 -3347.9815009059025
212.9159721639634 -1.9011961915053353 39627739979845413 11 511-512-513-514-515-516-517-518-519-520-521 0.7945051496343387 0.9956616052060737 17 1.3063514406065933 1.0 [-1,-1] 1.0 1.0 1.0 0.0007229154976227362 0.12548315978664992 91.90119619150533 147.0840278360366 2852.457845113051 2852.457845113051 1713.440530008213 -1100.2614546704688 -1997.5139648169143
213.86106533802447 -0.9205281328874826 39627764155812429 11 511-512-513-514-515-516-517-518-519-520-521 0.5761256624267004 0.9956616052060737 17 1.108330625257655 1.0 [-1,-1] 1.0 1.0 1.0 0.0006621615122706149 0.13543705131792066 90.92052813288748 146.13893466197553 2196.383149644766 2196.383149644766 -22.237832013665177 404.8289932549627 -2158.63797453185
211.77744824744707 -0.2581323041827285 39627782241649201 11 511-512-513-514-515-516-517-518-519-520-521 0.5569580973657702 0.9956616052060737 17 1.0781576266260628 1.0 [-1,-1] 1.0 1.0 1.0 0.000677088223595666 0.13284793461577618 90.25813230418272 148.22255175255293 2134.527715051754 2134.527715051754 -1349.7728243787717 -860.7828171077869 -1411.8692682626806
212.8963111931022 -1.2957009328805629 39627758099238510 11 511-512-513-514-515-516-517-518-519-520-521 0.760184111276145 0.9956616052060737 17 0.702333953022326 1.0 [-1,-1] 1.0 1.0 1.0 0.0006416626200019751 0.139161677870846 91.29570093288056 147.1036888068978 2755.0254582273315 2755.0254582273315 442.1403195797354 -271.7883134071327 -2705.699230509177
213.82223219830266 -1.054568751603189 39627764155811508 11 511-512-513-514-515-516-517-518-519-520-521 1.0164300628640324 0.9956616052060737 17 1.1186456499258728 1.0 [-1,-1] 1.0 1.0 1.0 0.00020304675497218746 0.33812883710054276 91.05456875160318 146.17776780169734 3436.270370638995 3436.270370638995 -16.589936447623266 176.51745735181754 -3431.693520900456
213.78250053840137 -0.9907433233108683 39627764155810627 11 511-512-513-514-515-516-517-518-519-520-521 1.0314381939542854 0.9956616052060737 17 1.0572596166078236 1.0 [-1,-1] 1.0 1.0 1.0 0.00017111768859933566 0.3774092623312036 90.99074332331087 146.21749946159863 3473.0491359354714 3473.0491359354714 -53.22500227571416 396.4949426951448 -3449.9317616689245
213.1587379630654 0.020492044798329126 39627788302421334 11 511-512-513-514-515-516-517-518-519-520-521 0.7561893258522282 0.9956616052060737 17 0.7167278107325338 1.0 [-1,-1] 1.0 1.0 1.0 0.0006416626200019751 0.139161677870846 89.97950795520167 146.8412620369346 2743.5526779207335 2743.5526779207335 -1701.7068201200395 1800.475331972794 -1178.7975966383833
211.56267962607123 -1.2699904295080429 39627758078264567 11 511-512-513-514-515-516-517-518-519-520-521 0.5561476868716041 0.9956616052060737 17 1.406919952160837 1.0 [-1,-1] 1.0 1.0 1.0 0.000677088223595666 0.13284793461577618 91.26999042950804 148.43732037392877 2131.896542370118 2131.896542370118 246.54727656705617 245.10549665055592 -2103.359361426077
211.55050208406095 -1.2749273773747178 39627758078264349 11 511-512-513-514-515-516-517-518-519-520-521 0.6459338600676273 0.9956616052060737 17 1.419977466078167 1.0 [-1,-1] 1.0 1.0 1.0 0.000833303205902425 0.11070054926254569 91.27492737737472 148.44949791593905 2415.6595711512814 2415.6595711512814 284.20029326860373 289.5043633373403 -2381.3501591764016
213.93691302880734 -0.017112779187255924 39627788315005917 11 511-512-513-514-515-516-517-518-519-520-521 0.7130484574559979 0.9956616052060737 17 1.2776071817486687 1.0 [-1,-1] 1.0 1.0 1.0 0.0006167714992318164 0.14396928707710532 90.01711277918726 146.06308697119266 2617.8660866626533 2617.8660866626533 48.64905236116184 2319.4384783458217 -1212.8731436434791
213.58877314698117 -1.813794848562926 39627746032224068 11 511-512-513-514-515-516-517-518-519-520-521 0.9026043681026579 0.9956616052060737 17 1.4474673403179803 1.0 [-1,-1] 1.0 1.0 1.0 0.0005275616701708153 0.16431404058018498 91.81379484856292 146.41122685301883 3146.4865154173376 3146.4865154173376 657.2748035709255 -1936.783084162037 -2391.074760269475
211.7840185559799 -0.1731333832004917 39627782241649346 11 511-512-513-514-515-516-517-518-519-520-521 1.0548352352534207 0.9956616052060737 17 1.1019898551753509 1.0 [-1,-1] 1.0 1.0 1.0 0.0001568149373683449 0.39812733398474315 90.1731333832005 148.2159814440201 3529.7465750343677 3529.7465750343677 -2401.070641163086 -1509.1215140307315 -2101.5525013668175
213.706219074552 -1.0632203996581715 39627764151620523 11 511-512-513-514-515-516-517-518-519-520-521 0.4200529611635265 0.9956616052060737 17 1.017658428635967 1.0 [-1,-1] 1.0 1.0 1.0 0.0006262316776515472 0.14210347001521706 91.06322039965818 146.293780925448 1671.2397687345538 1671.2397687345538 -14.944880084233265 70.21241385170693 -1669.6973474556128
213.88949391819796 -0.87807618902784 39627764155813081 11 511-512-513-514-515-516-517-518-519-520-521 0.7521413961873415 0.9956616052060737 17 1.1243324918210658 1.0 [-1,-1] 1.0 1.0 1.0 0.0006416626200019751 0.139161677870846 90.87807618902784 146.11050608180204 2731.898885252523 2731.898885252523 -16.337085274059525 617.5690964373903 -2661.1300287686495
212.76565548332724 -1.2620987818211993 39627758099235255 11 511-512-513-514-515-516-517-518-519-520-521 0.8678552449373083 0.9956616052060737 17 0.662988701366902 1.0 [-1,-1] 1.0 1.0 1.0 0.0006812235016579503 0.1321480675826358 91.2620987818212 147.23434451667276 3054.042563663971 3054.042563663971 432.91962793572225 -193.59500620485412 -3016.9981024176564
212.82239762584896 -1.8847637297882656 39627739979843259 11 511-512-513-514-515-516-517-518-519-520-521 0.9678726611995336 0.9956616052060737 17 1.2849588468714142 1.0 [-1,-1] 1.0 1.0 1.0 0.00041974738576830407 0.19815580287489248 91.88476372978826 147.17760237415104 3315.031478055178 3315.031478055178 2067.902982773188 -1069.3611370671474 -2360.0164645325904
213.98730459806697 -1.1027246907907662 39627764155815343 11 511-512-513-514-515-516-517-518-519-520-521 0.6808141790240801 0.9956616052060737 17 1.2892261392440085 1.0 [-1,-1] 1.0 1.0 1.0 0.0007209928471550773 0.12577569469930108 91.10272469079077 146.01269540193303 2521.7796563556685 2521.7796563556685 0.6225449553816798 8.708824978056128 -2521.7645417474237
213.995752843271 -1.0247124665507075 39627764155815519 11 511-512-513-514-515-516-517-518-519-520-521 0.5939820968842628 0.9956616052060737 17 1.2688229078551856 1.0 [-1,-1] 1.0 1.0 1.0 0.0007756247847600315 0.11796159141779075 91.02471246655071 146.004247156729 2253.3624283723816 2253.3624283723816 14.620929036781185 182.8047331478329 -2245.887550963567
211.76513821063548 -0.4205350927668347 39627776201851157 11 511-512-513-514-515-516-517-518-519-520-521 0.9617015654434207 0.9956616052060737 17 1.0502669944459007 1.0 [-1,-1] 1.0 1.0 1.0 0.00041974738576830407 0.19815580287489248 90.42053509276684 148.23486178936452 3299.373396056704 3299.373396056704 -1747.4373513979476 -1144.883477961511 -2553.7363472834913
213.0624691531298 -1.948392824818906 39627739984037451 11 511-512-513-514-515-516-517-518-519-520-521 0.6659969336041865 0.9956616052060737 17 1.3736870161306702 1.0 [-1,-1] 1.0 1.0 1.0 0.000700708733790897 0.12894715825466588 91.94839282481891 146.9375308468702 2476.974830679437 2476.974830679437 1392.6718964698828 -1214.8893085834272 -1649.2159556868494
211.9379781418876 -0.4144509051705539 39627776201854654 11 511-512-513-514-515-516-517-518-519-520-521 0.7693955624447241 0.9956616052060737 17 0.8817319689713065 1.0 [-1,-1] 1.0 1.0 1.0 0.0006416626200019751 0.139161677870846 90.41445090517055 148.0620218581124 2781.3745362236973 2781.3745362236973 -1629.1248262243698 -702.5883258521644 -2142.047211363292
211.761807145216 -0.3191814242559838 39627782241648871 11 511-512-513-514-515-516-517-518-519-520-521 0.9522314000958885 0.9956616052060737 17 1.0754682546528689 1.0 [-1,-1] 1.0 1.0 1.0 0.00041974738576830407 0.19815580287489248 90.31918142425599 148.238192854784 3275.233069787697 3275.233069787697 -1936.053847009624 -1277.6986210318676 -2312.2139599793613
214.04985306569637 -1.022424866319491 39627764160005277 11 511-512-513-514-515-516-517-518-519-520-521 0.6708801278376387 0.9956616052060737 17 1.319187341017725 1.0 [-1,-1] 1.0 1.0 1.0 0.0007209928471550773 0.12577569469930108 91.0224248663195 145.95014693430363 2491.785459317144 2491.785459317144 27.833585776513704 206.60676709151642 -2483.049276707807
213.6079529801564 -1.7883207929109506 39627746032224528 11 511-512-513-514-515-516-517-518-519-520-521 0.9028523479199674 0.9956616052060737 17 1.4368672089650294 1.0 [-1,-1] 1.0 1.0 1.0 0.0005275616701708153 0.16431404058018498 91.78832079291095 146.3920470198436 3147.1393466894056 3147.1393466894056 601.4700942381359 -1890.754389616419 -2442.9014780305874
212.11856159351868 0.39083099124175213 39627800365238526 11 511-512-513-514-515-516-517-518-519-520-521 0.8505910643893297 0.9956616052060737 17 1.202535336363358 1.0 [-1,-1] 1.0 1.0 1.0 0.0006812235016579503 0.1321480675826358 89.60916900875824 147.88143840648132 3007.3936883346614 3007.3936883346614 -2922.5511964675898 -673.7726201000316 -221.67940153418536
213.41877372935465 0.16921312806921426 39627794346413566 11 511-512-513-514-515-516-517-518-519-520-521 0.6385577400621611 0.9956616052060737 17 0.9871973472470432 1.0 [-1,-1] 1.0 1.0 1.0 0.000833303205902425 0.11070054926254569 89.83078687193078 146.58122627064535 2392.9281876564396 2392.9281876564396 -1091.8464925750734 2012.1351133641422 -696.6267533617348
213.68459380343967 0.3634502778517266 39627794350608698 11 511-512-513-514-515-516-517-518-519-520-521 0.8063986334064487 0.9956616052060737 17 1.307945282443 1.0 [-1,-1] 1.0 1.0 1.0 0.0007229154976227362 0.12548315978664992 89.63654972214827 146.31540619656033 2885.7525297498582 2885.7525297498582 -658.2905062332281 2794.51144284308 -291.42249086162263
212.68515720126692 -1.2049292190939536 39627758095044577 11 511-512-513-514-515-516-517-518-519-520-521 0.8407023877859696 0.9956616052060737 17 0.615731137882343 1.0 [-1,-1] 1.0 1.0 1.0 0.0006232532477076302 0.14268566385842998 91.20492921909396 147.31484279873308 2980.4551723490845 2980.4551723490845 276.99796451895327 -97.98811017501173 -2965.9372030269114
213.40250209855748 0.303811687918135 39627794346413278 11 511-512-513-514-515-516-517-518-519-520-521 0.5968592785080085 0.9956616052060737 17 1.0862202323620547 1.0 [-1,-1] 1.0 1.0 1.0 0.0007756247847600315 0.11796159141779075 89.69618831208186 146.59749790144252 2262.4856472381653 2262.4856472381653 -1096.9433979052803 1945.338281673407 -362.2367397251047
213.60264863203852 -1.7958529887238202 39627746032224421 11 511-512-513-514-515-516-517-518-519-520-521 0.9022684683868543 0.9956616052060737 17 1.4401403417586476 1.0 [-1,-1] 1.0 1.0 1.0 0.0005275616701708153 0.16431404058018498 91.79585298872382 146.39735136796148 3145.6020722904245 3145.6020722904245 616.8428288091487 -1904.057916419069 -2426.7016241529186
213.77639870305146 -1.6261721188637788 39627746036417057 11 511-512-513-514-515-516-517-518-519-520-521 0.6430792285176639 0.9956616052060737 17 1.4163327198658269 1.0 [-1,-1] 1.0 1.0 1.0 0.000833303205902425 0.11070054926254569 91.62617211886378 146.22360129694854 2406.874412473472 2406.874412473472 166.33789886944137 -1184.27259702314 -2088.7495198705105
214.15225426651494 -0.9396901577584539 39627764160007455 11 511-512-513-514-515-516-517-518-519-520-521 0.42867462984117466 0.9956616052060737 17 1.3941468811308195 1.0 [-1,-1] 1.0 1.0 1.0 0.0006262316776515472 0.14210347001521706 90.93969015775845 145.84774573348506 1701.5535935465887 1701.5535935465887 66.02075181118866 274.1588428905321 -1678.0234863989597
214.09560895575427 -0.9426595077157678 39627764160006252 11 511-512-513-514-515-516-517-518-519-520-521 0.6788348448257059 0.9956616052060737 17 1.340040629351344 1.0 [-1,-1] 1.0 1.0 1.0 0.0007209928471550773 0.12577569469930108 90.94265950771577 145.90439104424573 2515.817852791214 2515.817852791214 73.19183476006539 402.9813030153729 -2482.254719638475
212.7176565903467 -1.3445721050184674 39627758095045340 11 511-512-513-514-515-516-517-518-519-520-521 1.0658627200832973 0.9956616052060737 17 0.7491101446735959 1.0 [-1,-1] 1.0 1.0 1.0 0.0001568149373683449 0.39812733398474315 91.34457210501847 147.2823434096533 3556.2025949508507 3556.2025949508507 782.1470073542487 -305.6279239078621 -3455.63518435464
211.93614956690487 -0.8569406703535466 39627770162056971 10 511-512-513-514-515-516-517-518-519-521 0.5154574755890663 1.0 17 0.9011848877895768 1.0 [-1,-1] 1.0 1.0 1.0 0.0006865842838717192 0.13125169390769817 90.85694067035355 148.06385043309513 1998.1100267673394 1998.1100267673394 -452.2285106211866 -196.012897123508 -1936.365667277431
213.55350355799175 -0.39541707904452206 39627776231212270 10 511-512-513-514-515-516-517-518-519-521 0.6459454047647754 1.0 17 0.7807549795027859 1.0 [-1,-1] 1.0 1.0 1.0 0.000833303205902425 0.11070054926254569 90.39541707904452 146.44649644200825 2415.6950690743547 2415.6950690743547 -558.7933282948829 1473.6542942578722 -1830.7582319953149
213.56885208077608 -1.423948573891401 39627752072021661 10 511-512-513-514-515-516-517-518-519-521 0.9263838992562875 1.0 17 1.1268674231772406 1.0 [-1,-1] 1.0 1.0 1.0 0.0004951280553168204 0.17321314004730964 91.4239485738914 146.43114791922392 3208.6514947078376 3208.6514947078376 341.0176311114628 -942.7311484563786 -3048.0172853007384
