data_rosette/LRG_8_clustering_data.ecsv
# %ECSV 1.0
# ---
# datatype:
# - {name: RA, unit: deg, datatype: float64}
# - {name: DEC, unit: deg, datatype: float64}
# - {name: TARGETID, datatype: int64}
# - {name: NTILE, datatype: int64}
# - {name: TILES, datatype: string}
# - {name: Z, datatype: float64}
# - {name: COMP_TILE, datatype: float64}
# - {name: ROSETTE_NUMBER, datatype: int32}
# - {name: ROSETTE_R, unit: deg, datatype: float64}
# - {name: FRACZ_TILELOCID, datatype: float64}
# - {name: BITWEIGHTS, datatype: string, subtype: 'int64[2]'}
# - {name: PROB_OBS, datatype: float64}
# - {name: WEIGHT_ZFAIL, datatype: float64}
# - {name: WEIGHT, datatype: float64}
# - {name: NZ, unit: h3 / Mpc3, datatype: float64}
# - {name: WEIGHT_FKP, datatype: float64}
# - {name: theta, unit: deg, datatype: float64}
# - {name: phi, unit: deg, datatype: float64}
# - {name: rho, unit: Mpc, datatype: float64}
# - {name: r, unit: Mpc, datatype: float64}
# - {name: x, unit: Mpc, datatype: float64}
# - {name: y, unit: Mpc, datatype: float64}
# - {name: z, unit: Mpc, datatype: float64}
# meta: !!omap
# - {EXTNAME: LSS}
# - {DESIDR: edr}
# - comments: ['Visit https://desidatamodel.readthedocs.io/en/latest/ for a more complet', e description]
# schema: astropy-2.0
RA DEC TARGETID NTILE TILES Z COMP_TILE ROSETTE_NUMBER ROSETTE_R FRACZ_TILELOCID BITWEIGHTS PROB_OBS WEIGHT_ZFAIL WEIGHT NZ WEIGHT_FKP theta phi rho r x y z
[from data line 645]
215.2847195330856 0.4537526637443765 39627800419763250 11 217-218-219-220-221-222-223-224-226-227-466 0.6465095673840123 1.0 8 1.4632697523993086 1.0 [-1,-1] 1.0 1.0 1.0 0.000833303205902425 0.11070054926254569 89.54624733625562 144.7152804669144 2417.429466270303 2417.429466270303 2368.1280524957997 485.0216089921488 -26.24481253576703
215.28666862674294 0.4422532133601504 39627800419763306 11 217-218-219-220-221-222-223-224-226-227-466 0.6431247174982199 1.0 8 1.4536512549500737 1.0 [-1,-1] 1.0 1.0 1.0 0.000833303205902425 0.11070054926254569 89.55774678663985 144.71333137325706 2407.014525092085 2407.014525092085 2358.4118522535373 478.2439264873016 -53.807117859287814
215.29295791287836 0.4344168641042904 39627800419763476 11 217-218-219-220-221-222-223-224-226-227-466 0.6439998422399829 1.0 8 1.4436489704693645 1.0 [-1,-1] 1.0 1.0 1.0 0.000833303205902425 0.11070054926254569 89.56558313589571 144.70704208712164 2409.709279854799 2409.709279854799 2363.5298557123087 463.8251053259942 -72.74411484249609
215.2966543826 0.4327252443493421 39627800419763565 11 217-218-219-220-221-222-223-224-226-227-466 0.6473506120260009 1.0 8 1.4398591798490186 1.0 [-1,-1] 1.0 1.0 1.0 0.000833303205902425 0.11070054926254569 89.56727475565066 144.7033456174 2420.0139716941867 2420.0139716941867 2375.217942036666 457.00732716192533 -77.14696327458718
215.3008858831402 0.43122132714425376 39627800419763672 11 217-218-219-220-221-222-223-224-226-227-466 0.6422733389425083 1.0 8 1.435833322948197 1.0 [-1,-1] 1.0 1.0 1.0 0.000833303205902425 0.11070054926254569 89.56877867285574 144.6991141168598 2404.3915126601128 2404.3915126601128 2361.6689150637567 444.04541383493614 -80.26301904191766
215.04920745687366 -0.31098898331029795 39627782296175958 11 217-218-219-220-221-222-223-224-226-227-466 0.637397423397568 1.0 8 1.2837083617613279 1.0 [-1,-1] 1.0 1.0 1.0 0.000833303205902425 0.11070054926254569 90.3109889833103 144.95079254312634 2389.34307224656 2389.34307224656 1545.2927392724728 722.8372140839733 -1672.882849687846
215.59301263797835 0.5850001322565946 39627800423958826 11 217-218-219-220-221-222-223-224-226-227-466 0.5450169896533293 1.0 8 1.379869058211659 1.0 [-1,-1] 1.0 1.0 1.0 0.0007045118177349687 0.128340413101622 89.4149998677434 144.40698736202165 2095.627020183766 2095.627020183766 2068.7207934881612 -220.6841396036908 251.68511446126988
216.3021263303374 0.3141819227622057 39627794396742896 11 217-218-219-220-221-222-223-224-226-227-466 0.5913258136045361 1.0 8 0.9141843955471727 1.0 [-1,-1] 1.0 1.0 1.0 0.0007756247847600315 0.11796159141779075 89.6858180772378 143.6978736696626 2244.9254598808966 2244.9254598808966 1521.708024891781 -1615.8317925857211 -336.4262556201966
215.11550060815864 -0.16701528627843723 39627782296177629 11 217-218-219-220-221-222-223-224-226-227-466 0.7151363381907039 1.0 8 1.2611284759320651 1.0 [-1,-1] 1.0 1.0 1.0 0.0006167714992318164 0.14396928707710532 90.16701528627844 144.88449939184136 2624.025072952427 2624.025072952427 1973.505835982227 768.2607846933055 -1549.3733138044904
216.48755743700258 0.5933128566537346 39627800436544788 11 217-218-219-220-221-222-223-224-226-227-466 1.0958334026824315 1.0 8 1.2079619589626658 1.0 [-1,-1] 1.0 1.0 1.0 4.689797466212482e-05 0.6886505109163528 89.40668714334626 143.51244256299742 3627.256472397031 3627.256472397031 1941.124392312868 -3028.578251154823 465.55277546819894
216.25643814168842 -1.623076677618959 39627752118157547 11 217-218-219-220-221-222-223-224-226-227-466 0.8584875684438521 1.0 8 1.0240033003970401 1.0 [-1,-1] 1.0 1.0 1.0 0.0006812235016579503 0.1321480675826358 91.62307667761895 143.74356185831158 3028.7905209793003 3028.7905209793003 -1074.8547377085513 1041.627561092902 -2633.110581948885
216.32641972785558 -1.452515688968547 39627752118159524 11 217-218-219-220-221-222-223-224-226-227-466 0.5244017079295529 1.0 8 0.8529248297235684 1.0 [-1,-1] 1.0 1.0 1.0 0.0006865842838717192 0.13125169390769817 91.45251568896855 143.67358027214442 2027.8015906294706 2027.8015906294706 -459.59829650041684 512.4145712897763 -1907.401374630741
217.1776449415204 -0.1814541948369389 39627782329732909 11 217-218-219-220-221-222-223-224-226-227-466 0.6483277976259506 1.0 8 0.9723178428263871 1.0 [-1,-1] 1.0 1.0 1.0 0.000833303205902425 0.11070054926254569 90.18145419483695 142.8223550584796 2423.015171938763 2423.015171938763 -231.8174561306868 -1920.7418144074256 -1458.7714258462158
216.30785146626883 -1.4548064035719073 39627752118158975 11 217-218-219-220-221-222-223-224-226-227-466 0.4732188817134255 1.0 8 0.8548424487275479 1.0 [-1,-1] 1.0 1.0 1.0 0.00048380039118235755 0.17655271186088778 91.45480640357191 143.69214853373117 1855.7045390448961 1855.7045390448961 -431.95036745869106 463.9618129710921 -1744.0750134064504
216.273883839927 0.45447260556131613 39627800436539958 11 217-218-219-220-221-222-223-224-226-227-466 0.5607458941007002 1.0 8 1.0547959562611255 1.0 [-1,-1] 1.0 1.0 1.0 0.000677088223595666 0.13284793461577618 89.54552739443868 143.726116160073 2146.8084563328352 2146.8084563328352 1515.2895341371673 -1520.5954822579617 -21.761324711806655
216.41098161625865 0.5047315959249278 39627800436543085 11 217-218-219-220-221-222-223-224-226-227-466 0.7141525043743934 1.0 8 1.110292046302782 1.0 [-1,-1] 1.0 1.0 1.0 0.0006167714992318164 0.14396928707710532 89.49526840407508 143.58901838374135 2621.1238606493525 2621.1238606493525 1577.7949346904068 -2090.406569655907 105.13710320379056
216.42139956465573 0.4868475805790515 39627800436543290 11 217-218-219-220-221-222-223-224-226-227-466 0.5869916896302807 1.0 8 1.0936064472258915 1.0 [-1,-1] 1.0 1.0 1.0 0.0006621615122706149 0.13543705131792066 89.51315241942095 143.57860043534427 2231.129971205578 2231.129971205578 1325.1657032260957 -1794.2729538114709 49.61224270025977
216.3026175319946 0.491466924753616 39627800436540660 11 217-218-219-220-221-222-223-224-226-227-466 0.49692193175590144 1.0 8 1.0914700633054217 1.0 [-1,-1] 1.0 1.0 1.0 0.0005337442823398631 0.16272042362546515 89.50853307524639 143.6973824680054 1936.0650837658097 1936.0650837658097 1326.167604717745 -1409.5830426265752 51.99171774347674
217.30021340197484 -0.20188275025006008 39627782333924763 11 217-218-219-220-221-222-223-224-226-227-466 0.8507747043473904 1.0 8 1.0765087917297265 1.0 [-1,-1] 1.0 1.0 1.0 0.0006812235016579503 0.1321480675826358 90.20188275025006 142.69978659802516 3007.8924434730397 3007.8924434730397 -568.1243513884082 -2294.9126762140827 -1859.577231903432
217.29688025155997 -0.19978567358314553 39627782333924675 11 217-218-219-220-221-222-223-224-226-227-466 0.8424546540588205 1.0 8 1.074192390761282 1.0 [-1,-1] 1.0 1.0 1.0 0.0006232532477076302 0.14268566385842998 90.19978567358315 142.70311974844003 2985.2403415961685 2985.2403415961685 -557.1673688284571 -2283.2516357579275 -1840.6483607725654
216.44981212013752 0.4742726472831986 39627800436543991 11 217-218-219-220-221-222-223-224-226-227-466 0.5770198165006435 1.0 8 1.0846680171909513 1.0 [-1,-1] 1.0 1.0 1.0 0.0006621615122706149 0.13543705131792066 89.5257273527168 143.55018787986248 2199.2511078181233 2199.2511078181233 1255.7114059523992 -1805.3926631461209 21.251636606357515
216.3301902475265 0.5675068851919818 39627800436541273 11 217-218-219-220-221-222-223-224-226-227-466 0.4349905974325197 1.0 8 1.1678971471863189 1.0 [-1,-1] 1.0 1.0 1.0 0.0005288673958748294 0.16397488484989944 89.43249311480801 143.6698097524735 1723.6617827464481 1723.6617827464481 1139.9804914456747 -1280.6672220573826 177.04769631872955
216.2920453069376 0.5299179840049456 39627800436540401 11 217-218-219-220-221-222-223-224-226-227-466 0.5581473389509995 1.0 8 1.1299459835075196 1.0 [-1,-1] 1.0 1.0 1.0 0.000677088223595666 0.13284793461577618 89.47008201599506 143.7079546930624 2138.3865007817667 2138.3865007817667 1478.5071621904724 -1538.5829771106219 139.55579752407272
216.22916286555736 0.3759366097939706 39627800432350508 11 217-218-219-220-221-222-223-224-226-227-466 0.6948376999143924 1.0 8 0.9785039731364517 1.0 [-1,-1] 1.0 1.0 1.0 0.0005843703162771602 0.15074849413407446 89.62406339020603 143.77083713444264 2563.8137467822294 2563.8137467822294 1881.676193280015 -1726.5246221458435 -227.04264127453584
216.0218909216316 0.8471096731437451 39627806472143415 10 217-218-219-220-221-222-223-224-226-466 0.9512158755743023 1.0 8 1.4735896967142494 1.0 [-1,-1] 1.0 1.0 1.0 0.00041974738576830407 0.19815580287489248 89.15289032685625 143.9781090783684 3272.6363599587585 3272.6363599587585 2611.656631026825 -1548.3468475359593 1221.4828798895164
216.73277441657916 0.3337224213943465 39627794400941445 10 217-218-219-220-221-222-223-224-226-466 0.7387343234852155 1.0 8 1.0291385229401668 1.0 [-1,-1] 1.0 1.0 1.0 0.0007126833197713517 0.12705585074725267 89.66627757860566 143.26722558342084 2693.095544474298 2693.095544474298 851.9660014758416 -2530.4891817759058 -351.48548321614925
216.1868631614713 0.35659640754353683 39627794392551733 10 217-218-219-220-221-222-223-224-226-466 0.6217007254742796 1.0 8 0.9632633472077881 1.0 [-1,-1] 1.0 1.0 1.0 0.0007214233604467519 0.12571007283523317 89.64340359245647 143.8131368385287 2340.5940325204256 2340.5940325204256 1779.5646055004886 -1499.2875785500555 -252.32319894458473
215.0358255150657 0.025646771502591086 39627788335973271 10 217-218-219-220-221-222-223-224-226-466 0.8561223064988801 1.0 8 1.4105016769533367 1.0 [-1,-1] 1.0 1.0 1.0 0.0006812235016579503 0.1321480675826358 89.9743532284974 144.9641744849343 3022.392108611942 3022.392108611942 2462.3998850589164 1192.246962907121 -1284.518603874745
216.05442396485012 -1.3889680523492618 39627752113964330 10 217-218-219-220-221-222-223-224-226-466 0.8038022267598196 1.0 8 0.826292355230854 1.0 [-1,-1] 1.0 1.0 1.0 0.0007229154976227362 0.12548315978664992 91.38896805234926 143.94557603514988 2878.5045307749597 2878.5045307749597 -677.2004348078135 431.85663448154776 -2764.179399395479
215.22605167947142 -0.25344144282565706 39627782296180428 10 217-218-219-220-221-222-223-224-226-466 0.7797834556339742 1.0 8 1.1284504138188987 1.0 [-1,-1] 1.0 1.0 1.0 0.0007324854237337303 0.12404708914385561 90.25344144282566 144.77394832052858 2810.9129237463017 2810.9129237463017 2045.3472185551498 545.6096570513193 -1849.3502433463043
217.21543217172183 -1.5216713712058438 39627752130745188 10 217-218-219-220-221-222-223-224-226-466 0.7991532354559463 1.0 8 1.2989183354783842 1.0 [-1,-1] 1.0 1.0 1.0 0.0007229154976227362 0.12548315978664992 91.52167137120584 142.78456782827817 2865.498208933443 2865.498208933443 181.86840638066855 1142.2219306825596 -2621.7042032291006
215.66078223812912 0.5617673758401287 39627800423960745 10 217-218-219-220-221-222-223-224-226-466 0.8837735351742687 1.0 8 1.326004803023946 1.0 [-1,-1] 1.0 1.0 1.0 0.0005690156306133545 0.15418916366201427 89.43823262415987 144.33921776187088 3096.628975289521 3096.628975289521 3035.463138398919 -533.704873702783 300.3891705935955
216.5070469634699 -0.12669079648783887 39627782321340621 10 217-218-219-220-221-222-223-224-226-466 0.7518625829903789 1.0 8 0.516612117019924 1.0 [-1,-1] 1.0 1.0 1.0 0.0006416626200019751 0.139161677870846 90.12669079648784 143.4929530365301 2731.095141832833 2731.095141832833 1186.083129274021 -1932.4368319047526 -1522.4241770585397
215.36490867233908 -0.00434470852661967 39627788340170017 10 217-218-219-220-221-222-223-224-226-466 0.6508881355523253 1.0 8 1.1086788627274937 1.0 [-1,-1] 1.0 1.0 1.0 0.000700708733790897 0.12894715825466588 90.00434470852662 144.63509132766092 2430.8701930695884 2430.8701930695884 2152.3645738905097 263.52606435706906 -1098.6403642774899
216.25283742658112 0.6563347648960757 39627806476337252 10 217-218-219-220-221-222-223-224-226-466 0.7288635139301636 1.0 8 1.25721965469775 1.0 [-1,-1] 1.0 1.0 1.0 0.0006167714992318164 0.14396928707710532 89.34366523510393 143.74716257341888 2664.3244650490415 2664.3244650490415 1884.7870735547583 -1813.407960101252 507.6949011573468
216.51215974506772 -0.11837756771951438 39627788361138489 10 217-218-219-220-221-222-223-224-226-466 0.7875968858259149 1.0 8 0.5262792896061992 1.0 [-1,-1] 1.0 1.0 1.0 0.0007324854237337303 0.12404708914385561 90.11837756771952 143.48784025493228 2833.0086485148213 2833.0086485148213 1226.846179233173 -2021.9662762796397 -1559.6277865723566
215.98647394169603 -0.9715258747156658 39627764189370016 10 217-218-219-220-221-222-223-224-226-466 0.9356200519770764 1.0 8 0.48611853860875326 1.0 [-1,-1] 1.0 1.0 1.0 0.0004445766401596716 0.18918261239264766 90.97152587471567 144.01352605830397 3232.560642830278 3232.560642830278 380.91320027779125 -207.96327874785547 -3203.295914854242
215.3406394269939 -0.884408423965716 39627764180978081 10 217-218-219-220-221-222-223-224-226-466 0.7912088966661129 1.0 8 1.0005521142166078 1.0 [-1,-1] 1.0 1.0 1.0 0.0007229154976227362 0.12548315978664992 90.88440842396571 144.6593605730061 2843.1878656027216 2843.1878656027216 618.7389837125979 91.04554816358434 -2773.551877521755
216.71878423883376 0.34149882300200357 39627794400941134 10 217-218-219-220-221-222-223-224-226-466 0.8528313130185965 1.0 8 1.0304345847888667 1.0 [-1,-1] 1.0 1.0 1.0 0.0006812235016579503 0.1321480675826358 89.658501176998 143.28121576116624 3013.474312328261 3013.474312328261 993.8237027829622 -2820.709463205675 -370.05405420154455
216.64990602810988 0.30701369461688865 39627794400939461 10 217-218-219-220-221-222-223-224-226-466 0.737129272346005 1.0 8 0.9721649620658988 1.0 [-1,-1] 1.0 1.0 1.0 0.0007126833197713517 0.12705585074725267 89.69298630538312 143.35009397189012 2688.4289336823977 2688.4289336823977 1052.574258439936 -2437.562301391188 -421.9331567520913
216.92525077320593 0.19567976903123557 39627794405134673 10 217-218-219-220-221-222-223-224-226-466 0.5864095222878547 1.0 8 1.0119454897500184 1.0 [-1,-1] 1.0 1.0 1.0 0.0006621615122706149 0.13543705131792066 89.80432023096877 143.07474922679407 2229.2741634040067 2229.2741634040067 283.46795041239625 -2130.368350856334 -592.3174034074078
214.97372561392373 -0.3546727329395839 39627782291986156 10 217-218-219-220-221-222-223-224-226-466 0.9613043104155421 1.0 8 1.3487269691778452 1.0 [-1,-1] 1.0 1.0 1.0 0.00041974738576830407 0.19815580287489248 90.35467273293959 145.02627438607627 3298.3634721179246 3298.3634721179246 1962.0514253442473 1105.2632506067405 -2409.968660660267
215.65895353480892 0.2436934571241783 39627794384163679 10 217-218-219-220-221-222-223-224-226-466 0.815461858186691 1.0 8 1.0595979527411417 1.0 [-1,-1] 1.0 1.0 1.0 0.0006627118749498285 0.13533979738261318 89.75630654287582 144.34104646519108 2910.964123350629 2910.964123350629 2798.205504463367 -486.71588823999184 -637.8602718152033
216.2129217703986 -1.5454739808245332 39627752113968416 10 217-218-219-220-221-222-223-224-226-466 0.8651644420441358 1.0 8 0.9494739788841265 1.0 [-1,-1] 1.0 1.0 1.0 0.0006812235016579503 0.1321480675826358 91.54547398082454 143.7870782296014 3046.803602003364 3046.803602003364 -968.8787775830918 860.4306668670146 -2757.525189557577
216.18687798500184 -1.4062130202002554 39627752113967735 10 217-218-219-220-221-222-223-224-226-466 1.051503727679313 1.0 8 0.814108034002807 1.0 [-1,-1] 1.0 1.0 1.0 0.0001568149373683449 0.39812733398474315 91.40621302020025 143.81312201499816 3521.720539180147 3521.720539180147 -795.9746982938699 670.6308252338182 -3364.4010064208305
216.17028690716901 -1.4167940817488585 39627752113967308 10 217-218-219-220-221-222-223-224-226-466 0.8008819014729281 1.0 8 0.8270263369858417 1.0 [-1,-1] 1.0 1.0 1.0 0.0007229154976227362 0.12548315978664992 91.41679408174886 143.82971309283099 2870.338704333407 2870.338704333407 -680.1878024992772 554.0456531434533 -2732.9877872318475
