data_rosette/LRG_1_clustering_data.ecsv
# %ECSV 1.0
# ---
# datatype:
# - {name: RA, unit: deg, datatype: float64}
# - {name: DEC, unit: deg, datatype: float64}
# - {name: TARGETID, datatype: int64}
# - {name: NTILE, datatype: int64}
# - {name: TILES, datatype: string}
# - {name: Z, datatype: float64}
# - {name: COMP_TILE, datatype: float64}
# - {name: ROSETTE_NUMBER, datatype: int32}
# - {name: ROSETTE_R, unit: deg, datatype: float64}
# - {name: FRACZ_TILELOCID, datatype: float64}
# - {name: BITWEIGHTS, datatype: string, subtype: 'int64[2]'}
# - {name: PROB_OBS, datatype: float64}
# - {name: WEIGHT_ZFAIL, datatype: float64}
# - {name: WEIGHT, datatype: float64}
# - {name: NZ, unit: h3 / Mpc3, datatype: float64}
# - {name: WEIGHT_FKP, datatype: float64}
# - {name: theta, unit: deg, datatype: float64}
# - {name: phi, unit: deg, datatype: float64}
# - {name: rho, unit: Mpc, datatype: float64}
# - {name: r, unit: Mpc, datatype: float64}
# - {name: x, unit: Mpc, datatype: float64}
# - {name: y, unit: Mpc, datatype: float64}
# - {name: z, unit: Mpc, datatype: float64}
# meta: !!omap
# - {EXTNAME: LSS}
# - {DESIDR: edr}
# - comments: ['Visit https://desidatamodel.readthedocs.io/en/latest/ for a more complet', e description]
# schema: astropy-2.0
RA DEC TARGETID NTILE TILES Z COMP_TILE ROSETTE_NUMBER ROSETTE_R FRACZ_TILELOCID BITWEIGHTS PROB_OBS WEIGHT_ZFAIL WEIGHT NZ WEIGHT_FKP theta phi rho r x y z
[from data line 3258]
179.83089544588853 -1.2165371760151003 39627757545588617 9 28-30-31-34-35-36-37-38-445 0.9557352215629564 1.0 1 1.2382517497615417 1.0 [-1,-1] 1.0 1.0 1.0 0.00041974738576830407 0.19815580287489248 91.2165371760151 -179.83089544588853 3284.1804084119763 3284.1804084119763 262.1265831418795 -249.19557238711812 -3264.204677422982
179.79167289282447 -0.2829902636552179 39627781704778713 9 28-30-31-34-35-36-37-38-445 0.8601925744967198 1.0 1 0.3417918788144667 1.0 [-1,-1] 1.0 1.0 1.0 0.0006812235016579503 0.1321480675826358 90.28299026365522 -179.79167289282447 3033.397204050553 3033.397204050553 -1671.0530924584887 1468.265225277895 -2062.347542963185
179.79981375773696 -0.28304725986983315 39627781704778894 9 28-30-31-34-35-36-37-38-445 0.8149283015023724 1.0 1 0.34646928335771804 1.0 [-1,-1] 1.0 1.0 1.0 0.0006627118749498285 0.13533979738261318 90.28304725986983 -179.79981375773696 2909.4837204973605 2909.4837204973605 -1591.1892621030506 1421.2131626140713 -1978.222787862788
178.34899742399412 0.5743706793340569 39627799799007491 9 28-30-31-34-35-36-37-38-445 0.7681939965289627 1.0 1 1.3765379384240228 1.0 [-1,-1] 1.0 1.0 1.0 0.0006416626200019751 0.139161677870846 89.42562932066595 -178.34899742399412 2777.9458288754545 2777.9458288754545 -2072.656570476988 -1824.4121875435083 304.2990945892197
179.36160033748195 -0.7408958660659524 39627769616796330 8 28-30-31-34-35-36-37-445 0.7179038739924939 1.0 1 0.7783045134090489 1.0 [-1,-1] 1.0 1.0 1.0 0.0006167714992318164 0.14396928707710532 90.74089586606596 -179.36160033748195 2632.176916148555 2632.176916148555 -900.7868386818451 269.6100292567191 -2458.505403957265
180.72177053404627 0.6797243372809457 39627805876557364 8 28-30-31-34-35-36-37-445 0.6872195881472987 1.0 1 1.3116155187436918 1.0 [-1,-1] 1.0 1.0 1.0 0.0007209928471550773 0.12577569469930108 89.32027566271906 -180.72177053404627 2541.023742231473 2541.023742231473 198.86232226054156 2474.479917857392 542.4062789917344
179.03693260438598 0.29807515833044745 39627793771791022 7 28-30-31-34-35-36-445 0.6396992117141359 1.0 1 0.6370956221255831 1.0 [-1,-1] 1.0 1.0 1.0 0.000833303205902425 0.11070054926254569 89.70192484166955 -179.03693260438598 2396.452604725671 2396.452604725671 -2361.9444303489013 -79.97917810202253 -397.2491985018747
180.62763337238226 -0.5571999124727862 39627775677565982 8 28-30-31-34-35-37-38-445 0.40848227518764546 1.0 1 1.1689605631403228 1.0 [-1,-1] 1.0 1.0 1.0 0.0003379611466139912 0.2348475370676925 90.55719991247278 -180.62763337238226 1630.3117351197698 1630.3117351197698 -11.862439376571697 850.6520873510276 -1390.7432050837465
179.1261293484123 -0.1042760907380742 39627787731995144 6 28-30-31-34-35-445 0.732762741424464 1.0 1 0.4852078416598768 1.0 [-1,-1] 1.0 1.0 1.0 0.0007126833197713517 0.12705585074725267 90.10427609073807 -179.1261293484123 2675.7104073373107 2675.7104073373107 -2250.8390508527045 124.70701988888236 -1441.3874948396522
178.39382295715458 0.649926634590814 39627805838805681 6 28-30-31-34-35-445 0.9866762472717857 1.0 1 1.3701114139752635 1.0 [-1,-1] 1.0 1.0 1.0 0.0003578035202613049 0.22475091060875194 89.35007336540919 -178.39382295715458 3362.3920836797583 3362.3920836797583 -2576.04730435388 -2070.22220529606 619.54889300404
180.7372573168029 0.9188177015043693 39627811916354648 5 28-30-31-34-36 0.861679547344469 1.0 1 1.462008652342702 1.0 [-1,-1] 1.0 1.0 1.0 0.0006812235016579503 0.1321480675826358 89.08118229849563 -180.7372573168029 3037.410946196667 3037.410946196667 260.7541816997464 2716.959798172831 1332.6672382534493
180.18328371015235 1.2505242188120071 39627817947762102 5 28-30-31-34-36 0.9009941540722377 1.0 1 1.3798466159099292 1.0 [-1,-1] 1.0 1.0 1.0 0.0005275616701708153 0.16431404058018498 88.749475781188 -180.18328371015235 3142.2451172886863 3142.2451172886863 -982.503282685617 1991.591804690915 2223.050552759554
180.51199231661255 -0.7047122294543925 39627769637765481 8 28-30-31-34-36-37-38-445 0.4041014330703715 1.0 1 1.1525221775331862 1.0 [-1,-1] 1.0 1.0 1.0 0.0003379611466139912 0.2348475370676925 90.70471222945439 -180.51199231661255 1614.7421053641428 1614.7421053641428 -81.54001323468363 625.712234255302 -1486.3470297951117
180.52342270675084 -0.7073876004737488 39627769637765781 8 28-30-31-34-36-37-38-445 0.7939713295097115 1.0 1 1.1632125280315773 1.0 [-1,-1] 1.0 1.0 1.0 0.0007229154976227362 0.12548315978664992 90.70738760047375 -180.52342270675084 2850.957847844898 2850.957847844898 -130.50059665654112 1099.3430724403845 -2627.2371521311193
178.60153874349362 0.2691548408849188 39627793763403996 8 28-30-31-34-36-37-38-445 1.0055362922031617 1.0 1 1.0340995482266762 1.0 [-1,-1] 1.0 1.0 1.0 0.0002622817504223413 0.28340640119267335 89.73084515911508 -178.60153874349362 3409.370977878394 3409.370977878394 -2982.956351443071 -1512.3986039186188 -662.1422302269589
179.35258525463934 1.5214770537727842 39627823974975544 7 28-30-31-34-36-37-445 0.405131263966872 1.0 1 1.5414577815132822 1.0 [-1,-1] 1.0 1.0 1.0 0.0003379611466139912 0.2348475370676925 88.47852294622722 -179.35258525463934 1618.4057949365474 1618.4057949365474 -764.2291624477317 221.25084600131825 1409.339975837036
179.39483565349366 -0.7138640734513605 39627769616797108 7 28-30-31-34-36-37-445 0.9359396216545228 1.0 1 0.7427598174141075 1.0 [-1,-1] 1.0 1.0 1.0 0.0004445766401596716 0.18918261239264766 90.71386407345136 -179.39483565349366 3233.3855503237146 3233.3855503237146 -1171.8957046371982 393.6340628602465 -2987.724016546912
180.05603268087398 1.3068138862626295 39627817947759639 7 28-30-31-34-36-38-445 1.0287231766725082 1.0 1 1.3840853570842102 1.0 [-1,-1] 1.0 1.0 1.0 0.00020304675497218746 0.33812883710054276 88.69318611373737 -180.05603268087398 3466.419641002345 3466.419641002345 -1275.530146454451 1923.5212806067032 2586.339857030754
180.05646117700587 1.2990155641548293 39627817947759650 7 28-30-31-34-36-38-445 1.0276351711176341 1.0 1 1.3768669291252005 1.0 [-1,-1] 1.0 1.0 1.0 0.00020304675497218746 0.33812883710054276 88.70098443584517 -180.05646117700587 3463.760008640311 3463.760008640311 -1284.8197204841604 1939.3338152947783 2566.2922741116467
179.80063247526246 1.585354651234178 39627823983363083 6 28-30-31-34-36-445 0.6565812843884029 1.0 1 1.5979963976767262 1.0 [-1,-1] 1.0 1.0 1.0 0.000700708733790897 0.12894715825466588 88.41464534876582 -179.80063247526246 2448.2927209529853 2448.2927209529853 -793.7428438427073 710.1217427783264 2204.50372096609
180.80961187778203 0.9337087970184371 39627811920545045 6 28-30-31-34-36-445 1.0239631523208936 1.0 1 1.5280194641726357 1.0 [-1,-1] 1.0 1.0 1.0 0.00020304675497218746 0.33812883710054276 89.06629120298156 -180.80961187778203 3454.771246305336 3454.771246305336 515.3764979908136 3038.169657915851 1561.8439612638415
179.7089381185683 0.09252637537796646 39627787740385998 6 28-30-31-34-37-38 1.0077576194831865 1.0 1 0.1429287707276147 1.0 [-1,-1] 1.0 1.0 1.0 0.0002622817504223413 0.28340640119267335 89.90747362462203 -179.7089381185683 3414.869939259005 3414.869939259005 -2555.1222598578297 1895.0904231970162 -1241.4987825772419
178.7563935842159 0.768600302079477 39627805847191734 7 28-30-31-34-37-38-445 1.051420456547604 1.0 1 1.1412166836941335 1.0 [-1,-1] 1.0 1.0 1.0 0.0001568149373683449 0.39812733398474315 89.23139969792052 -178.7563935842159 3521.5197287693895 3521.5197287693895 -3195.3661347718457 -1039.0443425241501 1054.0983441471797
180.2627264499849 0.35530223466711486 39627793792762225 8 28-30-31-35-36-37-38-445 0.5645858885840908 1.0 1 0.7519577086110932 1.0 [-1,-1] 1.0 1.0 1.0 0.000677088223595666 0.13284793461577618 89.64469776533288 -180.2627264499849 2159.2296198290983 2159.2296198290983 -793.8321270059607 1994.1463186724488 -235.54949587215125
180.57287207630847 0.2664248735052178 39627793796957921 8 28-30-31-35-36-37-38-445 0.49604429591479055 1.0 1 1.0086899762623744 1.0 [-1,-1] 1.0 1.0 1.0 0.0005337442823398631 0.16272042362546515 89.73357512649478 -180.57287207630847 1933.110065771673 1933.110065771673 -130.11310810267142 1890.7991840762684 -380.60944678783477
179.9252671399989 0.11210953621295672 39627787744579516 6 28-30-31-35-36-445 0.9492760414990231 1.0 1 0.3440452375075954 1.0 [-1,-1] 1.0 1.0 1.0 0.0004445766401596716 0.18918261239264766 89.88789046378704 -179.9252671399989 3267.671833966246 3267.671833966246 -2013.6483107139397 2313.0462895027313 -1128.1474007738852
180.38100925281444 0.32770736971087105 39627793792764966 6 28-30-31-36-37-445 0.6809719865357173 1.0 1 0.8469716179237979 0.5 [-1,-1] 1.0 1.0 1.0 0.0007209928471550773 0.12577569469930108 89.67229263028914 -180.38100925281444 2522.2546673444467 2522.2546673444467 -643.7279119529582 2414.3099934741663 -344.2241097371033
180.03805401996138 1.2669254380993484 39627817947759335 5 28-30-31-36-38 1.0852371792172122 1.0 1 1.3405074093143776 1.0 [-1,-1] 1.0 1.0 1.0 0.0001075182622224553 0.4910338705006151 88.73307456190065 -180.03805401996138 3602.2758592676014 3602.2758592676014 -1420.9892301568507 2061.430052204706 2589.920291033621
179.7422246208604 1.5343283046857612 39627823979172292 5 28-30-31-36-445 0.6472666271474642 1.0 1 1.5409043947783916 0.5 [8070401994150268861,-1784024137056911937] 0.7890625 1.0 1.2647058823529411 0.000833303205902425 0.11070054926254569 88.46567169531424 -179.7422246208604 2419.7559481351636 2419.7559481351636 -910.0558350185263 723.1359952478981 2122.28451392858
179.61511500461103 -0.05824143753375173 39627787740383812 5 28-30-31-36-445 0.600137230748274 1.0 1 0.060170826249903886 1.0 [-1,-1] 1.0 1.0 1.0 0.0007756247847600315 0.11796159141779075 90.05824143753375 -179.61511500461103 2272.860214335787 2272.860214335787 -1684.599986686848 1019.7489140918238 -1134.9575282686737
180.9673205562536 0.07472080447133285 39627787761356657 5 28-30-32-33-34 1.0101058734711614 1.0 1 1.3693603040299829 1.0 [-1,-1] 1.0 1.0 1.0 0.00020304675497218746 0.33812883710054276 89.92527919552867 -180.9673205562536 3420.675323394356 3420.675323394356 1012.5071484219886 2997.5761261673515 -1300.148572396627
180.78565412329183 -0.86228529586001 39627769641960309 7 28-30-32-33-34-35-36 0.4686294903829608 1.0 1 1.4660168804111622 1.0 [-1,-1] 1.0 1.0 1.0 0.0005635091211985168 0.1554616369400361 90.86228529586 -180.78565412329183 1840.0120997970064 1840.0120997970064 63.79853293173867 439.7417901386641 -1785.5535367500997
180.61517842432775 -0.05732010489735541 39627787757160894 8 28-30-32-33-34-35-36-37 0.5228226188914386 1.0 1 1.0167952024955893 1.0 [-1,-1] 1.0 1.0 1.0 0.0006865842838717192 0.13125169390769817 90.05732010489736 -180.61517842432775 2022.571276037323 2022.571276037323 -46.27983854091403 1752.6728920261928 -1008.3602911422155
179.5680915934438 0.5537700362195107 39627799819977979 8 28-30-32-33-34-35-36-37 0.4613422839552065 1.0 1 0.5546885321692125 1.0 [-1,-1] 1.0 1.0 1.0 0.0005635091211985168 0.1554616369400361 89.4462299637805 -179.5680915934438 1815.0059318737738 1815.0059318737738 -1588.8159964469469 862.433511983855 161.6128075941854
180.71595882918066 0.4165196972640673 39627799836759211 9 28-30-32-33-34-35-36-37-38 0.9123448206789865 1.0 1 1.1911468540054242 1.0 [-1,-1] 1.0 1.0 1.0 0.0004951280553168204 0.17321314004730964 89.58348030273594 -180.71595882918066 3172.0567607475987 3172.0567607475987 235.45152234280692 3159.6289631016202 -152.48439120245538
181.05813718898247 -0.2876653146342198 39627781725750325 9 28-30-32-33-34-35-36-37-38 0.8795654098554369 1.0 1 1.4862360274345505 1.0 [-1,-1] 1.0 1.0 1.0 0.0005690156306133545 0.15418916366201427 90.28766531463422 -181.05813718898247 3085.4103659085363 3085.4103659085363 911.5085236117386 2060.1280611425054 -2108.2650946055664
179.27217252983957 0.18954508726045172 39627793775985079 9 28-30-32-33-34-35-36-37-38 0.5292060559067411 1.0 1 0.37867901742496 1.0 [-1,-1] 1.0 1.0 1.0 0.0006865842838717192 0.13125169390769817 89.81045491273954 -179.27217252983957 2043.6839918248688 2043.6839918248688 -1927.105581258864 393.4357357418117 -555.0825695006695
180.9971020947382 -0.5176778376832154 39627775681762452 9 28-30-32-33-34-35-36-37-38 0.5410274873010944 1.0 1 1.4899098933719261 1.0 [-1,-1] 1.0 1.0 1.0 0.0007045118177349687 0.128340413101622 90.51767783768321 -180.9971020947382 2082.5674120433064 2082.5674120433064 402.4101187205586 1083.781641338107 -1732.215481963644
180.57305110747555 1.0343697208734908 39627811916350944 9 28-30-32-33-34-35-36-37-38 0.9874785742451151 1.0 1 1.4200867264610137 1.0 [-1,-1] 1.0 1.0 1.0 0.0003578035202613049 0.22475091060875194 88.96563027912651 -180.57305110747555 3364.401250122036 3364.401250122036 -193.97864694753594 2826.2787706955855 1814.8598752153207
179.19262560678223 -0.10464903252769903 39627787731996457 9 28-30-32-33-34-35-36-37-38 0.6673834940256796 1.0 1 0.4206009173997059 1.0 [-1,-1] 1.0 1.0 1.0 0.000700708733790897 0.12894715825466588 90.1046490325277 -179.19262560678223 2481.1847184338767 2481.1847184338767 -2074.4099767508105 254.01341727032187 -1337.3772987430102
179.43707183278616 0.13549388439708615 39627793775988283 9 28-30-32-33-34-35-36-37-38 0.494009319764367 1.0 1 0.21190594823233327 1.0 [-1,-1] 1.0 1.0 1.0 0.0005337442823398631 0.16272042362546515 89.86450611560291 -179.43707183278616 1926.2522326165513 1926.2522326165513 -1701.94274645803 652.8683247046756 -622.5765029588391
180.2151909511382 0.7886738831487633 39627805868167959 10 28-30-32-33-34-35-36-37-38-445 0.6994154153431765 0.9473684210526315 1 1.0002212240627322 1.0 [-1,-1] 1.0 1.0 1.0 0.0005843703162771602 0.15074849413407446 89.21132611685124 -180.2151909511382 2577.4575064342944 2577.4575064342944 -1010.5082595500886 2224.540345029003 820.7195064050711
180.21433003596553 0.7920431445058836 39627805868167946 10 28-30-32-33-34-35-36-37-38-445 0.5707073813378604 0.9473684210526315 1 1.0023520815297988 1.0 [-1,-1] 1.0 1.0 1.0 0.0006621615122706149 0.13543705131792066 89.20795685549412 -180.21433003596553 2178.970871409321 2178.970871409321 -854.9243040642676 1877.7419146363532 700.7879813383823
178.73246508861146 -0.17767214440738563 39627781683812278 10 28-30-32-33-34-35-36-37-38-445 0.5312094956464626 0.9473684210526315 1 0.8855404005217481 1.0 [-1,-1] 1.0 1.0 1.0 0.0007045118177349687 0.128340413101622 90.17767214440738 -178.73246508861146 2050.2933939978448 2050.2933939978448 -1548.6719060493594 -544.8901008133854 -1228.174705373883
180.5718115070695 0.1669214485969966 39627793796957896 10 28-30-32-33-34-35-36-37-38-445 0.4508332578610341 0.9473684210526315 1 0.9860414308289333 1.0 [-1,-1] 1.0 1.0 1.0 0.0005635091211985168 0.1554616369400361 89.833078551403 -180.5718115070695 1778.7508109223845 1778.7508109223845 -118.54213340924636 1696.3795824098172 -521.7264823132126
179.98989280689023 -0.6521035434067268 39627769625188235 10 28-30-32-33-34-35-36-37-38-445 0.6352019039985188 0.9473684210526315 1 0.7597689571741985 1.0 [-1,-1] 1.0 1.0 1.0 0.000833303205902425 0.11070054926254569 90.65210354340672 -179.98989280689023 2382.5524781812983 2382.5524781812983 -633.86896001216 830.9044642665091 -2141.112847115475
178.97223892520884 0.05803418476209262 39627787727802711 10 28-30-32-33-34-35-36-37-38-445 0.8318657004276272 0.9473684210526315 1 0.6304377834914804 1.0 [-1,-1] 1.0 1.0 1.0 0.0006232532477076302 0.14268566385842998 89.94196581523791 -178.97223892520884 2956.2465134326903 2956.2465134326903 -2702.082381375272 -267.1347310814438 -1169.0950722222392
180.71915653590716 0.5667894128686572 39627799836759303 10 28-30-32-33-34-35-36-37-38-445 0.7419714716610224 0.9473684210526315 1 1.2544802640286508 1.0 [-1,-1] 1.0 1.0 1.0 0.0007126833197713517 0.12705585074725267 89.43321058713134 -180.71915653590716 2702.4935771394266 2702.4935771394266 208.35394784895345 2680.311806928944 275.66063290377286
