data_rosette/LRG_5_clustering_data.ecsv
# %ECSV 1.0
# ---
# datatype:
# - {name: RA, unit: deg, datatype: float64}
# - {name: DEC, unit: deg, datatype: float64}
# - {name: TARGETID, datatype: int64}
# - {name: NTILE, datatype: int64}
# - {name: TILES, datatype: string}
# - {name: Z, datatype: float64}
# - {name: COMP_TILE, datatype: float64}
# - {name: ROSETTE_NUMBER, datatype: int32}
# - {name: ROSETTE_R, unit: deg, datatype: float64}
# - {name: FRACZ_TILELOCID, datatype: float64}
# - {name: BITWEIGHTS, datatype: string, subtype: 'int64[2]'}
# - {name: PROB_OBS, datatype: float64}
# - {name: WEIGHT_ZFAIL, datatype: float64}
# - {name: WEIGHT, datatype: float64}
# - {name: NZ, unit: h3 / Mpc3, datatype: float64}
# - {name: WEIGHT_FKP, datatype: float64}
# - {name: theta, unit: deg, datatype: float64}
# - {name: phi, unit: deg, datatype: float64}
# - {name: rho, unit: Mpc, datatype: float64}
# - {name: r, unit: Mpc, datatype: float64}
# - {name: x, unit: Mpc, datatype: float64}
# - {name: y, unit: Mpc, datatype: float64}
# - {name: z, unit: Mpc, datatype: float64}
# meta: !!omap
# - {EXTNAME: LSS}
# - {DESIDR: edr}
# - comments: ['Visit https://desidatamodel.readthedocs.io/en/latest/ for a more complet', e description]
# schema: astropy-2.0
RA DEC TARGETID NTILE TILES Z COMP_TILE ROSETTE_NUMBER ROSETTE_R FRACZ_TILELOCID BITWEIGHTS PROB_OBS WEIGHT_ZFAIL WEIGHT NZ WEIGHT_FKP theta phi rho r x y z
[from data line 3942]
209.21849710249268 4.47136186314658 39627896901339477 10 137-138-139-140-141-143-144-145-146-457 0.5809168793110454 1.0 5 0.9412957796361068 1.0 [-1,-1] 1.0 1.0 1.0 0.0006621615122706149 0.13543705131792066 85.52863813685342 -209.21849710249268 2211.732564201506 2211.732564201506 427.4208721961136 1369.1857309396796 -1683.5684624486344
209.38341417563595 5.545089061000711 39627920993419503 10 137-138-139-140-141-143-144-145-146-457 0.6698631715022296 1.0 5 0.821027916339127 1.0 [-1,-1] 1.0 1.0 1.0 0.000700708733790897 0.12894715825466588 84.45491093899929 -209.38341417563595 2488.7046812784156 2488.7046812784156 -403.57461079017264 -799.4295949577676 -2322.001474342409
210.97064280248088 4.402226512574066 39627896930700083 10 137-138-139-140-141-143-144-145-146-457 0.7651481423555389 1.0 5 1.13716458306608 1.0 [-1,-1] 1.0 1.0 1.0 0.0006416626200019751 0.139161677870846 85.59777348742594 -210.97064280248088 2769.243193078232 2769.243193078232 1714.781971565921 -901.3282918169526 -1978.8476350575727
209.68765363796913 4.096131660281309 39627884851104985 10 137-138-139-140-141-143-144-145-146-457 0.6183121592482107 1.0 5 0.9559930647562214 1.0 [-1,-1] 1.0 1.0 1.0 0.0007214233604467519 0.12571007283523317 85.90386833971868 -209.68765363796913 2330.008902114447 2330.008902114447 1433.7679761422457 1473.4716773988728 -1096.4178448132318
209.22937873470514 4.464884620363308 39627896901339668 10 137-138-139-140-141-143-144-145-146-457 0.6810162546585095 1.0 5 0.9360336275692115 1.0 [-1,-1] 1.0 1.0 1.0 0.0007209928471550773 0.12577569469930108 85.5351153796367 -209.22937873470514 2522.387909109571 2522.387909109571 508.242290683181 1567.89985087918 -1909.4032040395007
210.26935374783906 5.425019482043274 39627921006006018 10 137-138-139-140-141-143-144-145-146-457 0.43759309438874017 1.0 5 0.5025871493051016 1.0 [-1,-1] 1.0 1.0 1.0 0.0005288673958748294 0.16397488484989944 84.57498051795673 -210.26935374783906 1732.74722532735 1732.74722532735 -415.3571717941936 -91.72863575627085 -1679.725341864274
208.79280716363644 4.509910203332172 39627896892952918 10 137-138-139-140-141-143-144-145-146-457 0.8345428845329309 1.0 5 1.2990301263290351 0.5 [-1,-1] 1.0 1.0 1.0 0.0006232532477076302 0.14268566385842998 85.49008979666783 -208.79280716363644 2963.59442729575 2963.59442729575 -225.15174381977232 1819.7026928805853 -2328.2784909190923
209.50510338597627 5.510741984686489 39627920993422097 10 137-138-139-140-141-143-144-145-146-457 0.9189404170195437 1.0 5 0.7097348514485255 1.0 [-1,-1] 1.0 1.0 1.0 0.0004951280553168204 0.17321314004730964 84.48925801531351 -209.50510338597627 3189.287157899607 3189.287157899607 -580.5588594562088 -868.598258378901 -3013.310646413907
210.91906488892192 5.48568861537595 39627921018586071 10 137-138-139-140-141-143-144-145-146-457 0.6838401387735077 1.0 5 1.036105928740374 1.0 [-1,-1] 1.0 1.0 1.0 0.0007209928471550773 0.12577569469930108 84.51431138462405 -210.91906488892192 2530.880047308754 2530.880047308754 -698.1548065781236 322.18237916546803 -2411.251167853051
208.73808957387564 4.532968528951707 39627896892951732 10 137-138-139-140-141-143-144-145-146-457 0.8306231737483327 1.0 5 1.3414662371192734 1.0 [-1,-1] 1.0 1.0 1.0 0.0006232532477076302 0.14268566385842998 85.46703147104829 -208.73808957387564 2952.832195158872 2952.832195158872 -313.6100948944372 1744.9909584462985 -2361.328701406844
210.31278140044998 4.17255133702023 39627890895094181 10 137-138-139-140-141-143-144-145-146-457 0.907327825554291 1.0 5 0.8842376762334445 1.0 [-1,-1] 1.0 1.0 1.0 0.0005275616701708153 0.16431404058018498 85.82744866297978 -210.31278140044998 3158.904895901555 3158.904895901555 2625.472959245302 461.2999427019422 -1694.9260292076806
209.62130269803583 6.218523337345774 39627939033125199 10 137-138-139-140-141-143-144-145-146-457 0.7612471592023149 1.0 5 1.275474470085859 1.0 [-1,-1] 1.0 1.0 1.0 0.0006416626200019751 0.139161677870846 83.78147666265423 -209.62130269803583 2758.0737888975445 2758.0737888975445 -1543.4839772210046 -1812.5655816329831 -1392.563912122231
208.95117803899296 5.765060616977752 39627926999664212 10 137-138-139-140-141-143-144-145-146-457 0.6835192897196809 1.0 5 1.2944685571380241 1.0 [-1,-1] 1.0 1.0 1.0 0.0007209928471550773 0.12577569469930108 84.23493938302225 -208.95117803899296 2529.9159074807317 2529.9159074807317 -49.48533646597564 -1402.5977542706182 -2104.933547671736
208.90446892068343 5.935866838052632 39627933014295291 9 137-138-139-140-141-143-144-145-457 0.8969269239763994 1.0 5 1.4370490474641537 1.0 [-1,-1] 1.0 1.0 1.0 0.0005275616701708153 0.16431404058018498 84.06413316194737 -208.90446892068343 3131.513622673762 3131.513622673762 24.65582117957637 -2154.656094518976 -2272.273481301391
209.85712542096888 3.708290497604594 39627878823888279 9 137-138-139-140-141-143-144-145-457 0.7262662717881823 1.0 5 1.2995414759846713 1.0 [-1,-1] 1.0 1.0 1.0 0.0006167714992318164 0.14396928707710532 86.2917095023954 -209.85712542096888 2656.725406410202 2656.725406410202 2136.180455095183 1556.154650145003 -270.7501674364669
209.8597348909042 3.7100622034554966 39627878823888330 9 137-138-139-140-141-143-144-145-457 1.0375865736860774 1.0 5 1.297497410512351 1.0 [-1,-1] 1.0 1.0 1.0 0.00017111768859933566 0.3774092623312036 86.2899377965445 -209.8597348909042 3488.0233636816515 3488.0233636816515 2809.4056035906237 2035.3823141112298 -361.61578437047956
209.690545754137 4.111512644118832 39627884851105062 9 137-138-139-140-141-143-144-145-457 0.4409489836459048 1.0 5 0.9405134797178307 1.0 [-1,-1] 1.0 1.0 1.0 0.0005288673958748294 0.16397488484989944 85.88848735588117 -209.690545754137 1744.4419433708129 1744.4419433708129 1067.667910554693 1090.9033952814707 -844.4481681704764
209.69246378959843 5.333978957870627 39627914978789714 9 137-138-139-140-141-143-144-145-457 0.8680398480902639 1.0 5 0.4531590270298822 1.0 [-1,-1] 1.0 1.0 1.0 0.0006812235016579503 0.1321480675826358 84.66602104212937 -209.69246378959843 3054.538766297344 3054.538766297344 -334.6690700529697 -340.6429260626772 -3016.9796295776737
210.82678536420752 3.8760837692707737 39627884872074266 9 137-138-139-140-141-143-144-145-457 0.9066285738191817 1.0 5 1.3937884920917971 1.0 [-1,-1] 1.0 1.0 1.0 0.0005275616701708153 0.16431404058018498 86.12391623072922 -210.82678536420752 3157.068708007111 3157.068708007111 2868.526215306297 -1014.9538811636688 -841.7296467922614
209.7993936298165 3.6623494465864606 39627878823887018 8 137-138-139-140-141-143-144-146 0.904592467410063 1.0 5 1.3525237690246061 1.0 [-1,-1] 1.0 1.0 1.0 0.0005275616701708153 0.16431404058018498 86.33765055341354 -209.7993936298165 3151.7176663352416 3151.7176663352416 2432.2902285829414 1996.4984986597894 -176.8678520218227
210.82713651272945 5.727172538219743 39627927029027143 8 137-138-139-140-141-143-144-146 0.7713741555560597 1.0 5 1.098611549271664 1.0 [-1,-1] 1.0 1.0 1.0 0.0007324854237337303 0.12404708914385561 84.27282746178025 -210.82713651272945 2787.0150801265722 2787.0150801265722 -1373.527472691969 486.52996650238396 -2375.744921137058
210.57600039510203 3.801600090030292 39627878836470525 8 137-138-139-140-141-143-144-146 0.670254566310455 1.0 5 1.3288991922850426 1.0 [-1,-1] 1.0 1.0 1.0 0.0007209928471550773 0.12577569469930108 86.19839990996971 -210.57600039510203 2489.890602592607 2489.890602592607 2432.7783294467135 -217.8082954811112 -483.42978711809394
210.65321482267447 5.245702020255205 39627914995566033 8 137-138-139-140-141-143-144-146 0.8738718873763588 1.0 5 0.6954540958465085 1.0 [-1,-1] 1.0 1.0 1.0 0.0005690156306133545 0.15418916366201427 84.75429797974479 -210.65321482267447 3070.1867182878905 3070.1867182878905 -207.8522117597877 34.932280914557964 -3062.943629740521
210.64771281366131 5.242982127758766 39627914995565934 8 137-138-139-140-141-143-144-146 0.8749616453664676 1.0 5 0.6893681030768565 1.0 [-1,-1] 1.0 1.0 1.0 0.0005690156306133545 0.15418916366201427 84.75701787224124 -210.64771281366131 3073.10459051061 3073.10459051061 -200.0072759631984 32.48334682610607 -3066.417086105238
210.95822338721172 5.184728149867204 39627914999761499 9 137-138-139-140-141-143-144-146-457 0.8446708868682022 0.8333333333333334 5 0.9721530198488519 1.0 [-1,-1] 1.0 1.0 1.0 0.0006232532477076302 0.14268566385842998 84.8152718501328 -210.95822338721172 2991.2853140595166 2991.2853140595166 -20.59876699046776 10.502776395206794 -2991.1959502170043
209.83058863460326 5.246505474688365 39627914978792609 9 137-138-139-140-141-143-144-146-457 0.6613779923781746 0.8333333333333334 5 0.29872437577033617 1.0 [-1,-1] 1.0 1.0 1.0 0.000700708733790897 0.12894715825466588 84.75349452531164 -209.83058863460326 2462.9250852920886 2462.9250852920886 -135.53654593483836 -104.35028173527256 -2456.977989152297
208.78423410166613 4.516012202325134 39627896892952722 9 137-138-139-140-141-143-144-146-457 0.8281648330701343 0.8333333333333334 5 1.3046654616214597 1.0 [-1,-1] 1.0 1.0 1.0 0.0006627118749498285 0.13533979738261318 85.48398779767487 -208.78423410166613 2946.069428909782 2946.069428909782 -237.4613102202996 1792.9223062518643 -2325.589561777779
210.704496667303 4.136409940141875 39627890899291093 9 137-138-139-140-141-143-144-146-457 0.8311860030953122 0.8333333333333334 5 1.1130792597982624 1.0 [-1,-1] 1.0 1.0 1.0 0.0006232532477076302 0.14268566385842998 85.86359005985813 -210.704496667303 2954.3791010271193 2954.3791010271193 2488.541025942328 -550.7113251399339 -1494.0670905787115
208.79696724085295 4.53279041896592 39627896892953031 9 137-138-139-140-141-143-145-146-457 0.7565799843657947 1.0 5 1.286690058344026 1.0 [-1,-1] 1.0 1.0 1.0 0.0006416626200019751 0.139161677870846 85.46720958103408 -208.79696724085295 2744.6758517278195 2744.6758517278195 -195.60057511848302 1636.7105912213017 -2194.5761291545955
210.93891392270584 5.504025101554463 39627921018586513 9 137-138-139-140-141-143-145-146-457 0.8684158092133202 1.0 5 1.062171442165186 1.0 [-1,-1] 1.0 1.0 1.0 0.0006812235016579503 0.1321480675826358 84.49597489844554 -210.93891392270584 3055.5491583254093 3055.5491583254093 -882.8721174984796 428.88063609274525 -2893.610008807605
210.94818621629622 5.496243587633612 39627921018586715 9 137-138-139-140-141-143-145-146-457 0.8554872866028682 1.0 5 1.0666709367395173 1.0 [-1,-1] 1.0 1.0 1.0 0.0006812235016579503 0.1321480675826358 84.50375641236639 -210.94818621629622 3020.6727303192283 3020.6727303192283 -848.8688290536036 422.135214587849 -2868.0459053788272
208.85990092689838 4.676760419404099 39627902920163837 9 137-138-139-140-141-143-145-146-457 0.4978075979910259 1.0 5 1.1811260667323635 1.0 [-1,-1] 1.0 1.0 1.0 0.0005337442823398631 0.16272042362546515 85.3232395805959 -208.85990092689838 1939.0455533401491 1939.0455533401491 -52.0644048434611 928.5743587313588 -1701.451326363216
210.45550207418444 5.127504968360653 39627914991373008 8 137-138-139-140-141-144-145-146 0.796999493763818 1.0 5 0.4712994368935719 1.0 [-1,-1] 1.0 1.0 1.0 0.0007229154976227362 0.12548315978664992 84.87249503163935 -210.45550207418444 2859.460367053485 2859.460367053485 141.39772526458424 4.41385012852007 -2855.9588218261647
208.8334465050069 4.187807919396438 39627890869928773 8 137-138-139-140-141-144-145-146 0.7605203883780617 1.0 5 1.4183617304489549 1.0 [-1,-1] 1.0 1.0 1.0 0.0006416626200019751 0.139161677870846 85.81219208060357 -208.8334465050069 2755.9899581410778 2755.9899581410778 -189.68961221862318 2295.0284253724913 -1514.0485550744634
209.23720529045573 6.266688491582248 39627939028928199 9 137-138-139-140-141-144-145-146-457 0.6321511621155226 1.0 5 1.4767276743610578 1.0 [-1,-1] 1.0 1.0 1.0 0.000833303205902425 0.11070054926254569 83.73331150841776 -209.23720529045573 2373.101649951392 2373.101649951392 -664.3417001935803 -1996.0634962661265 -1098.1767003810312
210.8618155491662 4.2162498702172595 39627890903483664 9 137-138-139-140-141-144-145-146-457 0.7267372460432133 1.0 5 1.1628346901228683 1.0 [-1,-1] 1.0 1.0 1.0 0.0006167714992318164 0.14396928707710532 85.78375012978275 -210.8618155491662 2658.104281756254 2658.104281756254 2027.1523793133085 -798.1933498561194 -1522.845684887602
209.2946634136287 6.297936347544218 39627939028929427 9 137-138-139-140-141-144-145-146-457 0.874208208238589 1.0 5 1.4755664569793334 1.0 [-1,-1] 1.0 1.0 1.0 0.0005690156306133545 0.15418916366201427 83.70206365245578 -209.2946634136287 3071.087434577736 3071.087434577736 -1022.5896490258242 -2569.5383650976714 -1335.4254119259851
209.66211356269213 4.108653571422585 39627884851104428 9 137-138-139-140-141-144-145-146-457 0.9327921708239658 1.0 5 0.952860712214264 1.0 [-1,-1] 1.0 1.0 1.0 0.0004445766401596716 0.18918261239264766 85.89134642857742 -209.66211356269213 3225.2541863284564 3225.2541863284564 1918.8701783523131 2075.5145676534744 -1553.203491020287
208.6788311295125 5.2529353870102495 39627914962012241 8 137-138-139-140-141-144-145-457 0.5951909765290939 1.0 5 1.3399715166500823 1.0 [-1,-1] 1.0 1.0 1.0 0.0007756247847600315 0.11796159141779075 84.74706461298975 -208.6788311295125 2257.197595612685 2257.197595612685 40.21843959624548 -166.45024804057434 -2250.692732845459
208.80807040792493 4.207744403011591 39627890869928300 7 137-138-139-140-141-144-146 0.836073815300122 1.0 5 1.4280016598563106 1.0 [-1,-1] 1.0 1.0 1.0 0.0006232532477076302 0.14268566385842998 85.79225559698841 -208.80807040792493 2967.790966111131 2967.790966111131 -263.35822652709044 2432.621852969542 -1679.5167708321278
210.54574973832203 4.731731647786572 39627902945333475 8 137-138-139-140-141-144-146-457 0.880074084963504 1.0 5 0.6063556213785275 1.0 [-1,-1] 1.0 1.0 1.0 0.0005690156306133545 0.15418916366201427 85.26826835221343 -210.54574973832203 3086.767964990614 3086.767964990614 1327.1500736879207 -78.44870269959786 -2785.7952101055803
208.79083222581133 4.502005587656233 39627896892952866 8 137-138-139-140-141-144-146-457 0.8251297064566994 1.0 5 1.3038578897240294 1.0 [-1,-1] 1.0 1.0 1.0 0.0006627118749498285 0.13533979738261318 85.49799441234377 -208.79083222581133 2937.706127332692 2937.706127332692 -229.0157281034258 1821.4068253928842 -2293.5008749205913
210.4540536728542 5.127528882248661 39627914991372971 7 137-138-139-140-141-145-146 0.7960839418753058 1.0 5 0.4699171338355182 1.0 [-1,-1] 1.0 1.0 1.0 0.0007229154976227362 0.12548315978664992 84.87247111775135 -210.4540536728542 2856.8913095391845 2856.8913095391845 141.19595285095286 4.612268715154034 -2853.3962894060696
210.27438041448133 5.447556213773171 39627921006006156 7 137-138-139-140-141-145-146 0.8754267225266792 1.0 5 0.524372697102272 1.0 [-1,-1] 1.0 1.0 1.0 0.0005690156306133545 0.15418916366201427 84.55244378622683 -210.27438041448133 3074.3492741121768 3074.3492741121768 -803.2260465709863 -173.15687219088977 -2962.510434573536
209.20292760044373 5.901996272408487 39627933018490982 7 137-138-139-140-141-145-146 0.8443690791225388 1.0 5 1.2013222330001874 1.0 [-1,-1] 1.0 1.0 1.0 0.0006232532477076302 0.14268566385842998 84.09800372759152 -209.20292760044373 2990.4625802999863 2990.4625802999863 -561.392634409523 -1901.9550400264939 -2238.363638894048
210.99309658634584 4.261579575776813 39627890903486395 7 137-138-139-140-142-143-144 0.7173468708372189 1.0 5 1.234934482893007 1.0 [-1,-1] 1.0 1.0 1.0 0.0006167714992318164 0.14396928707710532 85.7384204242232 -210.99309658634584 2630.537352177597 2630.537352177597 1823.8057452033986 -1011.5322136784004 -1603.203650711747
