data_rosette/LRG_17_clustering_data.ecsv
# %ECSV 1.0
# ---
# datatype:
# - {name: RA, unit: deg, datatype: float64}
# - {name: DEC, unit: deg, datatype: float64}
# - {name: TARGETID, datatype: int64}
# - {name: NTILE, datatype: int64}
# - {name: TILES, datatype: string}
# - {name: Z, datatype: float64}
# - {name: COMP_TILE, datatype: float64}
# - {name: ROSETTE_NUMBER, datatype: int32}
# - {name: ROSETTE_R, unit: deg, datatype: float64}
# - {name: FRACZ_TILELOCID, datatype: float64}
# - {name: BITWEIGHTS, datatype: string, subtype: 'int64[2]'}
# - {name: PROB_OBS, datatype: float64}
# - {name: WEIGHT_ZFAIL, datatype: float64}
# - {name: WEIGHT, datatype: float64}
# - {name: NZ, unit: h3 / Mpc3, datatype: float64}
# - {name: WEIGHT_FKP, datatype: float64}
# - {name: theta, unit: deg, datatype: float64}
# - {name: phi, unit: deg, datatype: float64}
# - {name: rho, unit: Mpc, datatype: float64}
# - {name: r, unit: Mpc, datatype: float64}
# - {name: x, unit: Mpc, datatype: float64}
# - {name: y, unit: Mpc, datatype: float64}
# - {name: z, unit: Mpc, datatype: float64}
# meta: !!omap
# - {EXTNAME: LSS}
# - {DESIDR: edr}
# - comments: ['Visit https://desidatamodel.readthedocs.io/en/latest/ for a more complet', e description]
# schema: astropy-2.0
RA DEC TARGETID NTILE TILES Z COMP_TILE ROSETTE_NUMBER ROSETTE_R FRACZ_TILELOCID BITWEIGHTS PROB_OBS WEIGHT_ZFAIL WEIGHT NZ WEIGHT_FKP theta phi rho r x y z
[from data line 728]
211.84784197663404 -0.7956007962449365 39627770162055110 9 511-512-513-514-515-516-517-518-521 0.8554291787533309 1.0 17 0.971971821964782 1.0 [-1,-1] 1.0 1.0 1.0 0.0006812235016579503 0.1321480675826358 90.79560079624494 148.15215802336596 3020.515364906604 3020.515364906604 -811.304752527706 -440.38118312142836 -2875.997580269393
213.6150416380347 0.31469801141374 39627794350606962 9 511-512-513-514-515-516-517-518-521 0.9500925883503266 1.0 17 1.2251314610817958 1.0 [-1,-1] 1.0 1.0 1.0 0.00041974738576830407 0.19815580287489248 89.68530198858626 146.3849583619653 3269.7622792806233 3269.7622792806233 -958.2226678849757 3087.827415250591 -488.3405936277134
213.70354477171878 -0.15541694251939572 39627782271013843 8 511-512-513-514-515-516-517-519 0.47420381947442997 1.0 17 1.0069794804449144 1.0 [-1,-1] 1.0 1.0 1.0 0.00048380039118235755 0.17655271186088778 90.1554169425194 146.29645522828122 1859.0666790486098 1859.0666790486098 -318.9511220390202 1479.0258743786658 -1080.222922279147
212.72920883771843 -1.2720342774115159 39627758095045645 8 511-512-513-514-515-516-517-519 0.9934962542685739 1.0 17 0.6757514808343652 1.0 [-1,-1] 1.0 1.0 1.0 0.0002622817504223413 0.28340640119267335 91.27203427741152 147.27079116228157 3379.440357194051 3379.440357194051 517.2617816703247 -209.04215477211392 -3333.0704694895558
214.04404016114464 -0.7817119244275028 39627770199803033 9 511-512-513-514-515-516-517-519-520 0.6625587884020836 1.0 17 1.2571510816854008 1.0 [-1,-1] 1.0 1.0 1.0 0.000700708733790897 0.12894715825466588 90.7817119244275 145.95595983885536 2466.520553389996 2466.520553389996 100.4556145809743 779.9115869574476 -2337.813129042603
212.07322185199152 -1.230308753512623 39627758086653351 9 511-512-513-514-515-516-517-519-520 0.7464412750279796 1.0 17 0.961954014161686 1.0 [-1,-1] 1.0 1.0 1.0 0.0007126833197713517 0.12705585074725267 91.23030875351262 147.92677814800848 2715.4399164365823 2715.4399164365823 323.8279306888987 90.29294055821586 -2694.549423552704
213.89000278646594 -1.005742777183469 39627764155813094 9 511-512-513-514-515-516-517-519-520 0.9837276388317524 1.0 17 1.1629681955042084 1.0 [-1,-1] 1.0 1.0 1.0 0.0003578035202613049 0.22475091060875194 91.00574277718347 146.10999721353406 3355.000092865509 3355.000092865509 -8.725459907481108 336.31068736101525 -3338.08996449223
213.61905811301602 -0.0885486845054341 39627788310809094 9 511-512-513-514-515-516-517-519-520 0.5480850425601925 1.0 17 0.9656137760234071 1.0 [-1,-1] 1.0 1.0 1.0 0.0007045118177349687 0.128340413101622 90.08854868450544 146.38094188698398 2105.6487874017616 2105.6487874017616 -524.1268076377257 1713.2536979389295 -1106.2593149440954
213.61904354783783 -0.09026452414744286 39627788310809093 9 511-512-513-514-515-516-517-519-520 0.6613575976341404 1.0 17 0.9646936417448048 1.0 [-1,-1] 1.0 1.0 1.0 0.000700708733790897 0.12894715825466588 90.09026452414744 146.38095645216217 2462.862961542418 2462.862961542418 -612.4214044710952 2001.764828020375 -1297.5251689210886
211.76256388977336 0.3995820471749426 39627800361042155 9 511-512-513-514-515-516-517-519-520 0.8636409444537564 1.0 17 1.4406274191888233 1.0 [-1,-1] 1.0 1.0 1.0 0.0006812235016579503 0.1321480675826358 89.60041795282505 148.23743611022664 3042.6998136267243 3042.6998136267243 -2535.4218311791324 -1670.498549722052 -197.71921808686344
213.24768882602388 -1.259526410193491 39627758103434710 9 511-512-513-514-515-516-517-519-520 0.8789953098519351 1.0 17 0.7970855556044041 1.0 [-1,-1] 1.0 1.0 1.0 0.0005690156306133545 0.15418916366201427 91.25952641019349 146.75231117397612 3083.888339012409 3083.888339012409 291.8579963200137 -369.7146452710016 -3047.7036073990066
211.82182153921758 0.5313251932528141 39627800361043242 9 511-512-513-514-515-516-517-519-520 0.5547901267532025 1.0 17 1.4955595483202935 1.0 [-1,-1] 1.0 1.0 1.0 0.000677088223595666 0.13284793461577618 89.46867480674719 148.17817846078242 2127.4860276699987 2127.4860276699987 -1838.6499228520622 -1060.8708810819667 141.8317059036782
212.8544402234925 -1.2543180443201696 39627758099237401 9 511-512-513-514-515-516-517-519-520 0.9462174167147379 1.0 17 0.6565782762351976 1.0 [-1,-1] 1.0 1.0 1.0 0.0004445766401596716 0.18918261239264766 91.25431804432017 147.1455597765075 3259.8324370146615 3259.8324370146615 420.0590233936003 -234.57499813160237 -3224.1328298521016
212.8969605366555 -1.0694465874814434 39627764139035804 9 511-512-513-514-515-516-517-519-520 1.0866235195747311 1.0 17 0.47935310188932584 1.0 [-1,-1] 1.0 1.0 1.0 0.0001075182622224553 0.4910338705006151 91.06944658748144 147.1030394633445 3605.5528621932704 3605.5528621932704 -112.78210411697079 69.42929544628774 -3603.1196499692965
211.50837142250543 -0.02580718775708743 39627788277252253 9 511-512-513-514-515-516-517-519-520 0.9988624585911293 1.0 17 1.4134843635710408 1.0 [-1,-1] 1.0 1.0 1.0 0.0002622817504223413 0.28340640119267335 90.02580718775708 148.49162857749457 3392.8064957890624 3392.8064957890624 -2004.8418962861035 -2222.200404023699 -1597.9894408666503
213.16432596042557 -0.6808153091042307 39627770183028589 9 511-512-513-514-515-516-517-519-520 0.9227300535680587 1.0 17 0.3731593705437675 1.0 [-1,-1] 1.0 1.0 1.0 0.0004951280553168204 0.17321314004730964 90.68081530910423 146.83567403957443 3199.156673925726 3199.156673925726 -901.4329558872847 964.4926065283686 -2914.0652124336443
213.7191910595008 -0.6815906508792466 39627770191418530 10 511-512-513-514-515-516-517-519-520-521 0.8766561010171174 1.0 17 0.9227477523876011 1.0 [-1,-1] 1.0 1.0 1.0 0.0005690156306133545 0.15418916366201427 90.68159065087924 146.2808089404992 3077.637784323114 3077.637784323114 -247.84233143544725 1243.3814942751849 -2804.359279752852
213.41094731696882 -0.6956117750543777 39627770187223146 10 511-512-513-514-515-516-517-519-520-521 0.6808807554877196 1.0 17 0.6183449166120065 1.0 [-1,-1] 1.0 1.0 1.0 0.0007209928471550773 0.12577569469930108 90.69561177505437 146.58905268303118 2521.980061454899 2521.980061454899 -487.00278632180647 880.9665141492918 -2312.3818277781243
211.97336344747964 -0.4712977583086012 39627776201855423 10 511-512-513-514-515-516-517-519-520-521 0.47102443035693714 1.0 17 0.8365597688930984 1.0 [-1,-1] 1.0 1.0 1.0 0.00048380039118235755 0.17655271186088778 90.4712977583086 148.02663655252036 1848.206487956019 1848.206487956019 -1021.2623837476979 -398.20498161724703 -1488.0601998171646
212.46365418351078 -1.6758161471409563 39627746011254711 10 511-512-513-514-515-516-517-519-520-521 0.6056872884763481 1.0 17 1.1271472614192029 1.0 [-1,-1] 1.0 1.0 1.0 0.0007756247847600315 0.11796159141779075 91.67581614714095 147.53634581648922 2290.3787629677267 2290.3787629677267 1226.5827051892018 -146.04531521424153 -1928.7302846920527
212.4770066978397 -1.658552638970274 39627746011255030 10 511-512-513-514-515-516-517-519-520-521 0.762499221957958 1.0 17 1.106713545265217 1.0 [-1,-1] 1.0 1.0 1.0 0.0006416626200019751 0.139161677870846 91.65855263897028 147.5229933021603 2761.6616083720564 2761.6616083720564 1436.4715447071878 -190.52067667353157 -2350.9628266228583
214.09299307407747 -0.6630507416241522 39627770199804313 10 511-512-513-514-515-516-517-519-520-521 1.0498186936071987 1.0 17 1.2944509290372646 1.0 [-1,-1] 1.0 1.0 1.0 0.00017111768859933566 0.3774092623312036 90.66305074162415 145.90700692592253 3517.655142343732 3517.655142343732 265.6505610566689 1484.7035518501855 -3177.889683892602
213.61050030152106 -0.8478545329137821 39627770191416124 10 511-512-513-514-515-516-517-519-520-521 0.6478344813927314 1.0 17 0.8474884762737565 1.0 [-1,-1] 1.0 1.0 1.0 0.000833303205902425 0.11070054926254569 90.84785453291379 146.38949969847894 2421.5002881495016 2421.5002881495016 -186.02697821312594 589.9843252104946 -2341.148458532891
212.00102514428255 -1.640580041974439 39627746007056423 10 511-512-513-514-515-516-517-519-520-521 0.5141879177570016 1.0 17 1.3118330911977487 1.0 [-1,-1] 1.0 1.0 1.0 0.0006865842838717192 0.13125169390769817 91.64058004197445 147.99897485571745 1993.8825194887131 1993.8825194887131 955.9845737341918 342.60513903131533 -1715.8912305313083
213.29191698707592 -0.7170414013886158 39627770187220059 10 511-512-513-514-515-516-517-519-520-521 0.887815942866887 1.0 17 0.5056174083919603 1.0 [-1,-1] 1.0 1.0 1.0 0.0005690156306133545 0.15418916366201427 90.71704140138861 146.70808301292408 3107.379224977477 3107.379224977477 -688.8578767705634 956.7438873212405 -2875.051583451368
212.41130203855153 -0.8230159525639181 39627770170445415 10 511-512-513-514-515-516-517-519-520-521 0.7011874303535653 1.0 17 0.44810571470056515 1.0 [-1,-1] 1.0 1.0 1.0 0.0005843703162771602 0.15074849413407446 90.82301595256392 147.58869796144847 2582.7287567332464 2582.7287567332464 -720.040381274405 47.7051543581114 -2479.869734167248
213.61573731073514 -0.8583003861642496 39627770191416245 10 511-512-513-514-515-516-517-519-520-521 0.5183605801676235 1.0 17 0.8555919344845802 1.0 [-1,-1] 1.0 1.0 1.0 0.0006865842838717192 0.13125169390769817 90.85830038616425 146.38426268926486 2007.7648940423 2007.7648940423 -145.67427692863825 470.584782019141 -1946.3938033507002
213.15998855494092 -0.8518231349604656 39627770183028483 10 511-512-513-514-515-516-517-519-520-521 0.9280454984204835 1.0 17 0.4393013107415321 1.0 [-1,-1] 1.0 1.0 1.0 0.0004951280553168204 0.17321314004730964 90.85182313496047 146.84001144505908 3212.962477686809 3212.962477686809 -554.6009837407643 588.2624525278471 -3109.58082686446
213.16535567998508 -0.8537759306361674 39627770183028619 10 511-512-513-514-515-516-517-519-520-521 0.9258662318212398 1.0 17 0.44482051924375177 1.0 [-1,-1] 1.0 1.0 1.0 0.0004951280553168204 0.17321314004730964 90.85377593063616 146.83464432001492 3207.3075473182294 3207.3075473182294 -546.3296592365346 585.7560204193422 -3105.6779438740045
213.6088268330058 -0.6595855208721595 39627770191416091 10 511-512-513-514-515-516-517-519-520-521 0.8574968929757254 1.0 17 0.8109699010400707 1.0 [-1,-1] 1.0 1.0 1.0 0.0006812235016579503 0.1321480675826358 90.65958552087216 146.3911731669942 3026.1116909116786 3026.1116909116786 -395.1145440792593 1245.831923915496 -2729.3111365841733
212.4222860836477 -1.7708032913367984 39627746011253991 10 511-512-513-514-515-516-517-519-520-521 0.6145173224283811 1.0 17 1.2301959688117359 1.0 [-1,-1] 1.0 1.0 1.0 0.0007214233604467519 0.12571007283523317 91.7708032913368 147.5777139163523 2318.128715374961 2318.128715374961 1425.4707033466848 -110.18059123196852 -1824.723061799255
213.68028089064666 -0.13929734676293784 39627782271013248 10 511-512-513-514-515-516-517-519-520-521 0.659632670453488 1.0 17 0.993531555697314 1.0 [-1,-1] 1.0 1.0 1.0 0.000700708733790897 0.12894715825466588 90.13929734676294 146.31971910935334 2457.60592489997 2457.60592489997 -472.32083670303535 1967.0002625113486 -1395.5822715267868
213.0239672185126 -1.9476955087764511 39627739984036491 10 511-512-513-514-515-516-517-519-520-521 0.6695179625636123 1.0 17 1.366168874503899 1.0 [-1,-1] 1.0 1.0 1.0 0.000700708733790897 0.12894715825466588 91.94769550877645 146.9760327814874 2487.6584679548964 2487.6584679548964 1443.7086122177188 -1164.6610921166648 -1657.6231889985456
213.74963876850822 0.1357333573509728 39627794350610232 10 511-512-513-514-515-516-517-519-520-521 0.8408344783901893 1.0 17 1.2012868801474053 1.0 [-1,-1] 1.0 1.0 1.0 0.0006232532477076302 0.14268566385842998 89.86426664264903 146.25036123149178 2980.816067233766 2980.816067233766 -466.99110619519575 2782.141391149875 -962.7424437845264
213.5665750395738 0.26654884093122755 39627794350605810 10 511-512-513-514-515-516-517-519-520-521 0.8060618352592921 1.0 17 1.156947711658949 1.0 [-1,-1] 1.0 1.0 1.0 0.0007229154976227362 0.12548315978664992 89.73345115906878 146.4334249604262 2884.812982177746 2884.812982177746 -968.174129123151 2657.5496997043215 -567.6393145645937
213.5636251855705 0.28367722352664393 39627794350605752 10 511-512-513-514-515-516-517-519-520-521 0.8959384912720186 1.0 17 1.1679010474656564 1.0 [-1,-1] 1.0 1.0 1.0 0.0005275616701708153 0.16431404058018498 89.71632277647336 146.4363748144295 3128.901677679258 3128.901677679258 -1062.074486587723 2888.7739424191373 -563.0351704145088
213.40843117536937 0.21306289305284512 39627794346413373 10 511-512-513-514-515-516-517-519-520-521 0.6003914968053905 1.0 17 1.0155044706931338 1.0 [-1,-1] 1.0 1.0 1.0 0.0007756247847600315 0.11796159141779075 89.78693710694715 146.59156882463063 2273.664089890206 2273.664089890206 -1070.23145380291 1924.5487610787484 -565.919689688762
213.40072241081893 0.2384587719809391 39627794346413257 10 511-512-513-514-515-516-517-519-520-521 0.9507407619557906 1.0 17 1.03144097980769 1.0 [-1,-1] 1.0 1.0 1.0 0.00041974738576830407 0.19815580287489248 89.76154122801906 146.59927758918107 3271.420951586966 3271.420951586966 -1570.8683297251343 2774.2533357424763 -733.5435653527885
213.88316570255787 -0.2051039890273518 39627782275206144 10 511-512-513-514-515-516-517-519-520-521 0.7347750475875503 1.0 17 1.1528782409121627 1.0 [-1,-1] 1.0 1.0 1.0 0.0007126833197713517 0.12705585074725267 90.20510398902735 146.11683429744213 2681.575902407264 2681.575902407264 -68.89423653545093 2101.2253841828788 -1664.6185116743848
213.28401560562045 0.2693224539588506 39627794346410774 10 511-512-513-514-515-516-517-519-520-521 0.8075526900251745 1.0 17 0.9949804974345029 1.0 [-1,-1] 1.0 1.0 1.0 0.0007229154976227362 0.12548315978664992 89.73067754604115 146.71598439437955 2888.970490513029 2888.970490513029 -1674.0772857800196 2286.776012777738 -560.5989686708709
213.37432045995874 -0.0675212824659818 39627788306614481 10 511-512-513-514-515-516-517-519-520-521 0.8111866102271401 1.0 17 0.7831755923929046 1.0 [-1,-1] 1.0 1.0 1.0 0.0006627118749498285 0.13533979738261318 90.06752128246598 146.62567954004126 2899.0886487295193 2899.0886487295193 -1287.8998508303112 2140.664937478721 -1470.9121635477884
212.60299136085732 -0.19924825142670557 39627782254233845 10 511-512-513-514-515-516-517-519-520-521 0.4648559464080447 1.0 17 0.4465560676397063 1.0 [-1,-1] 1.0 1.0 1.0 0.0005635091211985168 0.1554616369400361 90.19924825142671 147.39700863914268 1827.076793163115 1827.076793163115 -1391.4716925044147 366.95405992791297 -1125.77122674926
213.10784350981865 -0.1618327135420463 39627782262622343 10 511-512-513-514-515-516-517-519-520-521 0.4182382217960649 1.0 17 0.5354937412864483 1.0 [-1,-1] 1.0 1.0 1.0 0.0006262316776515472 0.14210347001521706 90.16183271354204 146.89215649018135 1664.8392647335527 1664.8392647335527 -975.0880906609657 931.7945426451768 -976.0388942795131
212.84863506736966 0.17313210003505383 39627794338023286 10 511-512-513-514-515-516-517-519-520-521 0.946698956977649 1.0 17 0.7746602772623913 1.0 [-1,-1] 1.0 1.0 1.0 0.0004445766401596716 0.18918261239264766 89.82686789996495 147.15136493263034 3261.0675898610607 3261.0675898610607 -2735.901494200883 1507.0507199436508 -937.1248407703883
212.8148518522152 -1.9663111746249589 39627739979843101 10 511-512-513-514-515-516-517-519-520-521 0.6641934534396193 1.0 17 1.3663918480231798 1.0 [-1,-1] 1.0 1.0 1.0 0.000700708733790897 0.12894715825466588 91.96631117462496 147.1851481477848 2471.49376580649 2471.49376580649 1670.3376605502863 -847.8580677363743 -1612.2624572761356
212.80275727310723 -1.9671227561237994 39627739979842826 10 511-512-513-514-515-516-517-519-520-521 0.7706109608814857 1.0 17 1.3671255350883313 1.0 [-1,-1] 1.0 1.0 1.0 0.0007324854237337303 0.12404708914385561 91.9671227561238 147.19724272689277 2784.840176949059 2784.840176949059 1894.8488313004361 -933.1715273833823 -1814.9582965319075
