data_rosette/LRG_17_clustering_data.ecsv
# %ECSV 1.0
# ---
# datatype:
# - {name: RA, unit: deg, datatype: float64}
# - {name: DEC, unit: deg, datatype: float64}
# - {name: TARGETID, datatype: int64}
# - {name: NTILE, datatype: int64}
# - {name: TILES, datatype: string}
# - {name: Z, datatype: float64}
# - {name: COMP_TILE, datatype: float64}
# - {name: ROSETTE_NUMBER, datatype: int32}
# - {name: ROSETTE_R, unit: deg, datatype: float64}
# - {name: FRACZ_TILELOCID, datatype: float64}
# - {name: BITWEIGHTS, datatype: string, subtype: 'int64[2]'}
# - {name: PROB_OBS, datatype: float64}
# - {name: WEIGHT_ZFAIL, datatype: float64}
# - {name: WEIGHT, datatype: float64}
# - {name: NZ, unit: h3 / Mpc3, datatype: float64}
# - {name: WEIGHT_FKP, datatype: float64}
# - {name: theta, unit: deg, datatype: float64}
# - {name: phi, unit: deg, datatype: float64}
# - {name: rho, unit: Mpc, datatype: float64}
# - {name: r, unit: Mpc, datatype: float64}
# - {name: x, unit: Mpc, datatype: float64}
# - {name: y, unit: Mpc, datatype: float64}
# - {name: z, unit: Mpc, datatype: float64}
# meta: !!omap
# - {EXTNAME: LSS}
# - {DESIDR: edr}
# - comments: ['Visit https://desidatamodel.readthedocs.io/en/latest/ for a more complet', e description]
# schema: astropy-2.0
RA DEC TARGETID NTILE TILES Z COMP_TILE ROSETTE_NUMBER ROSETTE_R FRACZ_TILELOCID BITWEIGHTS PROB_OBS WEIGHT_ZFAIL WEIGHT NZ WEIGHT_FKP theta phi rho r x y z
[from data line 274]
211.64765612556928 -0.11736845815539024 39627788277254696 11 511-512-513-514-515-516-517-518-519-520-521 0.7745923251227453 0.9956616052060737 17 1.2493076946166606 1.0 [-1,-1] 1.0 1.0 1.0 0.0007324854237337303 0.12404708914385561 90.1173684581554 148.35234387443072 2796.1749637040316 2796.1749637040316 -1790.3374025078956 -1500.3121740248448 -1536.9937518738868
211.63579405711576 -0.09407219166189389 39627788277254436 11 511-512-513-514-515-516-517-518-519-520-521 0.7990244407215407 0.9956616052060737 17 1.269362002153813 1.0 [-1,-1] 1.0 1.0 1.0 0.0007229154976227362 0.12548315978664992 90.0940721916619 148.36420594288424 2865.137364094463 2865.137364094463 -1843.4723103028227 -1582.4388601917085 -1518.7195955910054
213.37827128777624 0.5229620907192895 39627800386210442 11 511-512-513-514-515-516-517-518-519-520-521 0.9311849602762095 0.9956616052060737 17 1.2631035918368596 1.0 [-1,-1] 1.0 1.0 1.0 0.0004445766401596716 0.18918261239264766 89.47703790928071 146.62172871222376 3221.096128690792 3221.096128690792 -1646.8328641821272 2761.9038748829294 187.85306391740403
211.6170433068407 -0.07239692114293114 39627788277254108 11 511-512-513-514-515-516-517-518-519-520-521 0.851656857566997 0.9956616052060737 17 1.2952580725465317 1.0 [-1,-1] 1.0 1.0 1.0 0.0006812235016579503 0.1321480675826358 90.07239692114292 148.3829566931593 3010.287551896311 3010.287551896311 -1930.7173435665359 -1721.2445706835274 -1539.9606528238774
212.7262930904395 -1.9229457117153386 39627739975651695 11 511-512-513-514-515-516-517-518-519-520-521 0.8162712803907992 0.9956616052060737 17 1.3249962981178376 1.0 [-1,-1] 1.0 1.0 1.0 0.0006627118749498285 0.13533979738261318 91.92294571171534 147.2737069095605 2913.2090313704243 2913.2090313704243 1971.1396402698363 -789.9228811847203 -1994.3463141580849
213.44818750122073 0.40063772327747066 39627800386211929 11 511-512-513-514-515-516-517-518-519-520-521 0.7887113748231885 0.9956616052060737 17 1.1922293987268753 1.0 [-1,-1] 1.0 1.0 1.0 0.0007324854237337303 0.12404708914385561 89.59936227672253 146.55181249877927 2836.151826900529 2836.151826900529 -1276.1563007594332 2526.3232403947027 -181.30958690818179
212.98175109625052 -2.028608486349237 39627739979847026 11 511-512-513-514-515-516-517-518-519-520-521 0.9072326099940994 0.9956616052060737 17 1.4401168619341451 1.0 [-1,-1] 1.0 1.0 1.0 0.0005275616701708153 0.16431404058018498 92.02860848634924 147.01824890374948 3158.654911293814 3158.654911293814 2024.4939332053887 -1496.6706376337772 -1907.4858231452233
212.72993591481057 -2.059229161218135 39627739975651799 11 511-512-513-514-515-516-517-518-519-520-521 0.8577834243443201 0.9956616052060737 17 1.4609092416072345 1.0 [-1,-1] 1.0 1.0 1.0 0.0006812235016579503 0.1321480675826358 92.05922916121814 147.27006408518943 3026.886648102893 3026.886648102893 2287.033424343456 -926.198906468886 -1753.1903724511078
212.32209750325586 -0.25832503113477945 39627782250039213 11 511-512-513-514-515-516-517-518-519-520-521 0.757109562164499 0.9956616052060737 17 0.5874683738161355 1.0 [-1,-1] 1.0 1.0 1.0 0.0006416626200019751 0.139161677870846 90.25832503113477 147.67790249674414 2746.1980045847413 2746.1980045847413 -2058.737969018448 -47.457739201646625 -1816.8514574111107
213.6460372093909 -0.8140697225987751 39627770191416896 11 511-512-513-514-515-516-517-518-519-520-521 0.9395112130458715 0.9956616052060737 17 0.8726367968737914 1.0 [-1,-1] 1.0 1.0 1.0 0.0004445766401596716 0.18918261239264766 90.81406972259877 146.3539627906091 3242.594283249249 3242.594283249249 -248.9887416352915 899.9965603832075 -3105.2259955755203
211.53539020979795 -1.2547496402440308 39627758078264048 11 511-512-513-514-515-516-517-518-519-520-521 0.9089975894305711 0.9956616052060737 17 1.423902613942315 1.0 [-1,-1] 1.0 1.0 1.0 0.0005275616701708153 0.16431404058018498 91.25474964024403 148.46460979020205 3163.286487382668 3163.286487382668 322.91970243875824 339.0463376485813 -3128.442399655414
211.54764254146565 -1.1608805909863458 39627758078264297 11 511-512-513-514-515-516-517-518-519-520-521 0.9076603178030578 0.9956616052060737 17 1.3720799451442014 1.0 [-1,-1] 1.0 1.0 1.0 0.0005275616701708153 0.16431404058018498 91.16088059098635 148.45235745853435 3159.7777295548 3159.7777295548 120.65371242060313 123.6105725389654 -3155.0528376282705
213.1970830587703 -1.2099767382935724 39627758103433671 11 511-512-513-514-515-516-517-518-519-520-521 0.6723020009167939 0.9956616052060737 17 0.7278088710332956 1.0 [-1,-1] 1.0 1.0 1.0 0.0007209928471550773 0.12577569469930108 91.20997673829358 146.8029169412297 2496.0896991880627 2496.0896991880627 170.29730627339967 -194.6142810344262 -2482.657426123514
213.19473594146973 -1.328605778045808 39627758103433624 11 511-512-513-514-515-516-517-518-519-520-521 0.8312166458169438 0.9956616052060737 17 0.8286353903291533 1.0 [-1,-1] 1.0 1.0 1.0 0.0006232532477076302 0.14268566385842998 91.32860577804581 146.80526405853027 2954.4633058330137 2954.4633058330137 430.32698133897986 -489.45106324161185 -2881.685231134219
211.80682436557476 0.359291759898237 39627794321245204 11 511-512-513-514-515-516-517-518-519-520-521 0.8138756877396578 0.9956616052060737 17 1.3808009002505617 1.0 [-1,-1] 1.0 1.0 1.0 0.0006627118749498285 0.13533979738261318 89.64070824010176 148.19317563442524 2906.561747599506 2906.561747599506 -2481.661954472562 -1481.9232201058003 -305.54656935298016
213.17676188516356 -1.2985183478033921 39627758103433195 11 511-512-513-514-515-516-517-518-519-520-521 0.9120406088838913 0.9956616052060737 17 0.7936225054005475 1.0 [-1,-1] 1.0 1.0 1.0 0.0004951280553168204 0.17321314004730964 91.2985183478034 146.82323811483644 3171.26040053644 3171.26040053644 408.37218335718745 -447.97963535292587 -3112.786361795439
213.14137716273308 -1.1570098768931985 39627758103432240 11 511-512-513-514-515-516-517-518-519-520-521 1.0563882353896155 0.9956616052060737 17 0.6532764012347333 1.0 [-1,-1] 1.0 1.0 1.0 0.0001568149373683449 0.39812733398474315 91.1570098768932 146.85862283726692 3533.482642036365 3533.482642036365 125.54639741945033 -128.2965681349237 -3528.9201853076943
213.13922367678595 -1.159582053244917 39627758103432196 11 511-512-513-514-515-516-517-518-519-520-521 0.40166941378804594 0.9956616052060737 17 0.654352146682272 1.0 [-1,-1] 1.0 1.0 1.0 0.0003379611466139912 0.2348475370676925 91.15958205324492 146.86077632321405 1606.0811453211154 1606.0811453211154 60.08205909248261 -61.13427140350867 -1603.792191149201
213.2041039581311 -1.324909922409187 39627758103433816 11 511-512-513-514-515-516-517-518-519-520-521 0.5459496924545781 0.9956616052060737 17 0.8299073142675042 1.0 [-1,-1] 1.0 1.0 1.0 0.0007045118177349687 0.128340413101622 91.32490992240919 146.7958960418689 2098.6756597658004 2098.6756597658004 297.4644471756032 -344.7947659473859 -2048.6754249844503
212.47051337120715 -0.27058400515802106 39627782250042977 11 511-512-513-514-515-516-517-518-519-520-521 0.9613447947311817 0.9956616052060737 17 0.46590747065783705 1.0 [-1,-1] 1.0 1.0 1.0 0.00041974738576830407 0.19815580287489248 90.27058400515801 147.52948662879285 3298.466404466672 3298.466404466672 -2427.2753808130215 305.9072240815419 -2212.3823397751626
213.0278525507262 -1.197185690683156 39627758103429749 11 511-512-513-514-515-516-517-518-519-520-521 0.956516326369625 0.9956616052060737 17 0.6391668756260486 1.0 [-1,-1] 1.0 1.0 1.0 0.00041974738576830407 0.19815580287489248 91.19718569068316 146.9721474492738 3286.1725044398563 3286.1725044398563 231.6934550792332 -188.40126730398615 -3272.5758714334215
213.02383058557265 -1.31119255367662 39627758103429678 11 511-512-513-514-515-516-517-518-519-520-521 0.9063225595522072 0.9956616052060737 17 0.7455738735752517 1.0 [-1,-1] 1.0 1.0 1.0 0.0005275616701708153 0.16431404058018498 91.31119255367662 146.97616941442735 3156.264894266166 3156.264894266166 500.14389317981284 -403.36068043139545 -3090.172216944207
212.92530473684658 -1.9715321437444553 39627739979845668 11 511-512-513-514-515-516-517-518-519-520-521 0.6644822820787374 0.9956616052060737 17 1.377241098054975 1.0 [-1,-1] 1.0 1.0 1.0 0.000700708733790897 0.12894715825466588 91.97153214374445 147.07469526315342 2472.37196716244 2472.37196716244 1574.2790772649375 -1031.7767985217595 -1603.0299962660456
212.7384100695006 -0.9974366022296288 39627764134843666 11 511-512-513-514-515-516-517-518-519-520-521 0.7971160098876824 0.9956616052060737 17 0.40217958675515564 1.0 [-1,-1] 1.0 1.0 1.0 0.0007229154976227362 0.12548315978664992 90.99743660222963 147.2615899304994 2859.787211752055 2859.787211752055 -286.69591926127225 118.94339501718851 -2842.893036180101
213.02095785436182 -1.1316455599745565 39627758103429623 11 511-512-513-514-515-516-517-518-519-520-521 0.946923124682589 0.9956616052060737 17 0.5757237847545814 1.0 [-1,-1] 1.0 1.0 1.0 0.0004445766401596716 0.18918261239264766 91.13164555997456 146.97904214563818 3261.642460724338 3261.642460724338 64.77827800629213 -51.9365663120446 -3260.585516341838
212.89519762747665 -1.010760308939583 39627764139035762 11 511-512-513-514-515-516-517-518-519-520-521 1.028867224573553 0.9956616052060737 17 0.4216453371281959 1.0 [-1,-1] 1.0 1.0 1.0 0.00020304675497218746 0.33812883710054276 91.01076030893958 147.10480237252335 3466.7716396730057 3466.7716396730057 -281.5973087413989 172.66906017900368 -3450.998978992541
213.0738224554443 -1.1855629976312918 39627758103430711 11 511-512-513-514-515-516-517-518-519-520-521 0.6419509703506017 0.9956616052060737 17 0.646408466154357 1.0 [-1,-1] 1.0 1.0 1.0 0.000833303205902425 0.11070054926254569 91.1855629976313 146.9261775445557 2403.3979720892908 2403.3979720892908 142.17733308944727 -126.89868638990725 -2395.8305744753748
213.37101442477075 -1.6354840550468672 39627746028030769 11 511-512-513-514-515-516-517-518-519-520-521 0.8141029686343394 0.9956616052060737 17 1.1824346688440257 1.0 [-1,-1] 1.0 1.0 1.0 0.0006627118749498285 0.13533979738261318 91.63548405504687 146.62898557522925 2907.1928185439165 2907.1928185439165 760.9045778917773 -1255.313368104424 -2509.3789381827096
212.39861786005744 -1.089846450117672 39627764130647204 11 511-512-513-514-515-516-517-518-519-520-521 0.8910441119907972 0.9956616052060737 17 0.6332623092766024 1.0 [-1,-1] 1.0 1.0 1.0 0.0005275616701708153 0.16431404058018498 91.08984645011768 147.60138213994256 3115.945471580697 3115.945471580697 -50.84108148700443 2.7211978182574574 -3115.5294833109697
213.2220128009656 -1.3333205006639048 39627758103434187 11 511-512-513-514-515-516-517-518-519-520-521 0.7249537917442479 0.9956616052060737 17 0.8460500217124622 1.0 [-1,-1] 1.0 1.0 1.0 0.0006167714992318164 0.14396928707710532 91.3333205006639 146.7779871990344 2652.8807646975965 2652.8807646975965 382.0685313995031 -459.23759687620924 -2584.7438593857023
213.2037275787884 0.1769716125994221 39627794342219591 11 511-512-513-514-515-516-517-518-519-520-521 1.0248456877235597 0.9956616052060737 17 0.875600437098591 1.0 [-1,-1] 1.0 1.0 1.0 0.00020304675497218746 0.33812883710054276 89.82302838740058 146.7962724212116 3456.933374064625 3456.933374064625 -2166.331558992879 2509.1120367387766 -980.6899185399535
211.94737819825616 0.20454538332720468 39627794321248066 11 511-512-513-514-515-516-517-518-519-520-521 0.8139813325446944 0.9956616052060737 17 1.1722783830840617 1.0 [-1,-1] 1.0 1.0 1.0 0.0006627118749498285 0.13533979738261318 89.7954546166728 148.05262180174384 2906.855093035581 2906.855093035581 -2589.795803285981 -1088.1380232851122 -747.4756661392959
212.06600828589345 -0.8988799755658542 39627764126451048 11 511-512-513-514-515-516-517-518-519-520-521 0.598534246176543 0.9956616052060737 17 0.792451691645586 1.0 [-1,-1] 1.0 1.0 1.0 0.0007756247847600315 0.11796159141779075 90.89887997556585 147.93399171410655 2267.789428457143 2267.789428457143 -448.7014783423336 -128.60690433343876 -2219.2332322928905
213.20619583172308 0.17029710737460757 39627794342219642 11 511-512-513-514-515-516-517-518-519-520-521 0.6642210854428608 0.9956616052060737 17 0.8708317185231143 1.0 [-1,-1] 1.0 1.0 1.0 0.000700708733790897 0.12894715825466588 89.82970289262539 146.79380416827692 2471.57778930513 2471.57778930513 -1541.3293264274944 1794.148704545816 -716.9596237289591
211.9407043602953 0.25900842721650275 39627794321247913 11 511-512-513-514-515-516-517-518-519-520-521 0.4271254786761254 0.9956616052060737 17 1.2150160923451365 1.0 [-1,-1] 1.0 1.0 1.0 0.0006262316776515472 0.14210347001521706 89.7409915727835 148.0592956397047 1696.1182543979419 1696.1182543979419 -1526.438934355422 -653.3736462456839 -346.2718454876541
213.21213420601782 0.18829061366516361 39627794342219759 11 511-512-513-514-515-516-517-518-519-520-521 0.6380705543836814 0.9956616052060737 17 0.8895233686635452 1.0 [-1,-1] 1.0 1.0 1.0 0.000833303205902425 0.11070054926254569 89.81170938633484 146.78786579398218 2391.4232029542923 2391.4232029542923 -1488.8455512182297 1754.0223013880307 -652.4182910367306
212.05793620453477 -0.42347246257018606 39627776206046467 11 511-512-513-514-515-516-517-518-519-520-521 0.8962649756898063 0.9956616052060737 17 0.7627426080290213 1.0 [-1,-1] 1.0 1.0 1.0 0.0005275616701708153 0.16431404058018498 90.42347246257019 147.94206379546523 3129.7645871284026 3129.7645871284026 -1893.690885315632 -559.3505595870838 -2428.2685504707124
213.02821908569615 -1.9111535803892528 39627739984036588 11 511-512-513-514-515-516-517-518-519-520-521 0.6915396080777012 0.9956616052060737 17 1.3308570094014367 1.0 [-1,-1] 1.0 1.0 1.0 0.0005843703162771602 0.15074849413407446 91.91115358038925 146.97178091430385 2553.9602903563064 2553.9602903563064 1427.8794667203802 -1161.9482344994167 -1770.2400101621474
213.6888262159473 -0.3966604131979827 39627776231215612 11 511-512-513-514-515-516-517-518-519-520-521 1.0151281248209214 0.9956616052060737 17 0.9117556904239675 1.0 [-1,-1] 1.0 1.0 1.0 0.00020304675497218746 0.33812883710054276 90.39666041319798 146.3111737840527 3433.0645981830194 3433.0645981830194 -503.6003630412188 2179.1197491150547 -2604.5645180450088
213.23328693477447 0.17077484099766047 39627794342220163 11 511-512-513-514-515-516-517-518-519-520-521 0.5447422125003858 0.9956616052060737 17 0.8842092275069288 1.0 [-1,-1] 1.0 1.0 1.0 0.0007045118177349687 0.128340413101622 89.82922515900233 146.76671306522553 2094.7285523722308 2094.7285523722308 -1264.8322425038925 1555.6415693970705 -606.6847731811444
213.44803459149668 -0.3041766978469217 39627782266818162 11 511-512-513-514-515-516-517-518-519-520-521 0.7884771363065172 0.9956616052060737 17 0.7123434421484888 1.0 [-1,-1] 1.0 1.0 1.0 0.0007324854237337303 0.12404708914385561 90.30417669784693 146.55196540850332 2835.4913829970333 2835.4913829970333 -919.188149314813 1818.9655529570534 -1971.4129061070078
212.2073080849841 -1.0314421795868802 39627764126454044 11 511-512-513-514-515-516-517-518-519-520-521 0.6372482540482043 0.9956616052060737 17 0.7330437922974083 1.0 [-1,-1] 1.0 1.0 1.0 0.000833303205902425 0.11070054926254569 91.03144217958688 147.7926919150159 2388.881988943124 2388.881988943124 -176.69828779446016 -24.511022613814493 -2382.2120144852315
213.2455524929835 0.16974480249151455 39627794342220425 11 511-512-513-514-515-516-517-518-519-520-521 0.8356531500700864 0.9956616052060737 17 0.8893920959934349 1.0 [-1,-1] 1.0 1.0 1.0 0.0006232532477076302 0.14268566385842998 89.83025519750849 146.7544475070165 2966.638237213596 2966.638237213596 -1763.5980722768454 2224.272148980549 -862.135532981118
