data_rosette/LRG_15_clustering_data.ecsv
# %ECSV 1.0
# ---
# datatype:
# - {name: RA, unit: deg, datatype: float64}
# - {name: DEC, unit: deg, datatype: float64}
# - {name: TARGETID, datatype: int64}
# - {name: NTILE, datatype: int64}
# - {name: TILES, datatype: string}
# - {name: Z, datatype: float64}
# - {name: COMP_TILE, datatype: float64}
# - {name: ROSETTE_NUMBER, datatype: int32}
# - {name: ROSETTE_R, unit: deg, datatype: float64}
# - {name: FRACZ_TILELOCID, datatype: float64}
# - {name: BITWEIGHTS, datatype: string, subtype: 'int64[2]'}
# - {name: PROB_OBS, datatype: float64}
# - {name: WEIGHT_ZFAIL, datatype: float64}
# - {name: WEIGHT, datatype: float64}
# - {name: NZ, unit: h3 / Mpc3, datatype: float64}
# - {name: WEIGHT_FKP, datatype: float64}
# - {name: theta, unit: deg, datatype: float64}
# - {name: phi, unit: deg, datatype: float64}
# - {name: rho, unit: Mpc, datatype: float64}
# - {name: r, unit: Mpc, datatype: float64}
# - {name: x, unit: Mpc, datatype: float64}
# - {name: y, unit: Mpc, datatype: float64}
# - {name: z, unit: Mpc, datatype: float64}
# meta: !!omap
# - {EXTNAME: LSS}
# - {DESIDR: edr}
# - comments: ['Visit https://desidatamodel.readthedocs.io/en/latest/ for a more complet', e description]
# schema: astropy-2.0
RA DEC TARGETID NTILE TILES Z COMP_TILE ROSETTE_NUMBER ROSETTE_R FRACZ_TILELOCID BITWEIGHTS PROB_OBS WEIGHT_ZFAIL WEIGHT NZ WEIGHT_FKP theta phi rho r x y z
[from data line 3785]
266.267649217843 65.53569247867175 39633448838628494 10 407-408-409-410-412-413-415-416-439-440 0.6708533005263801 0.9 15 1.5005750022226123 1.0 [-1,-1] 1.0 1.0 1.0 0.0008053318504768218 0.11384060807160488 24.46430752132825 93.73235078215703 2491.7042128804073 2491.7042128804073 -1343.6253835763189 761.1743995494907 1955.4728958913836
266.16675003492065 65.77691642918825 39633451342629562 10 407-408-409-410-412-413-415-416-439-440 0.7333286285903289 0.9 15 1.4750260880545167 1.0 [-1,-1] 1.0 1.0 1.0 0.0006073340474539246 0.1455520198534496 24.223083570811752 93.83324996507935 2677.3605868743725 2677.3605868743725 -1934.2458851750787 851.1207549154784 1643.9422217291176
272.1934415764214 65.3233742582424 39633446351405800 10 407-408-409-410-412-413-415-416-439-440 1.0146611536144317 0.9 15 1.2308042940327086 1.0 [-1,-1] 1.0 1.0 1.0 0.00020130102782971312 0.3394727840281335 24.676625741757604 87.80655842357862 3431.914175202951 3431.914175202951 -1492.7972380169247 237.89936515249968 3081.070464008902
266.0898625705172 66.25334831489116 39633456279325104 10 407-408-409-410-412-413-415-416-439-440 0.6312598307439227 0.9 15 1.4907926151443716 1.0 [-1,-1] 1.0 1.0 1.0 0.0007982518636535506 0.11473445525619816 23.746651685108844 93.9101374294828 2370.3370969328744 2370.3370969328744 -2198.4613384445515 771.8494995745896 435.33211054000367
269.52032956791334 65.37584246564313 39633448859601537 10 407-408-409-410-412-413-415-416-439-440 0.9343892574659141 0.9 15 0.6499104074503415 1.0 [-1,-1] 1.0 1.0 1.0 0.0003671239319408774 0.21984967794317842 24.62415753435687 90.47967043208666 3229.3821211907593 3229.3821211907593 1273.8569497473238 -922.0086166551031 2820.6555030809263
268.2399393260254 65.82777624213787 39633451359404437 9 407-408-409-410-412-413-415-416-440 0.8925354681357197 1.0 15 0.6375209901118802 1.0 [-1,-1] 1.0 1.0 1.0 0.0005723615213970424 0.15308410280969617 24.172223757862128 91.76006067397458 3119.8973448315605 3119.8973448315605 2029.3536855534571 1555.164486832821 1788.000693543386
266.3029622206243 66.37517687053496 39633458712021168 9 407-408-409-410-412-413-415-416-440 0.8695350690395093 1.0 15 1.4277709289744216 1.0 [-1,-1] 1.0 1.0 1.0 0.0006576102792991648 0.1359368301360722 23.624823129465042 93.6970377793757 3058.5558109256626 3058.5558109256626 -2601.1566324061314 1597.4388492793357 192.18986718826298
269.9035997068021 67.49944300215338 39633468207924492 8 407-408-409-410-412-413-415-439 0.9795382416344466 0.5 15 1.4810264649655622 1.0 [-1,-1] 1.0 1.0 1.0 0.00030269805442075816 0.25472307248715254 22.500556997846616 90.09640029319792 3344.47540408409 3344.47540408409 867.7433938854117 -1380.972047326 -2919.8378953969172
267.3498433397494 66.67688911431704 39633461123746836 9 407-408-409-410-412-413-415-439-440 0.48466662895106083 1.0 15 1.158868559066987 1.0 [-1,-1] 1.0 1.0 1.0 0.000668512811805897 0.13401699399284683 23.323110885682965 92.65015666025062 1894.6592442724018 1894.6592442724018 49.37862171974985 1840.2159705827253 -448.2193494665357
269.1540839205665 66.91978487239162 39633463518691980 9 407-408-409-410-412-413-415-439-440 0.8689842508446365 1.0 15 0.9286866966460047 1.0 [-1,-1] 1.0 1.0 1.0 0.0006576102792991648 0.1359368301360722 23.080215127608383 90.8459160794335 3057.076407530452 3057.076407530452 2617.9214265379537 -697.1828605776492 -1416.3825842157007
266.15323760572693 65.77699555609334 39633451342629467 9 407-408-409-410-412-413-415-439-440 0.8096186151527317 1.0 15 1.4804513214069244 1.0 [-1,-1] 1.0 1.0 1.0 0.0008239664519383997 0.11155322342262282 24.22300444390666 93.84676239427307 2894.7255009485293 2894.7255009485293 -2103.652680435792 891.9335471738001 1777.226961691439
267.9229768548872 66.68475774469965 39633461127941149 9 407-408-409-410-412-413-416-439-440 0.4375474804558787 1.0 15 0.9834258790185801 1.0 [-1,-1] 1.0 1.0 1.0 0.0006285113834356281 0.1413409039925048 23.315242255300348 92.07702314511278 1732.5881065726164 1732.5881065726164 948.6177151578954 1386.7092881348551 -423.11148380305326
271.8964222717001 64.99965359855138 39633443801269047 9 407-408-409-410-412-413-416-439-440 1.0941243277132815 1.0 15 1.3591225442833512 1.0 [-1,-1] 1.0 1.0 1.0 5.9370222311395755e-05 0.6353792046182113 25.000346401448624 88.10357772829991 3623.237658986255 3623.237658986255 -473.68570035433936 -66.26165817214067 3591.5292541523722
270.08214175455424 65.93418977836308 39633453850823364 8 407-408-409-410-412-413-439-440 0.9436129030574186 1.0 15 0.16707682378254568 1.0 [-1,-1] 1.0 1.0 1.0 0.0003671239319408774 0.21984967794317842 24.065810221636923 89.91785824544576 3253.145732816698 3253.145732816698 1063.223496870759 -2643.014514115648 1570.6645831683575
266.781910098827 66.05066550521865 39633453829850115 10 407-408-409-410-412-414-415-416-439-440 0.7441279124957583 0.8333333333333334 15 1.1977172301534862 1.0 [-1,-1] 1.0 1.0 1.0 0.0006073340474539246 0.1455520198534496 23.949334494781354 93.21808990117302 2708.7438777283264 2708.7438777283264 -1291.8438380575703 2149.723547740051 1023.2895785139726
268.63390860700963 65.98751733503578 39633453842432981 10 407-408-409-410-412-414-415-416-439-440 0.6893576902215761 0.8333333333333334 15 0.44693104765340247 1.0 [-1,-1] 1.0 1.0 1.0 0.0008053318504768218 0.11384060807160488 24.012482664964224 91.36609139299037 2547.430663120506 2547.430663120506 2216.211166845767 589.3331461640166 1109.2779138642973
266.91345132641936 65.97706594507414 39633453829851167 10 407-408-409-410-412-414-415-416-439-440 0.7032653258247525 0.8333333333333334 15 1.146367002554472 1.0 [-1,-1] 1.0 1.0 1.0 0.0005639081233901963 0.1550231922816235 24.022934054925855 93.08654867358064 2588.9026819538312 2588.9026819538312 -923.3131210286202 2126.8879928998067 1151.6325120552822
266.7967033828128 66.04516225469845 39633453829850218 10 407-408-409-410-412-414-415-416-439-440 0.4386967614773215 0.8333333333333334 15 1.1917120812132516 1.0 [-1,-1] 1.0 1.0 1.0 0.0006285113834356281 0.1413409039925048 23.954837745301546 93.20329661718722 1736.5959133143679 1736.5959133143679 -805.9068108643227 1387.1617407666824 664.8773445499611
267.545819971589 65.1767889689229 39633446317852390 9 407-408-409-410-412-414-415-416-440 0.918580837994944 1.0 15 1.2348805670399192 1.0 [-1,-1] 1.0 1.0 1.0 0.00042618922305278896 0.1953324009783564 24.823211031077093 92.45418002841097 3188.349533600002 3188.349533600002 214.60221057951622 947.2005323954546 3036.8289038158705
268.5189603003762 65.99769556123286 39633453842432304 9 407-408-409-410-412-414-415-439-440 0.988449733548676 1.0 15 0.49290058313985247 1.0 [-1,-1] 1.0 1.0 1.0 0.00030269805442075816 0.25472307248715254 24.00230443876714 91.4810396996238 3366.8319326187857 3366.8319326187857 2834.147089814747 1115.1136381328756 1435.1617016372097
269.7813914140748 65.69868520571688 39633451367795367 9 407-408-409-410-412-414-415-439-440 0.4471363951099107 1.0 15 0.32200144927601426 1.0 [-1,-1] 1.0 1.0 1.0 0.0006285113834356281 0.1413409039925048 24.301314794283115 90.21860858592521 1765.9425668880865 1765.9425668880865 823.7369631823776 -1011.9648943641342 1189.9317701485847
269.7647610774271 65.6724423565668 39633451367795239 9 407-408-409-410-412-414-415-439-440 0.8198570610789621 1.0 15 0.3478485613828549 1.0 [-1,-1] 1.0 1.0 1.0 0.000762533893525711 0.11946670068019369 24.327557643433195 90.23523892257288 2923.140915067005 2923.140915067005 1357.4194061711241 -1612.0813820183084 2025.6749450093766
272.01510350300003 65.06592667202268 39633443801269841 8 407-408-409-410-412-414-416-439 0.9881437761369682 1.0 15 1.3434514641375244 1.0 [-1,-1] 1.0 1.0 1.0 0.00030269805442075816 0.25472307248715254 24.934073327977316 87.98489649699997 3366.066311890449 3366.066311890449 -664.2020866335483 -13.4866142872173 3299.856984081352
272.0335546269308 65.0664857840966 39633443801269967 8 407-408-409-410-412-414-416-439 0.9872248296529516 1.0 15 1.3484360909394086 1.0 [-1,-1] 1.0 1.0 1.0 0.00030269805442075816 0.25472307248715254 24.9335142159034 87.96644537306918 3363.7659321142614 3363.7659321142614 -665.7274686260864 -1.2323112537539906 3297.2301504411553
270.7981521913187 65.80931010569654 39633451376182695 9 407-408-409-410-412-414-416-439-440 0.8329033998318166 1.0 15 0.4841481721438861 1.0 [-1,-1] 1.0 1.0 1.0 0.0006366829495309179 0.1397804201853648 24.19068989430346 89.2018478086813 2959.0960332961013 2959.0960332961013 -783.5216453536832 -2261.3229518791863 1740.3337820186628
267.55783445691816 66.65866043030653 39633461127938550 9 407-408-409-410-412-414-416-439-440 0.6015751546492869 1.0 15 1.0805535347830746 1.0 [-1,-1] 1.0 1.0 1.0 0.0006106036532175123 0.14488555312656437 23.341339569693474 92.44216554308184 2277.404649337026 2277.404649337026 517.0326060037006 2161.2274400269407 -498.34242607420134
268.5751769779327 65.8008596261275 39633451359406507 8 407-408-409-410-412-414-416-440 0.825761794500725 1.0 15 0.5197978512180683 1.0 [-1,-1] 1.0 1.0 1.0 0.000762533893525711 0.11946670068019369 24.199140373872496 91.4248230220673 2939.4491091892482 2939.4491091892482 2243.7070151495923 740.1459267624329 1748.8064223289414
267.5900263206252 66.68350842774163 39633461127938764 8 407-408-409-410-412-414-439-440 0.8210864475595799 1.0 15 1.0848333172820726 1.0 [-1,-1] 1.0 1.0 1.0 0.000762533893525711 0.11946670068019369 23.31649157225837 92.40997367937479 2926.5411252805043 2926.5411252805043 749.0187544392976 2738.2287210038326 -711.1380561649048
269.96713018373123 65.89999202475423 39633453850822543 7 407-408-409-410-412-416-439 0.6841585687384574 1.0 15 0.15405698756190944 1.0 [-1,-1] 1.0 1.0 1.0 0.0008053318504768218 0.11384060807160488 24.100007975245774 90.03286981626877 2531.836731698978 2531.836731698978 1037.5040620160835 -1910.5697909356684 1297.4997615584857
267.7824519334699 66.83349733490896 39633461127940183 10 407-408-409-410-413-414-415-416-439-440 0.5796164392878351 1.0 15 1.1261393803926985 1.0 [-1,-1] 1.0 1.0 1.0 0.0005369919189708607 0.1615383650856205 23.166502665091045 92.21754806653013 2207.570821909309 2207.570821909309 903.3819130494963 1825.9526066343594 -850.3923395971783
268.95692465992 67.22778377917231 39633465871697372 10 407-408-409-410-413-414-415-416-439-440 0.8130739323503247 1.0 15 1.2460994861747636 1.0 [-1,-1] 1.0 1.0 1.0 0.000762533893525711 0.11946670068019369 22.772216220827687 91.04307534008001 2904.3348924753286 2904.3348924753286 2040.69132302273 -128.96259119724914 -2062.549088351865
269.038302857469 67.20930595234348 39633465871697854 10 407-408-409-410-413-414-415-416-439-440 0.9876740377694433 1.0 15 1.2205638032930686 1.0 [-1,-1] 1.0 1.0 1.0 0.00030269805442075816 0.25472307248715254 22.790694047656515 90.96169714253102 3364.890581039225 3364.890581039225 2387.616770976413 -347.4073118540415 -2345.438751489581
270.35411557668624 65.86068864633185 39633451371989303 10 407-408-409-410-413-414-415-416-439-440 0.8219288079416487 1.0 15 0.30020117280928144 1.0 [-1,-1] 1.0 1.0 1.0 0.000762533893525711 0.11946670068019369 24.13931135366815 89.64588442331376 2928.8694526576683 2928.8694526576683 270.61233161474803 -2439.142765304212 1598.6331058605601
268.3952830786487 65.94636919925279 39633453838241323 10 407-408-409-410-413-414-415-416-439-440 0.8278014059182742 1.0 15 0.5481926451086424 1.0 [-1,-1] 1.0 1.0 1.0 0.000762533893525711 0.11946670068019369 24.053630800747214 91.60471692135133 2945.0688099506274 2945.0688099506274 2280.1988482030783 1241.3294479680696 1390.4045129402612
272.2593281603114 65.42094408922355 39633448880571603 10 407-408-409-410-413-414-415-416-439-440 0.4951896472763518 1.0 15 1.2000965102434702 1.0 [-1,-1] 1.0 1.0 1.0 0.0007365189099627642 0.12316671624379881 24.579055910776447 87.74067183968862 1930.2309411325261 1930.2309411325261 -989.624981458817 225.37884045812802 1641.839900980526
267.66695540455765 66.39060608557044 39633458720410886 9 407-408-409-410-413-414-415-416-440 0.9680964823813593 1.0 15 0.9110790738471086 1.0 [-1,-1] 1.0 1.0 1.0 0.0003767415448896098 0.21544643941305056 23.60939391442956 92.33304459544235 3315.5983129334095 3315.5983129334095 1116.753842980867 3117.9033702354277 157.2628398220568
266.48191833225724 65.33516949193273 39633446309464663 9 407-408-409-410-413-414-415-416-440 0.6719714324542981 1.0 15 1.5026455124156541 0.5 [-1,-1] 1.0 1.0 1.0 0.0008053318504768218 0.11384060807160488 24.66483050806727 93.51808166774276 2495.0893474219956 2495.0893474219956 -838.8023932442079 750.2028026358332 2226.8985499173173
267.85008704412013 66.34576795472974 39633456291907663 9 407-408-409-410-413-414-415-439-440 0.8814178817082012 1.0 15 0.8260480533866865 1.0 [-1,-1] 1.0 1.0 1.0 0.0005346154933450218 0.1621399955636538 23.654232045270263 92.14991295587987 3090.3524260091335 3090.3524260091335 1547.842976071047 2659.577404561114 284.79513253571207
267.81941382575013 66.33418279617945 39633456291907477 9 407-408-409-410-413-414-415-439-440 0.6278192253626647 1.0 15 0.8331697370948933 1.0 [-1,-1] 1.0 1.0 1.0 0.0007056687116799521 0.12786279395313782 23.665817203820552 92.18058617424987 2359.651627547967 2359.651627547967 1117.751898998452 2063.6683443654047 244.66193030235496
266.47559667115956 65.32465258914645 39633446309464593 8 407-408-409-410-413-414-415-440 0.8091631667007437 1.0 15 1.5100154734564966 1.0 [-1,-1] 1.0 1.0 1.0 0.0008239664519383997 0.11155322342262282 24.675347410853547 93.52440332884044 2893.457383021966 2893.457383021966 -957.7948378730202 845.7894848724244 2596.0286637838494
267.23544458693004 64.9739803974854 39633443767714987 8 407-408-409-410-413-414-416-440 0.631292839210876 1.0 15 1.4710349429361462 1.0 [-1,-1] 1.0 1.0 1.0 0.0007982518636535506 0.11473445525619816 25.026019602514594 92.76455541306996 2370.439502743927 2370.439502743927 -22.083468552236067 251.5296511848936 2356.953243312303
268.6287159184417 67.45206824639965 39633468199536379 8 407-408-409-410-413-414-416-440 0.7528590475055856 1.0 15 1.4966112545950019 1.0 [-1,-1] 1.0 1.0 1.0 0.0007242712797402853 0.12498917450484462 22.547931753600352 91.37128408155831 2733.9670557439267 2733.9670557439267 1394.3160723466558 378.53846154650705 -2321.0271832572134
268.7216136286886 67.42622187639819 39633468199536913 8 407-408-409-410-413-414-416-440 0.6423929056147891 1.0 15 1.4615446862135788 1.0 [-1,-1] 1.0 1.0 1.0 0.0007982518636535506 0.11473445525619816 22.573778123601812 91.2783863713114 2404.7599677606113 2404.7599677606113 1303.5817492355027 226.72142293694932 -2008.0195521920518
269.44008589810113 66.60278259318834 39633458732993081 7 407-408-409-410-413-415-416 1.0026216506141774 1.0 15 0.5943068280331745 1.0 [-1,-1] 1.0 1.0 1.0 0.00023297360745577845 0.30751381291380364 23.397217406811663 90.55991410189887 3402.1448110557226 3402.1448110557226 2867.6674509948707 -1743.509423607443 -557.8956853122288
270.6163689849142 66.93621671805877 39633463527081907 9 407-408-409-410-413-415-416-439-440 0.9535614211903712 1.0 15 0.9821123623494897 1.0 [-1,-1] 1.0 1.0 1.0 0.0003767415448896098 0.21544643941305056 23.063783281941227 89.38363101508583 3278.6315901488592 3278.6315901488592 -435.4153217907852 -2847.051935109603 -1566.5675473022309
267.26732432077284 65.07140125457455 39633443767715255 9 407-408-409-410-413-415-416-439-440 0.5930234536657315 1.0 15 1.3923549447630987 1.0 [-1,-1] 1.0 1.0 1.0 0.0006106036532175123 0.14488555312656437 24.928598745425447 92.73267567922716 2250.3191290118616 2250.3191290118616 -25.39383077968592 455.4943207634603 2203.591672589836
