data_rosette/LRG_7_clustering_data.ecsv
# %ECSV 1.0
# ---
# datatype:
# - {name: RA, unit: deg, datatype: float64}
# - {name: DEC, unit: deg, datatype: float64}
# - {name: TARGETID, datatype: int64}
# - {name: NTILE, datatype: int64}
# - {name: TILES, datatype: string}
# - {name: Z, datatype: float64}
# - {name: COMP_TILE, datatype: float64}
# - {name: ROSETTE_NUMBER, datatype: int32}
# - {name: ROSETTE_R, unit: deg, datatype: float64}
# - {name: FRACZ_TILELOCID, datatype: float64}
# - {name: BITWEIGHTS, datatype: string, subtype: 'int64[2]'}
# - {name: PROB_OBS, datatype: float64}
# - {name: WEIGHT_ZFAIL, datatype: float64}
# - {name: WEIGHT, datatype: float64}
# - {name: NZ, unit: h3 / Mpc3, datatype: float64}
# - {name: WEIGHT_FKP, datatype: float64}
# - {name: distance, unit: Mpc, datatype: float64}
# - {name: x, unit: Mpc, datatype: float64}
# - {name: y, unit: Mpc, datatype: float64}
# - {name: z, unit: Mpc, datatype: float64}
# meta: !!omap
# - {EXTNAME: LSS}
# - {DESIDR: edr}
# - comments: ['Visit https://desidatamodel.readthedocs.io/en/latest/ for a more complet', e description]
# schema: astropy-2.0
RA DEC TARGETID NTILE TILES Z COMP_TILE ROSETTE_NUMBER ROSETTE_R FRACZ_TILELOCID BITWEIGHTS PROB_OBS WEIGHT_ZFAIL WEIGHT NZ WEIGHT_FKP distance x y z
[from data line 4265]
216.67557664033802 34.46782476835089 39632971405198218 7 191-192-193-195-196-200-463 0.8354312729457533 1.0 7 0.9298727022887513 1.0 [-1,-1] 1.0 1.0 1.0 0.0006366829495309179 0.1397804201853648 2966.0301203164945 -1961.2256963712582 -1460.5525113017677 1678.6050173426297
218.3080073521932 35.601582547316475 39632991256838746 6 191-192-193-195-196-463 0.8480432928095372 1.0 7 1.2715933974987437 1.0 [-1,-1] 1.0 1.0 1.0 0.0006366829495309179 0.1397804201853648 3000.4684115850714 -1914.3564933100627 -1512.3021141349034 1746.7089686105533
219.45498188494182 34.02139428138471 39632961435337007 8 191-192-193-195-197-198-199-200 0.6813896102525598 1.0 7 1.4200112747529672 1.0 [-1,-1] 1.0 1.0 1.0 0.0008053318504768218 0.11384060807160488 2523.51152203926 -1614.9430028710149 -1329.126528157792 1411.9108227823972
218.78266286552494 33.35561860578148 39632946306485753 8 191-192-193-195-197-198-199-200 0.9956424524734329 1.0 7 1.3252433511789783 1.0 [-1,-1] 1.0 1.0 1.0 0.00023297360745577845 0.30751381291380364 3384.7911675103514 -2203.9021560648725 -1770.8851124942767 1861.0729304610359
217.85520402533479 35.16192073007468 39632986311757912 9 191-192-193-195-197-198-199-200-463 0.912272883168647 1.0 7 0.7632685961950247 1.0 [-1,-1] 1.0 1.0 1.0 0.00042618922305278896 0.1953324009783564 3171.8684570490673 -2047.4113660902228 -1591.29698613704 1826.6444943498368
217.8563419270033 35.16325165342216 39632986311757932 9 191-192-193-195-197-198-199-200-463 0.911269142931457 1.0 7 0.7646531403736411 1.0 [-1,-1] 1.0 1.0 1.0 0.00042618922305278896 0.1953324009783564 3169.24022329724 -2045.649813888503 -1589.9930353526756 1825.1911076468284
218.17629243027864 35.46542839219851 39632991252646714 9 191-192-193-195-197-198-199-200-463 1.0701045926446207 1.0 7 1.1091885852754058 1.0 [-1,-1] 1.0 1.0 1.0 0.00012850791192818028 0.44600300211103894 3566.33422776003 -2283.38787075011 -1795.3196904989566 2069.2285675368826
217.61154846249005 33.93251810107587 39632961405980449 9 191-192-193-195-197-198-199-200-463 0.8355314681957922 1.0 7 0.49280037910763996 1.0 [-1,-1] 1.0 1.0 1.0 0.0006366829495309179 0.1397804201853648 2966.3047437416963 -1949.6251060092059 -1502.0395659332316 1655.8390384135146
219.46961617274795 34.0079416302885 39632961435337215 8 191-192-193-195-197-198-200-463 0.7806850681504779 1.0 7 1.4354003521999943 1.0 [-1,-1] 1.0 1.0 1.0 0.0007064174578981374 0.12774458208408304 2813.467943607539 -1800.4098392549843 -1482.5405029319465 1573.5945912424095
218.58140101212535 34.62663865445337 39632976413196776 8 191-192-193-195-197-198-200-463 0.796918193738167 1.0 7 0.6825909887889848 1.0 [-1,-1] 1.0 1.0 1.0 0.0008239664519383997 0.11155322342262282 2859.2322950074636 -1839.2244473008418 -1467.256331252321 1624.6912345625985
217.40470391156566 33.99092116362595 39632961405977662 6 191-192-193-195-197-199 0.8989854481698771 1.0 7 0.5236856625597683 1.0 [-1,-1] 1.0 1.0 1.0 0.0005723615213970424 0.15308410280969617 3136.9483503945944 -2066.083915362457 -1579.9092228975194 1753.7471468621877
217.61491744867334 33.9342678538461 39632961405980494 8 191-192-193-195-197-199-200-463 0.8330771853739468 1.0 7 0.4902624946680461 1.0 [-1,-1] 1.0 1.0 1.0 0.0006366829495309179 0.1397804201853648 2959.5730739173523 -1945.0725787990993 -1498.7144491837553 1652.156300980104
218.94377011723805 34.86379895153711 39632976417391833 7 191-192-193-195-197-200-463 0.7287549643632116 1.0 7 1.0491851519898834 1.0 [-1,-1] 1.0 1.0 1.0 0.0005823912580269674 0.15084542533972659 2664.0071087857077 -1700.076042136906 -1373.9340924920682 1522.8198961469132
216.69530049103804 35.19214230034271 39632986299171173 7 191-192-193-195-198-199-200 0.9228149912178232 1.0 7 1.204325463946739 1.0 [-1,-1] 1.0 1.0 1.0 0.00042618922305278896 0.1953324009783564 3199.3776258298876 -2096.4571721451107 -1562.3835414515934 1843.866098018886
216.80426859334392 35.328785484328435 39632986299172502 8 191-192-193-195-198-199-200-463 0.8050439775859963 1.0 7 1.2369713206929267 1.0 [-1,-1] 1.0 1.0 1.0 0.0008239664519383997 0.11155322342262282 2881.9723581184608 -1882.6138939880018 -1408.593893950181 1666.5511816468409
216.72624833796326 35.182014302453084 39632986299171643 8 191-192-193-195-198-199-200-463 0.5667357544534836 1.0 7 1.1785975183824626 1.0 [-1,-1] 1.0 1.0 1.0 0.0006724560872077301 0.13333590500666823 2166.171108791551 -1419.032883383938 -1058.7261262092322 1248.095324132046
216.44718665229686 34.189923731284104 39632966401396438 8 191-192-193-196-197-198-199-200 0.7528765633373241 1.0 7 1.1371865667624608 1.0 [-1,-1] 1.0 1.0 1.0 0.0007242712797402853 0.12498917450484462 2734.017522661074 -1819.179977123746 -1343.5291280862418 1536.3481073746486
217.3554626517594 33.2358419629946 39632946289705453 8 191-192-193-196-197-198-199-200 0.5326407003526905 1.0 7 1.2213331253822188 1.0 [-1,-1] 1.0 1.0 1.0 0.0006094867785671962 0.14511252611805409 2055.010065492491 -1366.2945212210686 -1042.9291642200988 1126.3234033686367
216.60960910332818 33.90945163482635 39632961393396277 8 191-192-193-196-197-198-199-200 0.6542970498420406 1.0 7 1.100450108528068 1.0 [-1,-1] 1.0 1.0 1.0 0.0006371005092682059 0.1397016056866948 2441.309620570837 -1626.3797122693795 -1208.2794252855822 1361.9627474501044
218.22810552569473 33.72416653000485 39632956393784988 9 191-192-193-196-197-198-199-200-463 0.49146560689147994 1.0 7 0.7632352769160112 1.0 [-1,-1] 1.0 1.0 1.0 0.0007365189099627642 0.12316671624379881 1917.6681135485849 -1252.9286587510885 -986.9532119173839 1064.6802934623831
218.4944965595241 33.912292669963215 39632961418563232 9 191-192-193-196-197-198-199-200-463 0.6135258530427165 1.0 7 0.7537481114630918 1.0 [-1,-1] 1.0 1.0 1.0 0.0007056687116799521 0.12786279395313782 2315.0202769376706 -1503.675908839085 -1195.8420248304158 1291.6034590612599
218.50105017328983 33.462791186096915 39632951356427581 9 191-192-193-196-197-198-199-200-463 0.7826122970600284 1.0 7 1.103030595010035 1.0 [-1,-1] 1.0 1.0 1.0 0.0007064174578981374 0.12774458208408304 2818.9247167277467 -1840.4102816635377 -1463.983516478208 1554.3419241614263
217.77303272591075 33.630163320370684 39632956385398342 9 191-192-193-196-197-198-199-200-463 0.5257164691708461 1.0 7 0.7701611183655824 1.0 [-1,-1] 1.0 1.0 1.0 0.0006888416087567301 0.1305783864573065 2032.152574689982 -1337.4545610266177 -1036.4282163918656 1125.4669858663099
218.7755934150517 35.25796456167691 39632986324339741 9 191-192-193-196-197-198-199-200-463 0.7346683960578128 1.0 7 1.173623047057582 1.0 [-1,-1] 1.0 1.0 1.0 0.0006073340474539246 0.1455520198534496 2681.2652130631295 -1706.880387560911 -1371.1703610189536 1547.7836820452446
219.06811469278392 35.08798535275213 39632981383447569 9 191-192-193-196-197-198-199-200-463 0.5721091777440837 1.0 7 1.2486311644182784 1.0 [-1,-1] 1.0 1.0 1.0 0.0005369919189708607 0.1615383650856205 2183.48120920378 -1387.1717255926405 -1126.0426536065943 1255.1385329599905
219.45967415394472 34.2754585743772 39632966443339670 8 191-192-193-196-197-198-199-463 0.5286712960827973 1.0 7 1.3760693342401908 1.0 [-1,-1] 1.0 1.0 1.0 0.0006888416087567301 0.1305783864573065 2041.9184474683825 -1302.7311567278286 -1072.3496470096475 1149.9516137475296
219.4557965566397 34.27702629855008 39632966443339617 8 191-192-193-196-197-198-199-463 0.5443215158316711 1.0 7 1.3727267361276618 1.0 [-1,-1] 1.0 1.0 1.0 0.0006094867785671962 0.14511252611805409 2093.3526658596043 -1335.5953565588222 -1099.2503504669007 1178.9652642034962
218.60368911804585 34.49557001854387 39632971430365530 8 191-192-193-196-197-198-200-463 0.7700667344956783 1.0 7 0.6696091086580036 1.0 [-1,-1] 1.0 1.0 1.0 0.0007064174578981374 0.12774458208408304 2783.288661292335 -1792.6399744087166 -1431.2346789012217 1576.2947021863997
218.598881256209 34.49908067142361 39632971430365475 8 191-192-193-196-197-198-200-463 0.7348358025001532 1.0 7 0.6661845726683164 1.0 [-1,-1] 1.0 1.0 1.0 0.0006073340474539246 0.1455520198534496 2681.752880126031 -1727.2865386510546 -1378.8195098483995 1518.9260952135032
219.14904688823546 35.179705289006485 39632986332725691 8 191-192-193-196-197-198-200-463 0.83861455350093 1.0 7 1.3547432479103316 1.0 [-1,-1] 1.0 1.0 1.0 0.0006366829495309179 0.1397804201853648 2974.7470292675275 -1885.57099117234 -1535.0439773229105 1713.879200255957
216.0266665258379 34.13049646565165 39632966397200527 6 191-192-193-196-197-199 0.6557488628179671 1.0 7 1.490105938356715 1.0 [-1,-1] 1.0 1.0 1.0 0.0006371005092682059 0.1397016056866948 2445.7490620532926 -1637.299007939122 -1190.7320317722626 1372.2600561291677
217.74103661319012 33.0794560384286 39632941227183105 7 191-192-193-196-198-199-200 0.7739946713562171 1.0 7 1.321453841767077 1.0 [-1,-1] 1.0 1.0 1.0 0.0007064174578981374 0.12774458208408304 2794.475209964472 -1851.6485634376004 -1433.2362208163802 1525.2289113327977
219.05716219507593 33.84620134067045 39632956406366980 8 191-192-193-196-198-199-200-463 0.8468080573876372 1.0 7 1.1788813736050157 1.0 [-1,-1] 1.0 1.0 1.0 0.0006366829495309179 0.1397804201853648 2997.1070127286403 -1932.9111241985572 -1568.4361048902092 1669.2852412255643
218.92904122652416 33.582148391530026 39632951364813643 7 191-192-193-196-198-199-463 0.5066865886207171 1.0 7 1.243040735985849 1.0 [-1,-1] 1.0 1.0 1.0 0.0007365189099627642 0.12316671624379881 1968.837437222661 -1275.972339370561 -1030.6481545402196 1089.027008348991
218.91795396883296 33.5792442709765 39632951364813495 7 191-192-193-196-198-199-463 0.7042769198443558 1.0 7 1.2380681482625049 1.0 [-1,-1] 1.0 1.0 1.0 0.0005639081233901963 0.1550231922816235 2591.9055468873207 -1680.091966986801 -1356.5327787357899 1433.5564748788381
217.46146121286216 34.44517371678051 39632971413589487 7 191-192-193-196-198-200-463 0.8311618686349923 1.0 7 0.28288749548999054 1.0 [-1,-1] 1.0 1.0 1.0 0.0006366829495309179 0.1397804201853648 2954.3127795335595 -1933.865040169124 -1481.8412458900236 1671.010630638261
219.14189730991126 35.19240402941379 39632986332725582 7 191-192-193-196-198-200-463 0.6010850636117928 1.0 7 1.3572507368070457 1.0 [-1,-1] 1.0 1.0 1.0 0.0006106036532175123 0.14488555312656437 2275.856205498754 -1442.493666389824 -1174.035312639864 1311.6305025452282
219.25255481172894 34.638247237868576 39632976421586184 6 191-192-193-196-199-200 0.7210894682014017 1.0 7 1.2202849516186176 1.0 [-1,-1] 1.0 1.0 1.0 0.0005823912580269674 0.15084542533972659 2641.5431980491103 -1682.9637680900885 -1375.1642158882535 1501.434914272336
218.65134196771945 33.12710593468222 39632946306484090 7 191-192-193-197-198-199-200 0.5700464823557099 1.0 7 1.4564074441993495 1.0 [-1,-1] 1.0 1.0 1.0 0.0005369919189708607 0.1615383650856205 2176.8430681072705 -1423.7073929876767 -1138.620942603685 1189.6408497455031
217.31922681775683 35.353562913818486 39632986307559867 7 191-192-193-197-198-200-463 0.9061280130403234 1.0 7 1.0319103806017191 1.0 [-1,-1] 1.0 1.0 1.0 0.0005723615213970424 0.15308410280969617 3155.7537988000313 -2046.8847557926467 -1560.3940920088207 1825.9833276260968
217.5377158119903 35.37376379524254 39632986307563100 7 191-192-193-197-199-200-463 0.6275898263712729 1.0 7 0.9972469553432811 1.0 [-1,-1] 1.0 1.0 1.0 0.0007056687116799521 0.12786279395313782 2358.9383877848945 -1525.2137100213924 -1171.9335863368642 1365.6079691271552
217.53805133065254 35.3769265060804 39632991244257556 7 191-192-193-197-199-200-463 0.6296704963060723 1.0 7 1.000275372853443 1.0 [-1,-1] 1.0 1.0 1.0 0.0007056687116799521 0.12786279395313782 2365.403892340971 -1529.3272762240922 -1175.1085840527305 1369.4573639892565
217.51466388357906 34.682917968612806 39632976396421554 7 191-192-193-198-199-200-463 0.5704500872009005 1.0 7 0.36780996568052876 1.0 [-1,-1] 1.0 1.0 1.0 0.0005369919189708607 0.1615383650856205 2178.1425993558796 -1420.709200430545 -1090.7263195753146 1239.4380366627768
216.7806325976744 33.00844676018057 39632941214599515 3 191-192-194 0.7282953097468119 1.0 7 1.6295639949416336 1.0 [-1,-1] 1.0 1.0 1.0 0.0005823912580269674 0.15084542533972659 2662.663027401607 -1788.3917263275328 -1336.9453428157353 1450.5194176632162
217.39665913534637 35.0875318525713 39632981358283943 9 191-192-194-195-196-197-198-199-200 0.6291561641519042 1.0 7 0.7632442136052252 1.0 [-1,-1] 1.0 1.0 1.0 0.0007056687116799521 0.12786279395313782 2363.806411271156 -1536.6596391127055 -1174.7230357926087 1358.7802223563701
216.32379908985976 34.2091996931757 39632966401394763 9 191-192-194-195-196-197-198-199-200 0.6112574328812994 1.0 7 1.234245161248145 1.0 [-1,-1] 1.0 1.0 1.0 0.0007056687116799521 0.12786279395313782 2307.9013010821113 -1537.7349339458738 -1130.5622985868338 1297.539431953047
217.70567263271982 34.59593296654998 39632971417782800 9 191-192-194-195-196-197-198-199-200 0.6256814021204251 1.0 7 0.21079172261276133 1.0 [-1,-1] 1.0 1.0 1.0 0.0007056687116799521 0.12786279395313782 2353.0009136718136 -1532.431643053461 -1184.640138178842 1335.9993645673915
216.72794361284156 33.96996641024779 39632961397588079 9 191-192-194-195-196-197-198-199-200 0.8562367395307516 1.0 7 0.9855906903724848 1.0 [-1,-1] 1.0 1.0 1.0 0.0006576102792991648 0.1359368301360722 3022.701877495638 -2009.1756048988088 -1499.1182017188253 1688.959634263198
216.7459869478974 33.96195731189937 39632961397588291 9 191-192-194-195-196-197-198-199-200 0.6983132434067885 1.0 7 0.9757885133701528 1.0 [-1,-1] 1.0 1.0 1.0 0.0005639081233901963 0.1550231922816235 2574.17598466327 -1710.8015333607837 -1277.3294645751407 1438.04365455145
218.0142571735783 34.937669261320124 39632981366672885 9 191-192-194-195-196-197-198-199-200 0.6547707979032309 1.0 7 0.5658091111525659 1.0 [-1,-1] 1.0 1.0 1.0 0.0006371005092682059 0.1397016056866948 2442.7587075413685 -1577.6956089720395 -1233.2632474281145 1398.9311745910104
216.6575870148371 34.810421765407945 39632976383839416 9 191-192-194-195-196-197-198-199-200 0.5833574275544215 1.0 7 1.0259612639463083 1.0 [-1,-1] 1.0 1.0 1.0 0.0005369919189708607 0.1615383650856205 2219.5340656651238 -1461.9121708617236 -1087.9932601658106 1267.0496987758954
216.83509137675293 33.82600208675487 39632956372814803 10 191-192-194-195-196-197-198-199-200-463 0.8353428045486162 1.0 7 0.983699693464382 0.5 [-1,-1] 1.0 1.0 1.0 0.0006366829495309179 0.1397804201853648 2965.787625050954 -1971.9172275387439 -1477.0670413253602 1650.9729374134627
216.5588672570438 33.95870031644391 39632961393395613 10 191-192-194-195-196-197-198-199-200-463 0.6522293530207535 1.0 7 1.1175745151518577 1.0 [-1,-1] 1.0 1.0 1.0 0.0006371005092682059 0.1397016056866948 2434.9801115703362 -1622.291201093619 -1203.0137273981677 1360.1681419180782
216.27354181686812 34.901023140514056 39632981345698296 10 191-192-194-195-196-197-198-199-200-463 0.8192735612772578 1.0 7 1.3519610919090617 1.0 [-1,-1] 1.0 1.0 1.0 0.000762533893525711 0.11946670068019369 2921.5262018818757 -1931.7116615680754 -1417.6103825405733 1671.5819477840187
216.8579605815581 33.767423085466014 39632956372815066 10 191-192-194-195-196-197-198-199-200-463 0.6584766832040626 1.0 7 1.0044256742026327 1.0 [-1,-1] 1.0 1.0 1.0 0.0006371005092682059 0.1397016056866948 2454.0797465613073 -1632.3174160923136 -1223.7067720085452 1364.0340874569629
218.48564138868528 33.50042768254166 39632951356427325 10 191-192-194-195-196-197-198-199-200-463 0.42248215297435976 1.0 7 1.0642820056498203 1.0 [-1,-1] 1.0 1.0 1.0 0.0005613841910631427 0.1556117057517016 1679.7965930667115 -1096.4581512179755 -871.7136490310862 927.1523234070539
219.12789155489622 34.50254707927755 39632971438753128 10 191-192-194-195-196-197-198-199-200-463 0.8222143496838369 1.0 7 1.0997726324639368 1.0 [-1,-1] 1.0 1.0 1.0 0.000762533893525711 0.11946670068019369 2929.658436426125 -1872.8941387430884 -1523.5742464686953 1659.484141136003
