data_rosette/LRG_4_clustering_data.ecsv
# %ECSV 1.0
# ---
# datatype:
# - {name: RA, unit: deg, datatype: float64}
# - {name: DEC, unit: deg, datatype: float64}
# - {name: TARGETID, datatype: int64}
# - {name: NTILE, datatype: int64}
# - {name: TILES, datatype: string}
# - {name: Z, datatype: float64}
# - {name: COMP_TILE, datatype: float64}
# - {name: ROSETTE_NUMBER, datatype: int32}
# - {name: ROSETTE_R, unit: deg, datatype: float64}
# - {name: FRACZ_TILELOCID, datatype: float64}
# - {name: BITWEIGHTS, datatype: string, subtype: 'int64[2]'}
# - {name: PROB_OBS, datatype: float64}
# - {name: WEIGHT_ZFAIL, datatype: float64}
# - {name: WEIGHT, datatype: float64}
# - {name: NZ, unit: h3 / Mpc3, datatype: float64}
# - {name: WEIGHT_FKP, datatype: float64}
# - {name: distance, unit: Mpc, datatype: float64}
# - {name: x, unit: Mpc, datatype: float64}
# - {name: y, unit: Mpc, datatype: float64}
# - {name: z, unit: Mpc, datatype: float64}
# meta: !!omap
# - {EXTNAME: LSS}
# - {DESIDR: edr}
# - comments: ['Visit https://desidatamodel.readthedocs.io/en/latest/ for a more complet', e description]
# schema: astropy-2.0
RA DEC TARGETID NTILE TILES Z COMP_TILE ROSETTE_NUMBER ROSETTE_R FRACZ_TILELOCID BITWEIGHTS PROB_OBS WEIGHT_ZFAIL WEIGHT NZ WEIGHT_FKP distance x y z
[from data line 2631]
195.56007139363717 27.204694168141224 39628422548293581 9 109-111-112-113-114-116-117-118-119 0.5569034936430496 1.0 4 1.2267876326921532 1.0 [-1,-1] 1.0 1.0 1.0 0.000677088223595666 0.13284793461577618 2134.3504729599094 -1828.675097823483 -509.20180628831423 975.7627009151261
196.13395566418964 27.564864779355425 39628427929585463 9 109-111-112-113-114-116-117-118-119 0.8507651991226503 1.0 4 1.3783299305454821 1.0 [-1,-1] 1.0 1.0 1.0 0.0006812235016579503 0.1321480675826358 3007.8666292018415 -2561.417665616703 -740.9599599781448 1391.8978191813915
196.13285431083182 27.57491415944283 39628427929585444 9 109-111-112-113-114-116-117-118-119 0.5794939576939199 1.0 4 1.3728111615114993 1.0 [-1,-1] 1.0 1.0 1.0 0.0006621615122706149 0.13543705131792066 2207.178679697367 -1879.4118504685168 -543.6320168372331 1021.7206324130873
195.74724543859028 27.561895246422672 39628427921199672 9 109-111-112-113-114-116-117-118-119 0.5376096031565352 1.0 4 1.0881988897248107 1.0 [-1,-1] 1.0 1.0 1.0 0.0007045118177349687 0.128340413101622 2071.3538277739035 -1767.3602891785674 -498.3554273984857 958.42900417857
195.01878824832124 29.16239659052695 39628465166617288 9 109-111-112-113-114-116-117-118-119 0.8744563089286534 1.0 4 0.9908635335390943 1.0 [-1,-1] 1.0 1.0 1.0 0.0005690156306133545 0.15418916366201427 3071.7517680837414 -2590.7551057764726 -695.1013656296576 1496.8236362773391
195.54427177043638 28.087432986788222 39628438629253176 10 109-111-112-113-114-116-117-118-119-454 0.646379201489213 1.0 4 0.7093499617418957 1.0 [-1,-1] 1.0 1.0 1.0 0.000833303205902425 0.11070054926254569 2417.028737182563 -2054.381169136209 -571.4401686815471 1137.9815736127202
194.17980132095076 27.49119452033329 39628427900225905 10 109-111-112-113-114-116-117-118-119-454 0.7450285067344332 1.0 4 0.8698225878903767 1.0 [-1,-1] 1.0 1.0 1.0 0.0007126833197713517 0.12705585074725267 2711.3517695782157 -2331.9088624977317 -589.1890213680049 1251.593293565793
194.1704639195969 27.487728983071342 39628427900225724 10 109-111-112-113-114-116-117-118-119-454 0.5644588297273853 1.0 4 0.8774494607006434 0.5 [-1,-1] 1.0 1.0 1.0 0.000677088223595666 0.13284793461577618 2158.819088184059 -1856.8357998625793 -468.8333321113628 996.4215847511057
194.1673108982613 27.477086018294617 39628427900225646 10 109-111-112-113-114-116-117-118-119-454 0.8320161169614508 1.0 4 0.8877404286835399 1.0 [-1,-1] 1.0 1.0 1.0 0.0006232532477076302 0.14268566385842998 2956.659667186911 -2543.3526742852523 -642.0234131106284 1364.1845545209956
196.36753578625485 27.878828305573595 39628438637645239 10 109-111-112-113-114-116-117-118-119-454 0.6396132918793628 1.0 4 1.4633427302662154 1.0 [-1,-1] 1.0 1.0 1.0 0.000833303205902425 0.11070054926254569 2396.1874032248356 -2032.2444139293395 -596.871037675485 1120.4649382334846
193.1957806722489 27.852588051380856 39628433243771116 10 109-111-112-113-114-116-117-118-119-454 0.7347892042793639 1.0 4 1.415249446962469 1.0 [-1,-1] 1.0 1.0 1.0 0.0007126833197713517 0.12705585074725267 2681.617141121408 -2308.3551346511285 -541.2404704149651 1252.847084472367
194.89587002160462 27.426741986234774 39628427908616994 10 109-111-112-113-114-116-117-118-119-454 0.4485252586272891 1.0 4 0.7839471448102525 1.0 [-1,-1] 1.0 1.0 1.0 0.0005288673958748294 0.16397488484989944 1770.7577864818727 -1518.9070450212932 -404.0326811737641 815.6360214669313
194.1648182598895 27.48402467995545 39628427900225588 10 109-111-112-113-114-116-117-118-119-454 0.7389980978552391 1.0 4 0.8833789066983707 1.0 [-1,-1] 1.0 1.0 1.0 0.0007126833197713517 0.12705585074725267 2693.862021047981 -2317.1705982027356 -584.8206056913406 1243.2207633515072
193.79101035359005 28.007743221836147 39628438599896500 10 109-111-112-113-114-116-117-118-119-454 0.6330637797603429 1.0 4 0.8674896969944502 1.0 [-1,-1] 1.0 1.0 1.0 0.000833303205902425 0.11070054926254569 2375.9306698455407 -2037.1991850758407 -500.0452079892344 1115.7153840500787
195.52703454395026 28.091265962669073 39628438625063569 10 109-111-112-113-114-116-117-118-119-454 0.944108059238351 1.0 4 0.6937244279405154 1.0 [-1,-1] 1.0 1.0 1.0 0.0004445766401596716 0.18918261239264766 3254.4177683832936 -2766.2621185306634 -768.5581873684936 1532.4317979538273
194.15983979072433 27.473121592489623 39628427900225472 10 109-111-112-113-114-116-117-118-119-454 0.7437420909147497 1.0 4 0.8948139366353629 1.0 [-1,-1] 1.0 1.0 1.0 0.0007126833197713517 0.12705585074725267 2707.6262003315137 -2329.2916745257894 -587.6645102136166 1249.1158309548023
195.29166426681934 28.056225111073438 39628438625059490 10 109-111-112-113-114-116-117-118-119-454 0.7151523184821948 1.0 4 0.49885835369998405 1.0 [-1,-1] 1.0 1.0 1.0 0.0006167714992318164 0.14396928707710532 2624.0721826653394 -2233.722394646008 -610.7280154414465 1234.200297621862
194.15963126519856 27.484012621002975 39628427900225465 10 109-111-112-113-114-116-117-118-119-454 0.742055580168877 1.0 4 0.8860829638158679 1.0 [-1,-1] 1.0 1.0 1.0 0.0007126833197713517 0.12705585074725267 2702.7375134249182 -2324.8583651698914 -586.5370165091869 1247.3163097780741
195.10688662588714 29.485922555933413 39628470438858520 10 109-111-112-113-114-116-117-118-119-454 0.6350354009830518 1.0 4 1.3233729179564377 1.0 [-1,-1] 1.0 1.0 1.0 0.000833303205902425 0.11070054926254569 2382.037124988636 -2001.8500088959863 -540.3987229218948 1172.4617806016756
195.58726829815987 27.86966752813756 39628433281516564 10 109-111-112-113-114-116-117-118-119-454 0.8607748698299228 1.0 4 0.8094889891206569 1.0 [-1,-1] 1.0 1.0 1.0 0.0006812235016579503 0.1321480675826358 3034.9694034026106 -2584.2802571080006 -720.9250315377569 1418.7325086900946
196.2374654824463 28.14194764407617 39628443972797491 10 109-111-112-113-114-116-117-118-119-454 0.586115925317362 1.0 4 1.312540503782161 1.0 [-1,-1] 1.0 1.0 1.0 0.0006621615122706149 0.13543705131792066 2228.337998364016 -1886.529756273525 -549.4255314817325 1051.0125113449033
195.54929729143868 28.08316479435347 39628438629253266 10 109-111-112-113-114-116-117-118-119-454 0.6428116877351526 1.0 4 0.7144249098509167 1.0 [-1,-1] 1.0 1.0 1.0 0.000833303205902425 0.11070054926254569 2406.0502697240217 -2045.081286592869 -569.0466041135943 1132.6545784189811
196.1551824478844 27.51987878765017 39628427929585840 9 109-111-112-113-114-116-117-118-454 0.7094897539968982 1.0 4 1.4162811271889129 1.0 [-1,-1] 1.0 1.0 1.0 0.0005843703162771602 0.15074849413407446 2607.3503195438702 -2221.01996766049 -643.3824256720917 1204.7427303848797
194.02313786748073 27.270697576010253 39628422523130889 9 109-111-112-113-114-116-117-118-454 0.4216610406121321 1.0 4 1.130258859149795 1.0 [-1,-1] 1.0 1.0 1.0 0.0006262316776515472 0.14210347001521706 1676.9056120208277 -1446.0998110487044 -361.17352450992905 768.349824822602
194.14842970738616 27.476686878918574 39628427900225225 9 109-111-112-113-114-116-117-118-454 0.7468218214378228 1.0 4 0.8978557494324327 1.0 [-1,-1] 1.0 1.0 1.0 0.0007126833197713517 0.12705585074725267 2716.5405096844524 -2337.002140502194 -589.1148110653025 1253.3782651012907
195.56488715868394 28.076689424429798 39628438629253548 9 109-111-112-113-114-116-117-119-454 0.64772911084781 1.0 4 0.7290787650052294 1.0 [-1,-1] 1.0 1.0 1.0 0.000833303205902425 0.11070054926254569 2421.1766555061145 -2057.9065205350857 -573.2185864639724 1139.533940714008
194.90904011021047 27.213175133125223 39628422539903432 9 109-111-112-113-114-116-117-119-454 0.9004418022102677 1.0 4 0.9968191183006356 1.0 [-1,-1] 1.0 1.0 1.0 0.0005275616701708153 0.16431404058018498 3140.789250897482 -2699.109541860818 -718.6335537649851 1436.290574706998
195.51260598470418 27.016621066842966 39628417162807947 9 109-111-112-113-114-116-117-119-454 0.9699599459378538 1.0 4 1.3627265715201662 1.0 [-1,-1] 1.0 1.0 1.0 0.00041974738576830407 0.19815580287489248 3320.3146905227127 -2850.2300947948243 -791.114128041986 1508.2494777851555
194.34799628441715 28.99799055889797 39628459873404700 9 109-111-112-113-114-116-117-119-454 0.8010738553104108 1.0 4 0.872561056394513 1.0 [-1,-1] 1.0 1.0 1.0 0.0007229154976227362 0.12548315978664992 2870.8758889092906 -2432.6523677959194 -622.2459953029872 1391.7401870704934
196.14822075225044 28.474965616030936 39628449291177754 9 109-111-112-113-114-116-117-119-454 0.8540227902901136 1.0 4 1.2610023468322358 1.0 [-1,-1] 1.0 1.0 1.0 0.0006812235016579503 0.1321480675826358 3016.704963206323 -2547.136539190353 -737.5160395483498 1438.288697433159
194.0870822358891 29.01609470328711 39628459869210752 9 109-111-112-113-114-116-117-119-454 0.6076901312891382 1.0 4 1.0023504827469905 1.0 [-1,-1] 1.0 1.0 1.0 0.0007756247847600315 0.11796159141779075 2296.6861410749957 -1948.0148978430232 -488.84064368776023 1114.01975452257
196.26629153951677 28.252497022573202 39628443972797925 9 109-111-112-113-114-116-117-119-454 0.9190350465070019 1.0 4 1.3370067977886015 1.0 [-1,-1] 1.0 1.0 1.0 0.0004951280553168204 0.17321314004730964 3189.533876715789 -2697.0988648501598 -786.9647468656025 1509.7915588359833
195.82501153248364 27.955616963099125 39628438633447473 9 109-111-112-113-114-116-117-119-454 0.6145985814804913 1.0 4 0.9794656200387026 1.0 [-1,-1] 1.0 1.0 1.0 0.0007214233604467519 0.12571007283523317 2318.3833942158763 -1970.2379317968266 -558.4501965748047 1086.8290724076403
194.76192635414162 29.442508581844702 39628470434663036 9 109-111-112-113-114-116-117-119-454 0.9786971260503313 1.0 4 1.2425525138353573 1.0 [-1,-1] 1.0 1.0 1.0 0.0003578035202613049 0.22475091060875194 3342.359201328391 -2814.6179614220105 -741.6535865053096 1642.9366145925956
194.78727662807194 27.750655558261776 39628433268934725 9 109-111-112-113-114-116-117-119-454 0.6549036825526715 1.0 4 0.4505487752539626 1.0 [-1,-1] 1.0 1.0 1.0 0.000700708733790897 0.12894715825466588 2443.1650962077765 -2090.547416389159 -551.8498378918861 1137.5978830743593
195.00817070519082 27.148289057211585 39628422539904989 8 109-111-112-113-114-116-117-454 0.8643803824016321 1.0 4 1.076275061850666 1.0 [-1,-1] 1.0 1.0 1.0 0.0006812235016579503 0.1321480675826358 3044.6920782875777 -2616.8383366167272 -701.57970322627 1389.2778309686898
194.9877993684421 29.08668343277189 39628459881794744 7 109-111-112-113-114-116-118 0.5508058705885374 1.0 4 0.910911932222737 1.0 [-1,-1] 1.0 1.0 1.0 0.000677088223595666 0.13284793461577618 2114.520747863486 -1784.9863465601845 -477.8782864335208 1027.9368069556822
194.43595450322806 27.55995352898776 39628427904419973 7 109-111-112-113-114-116-118 0.43781176860851156 1.0 4 0.6976506090918086 1.0 [-1,-1] 1.0 1.0 1.0 0.0005288673958748294 0.16397488484989944 1733.5099839384095 -1488.2820779557308 -383.1215519658681 802.0543605449582
193.3470246205614 28.583311088710964 39628449253425242 9 109-111-112-113-114-116-118-119-454 0.5778464071707486 1.0 4 1.2923639582591484 1.0 [-1,-1] 1.0 1.0 1.0 0.0006621615122706149 0.13543705131792066 2201.900972734534 -1881.313113609479 -446.35423250645374 1053.4689181052615
194.1757375414135 28.639110835427886 39628454571806280 9 109-111-112-113-114-116-118-119-454 0.7422742009320643 1.0 4 0.6692510437086158 1.0 [-1,-1] 1.0 1.0 1.0 0.0007126833197713517 0.12705585074725267 2703.371511559794 -2300.381623718388 -581.049658165099 1295.70182122202
195.195652527433 27.03760368353555 39628417158612383 9 109-111-112-113-114-116-118-119-454 0.7301178147477877 1.0 4 1.2276312415073187 1.0 [-1,-1] 1.0 1.0 1.0 0.0007126833197713517 0.12705585074725267 2667.990029906139 -2293.313493729114 -622.8926332953151 1212.8020393060674
195.2849127915397 28.068181795322637 39628438625059359 9 109-111-112-113-114-116-118-119-454 0.7631751058597603 1.0 4 0.48978231752291984 1.0 [-1,-1] 1.0 1.0 1.0 0.0006416626200019751 0.139161677870846 2763.597240474795 -2352.306154659602 -642.8524221511084 1300.3331210289582
195.59371569693008 28.02951142665832 39628438629253949 9 109-111-112-113-114-116-118-119-454 0.9878165150417911 1.0 4 0.7634397993983841 1.0 [-1,-1] 1.0 1.0 1.0 0.0003578035202613049 0.22475091060875194 3365.247228645657 -2861.1839557671024 -798.5186410051834 1581.418117113695
194.1565415346944 29.270534262342874 39628465154034436 8 109-111-112-113-114-116-118-454 1.0683200088252816 1.0 4 1.1903014211757335 1.0 [-1,-1] 1.0 1.0 1.0 0.0001568149373683449 0.39812733398474315 3562.074821443566 -3012.9077522330385 -759.951739233195 1741.6191501395228
193.8109633483823 27.218960777807958 39628422523126718 8 109-111-112-113-114-116-119-454 0.6036717674335831 1.0 4 1.2858996752786778 1.0 [-1,-1] 1.0 1.0 1.0 0.0007756247847600315 0.11796159141779075 2284.0236897807536 -1972.380483306965 -484.8633093101358 1044.694699821098
196.15503077015637 28.47481407043179 39628449291177850 8 109-111-112-113-114-116-119-454 0.9249652692979173 1.0 4 1.26682061148824 1.0 [-1,-1] 1.0 1.0 1.0 0.0004951280553168204 0.17321314004730964 3204.967517671987 -2706.005618518975 -783.8647281950913 1528.0400746603195
194.37111286488613 29.188754272057555 39628465158227051 8 109-111-112-113-114-116-119-454 0.695901170673827 1.0 4 1.0431160314707637 1.0 [-1,-1] 1.0 1.0 1.0 0.0005843703162771602 0.15074849413407446 2566.986782875339 -2170.8999766119 -556.2258581759478 1251.8894638503698
194.38272235999906 29.182614896332897 39628465158227244 8 109-111-112-113-114-116-119-454 0.8167641110307777 1.0 4 1.0340836335528798 1.0 [-1,-1] 1.0 1.0 1.0 0.0006627118749498285 0.13533979738261318 2914.575345526262 -2464.8750258346945 -632.0801140999951 1421.1316902825304
196.2734404252399 28.246426227807266 39628443972798043 7 109-111-112-113-114-116-454 0.5151535221792398 1.0 4 1.343115244465968 1.0 [-1,-1] 1.0 1.0 1.0 0.0006865842838717192 0.13125169390769817 1997.098186361894 -1688.7990432989795 -492.9897279318545 945.1561169860219
196.28277460160896 28.240157376277555 39628443972798201 7 109-111-112-113-114-116-454 0.9223042067225184 1.0 4 1.3511734575520833 1.0 [-1,-1] 1.0 1.0 1.0 0.0004951280553168204 0.17321314004730964 3198.0487321448563 -2704.3848790416478 -789.9349895872901 1513.2153949157216
193.82859590575137 29.064032883168217 39628459865016923 8 109-111-112-113-114-117-118-119 0.9683208424257773 1.0 4 1.1834572895389404 1.0 [-1,-1] 1.0 1.0 1.0 0.00041974738576830407 0.19815580287489248 3316.1664372837427 -2814.5707569790384 -692.8145481367582 1610.9498116377345
195.57307616359643 27.206052584772877 39628422548293811 8 109-111-112-113-114-117-118-119 0.7309846965354629 1.0 4 1.2324556792563233 1.0 [-1,-1] 1.0 1.0 1.0 0.0007126833197713517 0.12705585074725267 2670.521770838998 -2287.884971559863 -637.6302048786455 1220.940869682885
194.86530067708296 27.983020917970645 39628438616673919 9 109-111-112-113-114-117-118-119-454 0.4585384344941456 1.0 4 0.2396381095325337 1.0 [-1,-1] 1.0 1.0 1.0 0.0005635091211985168 0.1554616369400361 1805.3552764394503 -1540.9270603523162 -409.0098675727996 847.0905483298786
196.20965715732004 28.956836075600606 39628459898572454 9 109-111-112-113-114-117-118-119-454 0.730826295150055 1.0 4 1.4885532503115306 1.0 [-1,-1] 1.0 1.0 1.0 0.0007126833197713517 0.12705585074725267 2670.0592568204447 -2243.3867709389447 -652.1741637335102 1292.7107530562191
193.86219665972143 27.286023893960525 39628422523127681 9 109-111-112-113-114-117-118-119-454 0.8240766306089436 1.0 4 1.2052889729511584 1.0 [-1,-1] 1.0 1.0 1.0 0.0006627118749498285 0.13533979738261318 2934.8007973862163 -2532.277155332776 -624.9024261461811 1345.408892015781
195.8804322342287 29.31425393863551 39628465179200131 9 109-111-112-113-114-117-118-119-454 0.9625062643146475 1.0 4 1.4911745065083666 1.0 [-1,-1] 1.0 1.0 1.0 0.00041974738576830407 0.19815580287489248 3301.4184195933153 -2768.7988083571813 -787.6908519973545 1616.3724390590057
