data_rosette/LRG_14_clustering_data.ecsv
# %ECSV 1.0
# ---
# datatype:
# - {name: RA, unit: deg, datatype: float64}
# - {name: DEC, unit: deg, datatype: float64}
# - {name: TARGETID, datatype: int64}
# - {name: NTILE, datatype: int64}
# - {name: TILES, datatype: string}
# - {name: Z, datatype: float64}
# - {name: COMP_TILE, datatype: float64}
# - {name: ROSETTE_NUMBER, datatype: int32}
# - {name: ROSETTE_R, unit: deg, datatype: float64}
# - {name: FRACZ_TILELOCID, datatype: float64}
# - {name: BITWEIGHTS, datatype: string, subtype: 'int64[2]'}
# - {name: PROB_OBS, datatype: float64}
# - {name: WEIGHT_ZFAIL, datatype: float64}
# - {name: WEIGHT, datatype: float64}
# - {name: NZ, unit: h3 / Mpc3, datatype: float64}
# - {name: WEIGHT_FKP, datatype: float64}
# - {name: theta, unit: deg, datatype: float64}
# - {name: phi, unit: deg, datatype: float64}
# - {name: rho, unit: Mpc, datatype: float64}
# - {name: r, unit: Mpc, datatype: float64}
# - {name: x, unit: Mpc, datatype: float64}
# - {name: y, unit: Mpc, datatype: float64}
# - {name: z, unit: Mpc, datatype: float64}
# meta: !!omap
# - {EXTNAME: LSS}
# - {DESIDR: edr}
# - comments: ['Visit https://desidatamodel.readthedocs.io/en/latest/ for a more complet', e description]
# schema: astropy-2.0
RA DEC TARGETID NTILE TILES Z COMP_TILE ROSETTE_NUMBER ROSETTE_R FRACZ_TILELOCID BITWEIGHTS PROB_OBS WEIGHT_ZFAIL WEIGHT NZ WEIGHT_FKP theta phi rho r x y z
[from data line 4598]
251.17203445138767 33.34865726840668 39632946763663234 5 380-383-386-389-437 0.842346368229028 1.0 14 1.5936402899414661 1.0 [-1,-1] 1.0 1.0 1.0 0.0006366829495309179 0.1397804201853648 56.65134273159332 -251.17203445138767 2984.944775854329 2984.944775854329 302.2552684107828 47.345392550259234 2969.22472733578
250.59360265444064 34.73493309416925 39632976853600716 4 380-383-386-436 0.8089425211691732 1.0 14 1.5863615956254888 1.0 [-1,-1] 1.0 1.0 1.0 0.0008239664519383997 0.11155322342262282 55.26506690583075 -250.59360265444064 2892.842908097839 2892.842908097839 -2060.3172777757018 -1857.997653099045 819.4373233562919
251.9029538379882 35.956133620272276 39633001541272885 4 380-383-386-436 0.9168478094017456 1.0 14 1.5356263232529268 1.0 [-1,-1] 1.0 1.0 1.0 0.00042618922305278896 0.1953324009783564 54.043866379727724 -251.9029538379882 3183.827739266514 3183.827739266514 -1588.1703471491826 1030.4283415427176 -2559.822543596429
251.90450281486952 35.95722241549152 39633001541272909 4 380-383-386-436 0.9136247902031588 1.0 14 1.5362566899367753 1.0 [-1,-576460752303439873] 0.984375 1.0 1.015748031496063 0.00042618922305278896 0.1953324009783564 54.04277758450848 -251.90450281486952 3175.405861090484 3175.405861090484 -1580.0450063024377 1028.6377364902753 -2555.10558838078
250.90797430434264 35.20961392887278 39632986768932982 5 380-383-386-436-437 0.8240305131407157 1.0 14 1.4866735078366804 1.0 [-1,-1] 1.0 1.0 1.0 0.000762533893525711 0.11946670068019369 54.79038607112722 -250.90797430434264 2934.6735218009853 2934.6735218009853 -2633.320753582537 -1174.1940815612293 -546.9906280164955
250.5692479916265 34.04072319950165 39632961867352478 4 380-383-386-437 0.8681872510187635 1.0 14 1.6603063888469052 1.0 [-1,-1] 1.0 1.0 1.0 0.0006576102792991648 0.1359368301360722 55.95927680049835 -250.5692479916265 3054.934937440663 3054.934937440663 -1232.989752365458 -1167.5963401109195 2539.50438651264
251.1784134222118 33.38754262885047 39632951817797966 4 380-383-386-437 0.9515060429006872 1.0 14 1.5618841592893147 1.0 [-1,-1] 1.0 1.0 1.0 0.0003767415448896098 0.21544643941305056 56.61245737114953 -251.1784134222118 3273.3784811088385 3273.3784811088385 206.353964905532 30.97607634032772 3266.720864176909
251.1635571955677 33.38505873030006 39632951817797701 4 380-383-386-437 0.5635897563803246 1.0 14 1.5723306887113153 1.0 [-1,-1] 1.0 1.0 1.0 0.0006724560872077301 0.13333590500666823 56.61494126969994 -251.1635571955677 2156.0102315722947 2156.0102315722947 140.86932791147052 23.290973173360754 2151.277174533033
250.5666366622848 34.80223594567988 39632976853600322 4 380-383-386-437 0.6685694498396445 1.0 14 1.618875869791733 1.0 [-1,-1] 1.0 1.0 1.0 0.0006371005092682059 0.1397016056866948 55.19776405432012 -250.5666366622848 2484.782709208747 2484.782709208747 -1756.3957550069183 -1671.9637769132355 541.9927974304327
250.59133203466905 33.98933845598622 39632961867352888 4 380-383-386-437 0.6113204727658582 1.0 14 1.6583333222905965 1.0 [-1,-1] 1.0 1.0 1.0 0.0007056687116799521 0.12786279395313782 56.01066154401378 -250.59133203466905 2308.0992718148614 2308.0992718148614 -876.5263584960903 -794.0692118860363 1982.0388185271663
250.56946511746781 33.98482680966265 39632961867352482 4 380-383-386-437 0.5897475924154487 1.0 14 1.676960438400749 1.0 [-1,-1] 1.0 1.0 1.0 0.0005369919189708607 0.1615383650856205 56.01517319033735 -250.56946511746781 2239.9062032234024 2239.9062032234024 -827.2655445227128 -783.0496843987834 1928.638045317779
250.59080154680476 34.05028875697114 39632961867352877 4 380-383-386-437 0.8590486062765494 1.0 14 1.640464244784234 1.0 [-1,-1] 1.0 1.0 1.0 0.0006576102792991648 0.1359368301360722 55.94971124302886 -250.59080154680476 3030.3068855819765 3030.3068855819765 -1265.518393245543 -1147.6906432769542 2502.8042681155252
250.7556671195879 34.0362064349991 39632961871544623 7 380-383-387-388-389-436-437 0.9794048773518392 1.0 14 1.5142841771672335 1.0 [-1,-1] 1.0 1.0 1.0 0.00030269805442075816 0.25472307248715254 55.9637935650009 -250.7556671195879 3344.139936546794 3344.139936546794 -1552.6448905353905 -999.0236816828076 2788.28216695127
251.75833044516492 33.05498037644238 39632941709525743 5 380-383-387-389-437 0.8503084317288183 1.0 14 1.5710117514809858 1.0 [-1,-1] 1.0 1.0 1.0 0.0006576102792991648 0.1359368301360722 56.94501962355762 -251.75833044516492 3006.6259674051066 3006.6259674051066 1054.614359158358 -484.8407796331918 2773.538836889864
250.6467202878138 34.99087807209606 39632981815464381 3 380-383-388 0.5710127716596375 1.0 14 1.5999559419575706 1.0 [-1,-1] 1.0 1.0 1.0 0.0005369919189708607 0.1615383650856205 55.00912192790394 -250.6467202878138 2179.9538048571217 2179.9538048571217 -1693.2964825375277 -1371.2425604610637 68.11353696045981
251.1595959670117 33.436570287843665 39632951813608377 5 380-383-388-389-437 0.8102183434853042 1.0 14 1.538365819711419 1.0 [-1,-1] 1.0 1.0 1.0 0.000762533893525711 0.11946670068019369 56.563429712156335 -251.1595959670117 2896.3948097389857 2896.3948097389857 42.15424876501181 7.1413359670448955 2896.079231394507
250.67753301197172 34.23165787278694 39632966879545241 4 380-383-388-436 0.9449059851801523 1.0 14 1.5280783609019977 1.0 [-1,-1] 1.0 1.0 1.0 0.0003671239319408774 0.21984967794317842 55.76834212721306 -250.67753301197172 3256.4668210323744 3256.4668210323744 -1823.9633824942318 -1386.2375669692374 2314.320449662948
250.64011591661702 34.308353018618284 39632966879544654 5 380-383-388-436-437 0.6403237318193772 1.0 14 1.5464368030796019 1.0 [-1,-1] 1.0 1.0 1.0 0.0007982518636535506 0.11473445525619816 55.691646981381716 -250.64011591661702 2398.379841192491 2398.379841192491 -1401.3255836518965 -1150.2093382934 1570.2009264243381
252.6497618721341 34.53439007544343 39632971904320187 5 380-383-388-436-437 0.6427789363800649 1.0 14 0.12809975352496383 1.0 [-3484404111503262215,7421928337604868990] 0.7578125 1.0 1.316326530612245 0.0007982518636535506 0.11473445525619816 55.46560992455657 -252.6497618721341 2405.949371983555 2405.949371983555 -522.6339302113219 2060.1440958151493 1127.4983192971558
250.89573858622276 35.21366085288609 39632986764743301 5 380-383-388-436-437 0.9154285389807022 1.0 14 1.4973996360803032 1.0 [-1,-1] 1.0 1.0 1.0 0.00042618922305278896 0.1953324009783564 54.78633914711391 -250.89573858622276 3180.1211210509305 3180.1211210509305 -2835.5801759527 -1306.205236990508 -605.3786328875954
250.7557099967388 35.10327758783221 39632981819655578 5 380-383-389-436-437 0.929502294331552 1.0 14 1.5541272721317672 1.0 [-1,-1] 1.0 1.0 1.0 0.00042618922305278896 0.1953324009783564 54.89672241216779 -250.7557099967388 3216.7386009924126 3216.7386009924126 -2696.314251946636 -1734.7353524182374 -260.7488042819205
250.64609127560573 34.48192415208338 39632971874961918 5 380-383-389-436-437 0.7845298513119556 1.0 14 1.5281058719313618 1.0 [-1,-1] 1.0 1.0 1.0 0.0007064174578981374 0.12774458208408304 55.51807584791662 -250.64609127560573 2824.347784552825 2824.347784552825 -1881.4002857681674 -1525.5307460409365 1452.5939954797047
250.7523236129938 33.7110832677525 39632956846772395 4 380-383-389-437 0.5215191051476791 0.75 14 1.6481261878717763 1.0 [-1,-1] 1.0 1.0 1.0 0.0006888416087567301 0.1305783864573065 56.2889167322475 -250.7523236129938 2018.2499617144294 2018.2499617144294 -434.98477073113645 -281.9446947387999 1950.5456534777445
250.89827053257036 35.34299303347195 39632986764743331 4 380-383-389-437 0.7420039203099251 0.75 14 1.5605533317009386 1.0 [-1,-1] 1.0 1.0 1.0 0.0006073340474539246 0.1455520198534496 54.65700696652805 -250.89827053257036 2702.5876880349224 2702.5876880349224 -2332.1012453282365 -1067.1291122483697 -852.3611035520355
250.570648408446 33.954004543094015 39632961867352513 4 380-383-389-437 0.9329798852443001 0.75 14 1.6860336052731697 1.0 [-1,-1] 1.0 1.0 1.0 0.0003671239319408774 0.21984967794317842 56.045995456905985 -250.570648408446 3225.73956845422 3225.73956845422 -1129.8983712486786 -1066.9752678145833 2826.70996248515
250.6127640178603 34.479717127803305 39632971874961403 4 380-383-436-437 0.9442379129046071 1.0 14 1.5556194423966467 1.0 [-1,-1] 1.0 1.0 1.0 0.0003671239319408774 0.21984967794317842 55.520282872196695 -250.6127640178603 3254.75129521223 3254.75129521223 -2105.529335597153 -1826.8488569800068 1680.1117416339732
250.5923480301119 34.778155386074836 39632976853600692 3 380-383-437 0.7764632469719955 1.0 14 1.5939490469450985 1.0 [-1,-1] 1.0 1.0 1.0 0.0007064174578981374 0.12774458208408304 55.221844613925164 -250.5923480301119 2801.491973005868 2801.491973005868 -2016.5707089466573 -1823.1397044622581 676.7285043855894
251.1300387324658 33.353016716408405 39632946763662575 3 380-383-437 0.8582480047247935 1.0 14 1.61480872676846 0.5 [-1,-1] 1.0 1.0 1.0 0.0006576102792991648 0.1359368301360722 56.646983283591595 -251.1300387324658 3028.1428761719367 3028.1428761719367 291.4632548277986 58.28598075995388 3013.519735134131
252.49353248970337 34.206912567970704 39632966904711227 9 380-384-385-386-387-388-389-436-437 0.8536953450074304 1.0 14 0.29313606366191897 1.0 [-1,-1] 1.0 1.0 1.0 0.0006576102792991648 0.1359368301360722 55.793087432029296 -252.49353248970337 3015.8173366147676 3015.8173366147676 -814.2071707911653 1900.94890449631 2195.134199394815
252.25173950425582 33.60792547717198 39632951830383860 8 380-384-385-386-387-389-436-437 0.5549153653413733 1.0 14 0.9154790103026502 1.0 [-1,-1] 1.0 1.0 1.0 0.0006724560872077301 0.13333590500666823 56.39207452282802 -252.25173950425582 2127.893061828989 2127.893061828989 -199.8991919570716 264.8906890533917 2101.8568263532316
251.8050311861434 35.86935877492392 39632996633939254 7 380-384-385-386-388-436-437 0.5572370612995672 1.0 14 1.4824725422643492 1.0 [-1,-1] 1.0 1.0 1.0 0.0006724560872077301 0.13333590500666823 54.13064122507608 -251.8050311861434 2135.433132128157 2135.433132128157 -1255.5737947921884 649.8700814957671 -1600.3993204192818
253.58960072035438 34.44847809514931 39632971916903947 7 380-384-385-386-388-436-437 0.7092057963642613 1.0 14 0.8997178697761374 1.0 [-1,-1] 1.0 1.0 1.0 0.0005639081233901963 0.1550231922816235 55.55152190485069 -253.58960072035438 2606.5102600591968 2606.5102600591968 1395.9036917725268 1686.52749251845 1414.5577528221045
253.8962474016477 34.28916109005025 39632966925681085 5 380-384-385-387-388 1.0353100422669193 1.0 14 1.1712593974035583 1.0 [-1,-1] 1.0 1.0 1.0 0.00017557006270178804 0.37077784677498654 55.71083890994975 -253.8962474016477 3482.4851938212128 3482.4851938212128 2175.111338900481 1402.655127942896 2330.0541583031986
253.63809571848452 35.69710394427551 39632996659105415 6 380-384-385-387-388-436 1.0348063681920747 1.0 14 1.5165780685783814 1.0 [-1,-1] 1.0 1.0 1.0 0.00017557006270178804 0.37077784677498654 54.30289605572449 -253.63809571848452 3481.25889974393 3481.25889974393 1832.418203754607 2007.288051366349 -2175.362437029045
251.80108615228252 35.847643098779756 39632996633939190 7 380-384-385-387-388-436-437 0.5927837215966477 1.0 14 1.4637227883995432 1.0 [-1,-1] 1.0 1.0 1.0 0.0006106036532175123 0.14488555312656437 54.152356901220244 -251.80108615228252 2249.5578003933733 2249.5578003933733 -1357.6314405151638 695.9169747160468 -1653.1928905416507
251.8107520541804 35.85129070213624 39632996633939332 7 380-384-385-387-388-436-437 0.5599750007639677 1.0 14 1.4640186111460292 1.0 [-1,-1] 1.0 1.0 1.0 0.0006724560872077301 0.13333590500666823 54.14870929786376 -251.8107520541804 2144.311366453799 2144.311366453799 -1282.5436498203085 673.1599854764377 -1581.1415675270584
253.90559703869803 34.28879627083174 39632966925681247 6 380-384-385-387-388-437 0.7684260662668008 1.0 14 1.1789167931959401 1.0 [-1,-1] 1.0 1.0 1.0 0.0007242712797402853 0.12498917450484462 55.71120372916826 -253.90559703869803 2778.6082419036275 2778.6082419036275 1745.2938116763996 1102.5145797995995 1859.85883180099
252.43244782457828 34.375740711711444 39632971900127210 6 380-384-385-387-388-437 0.6475210631575175 1.0 14 0.13617746937753988 1.0 [-19,-1] 0.984375 1.0 1.015748031496063 0.0007982518636535506 0.11473445525619816 55.624259288288556 -252.43244782457828 2420.537601668297 2420.537601668297 -867.7694672553838 1726.4087412647314 1457.9064753522925
252.41376104942282 34.35898911553276 39632966904709942 6 380-384-385-387-388-437 0.5499674096213207 1.0 14 0.15793606479425634 1.0 [-1,-1] 1.0 1.0 1.0 0.0006094867785671962 0.14511252611805409 55.64101088446724 -252.41376104942282 2111.788291779811 2111.788291779811 -775.061328407101 1472.7250235191268 1300.004127534486
251.5067793622619 35.42779291774504 39632991709826112 7 380-384-386-387-388-436-437 0.877977388028233 1.0 14 1.2342144849130623 1.0 [-1,-1] 1.0 1.0 1.0 0.0005346154933450218 0.1621399955636538 54.57220708225496 -251.5067793622619 3081.169445712763 3081.169445712763 -2785.683115716732 505.0881435695687 -1215.919692755266
253.5646971886129 34.61585309610894 39632971916903462 6 380-384-386-387-389-436 0.8648347025347282 1.0 14 0.8844508315212372 1.0 [-1,-1] 1.0 1.0 1.0 0.0006576102792991648 0.1359368301360722 55.38414690389106 -253.5646971886129 3045.9157130027384 3045.9157130027384 1729.7918696685947 2199.2013266831855 1203.717634273223
251.20783224247654 33.63745628658988 39632956855158520 5 380-384-386-387-436 0.5169542789646675 1.0 14 1.3746438752473367 1.0 [-1,-1] 1.0 1.0 1.0 0.0006888416087567301 0.1305783864573065 56.36254371341012 -251.20783224247654 2003.090070406475 2003.090070406475 -368.0273452206662 -44.2196991274333 1968.4944301521214
252.99519257060746 35.80318267028824 39632996650716231 5 380-384-387-388-436 0.5195912583496758 1.0 14 1.3646241623054156 1.0 [-1,-1] 1.0 1.0 1.0 0.0006888416087567301 0.1305783864573065 54.19681732971176 -252.99519257060746 2011.8526484220542 2011.8526484220542 138.34977656959194 1422.0469202075267 -1416.401417329941
253.79804618606966 34.72627579603177 39632976899736270 7 380-385-386-387-388-389-436 0.9729951416859285 1.0 14 1.0919918650340614 1.0 [-1,-1] 1.0 1.0 1.0 0.00030269805442075816 0.25472307248715254 55.27372420396823 -253.79804618606966 3327.9855888133447 3327.9855888133447 2493.3194483954003 1979.2366082937256 970.2930773701889
250.91785367248315 34.801489879660494 39632976857795540 8 380-385-386-387-388-389-436-437 0.742370076599043 1.0 14 1.3359721972819067 1.0 [-1,-1] 1.0 1.0 1.0 0.0006073340474539246 0.1455520198534496 55.198510120339506 -250.91785367248315 2703.649523543997 2703.649523543997 -2419.927053751146 -1050.5061611878325 591.7014500484025
251.14503902198618 35.63575626172893 39632996625549884 5 380-385-386-388-436 0.9284631575932544 1.0 14 1.5873560236681818 1.0 [-1,-1] 1.0 1.0 1.0 0.00042618922305278896 0.1953324009783564 54.36424373827107 -251.14503902198618 3214.045415712886 3214.045415712886 -2584.1117352194437 -476.56820146561785 -1850.7666583116302
253.29300517731517 35.743775770633825 39632996654910509 6 380-385-386-388-436-437 0.9180659612711406 1.0 14 1.4027281762339319 1.0 [-1,-1] 1.0 1.0 1.0 0.00042618922305278896 0.1953324009783564 54.256224229366175 -253.29300517731517 3187.0066115149907 3187.0066115149907 920.2216500604466 2208.498097363448 -2105.407184024583
254.08037171435163 35.31376847861223 39632986810878210 3 380-385-388 0.6248990635128683 1.0 14 1.5303021087709527 1.0 [-1,-1] 1.0 1.0 1.0 0.0007056687116799521 0.12786279395313782 54.68623152138777 -254.08037171435163 2350.564912994643 2350.564912994643 2083.4241213356777 853.0748806344737 -675.8421330966657
254.07771635957556 34.753569708311915 39632976903930146 3 380-385-388 0.89645344063841 1.0 14 1.3227725146809612 1.0 [-33,-1] 0.9921875 1.0 1.0078125 0.0005723615213970424 0.15308410280969617 55.246430291688085 -254.07771635957556 3130.262629816169 3130.262629816169 2789.946609045514 1151.0260144676674 830.5908525367672
