data_rosette/LRG_12_clustering_data.ecsv
# %ECSV 1.0
# ---
# datatype:
# - {name: RA, unit: deg, datatype: float64}
# - {name: DEC, unit: deg, datatype: float64}
# - {name: TARGETID, datatype: int64}
# - {name: NTILE, datatype: int64}
# - {name: TILES, datatype: string}
# - {name: Z, datatype: float64}
# - {name: COMP_TILE, datatype: float64}
# - {name: ROSETTE_NUMBER, datatype: int32}
# - {name: ROSETTE_R, unit: deg, datatype: float64}
# - {name: FRACZ_TILELOCID, datatype: float64}
# - {name: BITWEIGHTS, datatype: string, subtype: 'int64[2]'}
# - {name: PROB_OBS, datatype: float64}
# - {name: WEIGHT_ZFAIL, datatype: float64}
# - {name: WEIGHT, datatype: float64}
# - {name: NZ, unit: h3 / Mpc3, datatype: float64}
# - {name: WEIGHT_FKP, datatype: float64}
# - {name: theta, unit: deg, datatype: float64}
# - {name: phi, unit: deg, datatype: float64}
# - {name: rho, unit: Mpc, datatype: float64}
# - {name: r, unit: Mpc, datatype: float64}
# - {name: x, unit: Mpc, datatype: float64}
# - {name: y, unit: Mpc, datatype: float64}
# - {name: z, unit: Mpc, datatype: float64}
# meta: !!omap
# - {EXTNAME: LSS}
# - {DESIDR: edr}
# - comments: ['Visit https://desidatamodel.readthedocs.io/en/latest/ for a more complet', e description]
# schema: astropy-2.0
RA DEC TARGETID NTILE TILES Z COMP_TILE ROSETTE_NUMBER ROSETTE_R FRACZ_TILELOCID BITWEIGHTS PROB_OBS WEIGHT_ZFAIL WEIGHT NZ WEIGHT_FKP theta phi rho r x y z
[from data line 5255]
241.95202957266372 43.90570920934311 39633149663120949 6 327-331-332-334-335-478 0.7292724754450739 1.0 12 0.7957739044111012 1.0 [-1,-1] 1.0 1.0 1.0 0.0005823912580269674 0.15084542533972659 46.09429079065689 -241.95202957266372 2665.51991982061 2665.51991982061 -2281.810574544701 112.80235194085897 -1373.1760900383688
241.2941240384389 43.396011405126785 39633140905412444 6 327-331-332-334-335-478 0.8427682790553794 1.0 12 0.1853442799454993 1.0 [-1,-1] 1.0 1.0 1.0 0.0006366829495309179 0.1397804201853648 46.603988594873215 -241.2941240384389 2986.096271177521 2986.096271177521 -1217.1927517554593 -848.0227535823175 -2591.5381832457983
241.27378206842636 43.387925643829014 39633140905412160 5 327-331-332-335-478 0.8673181503236489 0.5 12 0.17399306020691205 1.0 [-1,-1] 1.0 1.0 1.0 0.0006576102792991648 0.1359368301360722 46.612074356170986 -241.27378206842636 3052.5985719226414 3052.5985719226414 -1209.0462544131485 -879.4098368485958 -2661.428852110763
241.07670393919034 43.67124791124892 39633145288458771 5 327-331-333-335-478 0.9239497593171956 1.0 12 0.222092533756733 1.0 [-1,-1] 1.0 1.0 1.0 0.00042618922305278896 0.1953324009783564 46.32875208875108 -241.07670393919034 3202.3284753095077 3202.3284753095077 -1549.8450572761462 -1680.864663670695 -2242.2270055991244
241.91647840948434 42.075577606099046 39633114242222848 2 327-332 0.9751756800272147 1.0 12 1.5144776205561232 1.0 [-1,-1] 1.0 1.0 1.0 0.00030269805442075816 0.25472307248715254 47.924422393900954 -241.91647840948434 3333.488020256953 3333.488020256953 2392.3052457203853 -33.12138857826645 -2321.1895584191293
239.38790213129127 42.51385370531535 39633123176089803 5 327-332-333-335-478 0.617917681657822 1.0 12 1.5345066247702184 1.0 [-1,-1] 1.0 1.0 1.0 0.0007056687116799521 0.12786279395313782 47.48614629468465 -239.38790213129127 2328.7752214390484 2328.7752214390484 -668.3748970960514 484.115399072922 -2177.6366338994203
239.84074909154913 42.1032175733931 39633114217055952 3 327-332-335 0.4014060277003832 1.0 12 1.6129202422601476 1.0 [-1,-1] 1.0 1.0 1.0 0.00024055914515870672 0.3007331513712552 47.8967824266069 -239.84074909154913 1605.1424186549498 1605.1424186549498 -528.5185757400384 988.2774224260992 -1149.1118464214042
240.634541761121 41.960611201549796 39633114225445997 3 327-332-335 0.9886230748176171 1.0 12 1.5203513984573482 1.0 [-1,-1] 1.0 1.0 1.0 0.00030269805442075816 0.25472307248715254 48.039388798450204 -240.634541761121 3367.265636590782 3367.265636590782 795.8709766210601 2548.4081724631624 -2051.994893380665
239.79163337421514 42.10655457905882 39633114217055432 3 327-332-335 0.6328015815694163 1.0 12 1.630268052559359 1.0 [-1,-1] 1.0 1.0 1.0 0.0007982518636535506 0.11473445525619816 47.89344542094118 -239.79163337421514 2375.118043681912 2375.118043681912 -849.9745567622035 1417.3144748814655 -1705.8571609521598
239.80494578128713 42.09526850551109 39633114217055562 3 327-332-335 0.40227642309220835 1.0 12 1.6341435062813237 1.0 [-1,-1] 1.0 1.0 1.0 0.00024055914515870672 0.3007331513712552 47.90473149448891 -239.80494578128713 1608.2440108920014 1608.2440108920014 -569.2290586347577 978.4772647961634 -1142.3700449735184
240.16458304399728 41.973288094522374 39633114221250477 3 327-332-335 1.012288840307555 1.0 12 1.6136449809602416 1.0 [-1,-1] 1.0 1.0 1.0 0.00020130102782971312 0.3394727840281335 48.026711905477626 -240.16458304399728 3426.0649157061475 3426.0649157061475 -447.77585870848696 2652.194405095889 -2122.0938774164806
241.6943833505342 41.87199383400227 39633109729151946 2 327-333 0.7341932310375114 0.5333333333333333 12 1.6476040782131143 0.5 [3980607264049202839,-11458665800008449] 0.671875 1.0 1.4827586206896552 0.0006073340474539246 0.1455520198534496 48.12800616599773 -241.6943833505342 2679.880752907299 2679.880752907299 2212.132288951167 467.45594301400445 -1438.6509400558396
241.69475792799057 41.867252464235634 39633109729151949 2 327-333 0.7205648694019868 0.5333333333333333 12 1.652229830917386 1.0 [-2531058385576395908,377446787819893505] 0.625 1.0 1.5925925925925926 0.0005823912580269674 0.15084542533972659 48.132747535764366 -241.69475792799057 2640.002020127688 2640.002020127688 2185.936845993935 461.0651646418933 -1406.6661599534211
242.99168319622996 42.642248145655465 39633127672383541 2 327-333 0.6682678668712445 0.5333333333333333 12 1.6327238807198259 0.5 [1077888253781711951,-4203132411684952086] 0.578125 1.0 1.72 0.0006371005092682059 0.1397016056866948 47.357751854344535 -242.99168319622996 2483.868003485961 2483.868003485961 266.6928039829335 -510.09083185360305 -2416.2538257194656
242.09481010274084 42.00516433298844 39633114246415501 2 327-333 0.612207399919184 0.5333333333333333 12 1.6359998209310889 0.3333333333333333 [810648487158088720,290536190551380032] 0.21875 1.0 4.448275862068965 0.0007056687116799521 0.12786279395313782 47.99483566701156 -242.09481010274084 2310.883776382964 2310.883776382964 1735.1426977111726 -337.6189252790899 -1488.447885491116
242.78754159361202 42.31277290420067 39633118746904973 2 327-333 0.6447996853667339 0.5333333333333333 12 1.7070721938849494 1.0 [-1,-1] 1.0 1.0 1.0 0.0007982518636535506 0.11473445525619816 47.68722709579933 -242.78754159361202 2412.170965323464 2412.170965323464 815.8486582554024 -996.8238079167272 -2039.4366939777235
240.86749273202446 43.40271596626 39633140901217039 4 327-333-334-478 0.7304233385386301 1.0 12 0.1407288080431833 1.0 [-1,-1] 1.0 1.0 1.0 0.0006073340474539246 0.1455520198534496 46.59728403374 -240.86749273202446 2668.8824687449383 2668.8824687449383 -684.6486674804434 -1153.5036940035636 -2307.296916742937
240.3242250046391 41.978577370974975 39633114221252401 3 327-333-335 0.9036922057798613 0.9230769230769231 12 1.565053769921767 1.0 [-1,-1] 1.0 1.0 1.0 0.0005723615213970424 0.15308410280969617 48.021422629025025 -240.3242250046391 3149.349637684672 3149.349637684672 -18.744024413074804 2462.0615592880386 -1963.7476111276437
241.6558124816081 41.844722806227956 39633109729151471 3 327-333-335 0.8846315319723062 0.9230769230769231 12 1.6659607657253208 1.0 [-1,-1] 1.0 1.0 1.0 0.0005346154933450218 0.1621399955636538 48.155277193772044 -241.6558124816081 3098.912878168384 3098.912878168384 2578.3244444513325 649.6327850242301 -1591.6913426428653
242.96266765317648 42.68672975644705 39633127672383150 3 327-333-335 0.6539540614100103 0.9230769230769231 12 1.592099658338966 1.0 [-1,-1] 1.0 1.0 1.0 0.0006371005092682059 0.1397016056866948 47.31327024355295 -242.96266765317648 2440.260236426101 2440.260236426101 224.56474175687055 -400.75021776299246 -2396.630960578819
242.8969388631333 42.64534264307266 39633127672382320 3 327-333-335 0.9952994088386573 0.9230769230769231 12 1.5713140519470932 1.0 [-1,-1] 1.0 1.0 1.0 0.00023297360745577845 0.30751381291380364 47.35465735692734 -242.8969388631333 3383.936359083685 3383.936359083685 421.89126339410836 -648.8979306550017 -3294.2320075841544
241.61990962550436 41.82815104100566 39633109729151035 3 327-333-335 0.8089027205585348 0.9230769230769231 12 1.675147363449203 1.0 [-1,-1] 1.0 1.0 1.0 0.0008239664519383997 0.11155322342262282 48.17184895899434 -241.61990962550436 2892.7320588116013 2892.7320588116013 2406.7781598569836 699.1850503541691 -1444.45765554864
241.2856237247815 41.78553804719601 39633109724956766 3 327-333-335 0.8778621627382738 0.9230769230769231 12 1.673466771606914 1.0 [-1,-1] 1.0 1.0 1.0 0.0005346154933450218 0.1621399955636538 48.21446195280399 -241.2856237247815 3080.8615718164237 3080.8615718164237 2228.5690748734137 1580.9594060378483 -1423.2902935358882
240.261245453996 41.974149337463174 39633114221251636 3 327-333-335 1.036179396659232 0.9230769230769231 12 1.5855440979409159 1.0 [-1,-1] 1.0 1.0 1.0 0.00017557006270178804 0.37077784677498654 48.025850662536826 -240.261245453996 3484.6009607198193 3484.6009607198193 -192.82733478869946 2727.0148803786046 -2160.706207840724
242.37859520624772 42.08854552144012 39633114250609199 3 327-333-335 0.8230302728426806 0.9230769230769231 12 1.6746988665186755 0.3333333333333333 [-1,-1] 1.0 1.0 1.0 0.000762533893525711 0.11946670068019369 47.91145447855988 -242.37859520624772 2931.9121750855743 2931.9121750855743 1846.7355245252595 -951.96949153362 -2068.6785618023546
242.04450675760626 41.98869600817911 39633114246414808 3 327-333-335 0.8335082587370369 0.9230769230769231 12 1.633753123007301 0.3333333333333333 [-1,-1] 1.0 1.0 1.0 0.0006366829495309179 0.1397804201853648 48.01130399182089 -242.04450675760626 2960.756153148049 2960.756153148049 2272.826620803116 -324.63241057452046 -1869.4785230585828
241.4432127765962 41.795503193838506 39633109724958618 3 327-333-335 0.9372501612128229 0.9230769230769231 12 1.679599616535731 1.0 [-1,-1] 1.0 1.0 1.0 0.0003671239319408774 0.21984967794317842 48.204496806161494 -241.4432127765962 3236.7668187439463 3236.7668187439463 2559.5158860076203 1266.2655405092016 -1523.8469244367602
241.42057275828046 41.787803136639546 39633109724958370 3 327-333-335 0.7882992452559037 0.9230769230769231 12 1.6844115484548319 0.5 [-4388389332072308619,287830443964151510] 0.484375 1.0 2.0476190476190474 0.0007064174578981374 0.12774458208408304 48.212196863360454 -241.42057275828046 2834.9897502808617 2834.9897502808617 2225.1635571346255 1164.2812060869924 -1315.3947321432229
242.24542692726973 41.996817399762 39633114246417368 3 327-333-335 0.47843061792510555 0.9230769230769231 12 1.6978882161438245 1.0 [-1,-1] 1.0 1.0 1.0 0.000668512811805897 0.13401699399284683 48.003182600238 -242.24542692726973 1873.4724815118961 1873.4724815118961 1359.1527536576332 -485.0571958785639 -1194.7060089970419
242.89334145098948 42.619526577228704 39633123218033985 2 327-335 0.9962085241148124 0.5714285714285714 12 1.5826902622398087 1.0 [-1,-1] 1.0 1.0 1.0 0.00023297360745577845 0.30751381291380364 47.380473422771296 -242.89334145098948 3386.2013481543017 3386.2013481543017 471.0039487120186 -718.7652389375688 -3275.345994217209
243.0148700738547 42.680064273960774 39633127672383824 2 327-335 0.6187106387593204 0.5714285714285714 12 1.6288753864714571 1.0 [-1,-1] 1.0 1.0 1.0 0.0007056687116799521 0.12786279395313782 47.319935726039226 -243.0148700738547 2331.2547974589693 2331.2547974589693 201.01580653974972 -407.1970782217284 -2286.5983721861435
241.66167614241033 41.79785934433904 39633109729151521 2 327-335 0.8296995198149879 0.5714285714285714 12 1.7123347298689175 0.3333333333333333 [-1,-1] 1.0 1.0 1.0 0.000762533893525711 0.11946670068019369 48.20214065566096 -241.66167614241033 2950.2924459341098 2950.2924459341098 2524.494215954663 620.3502932988952 -1395.105724936751
241.34139920704501 41.75520101411976 39633109724957452 2 327-335 0.7752589070801157 0.5714285714285714 12 1.708314165730455 0.5 [378311444040786304,-9131979474163727134] 0.2578125 1.0 3.7941176470588234 0.0007064174578981374 0.12774458208408304 48.24479898588024 -241.34139920704501 2798.070026736645 2798.070026736645 2133.1327962015416 1341.0397344805947 -1216.7796755516658
241.08155121437903 41.754355827880325 39633109720764066 2 327-335 0.622775454178268 0.5714285714285714 12 1.69580316393756 1.0 [-1,-1] 1.0 1.0 1.0 0.0007056687116799521 0.12786279395313782 48.245644172119675 -241.08155121437903 2343.9466868279487 2343.9466868279487 1438.8887569456406 1545.4292178614464 -1017.5135126411366
241.293102800431 41.77236629287191 39633109724956852 2 327-335 0.772726133344642 0.5714285714285714 12 1.6871447383463238 1.0 [-252276629810757698,-126525391106998432] 0.765625 1.0 1.303030303030303 0.0007064174578981374 0.12774458208408304 48.22763370712809 -241.293102800431 2790.865392443542 2790.865392443542 2043.2001347010203 1426.6068200671389 -1256.604881907875
241.57311468271342 41.77649783148018 39633109729150478 2 327-335 0.4706615442054449 0.5714285714285714 12 1.7172018956463382 1.0 [-1,-1] 1.0 1.0 1.0 0.000668512811805897 0.13401699399284683 48.22350216851982 -241.57311468271342 1846.965616282909 1846.965616282909 1557.1621031847435 532.5311309612359 -838.4144361195831
241.04233671015714 43.49846430139924 39633140901219362 3 327-335-478 0.9169819337882378 1.0 12 0.04878231877579953 1.0 [9222097693598710711,-7728992886463401057] 0.671875 1.0 1.4827586206896552 0.00042618922305278896 0.1953324009783564 46.50153569860076 -241.04233671015714 3184.1778613866754 3184.1778613866754 -1210.6454376410632 -1407.0790316916116 -2587.1712111566367
239.03140372458438 43.481384229072845 39633140876053881 2 327-478 0.8044729392096298 1.0 12 1.4653699534408715 1.0 [-1,-1] 1.0 1.0 1.0 0.0008239664519383997 0.11155322342262282 46.518615770927155 -239.03140372458438 2880.377946896172 2880.377946896172 1579.364685094442 -437.71769755499196 -2368.6678799885594
241.0248910171803 44.95502781440821 39633166926873751 7 328-329-330-331-332-333-334 0.979234627167073 1.0 12 1.5051354275460282 1.0 [-1,-1] 1.0 1.0 1.0 0.00030269805442075816 0.25472307248715254 45.04497218559179 -241.0248910171803 3343.711647039624 3343.711647039624 -1866.3651933005715 -2247.3283426959274 1626.8386102807285
241.6902476095647 43.47667696919659 39633140909607288 7 328-329-330-331-332-333-334 0.8371619064339055 1.0 12 0.4654650424595503 1.0 [-1,-1] 1.0 1.0 1.0 0.0006366829495309179 0.1397804201853648 46.52332303080341 -241.6902476095647 2970.7712570447443 2970.7712570447443 -1641.0910923027027 -353.8830184735564 -2450.932209932371
241.82292469393263 43.80763917665861 39633145296848006 7 328-329-330-331-332-333-334 0.7288134853766195 1.0 12 0.6640012152988108 1.0 [-1,-1] 1.0 1.0 1.0 0.0005823912580269674 0.15084542533972659 46.19236082334139 -241.82292469393263 2664.17820382458 2664.17820382458 -2131.302420007131 -170.24604529435405 -1589.4690246328637
241.82457652666892 43.8079436305381 39633145296848026 8 328-329-330-331-332-333-334-335 0.7275613945205749 1.0 12 0.6651714810010162 1.0 [-1,-1] 1.0 1.0 1.0 0.0005823912580269674 0.15084542533972659 46.1920563694619 -241.82457652666892 2660.5161991370887 2660.5161991370887 -2129.1324837584675 -166.53376571186544 -1586.6341157788036
241.87356827273163 43.88532914915805 39633149663120013 8 328-329-330-331-332-333-334-335 0.8824449378097337 1.0 12 0.7378353262496864 1.0 [-1,-1] 1.0 1.0 1.0 0.0005346154933450218 0.1621399955636538 46.11467085084195 -241.87356827273163 3093.090065880034 3093.090065880034 -2616.9356429160143 -76.08541964132253 -1647.1384293372255
239.41146690832824 42.76646079432425 39633127626247973 8 328-329-330-331-332-333-334-335 0.7993613277155156 1.0 12 1.37771369202282 1.0 [-1,-1] 1.0 1.0 1.0 0.0008239664519383997 0.11155322342262282 47.23353920567575 -239.41146690832824 2866.081162704241 2866.081162704241 -249.59879267660335 189.91363109071867 -2848.868983759768
240.56534113696648 44.63837177754993 39633162627714022 9 328-329-330-331-332-333-334-335-478 0.5495996438370984 1.0 12 1.238376146488685 1.0 [-1,-1] 1.0 1.0 1.0 0.0006094867785671962 0.14511252611805409 45.36162822245007 -240.56534113696648 2110.589342916388 2110.589342916388 -479.43882399980424 -2015.7904322476459 401.64004000194444
242.37598228006055 42.685120344662124 39633127663995248 9 328-329-330-331-332-333-334-335-478 0.6084551447160583 1.0 12 1.2342370093633186 1.0 [-1,-1] 1.0 1.0 1.0 0.0006106036532175123 0.14488555312656437 47.314879655337876 -242.37598228006055 2299.0933019373474 2299.0933019373474 388.45108001262076 -198.9587822009645 -2257.28845574404
240.5112657827744 42.63513957214412 39633127643022142 9 328-329-330-331-332-333-334-335-478 0.7227382807060685 1.0 12 0.9049931256703451 1.0 [-1,-1] 1.0 1.0 1.0 0.0005823912580269674 0.15084542533972659 47.36486042785588 -240.5112657827744 2646.383917749481 2646.383917749481 112.71005189397529 621.4082591414468 -2569.9214112100676
