data_rosette/LRG_16_clustering_data.ecsv
# %ECSV 1.0
# ---
# datatype:
# - {name: RA, unit: deg, datatype: float64}
# - {name: DEC, unit: deg, datatype: float64}
# - {name: TARGETID, datatype: int64}
# - {name: NTILE, datatype: int64}
# - {name: TILES, datatype: string}
# - {name: Z, datatype: float64}
# - {name: COMP_TILE, datatype: float64}
# - {name: ROSETTE_NUMBER, datatype: int32}
# - {name: ROSETTE_R, unit: deg, datatype: float64}
# - {name: FRACZ_TILELOCID, datatype: float64}
# - {name: BITWEIGHTS, datatype: string, subtype: 'int64[2]'}
# - {name: PROB_OBS, datatype: float64}
# - {name: WEIGHT_ZFAIL, datatype: float64}
# - {name: WEIGHT, datatype: float64}
# - {name: NZ, unit: h3 / Mpc3, datatype: float64}
# - {name: WEIGHT_FKP, datatype: float64}
# - {name: theta, unit: deg, datatype: float64}
# - {name: phi, unit: deg, datatype: float64}
# - {name: rho, unit: Mpc, datatype: float64}
# - {name: r, unit: Mpc, datatype: float64}
# - {name: x, unit: Mpc, datatype: float64}
# - {name: y, unit: Mpc, datatype: float64}
# - {name: z, unit: Mpc, datatype: float64}
# meta: !!omap
# - {EXTNAME: LSS}
# - {DESIDR: edr}
# - comments: ['Visit https://desidatamodel.readthedocs.io/en/latest/ for a more complet', e description]
# schema: astropy-2.0
RA DEC TARGETID NTILE TILES Z COMP_TILE ROSETTE_NUMBER ROSETTE_R FRACZ_TILELOCID BITWEIGHTS PROB_OBS WEIGHT_ZFAIL WEIGHT NZ WEIGHT_FKP theta phi rho r x y z
[from data line 5542]
193.05277581072997 24.045741387505757 39628351597449567 3 484-488-490 0.9905153037568498 1.0 16 1.6786881584640538 1.0 [-1,-1] 1.0 1.0 1.0 0.0002622817504223413 0.28340640119267335 65.95425861249424 -193.05277581072997 3371.9971610816974 3371.9971610816974 -9.998626838996529 63.917604779319696 -3371.376487668447
193.55871616973891 23.646862991412885 39628346073549779 3 484-488-490 0.7156453692059027 1.0 16 1.5133457546740787 1.0 [-1,-1] 1.0 1.0 1.0 0.0006167714992318164 0.14396928707710532 66.35313700858711 -193.55871616973891 2625.5254655587605 2625.5254655587605 -334.37864125677834 -913.8549233102177 -2438.533180768819
193.3746776790795 25.65494647619862 39628390025660209 3 484-488-490 0.830610528656714 1.0 16 1.568765642746965 1.0 [-1,-1] 1.0 1.0 1.0 0.0006232532477076302 0.14268566385842998 64.34505352380138 -193.3746776790795 2952.7974347891895 2952.7974347891895 489.22801125705615 2907.0220439459017 169.97493906948142
194.51044674403988 23.207192558804888 39628334996392186 4 484-488-490-491 0.6510698945400206 1.0 16 1.5087731467204095 1.0 [-1,-1] 1.0 1.0 1.0 0.000700708733790897 0.12894715825466588 66.79280744119511 -194.51044674403988 2431.427357320988 2431.427357320988 -1713.1059138349071 -470.9780311015025 -1659.9056648293426
195.39035407239473 23.362637785429158 39628335008975742 4 484-488-490-491 0.4919236500056583 1.0 16 1.4596444587398734 1.0 [-1,-1] 1.0 1.0 1.0 0.0005337442823398631 0.16272042362546515 66.63736221457084 -195.39035407239473 1919.2148176619992 1919.2148176619992 -968.2502227955675 679.0506875959918 -1511.5446358163313
195.37933648225354 23.344742529414518 39628335008975576 4 484-488-490-491 0.4928795463084562 1.0 16 1.472115594122812 1.0 [-1,-1] 1.0 1.0 1.0 0.0005337442823398631 0.16272042362546515 66.65525747058548 -195.37933648225354 1922.4412786191924 1922.4412786191924 -999.5087384712097 684.6696657150969 -1492.6453699081587
194.16233907869022 26.185997346961862 39628400909882268 3 484-489-490 0.5103338291768197 1.0 16 1.5778995726127665 0.5 [-5285021306567134899,7686019441798437589] 0.5625 1.0 1.7671232876712328 0.0006865842838717192 0.13125169390769817 63.81400265303814 -194.16233907869022 1981.0288624313303 1981.0288624313303 1344.3846898406384 952.4915704080652 1099.9386200191532
192.98918086544316 25.04533853418223 39628373621736396 2 484-490 1.0742368170276237 0.6818181818181818 16 1.6343797815209922 1.0 [-1,-1] 1.0 1.0 1.0 0.0001075182622224553 0.4910338705006151 64.95466146581776 -192.98918086544316 3576.1800273825943 3576.1800273825943 -660.8487251795482 2972.438258327988 -1875.3541935076732
193.11493611717648 25.295601715550774 39628379099498993 2 484-490 0.5768453112245937 0.6818181818181818 16 1.5970919704303939 1.0 [-1,-1] 1.0 1.0 1.0 0.0006621615122706149 0.13543705131792066 64.70439828444923 -193.11493611717648 2198.6915126113927 2198.6915126113927 -194.98354337774643 2090.276211064283 -653.4302923036076
194.17042523727363 26.226306640879272 39628400909882431 2 484-490 0.4173675801637154 0.6818181818181818 16 1.6135061508572945 1.0 [-1,-1] 1.0 1.0 1.0 0.0006262316776515472 0.14210347001521706 63.77369335912073 -194.17042523727363 1661.766094208591 1661.766094208591 1102.7139966832622 767.9521612432103 977.6184692516734
194.13633922184704 26.19848159812277 39628400909881723 2 484-490 0.6779082874680098 0.6818181818181818 16 1.597642206027665 1.0 [-1,-1] 1.0 1.0 1.0 0.0007209928471550773 0.12577569469930108 63.80151840187723 -194.13633922184704 2513.0245695079698 2513.0245695079698 1659.3476401997289 1241.6719268819902 1421.3052880741259
193.44347095266133 23.601419119062715 39628340532872710 2 484-490 0.8094479694981974 0.6818181818181818 16 1.6211333295057968 1.0 [-1,-1] 1.0 1.0 1.0 0.0007229154976227362 0.12548315978664992 66.39858088093729 -193.44347095266133 2894.2504082950913 2894.2504082950913 -278.5552202857052 -1160.7604273569882 -2636.6129115685353
192.98191284353993 24.99198372082667 39628373621736280 2 484-490 0.9239813364122611 0.6818181818181818 16 1.630772001214226 1.0 [-1,-1] 1.0 1.0 1.0 0.0004951280553168204 0.17321314004730964 65.00801627917333 -192.98191284353993 3202.410559861068 3202.410559861068 -590.1680431576459 2566.3361228500403 -1822.3759160228658
192.91973441500102 24.75251471539546 39628368131391646 2 484-490 0.41507541591368846 0.6818181818181818 16 1.6632773503434741 0.5 [-78886660760176323,-22536693914018597] 0.765625 1.0 1.303030303030303 0.0006262316776515472 0.14210347001521706 65.24748528460454 -192.91973441500102 1653.667643816026 1653.667643816026 -312.03709423168334 1052.5133488361173 -1236.715480031392
192.97252860385424 24.459565589481006 39628362632660447 2 484-490 0.8368108060294275 0.6818181818181818 16 1.6341732349032674 0.25 [-3961457759099943927,6004723305302589440] 0.2578125 1.0 3.7941176470588234 0.0006232532477076302 0.14268566385842998 65.540434410519 -192.97252860385424 2969.8098032905323 2969.8098032905323 -290.66582916558053 1211.777164800361 -2695.7150714317777
193.24727338286914 25.70434130902402 39628390021468629 2 484-490 0.7868208065453901 0.6818181818181818 16 1.6903675791456705 1.0 [-1,-1] 1.0 1.0 1.0 0.0007324854237337303 0.12404708914385561 64.29565869097598 -193.24727338286914 2830.818630720729 2830.818630720729 110.65739849638629 2812.455781767074 302.2937905391886
193.34293428858285 25.67198488355983 39628390025659476 2 484-490 0.8571266031554967 0.6818181818181818 16 1.6018619866894244 1.0 [-1,-1] 1.0 1.0 1.0 0.0006812235016579503 0.1321480675826358 64.32801511644017 -193.34293428858285 3025.1100018391962 3025.1100018391962 405.975479949701 2989.246359315556 225.5673651613667
193.06808721067023 24.445752573790767 39628362632662287 2 484-490 0.7562728404205119 0.6818181818181818 16 1.5505622209848169 1.0 [-1,-1] 1.0 1.0 1.0 0.0006416626200019751 0.139161677870846 65.55424742620923 -193.06808721067023 2743.792811204041 2743.792811204041 -155.68819979204545 1105.896183196105 -2506.2230162642695
192.9553950417235 24.456422105241796 39628362632660071 2 484-490 0.7393093458811055 0.6818181818181818 16 1.6500672020517813 1.0 [-1,-1] 1.0 1.0 1.0 0.0007126833197713517 0.12705585074725267 65.5435778947582 -192.9553950417235 2694.766288888054 2694.766288888054 -280.6231982777304 1087.4199347987433 -2449.598713609674
195.31682671052707 23.05328571254248 39628329443134250 1 485 0.44850885249884487 0.5625 16 1.7263518976864767 1.0 [-1,-1] 1.0 1.0 1.0 0.0005288673958748294 0.16397488484989944 66.94671428745752 -195.31682671052707 1770.7009294674458 1770.7009294674458 -1257.0321375450444 750.2290867626124 -996.1969203782701
195.26407891953153 23.055994970557233 39628329443133195 1 485 0.9071499101863855 0.5625 16 1.7098836625277698 0.25 [-7782202400126270078,729583420062433540] 0.234375 1.0 4.161290322580645 0.0005275616701708153 0.16431404058018498 66.94400502944276 -195.26407891953153 3158.4377747699396 3158.4377747699396 -2305.3646885151197 1215.8723895440744 -1784.005931152039
196.50922733735683 24.825993520914658 39628368185917801 1 485 1.0505094897447516 0.5625 16 1.6024126001745553 1.0 [-1,-1] 1.0 1.0 1.0 0.0001568149373683449 0.39812733398474315 65.17400647908534 -196.50922733735683 3519.3222737597557 3519.3222737597557 -401.21580836549924 -2491.1293220447787 -2453.3507377763735
194.86488436805934 22.985410688347983 39628329434747521 1 485 1.0782991878466466 0.5625 16 1.7178058685740056 1.0 [2586669914445623949,-4493035362540458021] 0.46875 1.0 2.1147540983606556 0.0001075182622224553 0.4910338705006151 67.01458931165202 -194.86488436805934 3585.8364301833894 3585.8364301833894 -3083.040673289076 266.23145882574397 -1811.6853814079063
195.5451156289762 23.16365678765687 39628335013168480 1 485 0.8586366372362046 0.5625 16 1.699551914330827 0.3333333333333333 [-3944730966613783293,4690559941654644817] 0.2890625 1.0 3.3947368421052633 0.0006812235016579503 0.1321480675826358 66.83634321234314 -195.5451156289762 3029.1934716820856 3029.1934716820856 -1657.9798821741335 1596.0576518458658 -1969.6994113751146
193.37491066900913 23.682264228161923 39628346073546955 1 485 1.033509671395041 0.5625 16 1.6152586346265518 0.5 [-7983507298810842489,-6232963158625443357] 0.3671875 1.0 2.6875 0.00017111768859933566 0.3774092623312036 66.31773577183807 -193.37491066900913 3478.1001751158815 3478.1001751158815 -195.09750927591452 -1157.6329159253014 -3273.988977070898
195.8838083859552 23.33814945763876 39628335017363776 1 485 0.8126687032395109 0.5625 16 1.7108722877763016 1.0 [-1,-1] 1.0 1.0 1.0 0.0006627118749498285 0.13533979738261318 66.66185054236124 -195.8838083859552 2903.208969069891 2903.208969069891 -828.2901398859296 1647.9817987376816 -2242.033397004808
194.2107565895822 23.06978388115604 39628329426356056 1 485 0.942979636032879 0.5625 16 1.7031410342581232 1.0 [-1,-1] 1.0 1.0 1.0 0.0004445766401596716 0.18918261239264766 66.93021611884396 -194.2107565895822 3251.518351764922 3251.518351764922 -2240.300141608427 -1429.6105663138092 -1873.4034525582701
196.3010020995328 23.84880539002537 39628346115493370 1 485 0.589710864504726 0.5625 16 1.6503001018968793 1.0 [-1,-1] 1.0 1.0 1.0 0.0006621615122706149 0.13543705131792066 66.15119460997462 -196.3010020995328 2239.7893391230527 2239.7893391230527 -19.21510602267933 395.56052413104055 -2204.4997017688606
193.51343228441036 25.474783110736183 39628384568873729 5 485-486-487-488-489 0.7580616890405879 1.0 16 1.3617828564993628 1.0 [-1,-1] 1.0 1.0 1.0 0.0006416626200019751 0.139161677870846 64.52521688926382 -193.51343228441036 2748.9334510679987 2748.9334510679987 820.552853978371 2601.994182374443 -336.0869041157687
195.71563334768706 24.040674736712973 39628351639391202 6 485-486-487-488-489-490 1.0850591464539676 1.0 16 1.0992618356135198 1.0 [-1,-1] 1.0 1.0 1.0 0.0001075182622224553 0.4910338705006151 65.95932526328703 -195.71563334768706 3601.8548386934003 3601.8548386934003 30.123169912929097 -40.97740282680539 -3601.495762334176
194.46918976267827 24.08323820104393 39628351618421785 6 485-486-487-488-489-490 0.775928911512243 1.0 16 0.6676827262697211 1.0 [-1,-1] 1.0 1.0 1.0 0.0007324854237337303 0.12404708914385561 65.91676179895607 -194.46918976267827 2799.9740490672066 2799.9740490672066 151.08881802483685 48.323741255819776 -2795.4770005401056
195.6109744632098 23.90382364781358 39628351639389035 7 485-486-487-488-489-490-491 0.9623721496852975 1.0 16 1.117857977517265 1.0 [-1,-1] 1.0 1.0 1.0 0.00041974738576830407 0.19815580287489248 66.09617635218642 -195.6109744632098 3301.077654610184 3301.077654610184 -272.0698277113697 298.8254303962364 -3276.2470988562936
195.01915131035625 25.67222649857233 39628390050825489 7 485-486-487-488-489-490-491 0.4001794214314104 1.0 16 1.0022699174441276 1.0 [-1,-1] 1.0 1.0 1.0 0.0003379611466139912 0.2348475370676925 64.32777350142767 -195.01915131035625 1600.7687743706795 1600.7687743706795 1550.3763947001644 -380.071508769851 119.74703327488764
195.8314828434902 24.75454637152548 39628368173337058 7 485-486-487-488-489-490-491 0.9901599132561422 1.0 16 0.9838314339818746 1.0 [-1,-1] 1.0 1.0 1.0 0.0002622817504223413 0.28340640119267335 65.24545362847452 -195.8314828434902 3371.1089078959662 3371.1089078959662 1110.7405511128616 -1948.7152959930595 -2516.5729459270024
196.07151543585513 25.26463626119355 39628379145634745 7 485-486-487-488-489-490-491 0.7934430251195025 1.0 16 1.3242662052753542 1.0 [-1,-1] 1.0 1.0 1.0 0.0007229154976227362 0.12548315978664992 64.73536373880646 -196.07151543585513 2849.4728727551246 2849.4728727551246 739.1703194392722 -2589.7846609830785 -930.6655151901502
194.54511474804895 24.68460165191658 39628368152366752 5 485-486-487-489-491 0.7349803298408024 1.0 16 0.186787197455145 1.0 [-1,-1] 1.0 1.0 1.0 0.0007126833197713517 0.12705585074725267 65.31539834808342 -194.54511474804895 2682.1738588354706 2682.1738588354706 1595.7813299257118 379.7567099533056 -2122.1035312459016
193.14991332030849 25.10029253834199 39628373621739404 3 485-486-488 0.7886586713624554 1.0 16 1.5055247584649263 1.0 [-1,-1] 1.0 1.0 1.0 0.0007324854237337303 0.12404708914385561 64.89970746165801 -193.14991332030849 2836.0032357592945 2836.0032357592945 -144.58908321169892 2488.619437865378 -1352.3245334355947
193.1403858607601 25.090190146066814 39628373621739240 3 485-486-488 0.6467133008811208 1.0 16 1.5112751827327273 0.5 [-1,-1] 1.0 1.0 1.0 0.000833303205902425 0.11070054926254569 64.90980985393318 -193.1403858607601 2418.055654829428 2418.055654829428 -142.6970909935535 2108.8658821315203 -1174.4425832096672
194.95207663583028 24.641122731146595 39628368160753504 5 485-486-488-489-490 1.0146507826847895 1.0 16 0.19283957135383786 1.0 [-1,-1] 1.0 1.0 1.0 0.00020304675497218746 0.33812883710054276 65.3588772688534 -194.95207663583028 3431.888621968686 3431.888621968686 1949.1956357232323 -341.2829009914163 -2803.9297189420627
194.6398506168904 24.81852617407165 39628368156558677 6 485-486-488-489-490-491 0.7884435613854834 1.0 16 0.15509106629012775 1.0 [-1,-1] 1.0 1.0 1.0 0.0007324854237337303 0.12404708914385561 65.18147382592835 -194.6398506168904 2835.3967096352294 2835.3967096352294 1998.630203396427 279.39653087281414 -1991.7051462548561
194.75481328388034 24.918818198047 39628373646904237 5 485-486-488-489-491 0.6428093166654044 1.0 16 0.21886181127572507 1.0 [-1,-1] 1.0 1.0 1.0 0.000833303205902425 0.11070054926254569 65.081181801953 -194.75481328388034 2406.042965190637 2406.042965190637 1872.555347574266 44.821125719253764 -1510.1557162437362
195.95510139312307 25.641602250597426 39628390063410135 5 485-486-488-489-491 0.6639590435848339 1.0 16 1.4408756785783754 1.0 [-1,-1] 1.0 1.0 1.0 0.000700708733790897 0.12894715825466588 64.35839774940257 -195.95510139312307 2470.780914566945 2470.780914566945 948.5687407749801 -2278.8218630378633 109.3004499234842
195.92183339852113 25.618976321736316 39628384606620668 5 485-486-488-489-491 0.6953885316329976 1.0 16 1.4033773527105453 1.0 [-1,-1] 1.0 1.0 1.0 0.0005843703162771602 0.15074849413407446 64.38102367826369 -195.92183339852113 2565.457498160693 2565.457498160693 1063.866676225939 -2333.812831894759 55.47554207269602
195.95209501651323 25.630634148949646 39628390063410068 5 485-486-488-489-491 1.0412572428182216 1.0 16 1.4317010296913673 1.0 [-1,-1] 1.0 1.0 1.0 0.00017111768859933566 0.3774092623312036 64.36936585105036 -195.95209501651323 3496.937603237043 3496.937603237043 1352.7908597798667 -3222.574707637734 116.3690006954481
195.8384845791315 24.75023432367925 39628368173337194 5 485-486-488-489-491 0.8875612874279276 1.0 16 0.9899703491619081 1.0 [-1,-1] 1.0 1.0 1.0 0.0005690156306133545 0.15418916366201427 65.24976567632075 -195.8384845791315 3106.702769276867 3106.702769276867 1006.1220473790349 -1794.2553656182833 -2328.082516870992
194.9293222258362 24.65595984258413 39628368160753089 4 485-486-488-490 0.7348469456970224 1.0 16 0.16879110755609075 1.0 [-1,-1] 1.0 1.0 1.0 0.0007126833197713517 0.12705585074725267 65.34404015741586 -194.9293222258362 2681.7853393037726 2681.7853393037726 1560.8080607079776 -236.81542728889303 -2167.895121340429
194.96085337764825 24.638021847430736 39628368160753674 4 485-486-488-490 0.903163428806418 1.0 16 0.2013840464533541 1.0 [-1,-1] 1.0 1.0 1.0 0.0005275616701708153 0.16431404058018498 65.36197815256926 -194.96085337764825 3147.9581611445883 3147.9581611445883 1777.2644429645143 -327.2815659982604 -2577.5683231775993
196.12522206167972 23.82732379781791 39628346115490548 3 485-486-489 0.790214826395613 1.0 16 1.5275364129488262 1.0 [-1,-1] 1.0 1.0 1.0 0.0007229154976227362 0.12548315978664992 66.17267620218209 -196.12522206167972 2840.3886358335453 2840.3886358335453 -125.04720415976094 548.0714398072215 -2784.2033862797834
