data_rosette/LRG_4_clustering_data.ecsv
# %ECSV 1.0
# ---
# datatype:
# - {name: RA, unit: deg, datatype: float64}
# - {name: DEC, unit: deg, datatype: float64}
# - {name: TARGETID, datatype: int64}
# - {name: NTILE, datatype: int64}
# - {name: TILES, datatype: string}
# - {name: Z, datatype: float64}
# - {name: COMP_TILE, datatype: float64}
# - {name: ROSETTE_NUMBER, datatype: int32}
# - {name: ROSETTE_R, unit: deg, datatype: float64}
# - {name: FRACZ_TILELOCID, datatype: float64}
# - {name: BITWEIGHTS, datatype: string, subtype: 'int64[2]'}
# - {name: PROB_OBS, datatype: float64}
# - {name: WEIGHT_ZFAIL, datatype: float64}
# - {name: WEIGHT, datatype: float64}
# - {name: NZ, unit: h3 / Mpc3, datatype: float64}
# - {name: WEIGHT_FKP, datatype: float64}
# - {name: theta, unit: deg, datatype: float64}
# - {name: phi, unit: deg, datatype: float64}
# - {name: rho, unit: Mpc, datatype: float64}
# - {name: r, unit: Mpc, datatype: float64}
# - {name: x, unit: Mpc, datatype: float64}
# - {name: y, unit: Mpc, datatype: float64}
# - {name: z, unit: Mpc, datatype: float64}
# meta: !!omap
# - {EXTNAME: LSS}
# - {DESIDR: edr}
# - comments: ['Visit https://desidatamodel.readthedocs.io/en/latest/ for a more complet', e description]
# schema: astropy-2.0
RA DEC TARGETID NTILE TILES Z COMP_TILE ROSETTE_NUMBER ROSETTE_R FRACZ_TILELOCID BITWEIGHTS PROB_OBS WEIGHT_ZFAIL WEIGHT NZ WEIGHT_FKP theta phi rho r x y z
[from data line 1951]
194.6276488603327 28.746338252012396 39628454580192942 7 109-110-112-113-114-115-118 0.7945539247528385 1.0 4 0.5568237304872007 1.0 [-1,-1] 1.0 1.0 1.0 0.0007229154976227362 0.12548315978664992 61.25366174798761 -194.6276488603327 2852.594875657593 2852.594875657593 -2820.01744177128 -429.3648387431441 -21.09473832018105
193.7630788419949 27.486124428453895 39628427891839881 7 109-110-112-113-114-115-118 0.8197080130407473 1.0 4 1.1274489737826034 1.0 [-1,-1] 1.0 1.0 1.0 0.0006627118749498285 0.13533979738261318 62.51387557154611 -193.7630788419949 2922.7285099383203 2922.7285099383203 -481.61151839520153 -776.5588052967505 2776.2112149603145
193.12504910308303 27.835416601527445 39628433243769596 8 109-110-112-113-114-115-118-119 0.5124677392214279 1.0 4 1.4801008548885 1.0 [-1,-1] 1.0 1.0 1.0 0.0006865842838717192 0.13125169390769817 62.16458339847256 -193.12504910308303 1988.1493051541179 1988.1493051541179 101.87840153575549 -1226.1282116930845 1561.7195841045343
193.94654893668056 27.618856685824944 39628427896032362 8 109-110-112-113-114-115-118-119 0.8086330608731236 1.0 4 0.9175067176032183 1.0 [-6922190975200657409,-613699016475576386] 0.8359375 1.0 1.1944444444444444 0.0007229154976227362 0.12548315978664992 62.381143314175056 -193.94654893668056 2891.980955367817 2891.980955367817 -848.1383782280259 -931.4808184772721 2603.1824028284677
195.67820618859884 28.471005575256083 39628449286980490 8 109-110-112-113-114-115-118-119 0.6559654392474454 1.0 4 0.8607635199824626 1.0 [-1,-1] 1.0 1.0 1.0 0.000700708733790897 0.12894715825466588 61.528994424743914 -195.67820618859884 2446.4109861351185 2446.4109861351185 -1467.447383837128 1847.1728064708036 647.670835986111
193.6813740562764 28.765290281444376 39628454567608551 9 109-110-112-113-114-115-118-119-454 0.5544905344368788 1.0 4 1.0962586057624262 1.0 [-1,-1] 1.0 1.0 1.0 0.000677088223595666 0.13284793461577618 61.23470971855562 -193.6813740562764 2126.5122061109882 2126.5122061109882 -969.221246764514 -1891.9635325441097 -56.02079151954437
193.66814998306165 28.86303766551491 39628454563420101 9 109-110-112-113-114-115-118-119-454 0.7253498672885847 1.0 4 1.1588684049298454 1.0 [-1,-1] 1.0 1.0 1.0 0.0006167714992318164 0.14396928707710532 61.13696233448509 -193.66814998306165 2654.041310003291 2654.041310003291 -1169.6721843336663 -2359.636705572725 -328.50703814985815
193.665602555325 28.861768785425536 39628454563420049 9 109-110-112-113-114-115-118-119-454 0.9295970784281404 1.0 4 1.1599850011171517 1.0 [-1,-1] 1.0 1.0 1.0 0.0004951280553168204 0.17321314004730964 61.13823121457446 -193.665602555325 3216.984175136049 3216.984175136049 -1410.700308459593 -2864.187387004889 -394.13504653846974
193.12901980366763 28.47469317790287 39628449249232057 9 109-110-112-113-114-115-118-119-454 0.7298491545771796 1.0 4 1.4529251843081608 1.0 [-1,-1] 1.0 1.0 1.0 0.0006167714992318164 0.14396928707710532 61.52530682209713 -193.12901980366763 2667.2051332902447 2667.2051332902447 202.99991496732832 -2566.6074290445035 696.6351719132858
193.76197903001855 27.494225619132447 39628427891839854 9 109-110-112-113-114-115-118-119-454 0.46421566919847884 1.0 4 1.1230680899846244 1.0 [-1,-1] 1.0 1.0 1.0 0.0005635091211985168 0.1554616369400361 62.50577438086755 -193.76197903001855 1824.8790784071903 1824.8790784071903 -307.550970918549 -497.1203653090621 1728.7184251607657
193.24351749332533 28.186894165357387 39628443926662635 9 109-110-112-113-114-115-118-119-454 0.8234729244779856 1.0 4 1.3278057817930862 1.0 [-1,-1] 1.0 1.0 1.0 0.0006627118749498285 0.13533979738261318 61.81310583464261 -193.24351749332533 2933.134401416178 2933.134401416178 -88.81282586993292 -2495.8426010855464 1538.2325602257201
193.4179977532361 28.86969725457411 39628454563414723 8 109-110-112-113-114-115-118-454 0.8212758396291451 1.0 4 1.3482648019788817 1.0 [-1,-1] 1.0 1.0 1.0 0.0006627118749498285 0.13533979738261318 61.130302745425894 -193.4179977532361 2927.0647177293013 2927.0647177293013 -605.1077374878297 -2838.2929031835097 -381.63579961292584
193.20501669935769 28.09746466285966 39628438591508714 8 109-110-112-113-114-115-118-454 0.5096422992637676 1.0 4 1.3660957611007951 1.0 [-1,-1] 1.0 1.0 1.0 0.0005337442823398631 0.16272042362546515 61.902535337140336 -193.20501669935769 1978.7193894582483 1978.7193894582483 4.647509980832616 -1585.3666559585909 1184.0276132944182
194.77557989426924 27.556347227537678 39628427908614890 8 109-110-112-113-114-115-118-454 0.7097941693922788 1.0 4 0.6440498020298068 1.0 [-1,-1] 1.0 1.0 1.0 0.0005843703162771602 0.15074849413407446 62.44365277246232 -194.77557989426924 2608.250740113424 2608.250740113424 -987.2785793943777 -3.12438016039639 2414.175463428426
193.27977524390369 28.06030925957834 39628438591510083 8 109-110-112-113-114-115-119-454 0.9485994131367395 1.0 4 1.304055057818131 1.0 [-1,-1] 1.0 1.0 1.0 0.0004445766401596716 0.18918261239264766 61.93969074042166 -193.27977524390369 3265.938828105431 3265.938828105431 -182.44948957431976 -2535.7525674014432 2050.128661718024
194.27422139700172 29.59729010163196 39628470426276497 6 109-110-112-113-114-116 0.6087596328555246 0.5 4 1.4580474780457617 1.0 [-289400325243142145,-4899916403304308737] 0.9140625 1.0 1.0932203389830508 0.0007756247847600315 0.11796159141779075 60.402709898368045 -194.27422139700172 2300.051080334505 2300.051080334505 -1316.1882074956386 -726.7861169197993 -1740.5934375522563
194.6142288731225 28.551662178619498 39628449270205149 7 109-110-112-113-114-116-117 0.5292763619633182 1.0 4 0.3713979560412281 1.0 [-1,-1] 1.0 1.0 1.0 0.0006865842838717192 0.13125169390769817 61.448337821380505 -194.6142288731225 2043.916069297129 2043.916069297129 -1981.061544389094 -328.88815729116243 380.5530655077522
194.61563578143094 28.54550951889811 39628449270205182 7 109-110-112-113-114-116-117 0.7970730470816358 1.0 4 0.3651760980980073 1.0 [-1,-1] 1.0 1.0 1.0 0.0007229154976227362 0.12548315978664992 61.454490481101885 -194.61563578143094 2859.6666975018898 2859.6666975018898 -2769.085976943843 -455.71062572493196 549.71292389366
195.20682899447291 28.35146244301629 39628443956022643 8 109-110-112-113-114-116-117-118 1.0342221998834642 0.75 4 0.4298852278381623 1.0 [-1,-1] 1.0 1.0 1.0 0.00017111768859933566 0.3774092623312036 61.64853755698371 -195.20682899447291 3479.8361747588306 3479.8361747588306 -2931.1229000775174 1337.484945357681 1314.8811234263326
195.6350259177653 28.471865124414006 39628449286979857 8 109-110-112-113-114-116-117-118 0.9694922762925492 0.75 4 0.8250568066423287 1.0 [-1,-1] 1.0 1.0 1.0 0.00041974738576830407 0.19815580287489248 61.52813487558599 -195.6350259177653 3319.1315187480413 3319.1315187480413 -2097.757121627108 2418.415235319038 875.9662362135831
195.6217654589846 28.46345492666061 39628449286979668 8 109-110-112-113-114-116-117-118 0.9397689614488282 0.75 4 0.8113050280112561 1.0 [-1,-1] 1.0 1.0 1.0 0.0004445766401596716 0.18918261239264766 61.53654507333939 -195.6217654589846 3243.2580881172266 3243.2580881172266 -2076.0965316928296 2330.2859043812973 882.2209593251858
193.47876087804596 27.59774908381101 39628427887645867 9 109-110-112-113-114-116-117-118-119 0.5953639684506621 1.0 4 1.2747161466236863 1.0 [-1,-1] 1.0 1.0 1.0 0.0007756247847600315 0.11796159141779075 62.40225091618899 -193.47876087804596 2257.746181258144 2257.746181258144 -251.563208388211 -906.0989523036482 2052.5882343532503
194.3081717334533 28.554706444249334 39628449266010161 9 109-110-112-113-114-116-117-118-119 0.5770637906072771 1.0 4 0.5262430608561642 1.0 [-1,-1] 1.0 1.0 1.0 0.0006621615122706149 0.13543705131792066 61.445293555750666 -194.3081717334533 2199.392112521589 2199.392112521589 -1927.1613352624897 -980.3213254763945 402.9205272850713
193.65462127745263 27.118373257011065 39628417133449064 9 109-110-112-113-114-116-117-118-119 0.6245134347437771 1.0 4 1.452981294898022 1.0 [-1,-1] 1.0 1.0 1.0 0.0007214233604467519 0.12571007283523317 62.881626742988935 -193.65462127745263 2349.363737317611 2349.363737317611 50.49188568419398 105.42018912557948 2346.454159668958
194.61779768736466 29.301690652225787 39628465162420741 9 109-110-112-113-114-116-117-118-119 0.7339111487996216 1.0 4 1.1077704303366174 1.0 [-1,-1] 1.0 1.0 1.0 0.0007126833197713517 0.12705585074725267 60.69830934777421 -194.61779768736466 2679.058677598095 2679.058677598095 -2236.6429646829947 -363.12145331049066 -1429.309783319695
195.04662080688146 26.80851593322319 39628411756351316 9 109-110-112-113-114-116-117-118-119 0.6856758842910098 1.0 4 1.416135956700368 1.0 [-1,-1] 1.0 1.0 1.0 0.0007209928471550773 0.12577569469930108 63.19148406677681 -195.04662080688146 2536.392776997224 2536.392776997224 860.7943373049314 -236.2648847631314 2374.1314901022893
195.04412007333468 26.80695190080376 39628411756351263 9 109-110-112-113-114-116-117-118-119 0.8988646118391689 1.0 4 1.4172632020644835 1.0 [-1,-1] 1.0 1.0 1.0 0.0005275616701708153 0.16431404058018498 63.19304809919624 -195.04412007333468 3136.629513864329 3136.629513864329 1069.65833696387 -290.71795225222525 2934.23905325499
194.97535588263855 28.67538940755592 39628454584387836 9 109-110-112-113-114-116-117-118-119 0.8323990499258022 1.0 4 0.5150372756871753 1.0 [-1,-1] 1.0 1.0 1.0 0.0006232532477076302 0.14268566385842998 61.32461059244408 -194.97535588263855 2957.711312146028 2957.711312146028 -2894.87236155657 576.6138774676737 187.84741841228168
193.62117449346383 28.34622346303225 39628443935047907 10 109-110-112-113-114-116-117-118-119-454 0.8268173951868814 1.0 4 1.0048482157142675 1.0 [-1,-1] 1.0 1.0 1.0 0.0006627118749498285 0.13533979738261318 61.653776536967754 -193.62117449346383 2942.358446911131 2942.358446911131 -1091.6019406285695 -2489.556998116482 1126.0481279476792
194.05172918876542 27.61259270971157 39628427896034335 10 109-110-112-113-114-116-117-118-119-454 0.6799225653455327 1.0 4 0.8519494105455774 1.0 [-1,-1] 1.0 1.0 1.0 0.0007209928471550773 0.12577569469930108 62.38740729028843 -194.05172918876542 2519.0949830707905 2519.0949830707905 -809.2535393931722 -719.8770003045628 2274.3626243729373
194.3404342399144 28.28455303846977 39628443943439656 10 109-110-112-113-114-116-117-118-119-454 0.8893956699716634 1.0 4 0.3705833884734014 1.0 [-1,-1] 1.0 1.0 1.0 0.0005690156306133545 0.15418916366201427 61.71544696153023 -194.3404342399144 3111.5732431961774 3111.5732431961774 -2531.547944655738 -1186.5819614005693 1365.7145750714042
193.31922557725832 27.879697657561024 39628438595699417 10 109-110-112-113-114-116-117-118-119-454 0.41245057384716866 1.0 4 1.3028087463152471 1.0 [-1,-1] 1.0 1.0 1.0 0.0006262316776515472 0.14210347001521706 62.120302342438976 -193.31922557725832 1644.3802288714862 1644.3802288714862 -119.24265978375948 -1067.1537302018185 1245.3716077169418
193.7836309465935 28.147621218449935 39628443935050711 10 109-110-112-113-114-116-117-118-119-454 0.8179653370420127 1.0 4 0.853479504105427 1.0 [-1,-1] 1.0 1.0 1.0 0.0006627118749498285 0.13533979738261318 61.852378781550065 -193.7836309465935 2917.903900519441 2917.903900519441 -1318.8039081599793 -2032.0070964026322 1626.6119957315802
194.6510770654676 29.284872583576828 39628465162421334 10 109-110-112-113-114-116-117-118-119-454 0.7163995384248888 1.0 4 1.088334046378348 1.0 [-1,-1] 1.0 1.0 1.0 0.0006167714992318164 0.14396928707710532 60.71512741642317 -194.6510770654676 2627.7475610255037 2627.7475610255037 -2227.514473184973 -285.9362890026227 -1364.3595401720047
195.47218861270238 29.129466559576425 39628465175003548 10 109-110-112-113-114-116-117-118-119-454 0.8465011574585509 1.0 4 1.1249170524262808 1.0 [-1,-1] 1.0 1.0 1.0 0.0006232532477076302 0.14268566385842998 60.87053344042357 -195.47218861270238 2996.2714705510552 2996.2714705510552 -2130.7907460277092 1770.9913191667147 -1140.597768416633
195.72809285616646 28.572003212456288 39628449286981161 10 109-110-112-113-114-116-117-118-119-454 0.7135133620934597 1.0 4 0.9374557426771947 1.0 [-1,-1] 1.0 1.0 1.0 0.0006167714992318164 0.14396928707710532 61.42799678754371 -195.72809285616646 2619.2381737545884 2619.2381737545884 -1503.754464443693 2099.930492520912 435.22758196122095
193.9631555834444 28.723815534026585 39628454571802780 9 109-110-112-113-114-116-117-118-454 1.053863930622814 1.0 4 0.8676874142436595 1.0 [-1,-1] 1.0 1.0 1.0 0.0001568149373683449 0.39812733398474315 61.276184465973415 -193.9631555834444 3527.408182217794 3527.408182217794 -2417.5489135622315 -2568.115746296154 53.35961147596778
193.90654752278425 28.74875296860122 39628454567613234 9 109-110-112-113-114-116-117-118-454 0.5450111665392768 1.0 4 0.9224011263193926 1.0 [-1,-1] 1.0 1.0 1.0 0.0007045118177349687 0.128340413101622 61.251247031398776 -193.90654752278425 2095.6079812877947 2095.6079812877947 -1347.716543370693 -1604.6215567397405 -20.55698441378305
193.58451108791905 28.90453414148157 39628459860823335 9 109-110-112-113-114-116-117-119-454 0.8021247324074202 1.0 4 1.242733542215146 1.0 [-1,-1] 1.0 1.0 1.0 0.0007229154976227362 0.12548315978664992 61.09546585851843 -193.58451108791905 2873.8156743913546 2873.8156743913546 -1042.3222619585085 -2635.9028007438383 -473.7058767145746
194.17765998014278 27.927916851990993 39628438608282504 9 109-110-112-113-114-116-117-119-454 0.7338009341844077 1.0 4 0.5736717955798777 1.0 [-1,-1] 1.0 1.0 1.0 0.0007126833197713517 0.12705585074725267 62.07208314800901 -194.17765998014278 2678.737439689796 2678.737439689796 -1521.607613953097 -1043.4122117050547 1942.0698999831525
194.02849131261632 27.23552175923138 39628422523131033 9 109-110-112-113-114-116-117-119-454 0.6230062394064314 1.0 4 1.1567871894538884 1.0 [-1,-1] 1.0 1.0 1.0 0.0007214233604467519 0.12571007283523317 62.764478240768625 -194.02849131261632 2344.6663433714198 2344.6663433714198 -115.47131055900395 -107.6272907750544 2339.3467046286473
195.67579626028424 26.94643756672074 39628417162811491 7 109-110-112-113-114-116-118 0.43508991803352864 1.0 4 1.498273656431565 1.0 [-1,-1] 1.0 1.0 1.0 0.0005288673958748294 0.16397488484989944 63.05356243327926 -195.67579626028424 1724.0087752475831 1724.0087752475831 236.53004616599364 -296.26720881998125 1681.8101959999535
196.20506223209523 27.641945171336722 39628433289906255 8 109-110-112-113-114-116-118-119 0.5065300484355745 1.0 4 1.4015586782516325 1.0 [-1,-1] 1.0 1.0 1.0 0.0005337442823398631 0.16272042362546515 62.35805482866328 -196.20506223209523 1968.3135772874134 1968.3135772874134 -129.302595728835 888.7242495491964 1751.487477984064
196.30278316175526 27.7268895168008 39628433289907868 9 109-110-112-113-114-116-118-119-454 0.9442733645733704 1.0 4 1.4507846113263647 1.0 [-1,-1] 1.0 1.0 1.0 0.0004445766401596716 0.18918261239264766 62.273110483199204 -196.30278316175526 3254.8423477288056 3254.8423477288056 -80.64905160182312 1723.5725999146446 2759.8536069632323
193.32130697411043 28.282858924042912 39628443926663819 9 109-110-112-113-114-116-118-119-454 0.7318588693576499 1.0 4 1.2613405790253969 1.0 [-1,-1] 1.0 1.0 1.0 0.0007126833197713517 0.12705585074725267 61.71714107595709 -193.32130697411043 2673.073455654653 2673.073455654653 -271.46095491500716 -2384.4397807683395 1177.3179609483477
196.31050526866952 27.73007674019844 39628433289908020 9 109-110-112-113-114-116-118-119-454 0.6585312002222135 1.0 4 1.456182985913103 1.0 [-1,-1] 1.0 1.0 1.0 0.000700708733790897 0.12894715825466588 62.26992325980156 -196.31050526866952 2454.246098928688 2454.246098928688 -51.03277401033766 1306.6758486374176 2076.852858695381
193.43310338959049 28.998204023052505 39628459860820552 9 109-110-112-113-114-116-118-119-454 0.7699625227820249 1.0 4 1.4049648287339422 1.0 [-1,-1] 1.0 1.0 1.0 0.0006416626200019751 0.139161677870846 61.00179597694749 -193.43310338959049 2782.9915094679804 2782.9915094679804 -600.5593170435293 -2622.086653375668 -713.4646667300825
