data_rosette/LRG_13_clustering_data.ecsv
# %ECSV 1.0
# ---
# datatype:
# - {name: RA, unit: deg, datatype: float64}
# - {name: DEC, unit: deg, datatype: float64}
# - {name: TARGETID, datatype: int64}
# - {name: NTILE, datatype: int64}
# - {name: TILES, datatype: string}
# - {name: Z, datatype: float64}
# - {name: COMP_TILE, datatype: float64}
# - {name: ROSETTE_NUMBER, datatype: int32}
# - {name: ROSETTE_R, unit: deg, datatype: float64}
# - {name: FRACZ_TILELOCID, datatype: float64}
# - {name: BITWEIGHTS, datatype: string, subtype: 'int64[2]'}
# - {name: PROB_OBS, datatype: float64}
# - {name: WEIGHT_ZFAIL, datatype: float64}
# - {name: WEIGHT, datatype: float64}
# - {name: NZ, unit: h3 / Mpc3, datatype: float64}
# - {name: WEIGHT_FKP, datatype: float64}
# - {name: theta, unit: deg, datatype: float64}
# - {name: phi, unit: deg, datatype: float64}
# - {name: rho, unit: Mpc, datatype: float64}
# - {name: r, unit: Mpc, datatype: float64}
# - {name: x, unit: Mpc, datatype: float64}
# - {name: y, unit: Mpc, datatype: float64}
# - {name: z, unit: Mpc, datatype: float64}
# meta: !!omap
# - {EXTNAME: LSS}
# - {DESIDR: edr}
# - comments: ['Visit https://desidatamodel.readthedocs.io/en/latest/ for a more complet', e description]
# schema: astropy-2.0
RA DEC TARGETID NTILE TILES Z COMP_TILE ROSETTE_NUMBER ROSETTE_R FRACZ_TILELOCID BITWEIGHTS PROB_OBS WEIGHT_ZFAIL WEIGHT NZ WEIGHT_FKP theta phi rho r x y z
[from data line 3172]
244.00935288029248 43.1754147163318 39633136539140289 9 352-355-356-357-358-359-360-361-362 0.7494926843330545 1.0 13 1.388509352864184 1.0 [-1,-1] 1.0 1.0 1.0 0.0006073340474539246 0.1455520198534496 46.8245852836682 115.99064711970752 2724.257870132095 2724.257870132095 -778.6319636834488 197.3923221490064 -2603.1422318543678
245.02996828663265 44.57303878474775 39633158374687015 9 352-355-356-357-358-359-360-361-362 0.6606781892016726 1.0 13 1.2786350110231712 1.0 [-1,-1] 1.0 1.0 1.0 0.0006371005092682059 0.1397016056866948 45.42696121525225 114.97003171336735 2460.7929970988844 2460.7929970988844 -725.8665306016717 2330.8347605475715 309.5630361434435
246.06090405860584 44.75186274540487 39633162694821049 9 352-355-356-357-358-359-360-361-362 0.7429814199619436 1.0 13 1.3083273349188338 1.0 [-1,-1] 1.0 1.0 1.0 0.0006073340474539246 0.1455520198534496 45.24813725459513 113.93909594139416 2705.421863809307 2705.421863809307 1719.06502604486 1924.6507840471927 812.3067504787446
246.79515505261395 44.56751229732031 39633158395658705 9 352-355-356-357-358-359-360-361-362 0.8676555089712742 1.0 13 1.2969263256239316 0.5 [-1,-1] 1.0 1.0 1.0 0.0006576102792991648 0.1359368301360722 45.43248770267969 113.20484494738605 3053.5056230407376 3053.5056230407376 3013.8231845495893 325.26852471160663 367.3782642518652
245.7969379602447 42.65863392608205 39633127705939021 9 352-355-356-357-358-359-360-361-362 0.9491692658773544 1.0 13 0.7936899976391906 1.0 [-1,-1] 1.0 1.0 1.0 0.0003671239319408774 0.21984967794317842 47.34136607391795 114.20306203975531 3267.398402424934 3267.398402424934 -316.17918877422807 -630.1163914680636 -3190.435138654028
246.36607400528126 43.10807997956141 39633132147706362 9 352-355-356-357-358-359-360-361-362 0.8579554070009008 1.0 13 0.4920710635203669 1.0 [-1,-1] 1.0 1.0 1.0 0.0006576102792991648 0.1359368301360722 46.89192002043859 113.63392599471874 3027.3517310551833 3027.3517310551833 598.1586294419188 355.78739888246764 -2946.265447026698
245.80972564020365 42.650212805818796 39633127705939194 9 352-355-356-357-358-359-360-361-362 0.4587260459621528 1.0 13 0.8014340776605104 1.0 [-1,-1] 1.0 1.0 1.0 0.0005330850268982689 0.1625298359500762 47.349787194181204 114.19027435979635 1806.001529389152 1806.001529389152 -186.025188254381 -359.1977941842566 -1760.1173535148282
246.76573439274384 42.9434265579591 39633132151901650 10 352-355-356-357-358-359-360-361-362-433 0.8609501319941792 1.0 13 0.8206953533994956 1.0 [-1,-1] 1.0 1.0 1.0 0.0006576102792991648 0.1359368301360722 47.0565734420409 113.23426560725616 3035.4425042808507 3035.4425042808507 202.269468150936 27.871185667503838 -3028.567558443798
245.23132735739756 43.74469068754355 39633145338790646 10 352-355-356-357-358-359-360-361-362-433 0.6436387264945039 1.0 13 0.5545490525811404 1.0 [-1,-1] 1.0 1.0 1.0 0.0007982518636535506 0.11473445525619816 46.25530931245645 114.76867264260244 2408.597477163603 2408.597477163603 -184.55849487737188 1829.4685660166624 -1555.7392888670033
247.56949362724518 42.88604874297125 39633132164481784 10 352-355-356-357-358-359-360-361-362-433 0.4264777767014072 1.0 13 1.3551174555739323 1.0 [-1,-1] 1.0 1.0 1.0 0.0005613841910631427 0.1556117057517016 47.11395125702875 112.43050637275482 1693.8442424509026 1693.8442424509026 13.227992011602788 -10.411832064170103 -1693.7605886501435
247.55809710728136 42.88541775436621 39633132164481655 10 352-355-356-357-358-359-360-361-362-433 0.7069953298270998 1.0 13 1.3478342130808554 1.0 [-1,-1] 1.0 1.0 1.0 0.0005639081233901963 0.1550231922816235 47.11458224563379 112.44190289271864 2599.9658593138415 2599.9658593138415 19.18457496711147 -14.749336225358109 -2599.853241773813
245.0797432998533 42.31282824368653 39633118776264765 10 352-355-356-357-358-359-360-361-362-433 0.8106146018677841 1.0 13 1.2794453319676558 1.0 [-1,-1] 1.0 1.0 1.0 0.000762533893525711 0.11946670068019369 47.68717175631347 114.9202567001467 2897.49744033858 2897.49744033858 385.9577363368804 -1498.2451222564505 -2449.8550153356196
245.23293198922872 43.740296157242305 39633145338790658 10 352-355-356-357-358-359-360-361-362-433 0.9811228849623396 1.0 13 0.5512527068163923 1.0 [-1,-1] 1.0 1.0 1.0 0.00030269805442075816 0.25472307248715254 46.259703842757695 114.76706801077128 3348.4594336845666 3348.4594336845666 -251.55259765902238 2534.2737397090114 -2174.0189699870302
244.2896890478838 43.717133273001316 39633145326208740 10 352-355-356-357-358-359-360-361-362-433 0.5898044506394385 1.0 13 1.182519526681418 1.0 [-1,-1] 1.0 1.0 1.0 0.0005369919189708607 0.1615383650856205 46.282866726998684 115.7103109521162 2240.087114576155 2240.087114576155 -1441.7034643978507 842.0428288853255 -1493.4675342826024
244.62590072110825 42.63731406156094 39633127693354245 10 352-355-356-357-358-359-360-361-362-433 0.8220138665090324 1.0 13 1.2249220857002454 1.0 [-1,-1] 1.0 1.0 1.0 0.000762533893525711 0.11946670068019369 47.36268593843906 115.37409927889175 2929.1044931940983 2929.1044931940983 449.4876421887232 -527.2328472221694 -2845.9865629302403
245.84130328470738 44.39522671677315 39633158383077143 10 352-355-356-357-358-359-360-361-362-433 0.9613196813183803 1.0 13 0.9456375354164492 1.0 [-1,-1] 1.0 1.0 1.0 0.0003767415448896098 0.21544643941305056 45.60477328322685 114.15869671529262 3298.4025532992687 3298.4025532992687 1606.4311615273564 2875.7272645638413 -170.38493691981802
244.5651624897311 43.071523558949366 39633132126733656 10 352-355-356-357-358-359-360-361-362-433 0.5581302294199199 1.0 13 1.0295913451242413 1.0 [-1,-1] 1.0 1.0 1.0 0.0006724560872077301 0.13333590500666823 46.928476441050634 115.43483751026889 2138.3310044751793 2138.3310044751793 -288.0546675691461 299.0300320217055 -2097.633197949669
244.847867942869 43.07358278466641 39633132130927467 10 352-355-356-357-358-359-360-361-362-433 0.60387021257804 1.0 13 0.8406082173209547 1.0 [-1,-1] 1.0 1.0 1.0 0.0006106036532175123 0.14488555312656437 46.92641721533359 115.15213205713101 2284.6497467791 2284.6497467791 -208.57165831004002 396.74591087917315 -2240.248872560426
245.24332126686602 43.741837169778336 39633145338790789 10 352-355-356-357-358-359-360-361-362-433 0.9896285210538889 1.0 13 0.5456883686825152 1.0 [-1,-1] 1.0 1.0 1.0 0.00030269805442075816 0.25472307248715254 46.258162830221664 114.75667873313398 3369.780414270453 3369.780414270453 -226.94210417534038 2556.258158235218 -2183.909693693653
246.65131285574614 43.395201748323096 39633140972519621 8 352-355-356-357-358-359-360-362 0.6579493514268533 1.0 13 0.5628789675872484 1.0 [-1,-1] 1.0 1.0 1.0 0.0006371005092682059 0.1397016056866948 46.604798251676904 113.34868714425386 2452.470369570889 2452.470369570889 1178.419246433562 302.5970380695746 -2129.4069657558766
245.36025473463016 44.45669423913308 39633158378881090 8 352-355-356-357-358-359-360-362 0.48974867153853735 1.0 13 1.0739740966138094 1.0 [-1,-1] 1.0 1.0 1.0 0.000668512811805897 0.13401699399284683 45.54330576086692 114.63974526536984 1911.8666206053456 1911.8666206053456 54.26148759994699 1911.0048424721385 18.712509088387673
247.27778351595967 42.35518799927662 39633118801432545 8 352-355-356-357-358-359-360-362 0.8645248601206197 1.0 13 1.4989436884414888 1.0 [-1,-1] 1.0 1.0 1.0 0.0006576102792991648 0.1359368301360722 47.64481200072338 112.72221648404033 3045.081240835002 3045.081240835002 -1410.0965512593496 555.2453608501538 -2641.183459865313
246.7066483548063 43.3779104850149 39633140972520481 8 352-355-356-357-358-359-360-362 0.6623391444670359 1.0 13 0.604792592967841 1.0 [-1,-1] 1.0 1.0 1.0 0.0006371005092682059 0.1397016056866948 46.6220895149851 113.2933516451937 2465.8519437168093 2465.8519437168093 1163.3730555493712 231.00607021736832 -2161.8568725696005
246.45610401566552 42.18212415899993 39633118793042152 9 352-355-356-357-358-359-360-362-433 0.712794588394835 1.0 13 1.3364388905729658 1.0 [-1,-1] 1.0 1.0 1.0 0.0005823912580269674 0.15084542533972659 47.81787584100007 113.54389598433448 2617.1166714963592 2617.1166714963592 -1509.7757818314772 -722.9107638502459 -2011.7844785982388
244.71302312467805 44.317364050376554 39633154041974682 9 352-355-356-357-358-359-360-362-433 0.6440831660239154 1.0 13 1.208181133041841 1.0 [-1,-1] 1.0 1.0 1.0 0.0007982518636535506 0.11473445525619816 45.682635949623446 115.28697687532195 2409.965782291547 2409.965782291547 -1386.2947483246337 1946.5871397566632 -311.32049389274306
245.89040788025196 44.896485589397905 39633166985593201 7 352-355-356-357-358-359-361 1.0132823105440925 1.0 13 1.44650484749912 1.0 [-1,-1] 1.0 1.0 1.0 0.00020130102782971312 0.3394727840281335 45.103514410602095 114.10959211974804 3428.515440972364 3428.515440972364 1636.3875721283155 2618.567228701706 1489.9864132063058
244.5990115352924 43.328463239404584 39633136543337409 7 352-355-356-357-358-359-361 0.8441910087424855 1.0 13 0.9387897672705614 1.0 [-1,-1] 1.0 1.0 1.0 0.0006366829495309179 0.1397804201853648 46.671536760595416 115.40098846470761 2989.97708695791 2989.97708695791 -874.2892611430759 971.3514258160706 -2689.248533688973
246.25627995271526 43.491720720082384 39633140964135118 8 352-355-356-357-358-359-361-362 0.9504577388470951 1.0 13 0.27624395713934913 1.0 [-1,-1] 1.0 1.0 1.0 0.0003767415448896098 0.21544643941305056 46.508279279917616 113.74372004728474 3270.696775517353 3270.696775517353 1507.675802093947 1137.5641640855752 -2670.2656882318415
243.96783427637615 43.168900482490244 39633136534949282 8 352-355-356-357-358-359-361-362 0.618311245288701 1.0 13 1.4194816879221857 1.0 [-1,-1] 1.0 1.0 1.0 0.0007056687116799521 0.12786279395313782 46.831099517509756 116.03216572362385 2330.0060441597734 2330.0060441597734 -658.1739818538422 138.0586700213615 -2230.8462472935394
246.25477276007948 43.49652742057838 39633140964135095 8 352-355-356-357-358-359-361-362 0.9502930556190075 1.0 13 0.2759217916507804 1.0 [-1,-1] 1.0 1.0 1.0 0.0003767415448896098 0.21544643941305056 46.50347257942162 113.74522723992052 3270.275341837056 3270.275341837056 1515.980986708336 1147.4202753001161 -2660.813629549522
246.9557310876345 43.66685187924464 39633145359762059 9 352-355-356-357-358-359-361-362-433 0.6966158189556052 1.0 13 0.8091447962861705 1.0 [-1,-1] 1.0 1.0 1.0 0.0005639081233901963 0.1550231922816235 46.33314812075536 113.04426891236551 2569.117897771127 2569.117897771127 1823.7510428594935 -96.87124686416513 -1806.9075426949291
245.25058204312688 44.239117482684186 39633154050361201 9 352-355-356-357-358-359-361-362-433 0.737203737245503 1.0 13 0.9103645725255394 1.0 [-1,-1] 1.0 1.0 1.0 0.0006073340474539246 0.1455520198534496 45.760882517315814 114.74941795687312 2688.645537500674 2688.645537500674 -213.61296534413984 2622.1245473404592 -554.6595222240063
247.03221197378173 44.434816925814694 39633158395661544 9 352-355-356-357-358-359-361-362-433 1.014239573622984 1.0 13 1.2876664930454516 1.0 [-1,-1] 1.0 1.0 1.0 0.00020130102782971312 0.3394727840281335 45.565183074185306 112.96778802621827 3430.875306861893 3430.875306861893 3401.877498445689 -443.1867827547522 -41.47688989163996
247.04710726538647 44.437441227194185 39633158395661736 9 352-355-356-357-358-359-361-362-433 0.5749579491218666 1.0 13 1.2965870654800613 1.0 [-1,-1] 1.0 1.0 1.0 0.0005369919189708607 0.1615383650856205 45.562558772805815 112.95289273461353 2192.635414145951 2192.635414145951 2169.7046907477834 -315.59610428602326 -20.753632779301775
247.29007634576573 42.369901277348056 39633118805622809 7 352-355-356-357-358-359-362 0.8805520524408343 1.0 13 1.4943555109447346 1.0 [-1,-1] 1.0 1.0 1.0 0.0005346154933450218 0.1621399955636538 47.630098722651944 112.70992365423427 3088.043232068719 3088.043232068719 -1386.3205528401686 565.6641087144974 -2700.76849137622
245.87558073691193 43.434189627086724 39633140959939534 7 352-355-356-357-358-359-433 0.8989090155070119 1.0 13 0.01613268737346618 0.5 [-1,-1] 1.0 1.0 1.0 0.0005723615213970424 0.15308410280969617 46.565810372913276 114.12441926308807 3136.7466792428245 3136.7466792428245 859.3093526505418 1421.5502693714002 -2660.819798076956
247.75806815574265 43.58507376513241 39633140985103460 7 352-355-356-357-358-360-361 0.4819054730887516 1.0 13 1.3685587329624216 1.0 [-1,-1] 1.0 1.0 1.0 0.000668512811805897 0.13401699399284683 46.41492623486759 112.24193184425735 1885.288073903392 1885.288073903392 805.0764994819505 -926.494438212052 -1431.0034966925782
246.03740684146888 44.20779600855894 39633154058750706 7 352-355-356-357-358-360-361 0.6802412149112561 1.0 13 0.7662563701350978 1.0 [-1,-1] 1.0 1.0 1.0 0.0008053318504768218 0.11384060807160488 45.79220399144106 113.96259315853112 2520.0546130094026 2520.0546130094026 1587.6221799395325 1863.8416908497945 -596.846058681966
245.06340930769156 43.10189353286879 39633132130930010 8 352-355-356-357-358-360-361-362 0.6619503958878699 1.0 13 0.6889370701936148 1.0 [-1,-1] 1.0 1.0 1.0 0.0006371005092682059 0.1397016056866948 46.89810646713121 114.93659069230844 2464.668349832096 2464.668349832096 -146.3533500147346 532.0012555978384 -2402.112702527892
245.6910524527475 44.41523660994845 39633158378885763 8 352-355-356-357-358-360-361-362 0.5623811623207018 1.0 13 0.9747797549002182 1.0 [-1,-1] 1.0 1.0 1.0 0.0006724560872077301 0.13333590500666823 45.58476339005155 114.3089475472525 2152.1015730611593 2152.1015730611593 756.1074190074038 2013.7524539246535 -68.14547678837832
246.67785833548416 43.79606089282599 39633145355569000 9 352-355-356-357-358-360-361-362-433 0.5588614921612522 0.9090909090909091 13 0.6733004723302897 1.0 [-1,-1] 1.0 1.0 1.0 0.0006724560872077301 0.13333590500666823 46.20393910717401 113.32214166451584 2140.7024067333186 2140.7024067333186 1660.2282798765834 379.64665724851005 -1296.964636577226
244.80357494541798 43.28606092780528 39633136547530450 9 352-355-356-357-358-360-361-362-433 0.8745261902126822 0.9090909090909091 13 0.7994978832500017 1.0 [-1,-1] 1.0 1.0 1.0 0.0005346154933450218 0.1621399955636538 46.71393907219472 115.19642505458202 3071.9388697680447 3071.9388697680447 -617.1532186928052 1057.4454017182738 -2817.399429728373
244.8023220795223 43.29931854398485 39633136547530436 9 352-355-356-357-358-360-361-362-433 0.8814192982185555 0.9090909090909091 13 0.797695445191928 1.0 [-1,-1] 1.0 1.0 1.0 0.0005346154933450218 0.1621399955636538 46.70068145601515 115.1976779204777 3090.3562029065 3090.3562029065 -641.1114941534527 1095.341508013895 -2817.7126350514977
246.68816529326998 43.880633859614065 39633149721840244 9 352-355-356-357-358-360-361-362-433 0.999622512969807 0.9090909090909091 13 0.7260931887861681 1.0 [-1,-1] 1.0 1.0 1.0 0.00023297360745577845 0.30751381291380364 46.119366140385935 113.31183470673002 3394.696232217703 3394.696232217703 2799.153839749664 609.7972451349046 -1821.2214610732167
246.97126225546523 43.98263203352273 39633149726033694 9 352-355-356-357-358-360-361-362-433 0.5070739811928315 0.9090909090909091 13 0.9517191541202473 1.0 [-1,-1] 1.0 1.0 1.0 0.0007365189099627642 0.12316671624379881 46.01736796647727 113.02873774453477 1970.133628915239 1970.133628915239 1757.445325961595 -120.74631240330864 -882.1750223620446
245.6834897174935 44.42170932182071 39633158378885652 9 352-355-356-357-358-360-361-362-433 0.5563799984493624 0.9090909090909091 13 0.9819584383587865 1.0 [-1,-1] 1.0 1.0 1.0 0.0006724560872077301 0.13333590500666823 45.57829067817929 114.3165102825065 2132.6509244874283 2132.6509244874283 734.2957856445851 2001.5300718732872 -53.73114821589125
245.67856245307206 44.4168886502774 39633158378885572 9 352-355-356-357-358-360-361-362-433 0.5537288747483611 0.9090909090909091 13 0.977709296461594 1.0 [-1,-1] 1.0 1.0 1.0 0.0006724560872077301 0.13333590500666823 45.5831113497226 114.32143754692794 2124.03564172209 2124.03564172209 721.4023405087337 1996.7578914818619 -63.74945661886399
