data_rosette/LRG_10_clustering_data.ecsv
# %ECSV 1.0
# ---
# datatype:
# - {name: RA, unit: deg, datatype: float64}
# - {name: DEC, unit: deg, datatype: float64}
# - {name: TARGETID, datatype: int64}
# - {name: NTILE, datatype: int64}
# - {name: TILES, datatype: string}
# - {name: Z, datatype: float64}
# - {name: COMP_TILE, datatype: float64}
# - {name: ROSETTE_NUMBER, datatype: int32}
# - {name: ROSETTE_R, unit: deg, datatype: float64}
# - {name: FRACZ_TILELOCID, datatype: float64}
# - {name: BITWEIGHTS, datatype: string, subtype: 'int64[2]'}
# - {name: PROB_OBS, datatype: float64}
# - {name: WEIGHT_ZFAIL, datatype: float64}
# - {name: WEIGHT, datatype: float64}
# - {name: NZ, unit: h3 / Mpc3, datatype: float64}
# - {name: WEIGHT_FKP, datatype: float64}
# - {name: theta, unit: deg, datatype: float64}
# - {name: phi, unit: deg, datatype: float64}
# - {name: rho, unit: Mpc, datatype: float64}
# - {name: r, unit: Mpc, datatype: float64}
# - {name: x, unit: Mpc, datatype: float64}
# - {name: y, unit: Mpc, datatype: float64}
# - {name: z, unit: Mpc, datatype: float64}
# meta: !!omap
# - {EXTNAME: LSS}
# - {DESIDR: edr}
# - comments: ['Visit https://desidatamodel.readthedocs.io/en/latest/ for a more complet', e description]
# schema: astropy-2.0
RA DEC TARGETID NTILE TILES Z COMP_TILE ROSETTE_NUMBER ROSETTE_R FRACZ_TILELOCID BITWEIGHTS PROB_OBS WEIGHT_ZFAIL WEIGHT NZ WEIGHT_FKP theta phi rho r x y z
[from data line 3090]
219.58085699788575 2.1084738753749863 39627836729853613 7 271-273-275-276-277-281-472 0.669451934900933 1.0 10 1.5630808238035563 1.0 [-1,-1] 1.0 1.0 1.0 0.000700708733790897 0.12894715825466588 87.89152612462502 140.41914300211425 2487.458335042863 2487.458335042863 105.25569036803492 -147.97642947788515 2480.821070641399
219.26746617831677 1.632249227847336 39627830685860263 7 271-273-275-276-277-281-472 0.4377503379303185 1.0 10 1.454903501771799 1.0 [-1,-1] 1.0 1.0 1.0 0.0005288673958748294 0.16397488484989944 88.36775077215266 140.73253382168323 1733.295717365069 1733.295717365069 -545.7863681256127 405.6290259012386 1594.332580596268
217.85217800461865 2.342448401917234 39627842740291817 7 271-273-275-276-277-281-472 0.5062370243834988 1.0 10 0.21617349080369608 1.0 [-1,-1] 1.0 1.0 1.0 0.0005337442823398631 0.16272042362546515 87.65755159808276 142.14782199538135 1967.332842408049 1967.332842408049 424.32106243483355 416.54653266218156 1875.3237413627069
219.435096989132 1.8144010131053763 39627830685864008 6 271-273-275-276-277-472 0.9390082535137798 1.0 10 1.5148618215915926 1.0 [-1,-1] 1.0 1.0 1.0 0.0004445766401596716 0.18918261239264766 88.18559898689462 140.564903010868 3241.298669555252 3241.298669555252 -491.5674178183879 513.0373180109103 3162.4628455253323
219.48924158705756 2.5842895105476815 39627848805257985 6 271-273-275-276-278-279 0.7723516760780157 1.0 10 1.4461177017446378 1.0 [-1,-1] 1.0 1.0 1.0 0.0007324854237337303 0.12404708914385561 87.41571048945232 140.51075841294244 2789.7992871763204 2789.7992871763204 948.641482299565 -1103.9324367393808 2379.99844031559
217.7965969428776 2.531891564391191 39627848780088429 8 271-273-275-276-278-279-280-281 0.8701114268386623 1.0 10 0.27290046178413313 1.0 [-1,-1] 1.0 1.0 1.0 0.0005690156306133545 0.15418916366201427 87.46810843560881 142.2034030571224 3060.1032864583676 3060.1032864583676 981.8633149281756 1077.3461199186356 2690.632247723166
216.64798400033115 2.5380878822829698 39627848759119119 8 271-273-275-276-278-279-280-281 0.893415652573715 1.0 10 1.4048625194394093 0.5 [-1,-1] 1.0 1.0 1.0 0.0005275616701708153 0.16431404058018498 87.46191211771703 143.35201599966885 3122.228051211186 3122.228051211186 -598.9755005978232 1379.820719375251 2735.9881461432456
217.54299905825027 2.547504751068199 39627848775893953 8 271-273-275-276-278-279-280-281 0.7561511645055282 1.0 10 0.5199735951189001 1.0 [-1,-1] 1.0 1.0 1.0 0.0006416626200019751 0.139161677870846 87.4524952489318 142.45700094174973 2743.4429467952273 2743.4429467952273 627.2809289043137 1188.9853158546343 2391.508259913705
217.79443191795747 2.5307541163577696 39627848780088379 8 271-273-275-276-278-279-280-281 0.8740449735448284 1.0 10 0.2744887787959718 1.0 [-1,-1] 1.0 1.0 1.0 0.0005690156306133545 0.15418916366201427 87.46924588364223 142.20556808204253 3070.6502909405926 3070.6502909405926 980.840264511478 1080.914917164134 2701.567790491042
217.21220612609122 3.368507339304237 39627866882707565 8 271-273-275-276-278-279-280-281 0.8932898353608659 1.0 10 1.2573317411722407 1.0 [-1,-1] 1.0 1.0 1.0 0.0005275616701708153 0.16431404058018498 86.63149266069577 142.78779387390878 3121.894965462262 3121.894965462262 467.42371684273235 2997.8969186499176 735.0900009256507
217.19927815008054 3.3760053168411943 39627872914116160 8 271-273-275-276-278-279-280-281 0.5669327979532657 1.0 10 1.2715269735577106 1.0 [-1,-1] 1.0 1.0 1.0 0.000677088223595666 0.13284793461577618 86.6239946831588 142.80072184991946 2166.80686944858 2166.80686944858 298.0296559790818 2088.492444923344 494.39826167236635
217.3172422677995 2.412297150186645 39627848771700073 9 271-273-275-276-278-279-280-281-472 0.7519931755056833 1.0 10 0.7323175946154091 1.0 [-1,-1] 1.0 1.0 1.0 0.0006416626200019751 0.139161677870846 87.58770284981335 142.6827577322005 2731.4716218372114 2731.4716218372114 258.15133962477347 971.5569609950561 2539.7582913131696
217.32231843297185 2.4090609299173273 39627848771700197 9 271-273-275-276-278-279-280-281-472 0.7552426459051677 1.0 10 0.727334292241315 1.0 [-1,-1] 1.0 1.0 1.0 0.0006416626200019751 0.139161677870846 87.59093907008267 142.67768156702815 2740.829795009337 2740.829795009337 261.8213769438444 965.5930744267271 2551.710709779871
218.71489985057968 2.8664938263258857 39627854832472504 9 271-273-275-276-278-279-280-281-472 0.6646783644931424 1.0 10 0.7947784124818456 1.0 [-1,-1] 1.0 1.0 1.0 0.000700708733790897 0.12894715825466588 87.13350617367412 141.28510014942032 2472.9680798556624 2472.9680798556624 1819.8550987432848 -157.93825256416616 1666.959523185866
217.41803134015933 2.9520159394813468 39627860851298749 9 271-273-275-276-278-279-280-281-472 0.8345948555590208 1.0 10 0.8191470516115655 1.0 [-1,-1] 1.0 1.0 1.0 0.0006232532477076302 0.14268566385842998 87.04798406051866 142.58196865984067 2963.736952043871 2963.736952043871 829.5916131669303 2200.6806812335813 1803.474151608136
217.37180750811297 2.5899019546855713 39627848771701243 9 271-273-275-276-278-279-280-281-472 0.9015407045423355 1.0 10 0.6961546454007704 1.0 [-1,-1] 1.0 1.0 1.0 0.0005275616701708153 0.16431404058018498 87.41009804531443 142.62819249188703 3143.685220238843 3143.685220238843 511.66365472838623 1574.1282861265731 2672.6535890747887
217.3740037982207 2.589799631973574 39627848771701292 9 271-273-275-276-278-279-280-281-472 0.9026180382700715 1.0 10 0.6939957697714962 1.0 [-1,-1] 1.0 1.0 1.0 0.0005275616701708153 0.16431404058018498 87.41020036802642 142.6259962017793 3146.522505994305 3146.522505994305 515.4993857553136 1574.1602814669113 2675.2352554993345
216.9046110971968 1.6864688480850247 39627830643919913 9 271-273-275-276-278-279-280-281-472 0.878570429238723 1.0 10 1.3649335337007844 1.0 [-1,-1] 1.0 1.0 1.0 0.0005690156306133545 0.15418916366201427 88.31353115191497 143.0953889028032 3082.7536743049063 3082.7536743049063 160.55203357334568 -1041.6901131014627 2896.9768672225405
218.14144695423306 0.9218579440890184 39627812545498289 7 271-273-275-276-278-279-281 0.5075993564386918 1.0 10 1.5109094511934988 1.0 [-1,-1] 1.0 1.0 1.0 0.0005337442823398631 0.16272042362546515 89.07814205591099 141.85855304576694 1971.891017227945 1971.891017227945 -1563.7163961716515 -827.8186308477019 870.5524283979906
219.03818228634728 1.2426121015358242 39627818602070940 7 271-273-275-276-278-279-281 0.4951468742059719 1.0 10 1.5444599406468202 1.0 [-1,-1] 1.0 1.0 1.0 0.0005337442823398631 0.16272042362546515 88.75738789846417 140.96181771365272 1930.0868089658939 1930.0868089658939 -1260.9693961477913 547.8343315778505 1354.647119093187
216.91510597532405 1.6560786134608272 39627830643920093 7 271-273-275-276-278-279-281 0.6621689476444814 1.0 10 1.3730557621689177 1.0 [-1,-1] 1.0 1.0 1.0 0.000700708733790897 0.12894715825466588 88.34392138653918 143.08489402467595 2465.3337925955293 2465.3337925955293 129.5839013673423 -903.6581071117627 2290.0831309956984
219.1152193587666 1.2954425694897733 39627818602072724 8 271-273-275-276-278-279-281-472 0.7678902579571432 1.0 10 1.5558524272863414 1.0 [-1,-1] 1.0 1.0 1.0 0.0006416626200019751 0.139161677870846 88.70455743051022 140.8847806412334 2777.078705700397 2777.078705700397 -1654.8799326300505 876.0907407981784 2050.8543488313967
217.06595735591918 1.832860271290391 39627830648112339 8 271-273-275-276-278-279-281-472 0.8902734808333956 1.0 10 1.150464043400307 1.0 [-1,-1] 1.0 1.0 1.0 0.0005275616701708153 0.16431404058018498 88.16713972870961 142.93404264408082 3113.9020321533526 3113.9020321533526 -5.276189438918912 -626.3808167725152 3050.2467277341975
219.02209647543566 1.1909927647384797 39627818602070543 8 271-273-275-276-278-279-281-472 0.6146250426416022 1.0 10 1.5745254271761473 1.0 [-1,-1] 1.0 1.0 1.0 0.0007214233604467519 0.12571007283523317 88.80900723526152 140.97790352456434 2318.4663249989376 2318.4663249989376 -1600.5984314245984 664.9909554933682 1539.8564188219668
218.09517215090503 2.725667339101589 39627854824081198 8 271-273-275-276-278-279-281-472 0.42470724578660746 1.0 10 0.2990912341336068 1.0 [-1,-1] 1.0 1.0 1.0 0.0006262316776515472 0.14210347001521706 87.27433266089841 141.90482784909497 1687.6236129194187 1687.6236129194187 925.4311074554555 546.1594723404602 1301.2918792529797
218.0902553839212 2.7400536822663786 39627854824081072 8 271-273-275-276-278-279-281-472 1.0877501237458989 1.0 10 0.31265073399047527 1.0 [-1,-1] 1.0 1.0 1.0 0.0001075182622224553 0.4910338705006151 87.25994631773362 141.9097446160788 3608.2139721785898 3608.2139721785898 2007.0122236151813 1197.8174692437356 2748.8803745631735
219.2602426696843 1.7513979563802127 39627830685860107 7 271-273-275-276-278-279-472 0.8602618256256374 1.0 10 1.386802604135568 1.0 [-1,-1] 1.0 1.0 1.0 0.0006812235016579503 0.1321480675826358 88.24860204361978 140.7397573303157 3033.5842111162237 3033.5842111162237 -685.8853562582998 502.1005785468644 2912.059314819492
219.05183951556407 1.2050249677828904 39627818602071235 7 271-273-275-276-278-279-472 0.5192220826458509 1.0 10 1.5821498931645461 1.0 [-1,-1] 1.0 1.0 1.0 0.0006865842838717192 0.13125169390769817 88.79497503221711 140.94816048443593 2010.6267340013646 2010.6267340013646 -1353.0938689206932 609.9583044428625 1356.358253637811
217.41050130254945 2.950753557133646 39627860851298545 8 271-273-275-276-278-280-281-472 0.8345983153495977 1.0 10 0.8241595601234702 1.0 [-1,-1] 1.0 1.0 1.0 0.0006232532477076302 0.14268566385842998 87.04924644286635 142.58949869745055 2963.746439975721 2963.746439975721 812.2119861176006 2204.7340681516007 1806.4474359381059
217.41310847306556 2.9500033956406932 39627860851298610 8 271-273-275-276-278-280-281-472 0.6589550794015775 1.0 10 0.8216678707936189 1.0 [-1,-1] 1.0 1.0 1.0 0.000700708733790897 0.12894715825466588 87.04999660435931 142.58689152693444 2455.539328745136 2455.539328745136 677.3074091606013 1823.8645581410196 1498.1475701903773
217.38842982198662 2.611758071988988 39627848771701591 8 271-273-275-276-278-280-281-472 0.7895278289801186 1.0 10 0.6854662776596308 1.0 [-1,-1] 1.0 1.0 1.0 0.0007324854237337303 0.12404708914385561 87.38824192801101 142.61157017801338 2838.4531174175945 2838.4531174175945 502.5626448473214 1462.954564648132 2379.91824009921
219.32867556552236 1.6194102400580643 39627824646063645 7 271-273-275-276-278-281-472 0.8871417519552134 1.0 10 1.5132741501204632 1.0 [-1,-1] 1.0 1.0 1.0 0.0005690156306133545 0.15418916366201427 88.38058975994194 140.67132443447764 3105.5881087057073 3105.5881087057073 -959.5752691467715 808.8051455126782 2840.7264986915598
219.13167169661497 1.3104585738789305 39627818602073041 7 271-273-275-276-278-281-472 0.6522509233732711 1.0 10 1.5563107467541433 1.0 [-1,-1] 1.0 1.0 1.0 0.000700708733790897 0.12894715825466588 88.68954142612107 140.86832830338503 2435.0461825879624 2435.0461825879624 -1414.411104886212 778.8436203750515 1822.716037322286
219.23556339575111 1.6856135761419997 39627830681670624 7 271-273-275-276-278-281-472 0.8348645893640584 1.0 10 1.3992281947399452 1.0 [-1,-1] 1.0 1.0 1.0 0.0006232532477076302 0.14268566385842998 88.314386423858 140.76443660424889 2964.476595328484 2964.476595328484 -834.3152797414705 579.6888229703668 2784.9596705811564
217.30587869051425 3.5877885490663415 39627872918306980 7 271-273-275-276-278-281-472 0.7909655398923929 1.0 10 1.3757347941654634 1.0 [9205297426555972315,-1892321513752234525] 0.6875 1.0 1.449438202247191 0.0007229154976227362 0.12548315978664992 86.41221145093365 142.69412130948575 2842.502746113845 2842.502746113845 698.5673599151587 2754.8296320626882 52.337401877334514
218.8681869789111 1.6407666719269831 39627830677473734 8 271-273-275-276-279-280-281-472 0.7639745319805262 0.8571428571428571 10 1.136426025298346 0.5 [-1,-1] 1.0 1.0 1.0 0.0006416626200019751 0.139161677870846 88.35923332807302 141.1318130210889 2765.885655952473 2765.885655952473 -1032.970548625491 252.62792395727027 2553.2869872995147
217.17739461672184 3.4112869370364645 39627872914115627 8 271-273-275-276-279-280-281-472 0.9803841911255422 0.8571428571428571 10 1.3123904224618994 1.0 [-1,-1] 1.0 1.0 1.0 0.0003578035202613049 0.22475091060875194 86.58871306296354 142.82260538327816 3346.6027103559695 3346.6027103559695 392.58773711195374 3259.6757782055397 648.1808317216305
217.32845477181525 2.408878067523978 39627848771700323 8 271-273-275-276-279-280-281-472 0.8693042015419696 0.8571428571428571 10 0.7212113677466466 1.0 [-1,-1] 1.0 1.0 1.0 0.0006812235016579503 0.1321480675826358 87.59112193247603 142.67154522818475 3057.9357998037685 3057.9357998037685 298.57921345652215 1074.9949691248908 2847.1402538985276
218.96400380944291 3.1093087747538286 39627860876465149 8 271-273-275-276-279-280-281-472 0.9031216600623835 0.8571428571428571 10 1.1379380136287967 1.0 [-1,-1] 1.0 1.0 1.0 0.0005275616701708153 0.16431404058018498 86.89069122524617 141.03599619055709 3147.8482279892905 3147.8482279892905 2612.7326559273124 -911.5199778027002 1500.5691804021874
217.33251076183922 2.4222961352618673 39627848771700402 8 271-273-275-276-279-280-281-472 0.7547601558713646 0.8571428571428571 10 0.7168874779169847 1.0 [-1,-1] 1.0 1.0 1.0 0.0006416626200019751 0.139161677870846 87.57770386473813 142.66748923816078 2739.4414342110363 2739.4414342110363 280.6529854328261 994.7885912064171 2536.96056966706
217.32998150028118 2.4109819086785715 39627848771700352 8 271-273-275-276-279-280-281-472 0.7519235010034027 0.8571428571428571 10 0.7196274262803571 1.0 [-1,-1] 1.0 1.0 1.0 0.0006416626200019751 0.139161677870846 87.58901809132144 142.67001849971882 2731.2707636778437 2731.2707636778437 269.58802403121297 964.9005836947422 2540.891407637454
219.54806784442036 2.312068490453881 39627842769650602 7 271-273-275-276-279-280-472 0.7999057614396061 1.0 10 1.501423685712707 0.5 [9214346455139745654,-1830686862344197] 0.8671875 1.0 1.1517857142857142 0.0007229154976227362 0.12548315978664992 87.68793150954612 140.45193215557964 2867.6060034192883 2867.6060034192883 474.6890853070402 -623.05223691154 2758.55766175301
219.14634865756875 3.402247136035154 39627872947669065 6 271-273-275-276-279-281 0.8875875966131741 1.0 10 1.4642762258710331 1.0 [-1,-1] 1.0 1.0 1.0 0.0005690156306133545 0.15418916366201427 86.59775286396484 140.85365134243125 3106.7726606308856 3106.7726606308856 2643.225918607293 -1506.4620695486042 629.2576110445395
219.52562438702054 1.8974867741216022 39627836729852485 7 271-273-275-276-279-281-472 0.5196815077369682 1.0 10 1.5677748085748708 1.0 [-1,-1] 1.0 1.0 1.0 0.0006865842838717192 0.13125169390769817 88.1025132258784 140.47437561297946 2012.1522960966934 2012.1522960966934 -172.54481803618708 216.22943168366294 1993.0454037301345
219.52318286159507 1.872020156659844 39627830690054637 7 271-273-275-276-279-281-472 0.5771749999765127 1.0 10 1.5743362105464747 1.0 [-1,-1] 1.0 1.0 1.0 0.0006621615122706149 0.13543705131792066 88.12797984334016 140.47681713840493 2199.748692915625 2199.748692915625 -223.8582600727268 279.13371212438693 2170.4529854702846
219.1684374775214 1.2977416940136752 39627818602073727 7 271-273-275-276-279-281-472 0.8661135740620686 1.0 10 1.591083634022855 1.0 [-1,-1] 1.0 1.0 1.0 0.0006812235016579503 0.1321480675826358 88.70225830598632 140.8315625224786 3049.358348232536 3049.358348232536 -1758.9444734935037 1054.6190068808676 2256.6522606347066
218.42169624404926 0.9830322937849654 39627812549692911 7 271-273-275-276-279-281-472 0.48204689643706844 1.0 10 1.4939021921087783 1.0 [-1,-1] 1.0 1.0 1.0 0.00048380039118235755 0.17655271186088778 89.01696770621504 141.57830375595074 1885.7684338347067 1885.7684338347067 -1603.1368834555292 -336.05980889418385 934.4188160551455
219.57176517542857 1.9303990062844352 39627836729853416 7 271-273-275-276-279-281-472 0.5649750734298001 1.0 10 1.6006261396099923 1.0 [-1,-1] 1.0 1.0 1.0 0.000677088223595666 0.13284793461577618 88.06960099371557 140.42823482457143 2160.4868925687606 2160.4868925687606 -132.92797518100542 183.32827293076244 2148.586630955317
