data_rosette/LRG_19_clustering_data.ecsv
# %ECSV 1.0
# ---
# datatype:
# - {name: RA, unit: deg, datatype: float64}
# - {name: DEC, unit: deg, datatype: float64}
# - {name: TARGETID, datatype: int64}
# - {name: NTILE, datatype: int64}
# - {name: TILES, datatype: string}
# - {name: Z, datatype: float64}
# - {name: COMP_TILE, datatype: float64}
# - {name: ROSETTE_NUMBER, datatype: int32}
# - {name: ROSETTE_R, unit: deg, datatype: float64}
# - {name: FRACZ_TILELOCID, datatype: float64}
# - {name: BITWEIGHTS, datatype: string, subtype: 'int64[2]'}
# - {name: PROB_OBS, datatype: float64}
# - {name: WEIGHT_ZFAIL, datatype: float64}
# - {name: WEIGHT, datatype: float64}
# - {name: NZ, unit: h3 / Mpc3, datatype: float64}
# - {name: WEIGHT_FKP, datatype: float64}
# - {name: theta, unit: deg, datatype: float64}
# - {name: phi, unit: deg, datatype: float64}
# - {name: rho, unit: Mpc, datatype: float64}
# - {name: r, unit: Mpc, datatype: float64}
# - {name: x, unit: Mpc, datatype: float64}
# - {name: y, unit: Mpc, datatype: float64}
# - {name: z, unit: Mpc, datatype: float64}
# meta: !!omap
# - {EXTNAME: LSS}
# - {DESIDR: edr}
# - comments: ['Visit https://desidatamodel.readthedocs.io/en/latest/ for a more complet', e description]
# schema: astropy-2.0
RA DEC TARGETID NTILE TILES Z COMP_TILE ROSETTE_NUMBER ROSETTE_R FRACZ_TILELOCID BITWEIGHTS PROB_OBS WEIGHT_ZFAIL WEIGHT NZ WEIGHT_FKP theta phi rho r x y z
[from data line 4732]
237.66555451718253 42.680222794416686 39633127605275878 6 572-575-576-578-579-581 0.9168007814199955 1.0 19 1.3786350832496823 1.0 [-1,-1] 1.0 1.0 1.0 0.00042618922305278896 0.1953324009783564 47.319777205583314 122.33444548281747 3183.704969461034 3183.704969461034 608.7867949214747 -115.61023854564098 -3122.8176769775628
236.21273165861479 44.07368811840209 39633149596009889 6 572-575-576-578-579-581 0.8244924801890012 1.0 19 0.628979632579466 1.0 [-1,-1] 1.0 1.0 1.0 0.000762533893525711 0.11946670068019369 45.92631188159791 123.78726834138521 2935.9483046879736 2935.9483046879736 -822.6242093865784 -2607.1318725470824 -1070.488326456873
237.84775080248232 42.6226584207124 39633123155120142 5 572-575-576-578-581 0.8798903647869578 1.0 19 1.5219254490540657 1.0 [-1,-1] 1.0 1.0 1.0 0.0005346154933450218 0.1621399955636538 47.3773415792876 122.15224919751768 3086.2776833145967 3086.2776833145967 721.5425210784953 -279.7471199965754 -2987.6793465254977
235.73332151408184 42.90661659399635 39633132017682288 5 572-575-576-578-581 0.7932545395569591 1.0 19 0.6056087909923383 1.0 [-1,-1] 1.0 1.0 1.0 0.0008239664519383997 0.11155322342262282 47.09338340600365 124.26667848591816 2848.942956633029 2848.942956633029 15.024186404813067 -85.58884634204409 -2847.6173888627764
237.8408593163158 42.62891322167181 39633127609468091 5 572-575-576-578-581 0.7631834509737171 1.0 19 1.5142458606565579 1.0 [-1,-1] 1.0 1.0 1.0 0.0007242712797402853 0.12498917450484462 47.37108677832819 122.1591406836842 2763.621134698514 2763.621134698514 632.1634818346627 -240.09610419083512 -2679.612839411575
237.85951827136327 43.91381540200494 39633149616980580 5 572-575-576-580-581 0.7918715577304792 1.0 19 1.3543188623015063 1.0 [-1,-1] 1.0 1.0 1.0 0.0008239664519383997 0.11155322342262282 46.08618459799506 122.14048172863673 2845.0529366417763 2845.0529366417763 -2273.9969358685526 912.5686921181483 -1445.8501063803953
238.11024935363326 43.710273092224966 39633145250711519 6 572-575-577-578-579-581 0.49906829136145825 1.0 19 1.4792833129182017 1.0 [-1,-1] 1.0 1.0 1.0 0.0007365189099627642 0.12316671624379881 46.289726907775034 121.88975064636674 1943.2853267627092 1943.2853267627092 -1161.114853248426 850.7952189914915 -1305.495175831131
235.1929477066544 42.74099188488656 39633127575914577 6 572-575-577-578-579-581 0.9532647247887153 1.0 19 0.9702410101501253 1.0 [-1,-1] 1.0 1.0 1.0 0.0003767415448896098 0.21544643941305056 47.25900811511344 124.8070522933456 3277.8736921985674 3277.8736921985674 -289.20468361177956 333.66280316316096 -3247.9971870015193
236.38588228157764 43.72625314116445 39633145229739837 5 572-575-577-578-580 0.797426243556594 1.0 19 0.34524327099890667 1.0 [-1,-1] 1.0 1.0 1.0 0.0008239664519383997 0.11155322342262282 46.27374685883555 123.61411771842236 2860.657350171159 2860.657350171159 -990.256389603611 -1907.727179172936 -1887.6784068750617
234.67571817344682 42.28496124235028 39633118646241084 5 572-575-577-578-580 0.5481794554180649 1.0 19 1.5642496749870265 1.0 [-1,-1] 1.0 1.0 1.0 0.0006094867785671962 0.14511252611805409 47.71503875764972 125.32428182655318 2105.956890295772 2105.956890295772 -1106.7194560048713 390.77078894106324 -1748.5778964618362
234.85328441697902 42.233596183499856 39633118650433702 6 572-575-577-578-580-581 0.41920601651628847 1.0 19 1.5215623815976702 1.0 [-1,-1] 1.0 1.0 1.0 0.0005613841910631427 0.1556117057517016 47.766403816500144 125.14671558302098 1668.2534942007935 1668.2534942007935 -868.9926086794534 494.0854536379496 -1335.590180960094
236.46043266842392 43.70831211379875 39633145229740642 4 572-575-577-581 0.7188293676443132 1.0 19 0.3672883729316501 1.0 [-1,-1] 1.0 1.0 1.0 0.0005823912580269674 0.15084542533972659 46.29168788620125 123.53956733157608 2634.8999213350594 2634.8999213350594 -1023.8903095727987 -1657.54861310826 -1773.944425453431
236.15120590660572 41.805899349641436 39633109662040620 3 572-575-578 0.44588623928932986 1.0 19 1.6445321689846955 1.0 [-1,-1] 1.0 1.0 1.0 0.0006285113834356281 0.1413409039925048 48.194100650358564 123.84879409339428 1761.6048222504967 1761.6048222504967 373.5348907364608 1499.6382922241835 -845.4633213059209
234.95649381722853 42.009780905201616 39633114154142913 3 572-575-578 0.8390347893594392 1.0 19 1.66722689443483 1.0 [-1,-1] 1.0 1.0 1.0 0.0006366829495309179 0.1397804201853648 47.990219094798384 125.04350618277147 2975.896531360135 2975.896531360135 -1845.2097117764492 1317.8689329056124 -1927.2734005867928
234.26823010371646 42.52922677586769 39633123113174704 3 572-575-578 0.861397253017113 1.0 19 1.6257121171188718 1.0 [-1,-1] 1.0 1.0 1.0 0.0006576102792991648 0.1359368301360722 47.47077322413231 125.73176989628354 3036.649232798825 3036.649232798825 -1029.9747534529804 -70.21240413518274 -2855.776739980337
234.28228577636116 42.546116100412895 39633123113174891 3 572-575-578 1.0399940191026102 1.0 19 1.607544637923608 1.0 [-1,-1] 1.0 1.0 1.0 0.00017557006270178804 0.37077784677498654 47.453883899587105 125.71771422363884 3493.8720117466573 3493.8720117466573 -1130.4945912134333 -61.11527576003137 -3305.3575505189424
233.93562256945683 43.401554494412295 39633140817330230 3 572-575-578 0.9320129609213873 1.0 19 1.5726146455724708 1.0 [-1,-1] 1.0 1.0 1.0 0.0003671239319408774 0.21984967794317842 46.598445505587705 126.06437743054317 3223.238767312443 3223.238767312443 1488.7191853685786 630.5987078520121 -2788.4276228506856
235.021819095361 41.966438880906985 39633114158334474 3 572-575-578 1.0658360591044245 1.0 19 1.681816205335827 1.0 [-1,-1] 1.0 1.0 1.0 0.00014839258087788972 0.41078905010633954 48.033561119093015 124.978180904639 3556.138836798788 3556.138836798788 -2172.7585295696863 1776.9707025998473 -2183.4877881207894
235.28797305212495 41.902366998750836 39633114158337377 3 572-575-578 1.0236960257096757 1.0 19 1.658763516674537 1.0 [-1,-1] 1.0 1.0 1.0 0.00020130102782971312 0.3394727840281335 48.097633001249164 124.71202694787505 3454.1165914084254 3454.1165914084254 -1657.697234860699 2326.3411741514615 -1941.9315245460507
236.86247571966683 42.05548521449393 39633114179308205 6 572-575-578-579-580-581 0.7752424250180135 1.0 19 1.5026902287980843 1.0 [-1,-1] 1.0 1.0 1.0 0.0007064174578981374 0.12774458208408304 47.94451478550607 123.13752428033317 2798.023178185155 2798.023178185155 1671.4136831882397 1181.6951713874153 -1907.591813578614
236.5444451233374 41.925463188024835 39633114175113730 6 572-575-578-579-580-581 0.756132447377391 1.0 19 1.559140363733151 1.0 [-1,-1] 1.0 1.0 1.0 0.0007242712797402853 0.12498917450484462 48.074536811975165 123.4555548766626 2743.389125661112 2743.389125661112 1328.5258397176972 1794.2369957209226 -1594.3389197985432
236.07882928052152 43.806451564458975 39633145225546072 5 572-575-578-579-581 0.8252387039869353 1.0 19 0.3567808029334568 1.0 [-1,-1] 1.0 1.0 1.0 0.000762533893525711 0.11946670068019369 46.193548435541025 123.92117071947848 2938.006735234217 2938.006735234217 -402.59096889560897 -2321.1087160987317 -1755.6361855737125
237.37048353606198 42.16441487870766 39633118679795891 5 572-575-578-579-581 0.4655157486292244 1.0 19 1.5878795106774675 1.0 [-1,-1] 1.0 1.0 1.0 0.0005330850268982689 0.1625298359500762 47.83558512129234 122.62951646393802 1829.3406419046785 1829.3406419046785 1187.8917237310404 128.07595204272906 -1385.2786677502354
237.3019312209285 42.11746126838641 39633114183503983 5 572-575-578-579-581 0.7823445073984227 1.0 19 1.5980191052068808 1.0 [-1,-1] 1.0 1.0 1.0 0.0007064174578981374 0.12774458208408304 47.88253873161359 122.69806877907149 2818.166875361544 2818.166875361544 1908.799471724416 339.3729720430517 -2045.3300711563172
234.32260427510295 42.57392288605376 39633123113175423 4 572-575-578-580 1.0499598119921854 1.0 19 1.5672983691334421 1.0 [-1,-1] 1.0 1.0 1.0 0.00017557006270178804 0.37077784677498654 47.42607711394624 125.67739572489705 3517.995764604177 3517.995764604177 -1046.8895031963475 -14.332374300680103 -3358.587672060555
235.0075420125692 42.001861737677466 39633114158334307 4 572-575-578-580 0.6265989795767377 1.0 19 1.6556039694037488 1.0 [-1,-1] 1.0 1.0 1.0 0.0007056687116799521 0.12786279395313782 47.998138262322534 124.99245798743081 2355.8565346348573 2355.8565346348573 -1415.0321614376585 1123.942738443197 -1511.4551645945817
236.94335186481368 42.05781331383036 39633114179309207 4 572-575-578-580 0.8067379420235845 1.0 19 1.523675780573899 1.0 [-1,-1] 1.0 1.0 1.0 0.0008239664519383997 0.11155322342262282 47.94218668616964 123.05664813518632 2886.6988874623244 2886.6988874623244 1813.2928554223804 1073.5140956957498 -1972.9589386738153
233.9894113656373 43.45629604233142 39633140817330892 4 572-575-578-580 0.9844050657044576 1.0 19 1.5321263589089353 1.0 [-1,-1] 1.0 1.0 1.0 0.00030269805442075816 0.25472307248715254 46.54370395766858 126.0105886343627 3356.699499132941 3356.699499132941 1730.473403046092 625.5654343039253 -2807.4118358790106
234.28113707893303 42.572282628782666 39633123113174875 4 572-575-578-580 0.8289889533279958 1.0 19 1.593445803777924 1.0 [-1,-1] 1.0 1.0 1.0 0.000762533893525711 0.11946670068019369 47.427717371217334 125.71886292106697 2948.3376564010773 2948.3376564010773 -880.7264756591456 -48.62735675670894 -2813.298987203542
235.06003176958606 41.97622067838761 39633114158334931 4 572-575-578-580 0.5029526259358028 1.0 19 1.6600580729464698 1.0 [-1,-1] 1.0 1.0 1.0 0.0007365189099627642 0.12316671624379881 48.02377932161239 124.93996823041394 1956.328255169739 1956.328255169739 -1148.2148303346023 1014.6808661399031 -1216.2424451007832
236.9661444900404 42.03818130454083 39633114179309465 4 572-575-578-580 0.7760710628367847 1.0 19 1.5484721735011946 1.0 [-1,-1] 1.0 1.0 1.0 0.0007064174578981374 0.12774458208408304 47.96181869545917 123.03385550995961 2800.3779161769176 2800.3779161769176 1814.7632517231934 1019.258179175424 -1873.4629907714848
235.85718885496757 41.84032410285986 39633109657846828 5 572-575-578-580-581 0.6168685301833052 1.0 19 1.6195518072912078 1.0 [-1,-1] 1.0 1.0 1.0 0.0007056687116799521 0.12786279395313782 48.15967589714014 124.14281114503243 2325.4926852285353 2325.4926852285353 -99.78799070661894 1998.0459780162196 -1185.6520803740736
235.0956028375009 42.01509925191756 39633114158335340 5 572-575-578-580-581 0.8111805572891564 1.0 19 1.6134190034717673 1.0 [-1,-1] 1.0 1.0 1.0 0.000762533893525711 0.11946670068019369 47.98490074808244 124.9043971624991 2899.071813589265 2899.071813589265 -1594.9253567723244 1513.8027757144462 -1889.2410229803027
235.86825033893928 41.82775826236353 39633109657846965 5 572-575-578-580-581 0.4313086107341321 1.0 19 1.6311732192263977 1.0 [-1,-1] 1.0 1.0 1.0 0.0006285113834356281 0.1413409039925048 48.17224173763647 124.13174966106072 1710.7836262391731 1710.7836262391731 -57.568254822013124 1481.4504311355781 -853.6809309882775
236.2043679706039 41.852548072253235 39633109662041249 5 572-575-578-580-581 0.7777702139457721 1.0 19 1.5992947405542448 1.0 [-1,-1] 1.0 1.0 1.0 0.0007064174578981374 0.12774458208408304 48.147451927746765 123.7956320293961 2805.202696207025 2805.202696207025 701.7009573512706 2290.475246098226 -1459.6236091098087
236.4406419884187 43.833366935929625 39633145229740445 5 572-575-578-580-581 1.0441444096367787 1.0 19 0.45578243489591375 1.0 [-1,-1] 1.0 1.0 1.0 0.00017557006270178804 0.37077784677498654 46.166633064070375 123.55935801158131 3503.9357068887966 3503.9357068887966 -1457.058117196833 -2466.6713382946355 -2017.4438257252325
236.45026310000145 43.76672554162462 39633145229740544 5 572-575-578-580-581 0.9393027543839565 1.0 19 0.40575256785214686 1.0 [-1,-1] 1.0 1.0 1.0 0.0003671239319408774 0.21984967794317842 46.23327445837538 123.54973689999855 3242.057344834324 3242.057344834324 -1302.7669146345172 -2157.7889441109937 -2039.0392507257454
234.46154715830957 42.50319912129628 39633123113177163 5 572-575-578-580-581 0.6342719217254782 1.0 19 1.52750046711389 1.0 [-1,-1] 1.0 1.0 1.0 0.0007982518636535506 0.11473445525619816 47.49680087870372 125.53845284169043 2379.6733664219187 2379.6733664219187 -860.1896823972049 108.30858702880315 -2216.1200985350606
236.92672215607962 42.03166914438769 39633114179309028 5 572-575-578-580-581 0.8032383223876908 1.0 19 1.5428053569059192 1.0 [-1,-1] 1.0 1.0 1.0 0.0008239664519383997 0.11155322342262282 47.96833085561231 123.07327784392038 2876.9288608046427 2876.9288608046427 1832.292745964404 1126.3257251738416 -1910.7101622246485
236.10596491297812 41.79591644554168 39633109662040098 4 572-575-578-581 1.0977361762828752 1.0 19 1.6540893763380577 1.0 [-1,-1] 1.0 1.0 1.0 5.9370222311395755e-05 0.6353792046182113 48.20408355445832 123.89403508702188 3631.726098972978 3631.726098972978 632.8763457563099 3140.2209773647764 -1711.11490036813
236.44319998774907 41.79596426627666 39633109666234452 4 572-575-578-581 0.8199695085739143 1.0 19 1.6731982910194656 1.0 [-1,-1] 1.0 1.0 1.0 0.000762533893525711 0.11946670068019369 48.20403573372334 123.55680001225093 2923.4520246158795 2923.4520246158795 1317.1179481279394 2216.795951586907 -1377.5295858811285
236.39804167096412 41.79570548801946 39633109662043360 4 572-575-578-581 0.6351757609185392 1.0 19 1.6687642332968413 1.0 [-1,-1] 1.0 1.0 1.0 0.0007982518636535506 0.11473445525619816 48.20429451198054 123.60195832903588 2382.471564668788 2382.471564668788 990.8754401393452 1853.451427206636 -1122.07594465334
236.05400006101857 41.78707375210514 39633109657848880 4 572-575-578-581 0.8217748676747122 1.0 19 1.6632706535817807 1.0 [-1,-1] 1.0 1.0 1.0 0.000762533893525711 0.11946670068019369 48.21292624789486 123.94599993898143 2928.444042137033 2928.444042137033 379.8804811688832 2567.1767032375387 -1356.8637007117654
237.23147944796946 42.134079888230474 39633118679794149 4 572-575-578-581 0.5350539814634434 1.0 19 1.5559360493900545 1.0 [-1,-1] 1.0 1.0 1.0 0.0006094867785671962 0.14511252611805409 47.865920111769526 122.76852055203054 2062.9540022231754 2062.9540022231754 1352.0059570784497 340.05412772550426 -1520.5993218234214
237.12536363111283 42.06183302959203 39633114183501567 4 572-575-578-581 0.5295224049585714 1.0 19 1.579152802690369 1.0 [-1,-1] 1.0 1.0 1.0 0.0006888416087567301 0.1305783864573065 47.93816697040797 122.87463636888717 2044.728169513764 2044.728169513764 1395.5441258351254 513.4069771349068 -1403.4896351164766
234.37473592393016 42.549055956589285 39633123113176090 4 572-575-578-581 0.5491259539979807 1.0 19 1.5503659862621062 1.0 [-1,-1] 1.0 1.0 1.0 0.0006094867785671962 0.14511252611805409 47.450944043410715 125.62526407606984 2109.04467785867 2109.04467785867 -677.0401815906639 26.039652707940377 -1997.2501050700967
236.43233328122815 44.91736212756612 39633166872347294 4 572-575-579-581 0.8099342668393461 1.0 19 1.4865852454621655 1.0 [-1,-1] 1.0 1.0 1.0 0.0008239664519383997 0.11155322342262282 45.08263787243388 123.56766671877185 2895.6041743065757 2895.6041743065757 -1294.1892657892895 -2233.1134720779437 1312.555484313497
236.32917401973782 41.82652514105256 39633109662042566 3 572-575-581 0.5301187109594816 0.75 19 1.6322030158938075 1.0 [-1,-1] 1.0 1.0 1.0 0.0006094867785671962 0.14511252611805409 48.17347485894744 123.67082598026218 2046.6958607989197 2046.6958607989197 727.121405671102 1619.1561737307352 -1019.1131895407678
236.46524134535343 41.82928496899769 39633109666234685 3 572-575-581 0.7924141497188116 0.75 19 1.6428298889620434 1.0 [-1,-1] 1.0 1.0 1.0 0.0008239664519383997 0.11155322342262282 48.17071503100231 123.53475865464657 2846.5795148468433 2846.5795148468433 1305.3410374583425 2090.6297286493773 -1424.207515764574
237.10455154042336 42.047147238260514 39633114183501300 3 572-575-581 0.5316344411777897 0.75 19 1.5849501538967934 1.0 [-1,-1] 1.0 1.0 1.0 0.0006094867785671962 0.14511252611805409 47.952852761739486 122.89544845957664 2051.6942695772077 2051.6942695772077 1408.3810389775351 551.66964178243 -1386.2080764445702
