data_rosette/LRG_14_clustering_data.ecsv
# %ECSV 1.0
# ---
# datatype:
# - {name: RA, unit: deg, datatype: float64}
# - {name: DEC, unit: deg, datatype: float64}
# - {name: TARGETID, datatype: int64}
# - {name: NTILE, datatype: int64}
# - {name: TILES, datatype: string}
# - {name: Z, datatype: float64}
# - {name: COMP_TILE, datatype: float64}
# - {name: ROSETTE_NUMBER, datatype: int32}
# - {name: ROSETTE_R, unit: deg, datatype: float64}
# - {name: FRACZ_TILELOCID, datatype: float64}
# - {name: BITWEIGHTS, datatype: string, subtype: 'int64[2]'}
# - {name: PROB_OBS, datatype: float64}
# - {name: WEIGHT_ZFAIL, datatype: float64}
# - {name: WEIGHT, datatype: float64}
# - {name: NZ, unit: h3 / Mpc3, datatype: float64}
# - {name: WEIGHT_FKP, datatype: float64}
# - {name: theta, unit: deg, datatype: float64}
# - {name: phi, unit: deg, datatype: float64}
# - {name: rho, unit: Mpc, datatype: float64}
# - {name: r, unit: Mpc, datatype: float64}
# - {name: x, unit: Mpc, datatype: float64}
# - {name: y, unit: Mpc, datatype: float64}
# - {name: z, unit: Mpc, datatype: float64}
# meta: !!omap
# - {EXTNAME: LSS}
# - {DESIDR: edr}
# - comments: ['Visit https://desidatamodel.readthedocs.io/en/latest/ for a more complet', e description]
# schema: astropy-2.0
RA DEC TARGETID NTILE TILES Z COMP_TILE ROSETTE_NUMBER ROSETTE_R FRACZ_TILELOCID BITWEIGHTS PROB_OBS WEIGHT_ZFAIL WEIGHT NZ WEIGHT_FKP theta phi rho r x y z
[from data line 1492]
253.47972232935874 34.48999127795261 39632971912712639 9 379-380-381-383-384-385-388-389-436 0.737469354586606 1.0 14 0.8075221649075562 1.0 [-1,-1] 1.0 1.0 1.0 0.0006073340474539246 0.1455520198534496 55.51000872204739 106.52027767064126 2689.418086588572 2689.418086588572 -2218.1834091403844 671.300135450811 1364.5468610596708
251.53514027101286 35.01219782626053 39632981828046760 9 379-380-381-383-384-385-388-436-437 1.0430423102404953 1.0 14 0.9437846226835572 1.0 [-1,-1] 1.0 1.0 1.0 0.00017557006270178804 0.37077784677498654 54.98780217373947 108.46485972898714 3501.2657563566645 3501.2657563566645 279.4857912368712 -3489.919865247483 34.76957410574554
251.38929006724504 33.665887999263916 39632956855161150 7 379-380-381-383-384-385-436 0.7951595350372944 1.0 14 1.2417536582431592 1.0 [-1,-1] 1.0 1.0 1.0 0.0008239664519383997 0.11155322342262282 56.334112000736084 108.61070993275496 2854.295962168482 2854.295962168482 136.03790879430028 -592.2961074814955 2788.850022515453
251.13832653090364 33.699812028852335 39632956855157392 6 379-380-381-383-384-386 0.7944853025680729 1.0 14 1.382606139153542 1.0 [-1,-1] 1.0 1.0 1.0 0.0008239664519383997 0.11155322342262282 56.300187971147665 108.86167346909636 2852.4020849060244 2852.4020849060244 321.896695649157 -623.2779419710159 2764.7974208536084
253.17133721361495 33.39538097022996 39632951842966951 9 379-380-381-383-384-386-387-388-389 0.8067994182139703 1.0 14 1.2370545785586529 1.0 [-1,-1] 1.0 1.0 1.0 0.0008239664519383997 0.11155322342262282 56.60461902977004 106.82866278638505 2886.8703285199254 2886.8703285199254 161.422783564807 2.3428230109749277 2882.3527698418998
251.66621789064197 35.56028666738545 39632991714017740 10 379-380-381-383-384-386-387-388-389-436 0.7464063365974526 1.0 14 1.2610748128285212 1.0 [-1,-1] 1.0 1.0 1.0 0.0006073340474539246 0.1455520198534496 54.43971333261455 108.33378210935803 2715.338856887362 2715.338856887362 -119.2397508209897 -2328.4860587639955 -1391.7613529941939
251.76316031938592 35.05133302854006 39632981832239659 10 379-380-381-383-384-386-387-388-389-436 0.8708492711065946 1.0 14 0.8186987111504129 1.0 [-1,-1] 1.0 1.0 1.0 0.0005346154933450218 0.1621399955636538 54.94866697145994 108.23683968061408 3062.0835604280355 3062.0835604280355 -451.66671583131404 -3027.269079607809 -89.41380488648024
251.87766589671457 34.151473135717644 39632966896322359 10 379-380-381-383-384-386-387-388-389-436 1.0748194934186528 1.0 14 0.6209785827327324 1.0 [-1,-1] 1.0 1.0 1.0 0.00012850791192818028 0.44600300211103894 55.848526864282356 108.12233410328543 3577.566466860158 3577.566466860158 -598.4183447313179 -2226.086340417443 2735.948997057178
253.7108898248554 35.57181365680739 39632991739187464 10 379-380-381-383-384-386-387-388-389-436 0.4522017798220076 1.0 14 1.4600373811776484 1.0 [-1,-1] 1.0 1.0 1.0 0.0005330850268982689 0.1625298359500762 54.42818634319261 106.2891101751446 1783.485033375495 1783.485033375495 -1315.917959828579 762.2764891692497 -931.7260012121507
253.6637434520809 35.47283002019015 39632991739186649 10 379-380-381-383-384-386-387-388-389-436 0.8821894599974985 1.0 14 1.3621247775400827 1.0 [-1,-1] 1.0 1.0 1.0 0.0005346154933450218 0.1621399955636538 54.52716997980985 106.3362565479191 3092.4092415527857 3092.4092415527857 -2471.7470537957215 1280.2081601191553 -1347.044351926681
253.6939335365538 33.97896782377043 39632961909297069 11 379-380-381-383-384-386-387-388-389-436-437 0.6970074985788433 1.0 14 1.116086451643319 1.0 [-1,-1] 1.0 1.0 1.0 0.0005639081233901963 0.1550231922816235 56.02103217622957 106.3060664634462 2570.2855118176053 2570.2855118176053 -1130.6428467248297 629.5935024219787 2220.726544876133
252.83284947571545 34.91117200494457 39632981849014928 11 379-380-381-383-384-386-387-388-389-436-437 0.8280658875808703 1.0 14 0.49389866749972855 1.0 [-1,-1] 1.0 1.0 1.0 0.000762533893525711 0.11946670068019369 55.08882799505543 107.16715052428455 2945.79702536237 2945.79702536237 -2747.160444712014 -1012.1426762776416 326.1852364853611
251.39519019206165 34.644932958679526 39632976866182121 11 379-380-381-383-384-386-387-388-389-436-437 0.7975545299253455 1.0 14 0.9211782892301905 1.0 [-1,-1] 1.0 1.0 1.0 0.0008239664519383997 0.11155322342262282 55.355067041320474 108.60480980793835 2861.0171180469792 2861.0171180469792 580.112060004185 -2595.8602118389654 1053.7545768284506
250.9799299059015 34.563024194751186 39632971879156562 11 379-380-381-383-384-386-387-388-389-436-437 0.8162923628161662 1.0 14 1.2538288702933944 1.0 [-1,-1] 1.0 1.0 1.0 0.000762533893525711 0.11946670068019369 55.436975805248814 109.02007009409849 2913.267488195547 2913.267488195547 1549.4009068719658 -2102.3321618127625 1291.0010724121014
252.95648227839084 35.54887603236962 39632991730796086 11 379-380-381-383-384-386-387-388-389-436-437 0.928293713525681 1.0 14 1.1134944752111773 1.0 [-1,-1] 1.0 1.0 1.0 0.00042618922305278896 0.1953324009783564 54.45112396763038 107.04351772160916 3213.606100842565 3213.606100842565 -2705.2369069598403 -631.6086629899718 -1615.5580910109456
251.38742560186134 34.64261334461548 39632976866181989 11 379-380-381-383-384-386-387-388-389-436-437 0.6448390638057184 1.0 14 0.9271455491101803 1.0 [-1,-1] 1.0 1.0 1.0 0.0007982518636535506 0.11473445525619816 55.35738665538452 108.61257439813866 2412.292129779522 2412.292129779522 505.63983619726486 -2182.8452594259415 893.682409387316
251.12177928526424 34.3288559963202 39632966883741513 11 379-380-381-383-384-386-387-388-389-436-437 0.8503622173590321 1.0 14 1.1497911845347684 1.0 [-1,-1] 1.0 1.0 1.0 0.0006576102792991648 0.1359368301360722 55.6711440036798 108.87822071473576 3006.7720764674023 3006.7720764674023 1095.0847773815526 -2036.983525301612 1921.5009153838846
251.3553070132882 34.056874243651755 39632961879933189 11 379-380-381-383-384-386-387-388-389-436-437 0.5671007933474195 1.0 14 1.0445158913543602 1.0 [-1,-1] 1.0 1.0 1.0 0.0006724560872077301 0.13333590500666823 55.943125756348245 108.64469298671179 2167.3488462992696 2167.3488462992696 316.8507333780129 -1192.288500680292 1781.980573816149
253.23088629823545 34.20055719120526 39632966913102030 11 379-380-381-383-384-386-387-388-389-436-437 0.6210113931375417 1.0 14 0.673632585104049 1.0 [-1,-1] 1.0 1.0 1.0 0.0007056687116799521 0.12786279395313782 55.79944280879474 106.76911370176455 2338.4424804441196 2338.4424804441196 -1591.0315440177947 71.70300908955888 1712.2472189416753
252.93820449360985 34.87067353910109 39632976887154049 11 379-380-381-383-384-386-387-388-389-436-437 0.9707791234676438 1.0 14 0.5169487646103483 1.0 [-1,-1] 1.0 1.0 1.0 0.00030269805442075816 0.25472307248715254 55.12932646089891 107.06179550639015 3322.3863655249643 3322.3863655249643 -3184.155591603543 -805.0665580264332 501.27055312829077
253.32452394743675 34.72428328035037 39632976891349788 11 379-380-381-383-384-386-387-388-389-436-437 0.7139273233466528 1.0 14 0.714697203386403 1.0 [-1,-1] 1.0 1.0 1.0 0.0005823912580269674 0.15084542533972659 55.27571671964963 106.67547605256325 2620.4595837119564 2620.4595837119564 -2481.034997347069 346.278021439449 769.0027982230295
252.37252373041665 35.24213125307836 39632986785714068 11 379-380-381-383-384-386-387-388-389-436-437 0.6574170028176457 1.0 14 0.7494643431799793 1.0 [-1,-1] 1.0 1.0 1.0 0.0006371005092682059 0.1397016056866948 54.75786874692164 107.62747626958335 2450.845157216334 2450.845157216334 -1643.3521912347464 -1737.8053246162633 -534.8534509097583
251.5375216591433 35.50114460489929 39632991709826672 10 379-380-381-383-384-386-387-388-389-437 0.6989184425479392 1.0 14 1.274298977649571 1.0 [-1,-1] 1.0 1.0 1.0 0.0005639081233901963 0.1550231922816235 54.49885539510071 108.4624783408567 2575.978130347019 2575.978130347019 177.0639468945399 -2279.181383216906 -1187.284257932245
253.15266945340304 33.55113643802905 39632951842966677 10 379-380-381-383-384-386-387-388-389-437 0.5630199733086568 1.0 14 1.0922108933638717 1.0 [-1,-1] 1.0 1.0 1.0 0.0006724560872077301 0.13333590500666823 56.44886356197095 106.84733054659696 2154.167879932717 2154.167879932717 -214.52012170340237 -7.120460503347398 2143.4480799311173
251.53608770981168 33.618338084014596 39632951821993044 10 379-380-381-383-384-386-387-388-389-437 0.8757329122475546 1.0 14 1.1895356898057812 1.0 [-1,-1] 1.0 1.0 1.0 0.0005346154933450218 0.1621399955636538 56.381661915985404 108.46391229018832 3075.16853882113 3075.16853882113 40.324332293936706 -509.59417889329643 3032.383429452548
252.77207807014497 34.9416177172432 39632981844824366 10 379-380-381-383-384-386-387-388-389-437 0.9052383157306784 1.0 14 0.4950115561434602 1.0 [-1,-1] 1.0 1.0 1.0 0.0005723615213970424 0.15308410280969617 55.0583822827568 107.22792192985503 3153.4157084241874 3153.4157084241874 -2877.948999239509 -1263.7729897778247 253.60997263662472
252.12387716944775 34.72923090559333 39632976874572411 10 379-380-381-383-384-386-387-388-389-437 0.863766596052444 1.0 14 0.3851818326464215 1.0 [-1,-1] 1.0 1.0 1.0 0.0006576102792991648 0.1359368301360722 55.27076909440667 107.87612283055225 3043.0384185445632 3043.0384185445632 -1419.2828531588216 -2544.3593435008365 878.6094300697793
251.9367873771504 34.95799770114465 39632981836432208 9 379-380-381-383-384-386-387-388-436 0.41501170326503867 1.0 14 0.6511651412955125 1.0 [-1,-1] 1.0 1.0 1.0 0.0005613841910631427 0.1556117057517016 55.04200229885535 108.06321262284959 1653.442382639842 1653.442382639842 -521.7635199166565 -1565.3773249948993 105.96401457906187
254.11761457662436 34.654001659853236 39632976903930800 9 379-380-381-383-384-386-387-388-436 0.8160453494668752 1.0 14 1.3407446743783817 1.0 [-1,-1] 1.0 1.0 1.0 0.000762533893525711 0.11946670068019369 55.345998340146764 105.88238542337564 2912.582529048368 2912.582529048368 -1620.7360934990809 2181.224481913911 1048.1465848088792
253.54878430266814 33.71522991019654 39632956888711980 10 379-380-381-383-384-386-387-388-436-437 0.8579112573270583 1.0 14 1.1704318544800718 1.0 [-1,-1] 1.0 1.0 1.0 0.0006576102792991648 0.1359368301360722 56.28477008980346 106.45121569733186 3027.232344175036 3027.232344175036 -738.2013600834715 280.3370243061078 2922.431448365144
251.70773730796793 35.55117196202117 39632991714018387 10 379-380-381-383-384-386-387-388-436-437 0.8454859934186644 1.0 14 1.2352519424502237 1.0 [-1,-1] 1.0 1.0 1.0 0.0006366829495309179 0.1397804201853648 54.44882803797883 108.29226269203207 2993.506564355391 2993.506564355391 -239.17687838592138 -2573.1732279199136 -1510.8459586604436
253.477851773108 33.43281273815683 39632951847161232 10 379-380-381-383-384-386-387-388-436-437 0.8576246602079577 1.0 14 1.3403558498228587 1.0 [-1,-1] 1.0 1.0 1.0 0.0006576102792991648 0.1359368301360722 56.56718726184317 106.522148226892 3026.4572686208367 3026.4572686208367 53.67283810722334 -16.133752743232954 3025.938288739516
251.70554457427332 34.453827773427825 39632971891736743 10 379-380-381-383-384-386-387-388-436-437 0.7894283137779813 1.0 14 0.6565366452196815 1.0 [-1,-1] 1.0 1.0 1.0 0.0007064174578981374 0.12774458208408304 55.546172226572175 108.29445542572668 2838.1726806737925 2838.1726806737925 -216.16483947242511 -2382.2721767821113 1527.5065313211408
251.70929365711737 35.53703914560549 39632991714018414 10 379-380-381-383-384-386-387-388-436-437 0.849609723369245 1.0 14 1.2226022853010092 1.0 [-1,-1] 1.0 1.0 1.0 0.0006366829495309179 0.1397804201853648 54.46296085439451 108.29070634288263 3004.727491808306 3004.727491808306 -246.08526485397783 -2603.5206361500123 -1479.6991719911907
253.30840576719928 34.72998729192862 39632976891349507 10 379-380-381-383-384-386-387-388-436-437 0.8641201738019365 1.0 14 0.7039354553653308 1.0 [-1,-1] 1.0 1.0 1.0 0.0006576102792991648 0.1359368301360722 55.27001270807138 106.69159423280072 3043.9911000787833 3043.9911000787833 -2893.1509698318396 356.3589351636042 876.6798688512168
252.02018930475924 33.28442279912693 39632946776245514 9 379-380-381-383-384-386-387-388-437 0.6898842041326082 1.0 14 1.279157806779612 1.0 [-1,-1] 1.0 1.0 1.0 0.0008053318504768218 0.11384060807160488 56.71557720087307 107.97981069524076 2549.0071072549663 2549.0071072549663 166.91219855812992 389.19941348041976 2513.583371872777
252.01666246619104 33.29077173107892 39632946776245462 9 379-380-381-383-384-386-387-388-437 0.446424084870783 1.0 14 1.2740401556262948 1.0 [-1,-1] 1.0 1.0 1.0 0.0006285113834356281 0.1413409039925048 56.70922826892108 107.98333753380896 1763.4714171872292 1763.4714171872292 110.20594889614016 259.4966961336012 1740.7893476121633
253.65292573720373 33.97937670215526 39632961909296373 10 379-380-381-383-384-386-387-389-436-437 0.5763470138782409 1.0 14 1.0860244256742624 1.0 [-1,-1] 1.0 1.0 1.0 0.0005369919189708607 0.1615383650856205 56.02062329784474 106.34707426279627 2197.0932695085457 2197.0932695085457 -988.4231298236815 498.4546808421676 1897.8359998945748
252.2825789868341 33.214308114789596 39632946780439122 10 379-380-381-383-384-386-387-389-436-437 0.8413999844211225 1.0 14 1.2983064699656202 1.0 [-1,-1] 1.0 1.0 1.0 0.0006366829495309179 0.1397804201853648 56.785691885210404 107.7174210131659 2982.3608055622663 2982.3608055622663 433.511390548422 549.9777306212426 2898.9771204063495
251.9273093974033 35.42980959823025 39632991714021802 10 379-380-381-383-384-386-387-389-436-437 0.7543812046445353 1.0 14 1.0415355524674492 1.0 [-1,-1] 1.0 1.0 1.0 0.0007242712797402853 0.12498917450484462 54.57019040176975 108.07269060259671 2738.350720524762 2738.350720524762 -772.2928921285327 -2392.3570407866678 -1085.7053683042593
253.6706942308947 33.97523419987511 39632961909296657 10 379-380-381-383-384-386-387-389-436-437 0.6982807738412059 1.0 14 1.1009272387255356 1.0 [-1,-1] 1.0 1.0 1.0 0.0005639081233901963 0.1550231922816235 56.02476580012489 106.3293057691053 2574.0792789092475 2574.0792789092475 -1139.3029720370266 600.1665014941767 2228.8277283140997
251.32632469892104 34.03221470044747 39632961875743152 10 379-380-381-383-384-386-387-389-436-437 0.44424011391952734 1.0 14 1.0768597371654907 1.0 [-1,-1] 1.0 1.0 1.0 0.0006285113834356281 0.1413409039925048 55.96778529955253 108.67367530107896 1755.8882009028318 1755.8882009028318 274.3594086506701 -923.679302788419 1467.885157141027
251.51274766874548 35.44280893339351 39632991709826245 10 379-380-381-383-384-386-387-389-436-437 0.7560746267825753 1.0 14 1.242302471270651 1.0 [-1,-1] 1.0 1.0 1.0 0.0007242712797402853 0.12498917450484462 54.55719106660649 108.48725233125452 2743.2228585827606 2743.2228585827606 255.73161833751865 -2490.9519918734945 -1120.281734839463
251.51138218742253 33.213572047185544 39632946767858193 9 379-380-381-383-384-386-387-389-437 0.8525108411492553 1.0 14 1.5260518479368799 1.0 [-1,-1] 1.0 1.0 1.0 0.0006576102792991648 0.1359368301360722 56.786427952814456 108.48861781257747 3012.604968897874 3012.604968897874 -73.42804775201972 705.7384544751046 2927.854206463597
252.1462582316344 33.604691881243156 39632951830382104 9 379-380-381-383-384-386-387-436-437 0.5337726960465555 1.0 14 0.9420567122666659 1.0 [-1,-1] 1.0 1.0 1.0 0.0006094867785671962 0.14511252611805409 56.395308118756844 107.85374176836561 2058.7377682245688 2058.7377682245688 -159.31255356557662 -271.1534408664748 2034.5752677394278
251.9917701285317 34.585346874165296 39632971891741233 9 379-380-381-383-384-386-387-436-437 0.6304769555083762 1.0 14 0.42724183032595675 1.0 [-1,-1] 1.0 1.0 1.0 0.0007982518636535506 0.11473445525619816 55.414653125834704 108.0082298714683 2367.9076930869014 2367.9076930869014 -789.3017215358324 -1995.1481562614722 1001.6853148205533
252.60997092955702 34.898562226888934 39632981844821787 8 379-380-381-383-384-386-387-437 0.6675257424849921 1.0 14 0.40868842562923186 1.0 [-1,-1] 1.0 1.0 1.0 0.0006371005092682059 0.1397016056866948 55.101437773111066 107.39002907044298 2481.6164135271288 2481.6164135271288 -2065.496893863648 -1341.11502571063 305.86450127474313
