data_rosette/LRG_16_clustering_data.ecsv
# %ECSV 1.0
# ---
# datatype:
# - {name: RA, unit: deg, datatype: float64}
# - {name: DEC, unit: deg, datatype: float64}
# - {name: TARGETID, datatype: int64}
# - {name: NTILE, datatype: int64}
# - {name: TILES, datatype: string}
# - {name: Z, datatype: float64}
# - {name: COMP_TILE, datatype: float64}
# - {name: ROSETTE_NUMBER, datatype: int32}
# - {name: ROSETTE_R, unit: deg, datatype: float64}
# - {name: FRACZ_TILELOCID, datatype: float64}
# - {name: BITWEIGHTS, datatype: string, subtype: 'int64[2]'}
# - {name: PROB_OBS, datatype: float64}
# - {name: WEIGHT_ZFAIL, datatype: float64}
# - {name: WEIGHT, datatype: float64}
# - {name: NZ, unit: h3 / Mpc3, datatype: float64}
# - {name: WEIGHT_FKP, datatype: float64}
# - {name: distance, unit: Mpc, datatype: float64}
# - {name: x, unit: Mpc, datatype: float64}
# - {name: y, unit: Mpc, datatype: float64}
# - {name: z, unit: Mpc, datatype: float64}
# meta: !!omap
# - {EXTNAME: LSS}
# - {DESIDR: edr}
# - comments: ['Visit https://desidatamodel.readthedocs.io/en/latest/ for a more complet', e description]
# schema: astropy-2.0
RA DEC TARGETID NTILE TILES Z COMP_TILE ROSETTE_NUMBER ROSETTE_R FRACZ_TILELOCID BITWEIGHTS PROB_OBS WEIGHT_ZFAIL WEIGHT NZ WEIGHT_FKP distance x y z
[from data line 5214]
195.72843181627735 24.201540231096544 39628357163289258 6 483-484-485-488-489-490 0.8506982164778509 1.0 16 1.0206701612567874 1.0 [-1,-1] 1.0 1.0 1.0 0.0006812235016579503 0.1321480675826358 3007.6847136829574 -2640.6187893510573 -743.6585462498979 1232.9929897764132
194.8901379296168 23.159190575902127 39628335000587935 7 483-484-485-488-489-490-491 0.5958521635982698 1.0 16 1.5461241048467511 1.0 [-1,-1] 1.0 1.0 1.0 0.0007756247847600315 0.11796159141779075 2259.2940163835206 -2007.4776548096775 -533.7785186253326 888.551299003249
193.82480274256565 23.414688627837073 39628340537069627 5 483-484-485-488-490 0.7764730713179477 1.0 16 1.5380888157706822 1.0 [-1,-1] 1.0 1.0 1.0 0.0007324854237337303 0.12404708914385561 2801.519877112047 -2496.348169145986 -614.3078815535781 1113.2768150449103
194.63375622926986 24.884330618987693 39628373646902153 6 483-484-485-488-490-491 0.9524390349399677 1.0 16 0.2124014402994495 1.0 [-1,-1] 1.0 1.0 1.0 0.00041974738576830407 0.19815580287489248 3275.7638025711726 -2875.240526784444 -750.7532421905403 1378.4012379246676
193.77358981728003 23.45683971247855 39628340537068628 6 483-484-485-488-490-491 0.7222767734718939 1.0 16 1.5297316030812054 1.0 [-1,-1] 1.0 1.0 1.0 0.0006167714992318164 0.14396928707710532 2645.0294755767536 -2356.6702001147673 -577.7020193247326 1052.8755251353239
194.7371160851727 24.810650698603872 39628368156560354 5 483-484-485-488-491 0.8308121426731724 1.0 16 0.11126754054011191 1.0 [-1,-1] 1.0 1.0 1.0 0.0006232532477076302 0.14268566385842998 2953.351624445928 -2592.567388752129 -681.9426758376621 1239.2878355199566
193.46136497500297 23.783485746039187 39628346073548296 5 483-484-485-488-491 0.9002030504524301 1.0 16 1.4901601989938156 1.0 [-1,-1] 1.0 1.0 1.0 0.0005275616701708153 0.16431404058018498 3140.1598102040143 -2794.541780268069 -668.9174504048245 1266.3685547661835
195.2214560174083 24.247494449806815 39628357154901258 6 483-484-485-489-490-491 0.790240448471488 1.0 16 0.6236049532514786 1.0 [-1,-1] 1.0 1.0 1.0 0.0007229154976227362 0.12548315978664992 2840.4608068689035 -2499.01798538763 -679.9731698514049 1166.517549096338
195.18240952234902 24.83861737600278 39628368164947157 5 483-484-486-487-488 0.9424971541598904 1.0 16 0.4163794442076684 1.0 [-1,-1] 1.0 1.0 1.0 0.0004445766401596716 0.18918261239264766 3250.2780507725865 -2846.6592639644005 -772.4818111874157 1365.3242448606525
194.47317491655696 25.57797110880681 39628384585647612 7 483-484-486-487-488-489-490 0.6329623350698057 1.0 16 0.9130354152102583 1.0 [-1,-1] 1.0 1.0 1.0 0.000833303205902425 0.11070054926254569 2375.616279522571 -2074.8001712605787 -535.5435715594131 1025.6461572253484
194.45054580326587 25.573080094763736 39628384585647244 7 483-484-486-487-488-489-490 1.0213949278308778 1.0 16 0.9141986259824335 1.0 [-1,-1] 1.0 1.0 1.0 0.00020304675497218746 0.33812883710054276 3448.472984873729 -3012.234590519189 -776.243581518545 1488.574687825532
194.45775098138654 25.570291045397692 39628384585647358 7 483-484-486-487-488-489-490 0.9453272883476385 1.0 16 0.9096177415739172 0.5 [-1,-1] 1.0 1.0 1.0 0.0004445766401596716 0.18918261239264766 3257.5483253531293 -2845.436308078617 -733.641777532148 1406.0167320975863
194.62024383878133 24.448772118643898 39628362657826033 7 483-484-486-487-488-489-490 0.9117760274806995 1.0 16 0.27756107073521863 1.0 [-1,-1] 1.0 1.0 1.0 0.0004951280553168204 0.17321314004730964 3170.5676666625427 -2792.8109737941722 -728.5265783927679 1312.2329130593148
195.21216808844622 25.274627060223292 39628379133051503 7 483-484-486-487-488-489-490 0.6416021053114986 1.0 16 0.7111111439271497 1.0 [-1,-1] 1.0 1.0 1.0 0.000833303205902425 0.11070054926254569 2402.3225495994957 -2096.234818743051 -570.0124691572039 1025.6895251531123
196.27003774576693 25.079845541224316 39628373672067529 8 483-484-486-487-488-489-490-491 0.6690686942875957 1.0 16 1.4302058908382873 1.0 [-1,-1] 1.0 1.0 1.0 0.000700708733790897 0.12894715825466588 2486.2965560349853 -2161.6998648490926 -630.8983623629529 1053.8935027936118
194.58814168492034 23.39381451248429 39628340549651176 8 483-484-486-487-488-489-490-491 0.8034784524533314 1.0 16 1.3145216241203868 1.0 [-1,-1] 1.0 1.0 1.0 0.0007229154976227362 0.12548315978664992 2877.599901403652 -2555.9098869574964 -665.1998084736972 1142.5476170023646
195.45737598742164 24.82019172891325 39628368169141519 8 483-484-486-487-488-489-490-491 0.5216231635062574 1.0 16 0.653493600628036 1.0 [-1,-1] 1.0 1.0 1.0 0.0006865842838717192 0.13125169390769817 2018.5950537312656 -1765.86639884656 -488.3036719426669 847.3496187172805
194.57047527663696 24.305197506443882 39628357146510725 8 483-484-486-487-488-489-490-491 0.6333267742478208 1.0 16 0.4272638509035188 1.0 [-1,-1] 1.0 1.0 1.0 0.000833303205902425 0.11070054926254569 2376.7456335981706 -2096.4214225612072 -544.9234410943312 978.2614523737134
194.4453159610593 26.161278977978235 39628400914076473 8 483-484-486-487-488-489-490-491 0.7630570256840037 1.0 16 1.486957770766148 1.0 [-1,-1] 1.0 1.0 1.0 0.0006416626200019751 0.139161677870846 2763.2591333795335 -2401.7732633262535 -618.6957946905345 1218.319228859504
195.97442814471094 24.509822164925616 39628362678797471 8 483-484-486-487-488-489-490-491 0.6698774778247288 1.0 16 1.129373477661694 1.0 [-1,-1] 1.0 1.0 1.0 0.000700708733790897 0.12894715825466588 2488.74803423149 -2177.043326122246 -623.2057286450942 1032.4552067095358
193.4225595919507 24.177345996078767 39628357129732375 6 483-484-486-487-488-490 0.706326600097339 1.0 16 1.3166741888379372 1.0 [-1,-1] 1.0 1.0 1.0 0.0005843703162771602 0.15074849413407446 2597.984255684 -2305.3544030604166 -550.1722038268838 1064.0365666687246
194.68959186059155 24.22775230856961 39628357146513237 7 483-484-486-487-488-490-491 0.7796052142719629 1.0 16 0.47543789084120225 1.0 [-1,-1] 1.0 1.0 1.0 0.0007324854237337303 0.12404708914385561 2810.4076522907408 -2479.1006064463922 -649.8985527381238 1153.2923420886716
194.4947423443917 25.45684665512216 39628384585648012 6 483-484-486-487-488-491 0.9981012233285781 1.0 16 0.7913698761129915 1.0 [-1,-1] 1.0 1.0 1.0 0.0002622817504223413 0.28340640119267335 3390.912977054683 -2964.23516296036 -766.3131431466282 1457.5201141898372
194.42256687051798 26.245801018909614 39628400914075984 6 483-484-486-487-489-490 0.8017495113405267 1.0 16 1.5738084218951047 1.0 [-1,-1] 1.0 1.0 1.0 0.0007229154976227362 0.12548315978664992 2872.766223080178 -2495.3976649916394 -641.756974339124 1270.4031847849396
194.42035493374786 26.24086531071088 39628400914075939 6 483-484-486-487-489-490 0.8052870117746216 1.0 16 1.5693394179643463 1.0 [-1,-1] 1.0 1.0 1.0 0.0007229154976227362 0.12548315978664992 2882.650773472128 -2504.114978379749 -643.8957944796351 1274.5516320279405
195.7796264591855 25.93915905581832 39628395503424128 6 483-484-486-487-489-491 1.0073427520273932 1.0 16 1.5497381708495834 1.0 [-1,-1] 1.0 1.0 1.0 0.0002622817504223413 0.28340640119267335 3413.8434669180288 -2954.2385219341563 -834.8307534838792 1493.2714372064897
195.7514864501169 25.939535842876897 39628395503423550 6 483-484-486-487-489-491 0.8600265635469264 1.0 16 1.5349011023310029 1.0 [-1,-1] 1.0 1.0 1.0 0.0006812235016579503 0.1321480675826358 3032.948873275397 -2624.9792331251915 -740.3942282661742 1326.6797956983135
194.24637974232232 25.95142015002492 39628395482449394 7 483-484-486-488-489-490-491 0.6423791762480332 1.0 16 1.3316386505330697 1.0 [-1,-1] 1.0 1.0 1.0 0.000833303205902425 0.11070054926254569 2404.7176608864856 -2095.7424387154924 -532.1098156261181 1052.3259016391025
196.01825921444217 25.29526320686975 39628379145633912 7 483-484-486-488-489-490-491 0.7920272557765735 1.0 16 1.2944329389237352 1.0 [-1,-1] 1.0 1.0 1.0 0.0007229154976227362 0.12548315978664992 2845.491043081795 -2472.7727522149276 -709.9090806115037 1215.8302880860729
194.73630002144887 26.29442168807372 39628400918270839 4 483-484-486-489 1.0100693579140694 1.0 16 1.5944696337625948 1.0 [-1,-1] 1.0 1.0 1.0 0.00020304675497218746 0.33812883710054276 3420.5851103539117 -2965.7835239298183 -780.0673841639605 1515.2641560219486
193.9708622707107 25.777161700748685 39628390034049535 7 483-484-487-488-489-490-491 0.8242401455762354 1.0 16 1.287221861811885 1.0 [-1,-1] 1.0 1.0 1.0 0.0006627118749498285 0.13533979738261318 2935.2520396021437 -2564.982886555752 -638.1367271092457 1276.4594960980812
193.22383483409988 24.75250000845547 39628368135586457 7 483-484-487-488-489-490-491 1.0338185170336955 1.0 16 1.3872277552783718 1.0 [-1,-1] 1.0 1.0 1.0 0.00017111768859933566 0.3774092623312036 3478.8527332636704 -3075.4620409470167 -722.6930043244994 1456.5934216281998
193.9786630736872 23.391375404789095 39628340541261572 7 483-484-487-488-489-490-491 0.7831972407842243 1.0 16 1.4861505089674651 1.0 [-1,-1] 1.0 1.0 1.0 0.0007324854237337303 0.12404708914385561 2820.579673052729 -2512.104191943737 -625.344351422115 1119.797599122894
194.89489008214727 26.279661871166155 39628400922462616 4 483-484-487-489 0.858873481848048 1.0 16 1.5850662353720313 1.0 [-1,-1] 1.0 1.0 1.0 0.0006812235016579503 0.1321480675826358 3029.833616733933 -2625.3978926540144 -698.3136491224337 1341.467740122064
194.86556363039634 24.841701983679812 39628368160752062 4 483-484-487-491 0.7532621806619175 1.0 16 0.17632327080586896 1.0 [-7853424350862132985,1131189603502180992] 0.4375 1.0 2.263157894736842 0.0006416626200019751 0.139161677870846 2735.1284341305 -2398.9791437661156 -636.7753074522861 1149.062150966345
193.91427229455923 23.346288490945835 39628334988002572 4 483-484-488-491 0.5164794408570196 1.0 16 1.5540831999341214 1.0 [-1,-1] 1.0 1.0 1.0 0.0006865842838717192 0.13125169390769817 2001.51071578767 -1783.7174920559587 -441.8970142475582 793.1734253904156
194.75670102871814 26.285613336601156 39628400922460365 3 483-484-489 0.7613598087876278 1.0 16 1.5856248720887787 1.0 [-1,-1] 1.0 1.0 1.0 0.0006416626200019751 0.139161677870846 2758.3967008007244 -2391.597291749897 -629.9541264342909 1221.5451492561738
196.4157332925426 23.975281009072813 39628351651971607 2 483-485 0.5633347946244307 1.0 16 1.6818342156840154 1.0 [-424484640420902689,-227169309832284179] 0.65625 1.0 1.5176470588235293 0.000677088223595666 0.13284793461577618 2155.185910342029 -1888.965075515976 -556.5163376427645 875.7435797962821
195.9598649915336 23.88527566365312 39628351643584487 6 483-485-486-487-488-489 0.5903442998396441 1.0 16 1.3710463618365039 1.0 [-1,-1] 1.0 1.0 1.0 0.0007756247847600315 0.11796159141779075 2241.8044936029273 -1970.801022877273 -563.6243662063965 907.7214823846627
195.2292753722128 25.15284863840248 39628379133051816 7 483-485-486-487-488-489-490 0.6398272826907138 1.0 16 0.6276734492765388 1.0 [-1,-1] 1.0 1.0 1.0 0.000833303205902425 0.11070054926254569 2396.8478848359355 -2093.381759358254 -569.9079689161578 1018.7430979371093
194.64123472885439 26.04885715976236 39628395486645364 8 483-485-486-487-488-489-490-491 0.5989038882732575 1.0 16 1.3524320089035629 1.0 [-1,-1] 1.0 1.0 1.0 0.0007756247847600315 0.11796159141779075 2268.959171177328 -1972.2836405962908 -515.25741637907 996.3848435079253
195.97531356635233 24.968253311940007 39628373667872982 8 483-485-486-487-488-489-490-491 0.7080013810509564 1.0 16 1.1438988472653664 1.0 [-1,-1] 1.0 1.0 1.0 0.0005843703162771602 0.15074849413407446 2602.9455080428033 -2268.5490095316645 -649.4382986400442 1098.7450138465413
193.5945607602611 24.34442050752098 39628357129734949 8 483-485-486-487-488-489-490-491 0.709069326395546 1.0 16 1.1097234986871092 1.0 [-1,-1] 1.0 1.0 1.0 0.0005843703162771602 0.15074849413407446 2606.106476060442 -2307.8595159783054 -558.0980684093136 1074.291378123436
193.59114448360287 24.346233099666485 39628357129734905 8 483-485-486-487-488-489-490-491 0.9853025580871031 1.0 16 1.1120830475505383 1.0 [-1,-1] 1.0 1.0 1.0 0.0003578035202613049 0.22475091060875194 3358.9499217660646 -2974.546669024467 -719.1319448951206 1384.725942762344
194.99304798345668 25.805476370740056 39628390050825007 7 483-485-486-487-488-489-491 0.9085734242640512 1.0 16 1.127118798055604 1.0 [-1,-1] 1.0 1.0 1.0 0.0005275616701708153 0.16431404058018498 3162.173857985353 -2749.9188263062692 -736.4809214684933 1376.54851318987
195.18688023801184 23.6418558393261 39628346098715677 7 483-485-486-487-488-489-491 1.0104038088481324 1.0 16 1.1307193157138329 1.0 [-1,-1] 1.0 1.0 1.0 0.00020304675497218746 0.33812883710054276 3421.4113116236817 -3024.793290436301 -821.0744399538145 1372.048715422506
195.1833602828633 23.631536741977 39628346098715624 7 483-485-486-487-488-489-491 0.7962351542447235 1.0 16 1.1392689840391317 1.0 [-1,-1] 1.0 1.0 1.0 0.0007229154976227362 0.12548315978664992 2857.315712580589 -2526.3302199281015 -685.6009406336184 1145.3645932366899
195.80777418445828 24.624985578186 39628362674605418 7 483-485-486-487-488-490-491 0.7969324513058507 1.0 16 0.9642056111579916 1.0 [-1,-1] 1.0 1.0 1.0 0.0007229154976227362 0.12548315978664992 2859.2722927624723 -2500.933979719202 -708.0595081563245 1191.393724238324
194.52412210917217 25.38040315910841 39628384585648648 7 483-485-486-487-488-490-491 0.6315959235617219 1.0 16 0.7105127598884313 1.0 [-1,-1] 1.0 1.0 1.0 0.000833303205902425 0.11070054926254569 2371.379698549266 -2074.029079797308 -537.3120808985611 1016.4353292596624
194.7359273914888 25.11979041972217 39628373646903919 6 483-485-486-487-488-491 0.6935264907549864 1.0 16 0.4199844056540831 1.0 [-1,-1] 1.0 1.0 1.0 0.0005843703162771602 0.15074849413407446 2559.898715676185 -2241.553491882577 -589.5631046369858 1086.7082051776388
195.93475150789482 25.60991094232151 39628384606620929 6 483-485-486-487-489-491 0.6080755848189608 1.0 16 1.4063832369905473 1.0 [-1,-1] 1.0 1.0 1.0 0.0007756247847600315 0.11796159141779075 2297.8991339798204 -1992.526034526948 -568.8927850369348 993.2479201138275
195.9473048368797 25.611829669111668 39628384606621188 6 483-485-486-487-489-491 0.4714587520493067 1.0 16 1.416294193830464 1.0 [-1,-1] 1.0 1.0 1.0 0.00048380039118235755 0.17655271186088778 1849.6912739622142 -1603.7554334409674 -458.2736331955371 799.5696316133425
195.98862672708339 24.974875483424377 39628373667873208 6 483-485-486-487-490-491 0.7011350258129175 1.0 16 1.1571731286608122 1.0 [-1,-1] 1.0 1.0 1.0 0.0005843703162771602 0.15074849413407446 2582.572949373285 -2250.522762099235 -644.8435823976034 1090.4160171001174
196.19568571300942 25.478702038787233 39628384610814521 5 483-485-486-487-491 0.6889485285883015 1.0 16 1.5233304592438435 1.0 [-1,-1] 1.0 1.0 1.0 0.0007209928471550773 0.12577569469930108 2546.205236538759 -2207.355038645862 -641.1156853162662 1095.3152596323937
194.7464504493273 24.868001876214755 39628368156560514 4 483-485-486-488 0.6426410178161271 1.0 16 0.16803278152018014 1.0 [-1,-1] 1.0 1.0 1.0 0.000833303205902425 0.11070054926254569 2405.524461479473 -2110.5946313016893 -555.5333781931797 1011.5932496857952
196.4321864598563 24.564969063283023 39628362682995448 5 483-485-486-488-489 0.9913304191120066 1.0 16 1.5350478370149108 1.0 [-1,-1] 1.0 1.0 1.0 0.0002622817504223413 0.28340640119267335 3374.033736279613 -2943.313069576865 -868.0611006933269 1402.669509711417
196.29075761721595 24.065080077880932 39628351647780068 5 483-485-486-488-489 0.7172571856286475 1.0 16 1.5402676239918998 1.0 [-1,-1] 1.0 1.0 1.0 0.0006167714992318164 0.14396928707710532 2630.273307816764 -2305.232286985616 -673.6934598059906 1072.5571775280987
196.2890546413821 24.042409265373127 39628351647780031 5 483-485-486-488-489 0.9222817682660371 1.0 16 1.5484591702575146 1.0 [-1,-1] 1.0 1.0 1.0 0.0004951280553168204 0.17321314004730964 3197.9903453809297 -2803.312015750856 -819.1645167873652 1302.9019479350839
