data_rosette/LRG_14_clustering_data.ecsv
# %ECSV 1.0
# ---
# datatype:
# - {name: RA, unit: deg, datatype: float64}
# - {name: DEC, unit: deg, datatype: float64}
# - {name: TARGETID, datatype: int64}
# - {name: NTILE, datatype: int64}
# - {name: TILES, datatype: string}
# - {name: Z, datatype: float64}
# - {name: COMP_TILE, datatype: float64}
# - {name: ROSETTE_NUMBER, datatype: int32}
# - {name: ROSETTE_R, unit: deg, datatype: float64}
# - {name: FRACZ_TILELOCID, datatype: float64}
# - {name: BITWEIGHTS, datatype: string, subtype: 'int64[2]'}
# - {name: PROB_OBS, datatype: float64}
# - {name: WEIGHT_ZFAIL, datatype: float64}
# - {name: WEIGHT, datatype: float64}
# - {name: NZ, unit: h3 / Mpc3, datatype: float64}
# - {name: WEIGHT_FKP, datatype: float64}
# - {name: theta, unit: deg, datatype: float64}
# - {name: phi, unit: deg, datatype: float64}
# - {name: rho, unit: Mpc, datatype: float64}
# - {name: r, unit: Mpc, datatype: float64}
# - {name: x, unit: Mpc, datatype: float64}
# - {name: y, unit: Mpc, datatype: float64}
# - {name: z, unit: Mpc, datatype: float64}
# meta: !!omap
# - {EXTNAME: LSS}
# - {DESIDR: edr}
# - comments: ['Visit https://desidatamodel.readthedocs.io/en/latest/ for a more complet', e description]
# schema: astropy-2.0
RA DEC TARGETID NTILE TILES Z COMP_TILE ROSETTE_NUMBER ROSETTE_R FRACZ_TILELOCID BITWEIGHTS PROB_OBS WEIGHT_ZFAIL WEIGHT NZ WEIGHT_FKP theta phi rho r x y z
[from data line 5239]
254.39017019037453 34.52281630817809 39632971925295773 4 382-384-385-436 0.7147983319172623 1.0 14 1.557669970121 1.0 [-1,-1] 1.0 1.0 1.0 0.0005823912580269674 0.15084542533972659 55.47718369182191 105.60982980962547 2623.028527169036 2623.028527169036 -825.152630276189 2149.8738703720537 1255.9634280433227
254.36912491937855 34.52377208392227 39632971925295401 4 382-384-385-436 0.7065991026776781 1.0 14 1.540336635228973 1.0 [-1,-1] 1.0 1.0 1.0 0.0005639081233901963 0.1550231922816235 55.47622791607773 105.63087508062145 2598.791842285615 2598.791842285615 -862.6195714100452 2113.4337786676224 1242.1771925684789
254.34106341920278 34.54649824482116 39632971925294876 4 382-384-385-436 0.926022021289027 1.0 14 1.5175367894328813 1.0 [-1,-1] 1.0 1.0 1.0 0.00042618922305278896 0.1953324009783564 55.45350175517884 105.65893658079722 3207.712045195066 3207.712045195066 -1151.2849049022168 2608.9391131150505 1468.8077943326214
253.78538047302902 35.782438746827644 39632996663297097 4 382-384-385-436 0.9420431441566968 1.0 14 1.6581115283236951 1.0 [-1,-1] 1.0 1.0 1.0 0.0003671239319408774 0.21984967794317842 54.217561253172356 106.21461952697098 3249.1106172963227 3249.1106172963227 -1943.7756472049741 1328.469713706801 -2239.112381396777
254.1699702829962 35.30446350678877 39632986810879628 5 382-384-387-388-436 0.8747691753198648 1.0 14 1.5883402045490747 1.0 [-1,-1] 1.0 1.0 1.0 0.0005346154933450218 0.1621399955636538 54.69553649321123 105.83002971700381 3072.589382468572 3072.589382468572 -1633.6267746306978 2457.498478752765 -856.0200356277594
254.05710827714154 35.44567179929142 39632991743382609 2 382-385 0.8089075561395913 0.8571428571428571 14 1.5881349954671582 0.5 [3166732134910977,-7763870397612364800] 0.21875 1.0 4.448275862068965 0.0008239664519383997 0.11155322342262282 54.55432820070858 105.94289172285846 2892.745526604097 2892.745526604097 -1697.9585372262256 2017.7793308346925 -1188.8986750791216
251.5948467698049 35.910873471744466 39633001537078553 2 382-385 0.7475223206415775 0.8571428571428571 14 1.5929492548352768 1.0 [-1,-1] 1.0 1.0 1.0 0.0006073340474539246 0.1455520198534496 54.089126528255534 108.40515323019511 2718.56578659737 2718.56578659737 34.62680437737166 -1713.3981988901478 -2110.3714205126034
254.42724193293972 34.854221897567854 39632976908125233 2 382-385 0.8508698954876803 0.8571428571428571 14 1.6239804150083075 1.0 [-1,-1] 1.0 1.0 1.0 0.0006576102792991648 0.1359368301360722 55.145778102432146 105.57275806706028 3008.1509552592124 3008.1509552592124 -959.3899635682885 2806.3886112129544 502.71863928600715
254.04129468036703 35.42230284434745 39632991743382246 2 382-385 0.6328104976068042 0.8571428571428571 14 1.563996009515222 1.0 [6878122315479776758,-2307409818048057601] 0.7734375 1.0 1.29 0.0007982518636535506 0.11473445525619816 54.57769715565255 105.95870531963297 2375.145679128674 2375.145679128674 -1434.7387649401323 1651.2569350082824 -925.3065481497081
253.80439413715467 35.78774796161641 39632996663297422 2 382-385 0.4578035359184459 0.8571428571428571 14 1.6720726950650977 1.0 [-1,-1] 1.0 1.0 1.0 0.0005330850268982689 0.1625298359500762 54.21225203838359 106.19560586284533 1802.8231183687342 1802.8231183687342 -1058.9376877831294 753.6605179661793 -1249.327016107567
253.9607087535214 33.599511754958066 39632951855548031 2 382-385 0.5836338366951728 0.8571428571428571 14 1.5084901879063477 1.0 [-2345004352441700609,8646858506516823789] 0.8125 1.0 1.2285714285714286 0.0005369919189708607 0.1615383650856205 56.400488245041934 106.0392912464786 2220.416910327911 2220.416910327911 -234.23211527983608 229.3461954902529 2196.084446112177
251.8878726599505 34.7192146487831 39632976870378978 7 382-385-386-387-388-436-437 1.0235304859752186 1.0 14 0.5494306156791158 1.0 [-1,-1] 1.0 1.0 1.0 0.00020130102782971312 0.3394727840281335 55.2807853512169 108.11212734004951 3453.710847049388 3453.710847049388 -888.2248599197483 -3174.5483803723737 1030.2513256105437
253.94962012545227 35.23954133349925 39632986806686901 6 382-385-386-388-389-436 0.8501939373798536 1.0 14 1.4004972660265265 1.0 [-1,-1] 1.0 1.0 1.0 0.0006576102792991648 0.1359368301360722 54.76045866650075 106.05037987454773 3006.314926934467 3006.314926934467 -2120.146919667703 2030.3663830089893 -648.4742320860078
251.10772241395577 35.243748995579594 39632986768935710 7 382-385-386-388-389-436-437 0.7268114942095243 0.5 14 1.363039706258764 1.0 [-1,-1] 1.0 1.0 1.0 0.0005823912580269674 0.15084542533972659 54.756251004420406 108.89227758604423 2658.3216227425 2658.3216227425 1259.9477537375037 -2266.6642446943342 -584.3275704743019
251.5411192233587 35.88760879345341 39633001537077762 5 382-385-386-388-436 0.7141064409853404 1.0 14 1.5935539844144742 1.0 [-1,-1] 1.0 1.0 1.0 0.0005823912580269674 0.15084542533972659 54.11239120654659 108.45888077664131 2620.9879825020644 2620.9879825020644 125.50869157385374 -1694.4779677540096 -1995.637740061032
250.69877731770947 34.360409145726486 39632966879545550 5 382-385-386-388-436 0.8026856640942845 1.0 14 1.4921995366834162 1.0 [-1,-1] 1.0 1.0 1.0 0.0008239664519383997 0.11155322342262282 55.639590854273514 109.30122268229053 2875.3840940072328 2875.3840940072328 1799.6892763733033 -1381.0122684327443 1766.8495439665983
254.30821305214926 34.78586922722945 39632976903933789 4 382-385-387-388 0.9264249496180567 1.0 14 1.5148306235730649 1.0 [-1,-1] 1.0 1.0 1.0 0.00042618922305278896 0.1953324009783564 55.21413077277055 105.69178694785074 3208.7580503031786 3208.7580503031786 -1352.523813350943 2811.1754402150195 751.0660450559411
253.9717104215931 33.62143465535054 39632951855548186 4 382-385-387-388 0.9609261148309679 1.0 14 1.5027658549023475 1.0 [-1,-1] 1.0 1.0 1.0 0.0003767415448896098 0.21544643941305056 56.37856534464946 106.02828957840691 3297.401781662227 3297.401781662227 -394.5209045984769 394.88598972124475 3249.8118131156307
254.2663450183829 34.48186877674168 39632971925293661 4 382-385-387-388 0.5242357836923046 1.0 14 1.4559438663389204 1.0 [-1,-1] 1.0 1.0 1.0 0.0006888416087567301 0.1305783864573065 55.51813122325832 105.7336549816171 2027.2522456478152 2027.2522456478152 -818.6548155415213 1533.707806555239 1042.7350212716103
250.67637623303673 34.4025058170526 39632971874962430 7 382-385-387-388-389-436-437 0.46278675585985013 1.0 14 1.5069107559825843 1.0 [-1,-1] 1.0 1.0 1.0 0.0005330850268982689 0.1625298359500762 55.5974941829474 109.32362376696327 1819.9713654865272 1819.9713654865272 1195.348833607552 -875.432127920521 1056.9084759753364
252.81994256135977 35.99804597218713 39633001553855749 4 382-385-388-436 0.6767019569714928 1.0 14 1.5206577531772274 1.0 [-1,-1] 1.0 1.0 1.0 0.0008053318504768218 0.11384060807160488 54.00195402781287 107.18005743864023 2509.3854948739868 2509.3854948739868 -1313.184466308111 -503.16252459331855 -2078.314122835122
252.85895056573 35.990672284301795 39633001553856417 4 382-385-388-436 0.6480372790194663 1.0 14 1.519219883452279 1.0 [-1,-1] 1.0 1.0 1.0 0.0007982518636535506 0.11473445525619816 54.009327715698205 107.14104943427 2422.123097613761 2422.123097613761 -1299.4685740425052 -440.6029474552984 -1995.9786491252157
253.6208658570199 35.815082264192554 39632996659105105 4 382-385-388-436 0.7874650159886606 1.0 14 1.6028438381789045 1.0 [-1,-1] 1.0 1.0 1.0 0.0007064174578981374 0.12774458208408304 54.184917735807446 106.37913414298009 2832.6365975760496 2832.6365975760496 -1802.650062275095 837.7026614486099 -2018.0527985929232
253.16803107506976 35.8446922527256 39632996654908472 4 382-385-388-436 0.9224343349736134 1.0 14 1.4513262634184807 1.0 [-1,-1] 1.0 1.0 1.0 0.00042618922305278896 0.1953324009783564 54.1553077472744 106.83196892493024 3198.387321504688 3198.387321504688 -2175.659898934845 -38.7715407891335 -2344.0738533914814
253.6255684341153 35.81258978169062 39632996659105198 4 382-385-388-436 0.6788583469007888 1.0 14 1.6030114063186172 1.0 [-1,-1] 1.0 1.0 1.0 0.0008053318504768218 0.11384060807160488 54.18741021830938 106.37443156588469 2515.8886837754426 2515.8886837754426 -1601.5971518497477 753.4503567380991 -1787.9862953242502
253.27960471106084 35.83717648435388 39632996654910239 4 382-385-388-436 0.4804864820111345 1.0 14 1.4812628190933492 1.0 [-5066549580791809,-14073767093389378] 0.8984375 1.0 1.1120689655172413 0.000668512811805897 0.13401699399284683 54.16282351564612 106.72039528893916 1880.466048666104 1880.466048666104 -1284.0226324987418 120.73742365093312 -1368.5250870725922
252.31987199415877 36.1548951752487 39633006431834245 4 382-385-388-436 0.776752639792556 1.0 14 1.6614064292465913 0.5 [-1,-1] 1.0 1.0 1.0 0.0007064174578981374 0.12774458208408304 53.8451048247513 107.68012800584123 2802.3138663553095 2802.3138663553095 -770.1005864337197 -905.4051794920694 -2537.7449740449924
252.31901389281296 36.160678867541556 39633006431834229 4 382-385-388-436 0.7777092363811332 1.0 14 1.66722890460417 1.0 [-1,-1] 1.0 1.0 1.0 0.0007064174578981374 0.12774458208408304 53.839321132458444 107.68098610718704 2805.029634809135 2805.029634809135 -760.5469902665697 -895.7293412222984 -2547.0430846429354
253.73156350985943 35.80603134116762 39632996663296208 4 382-385-388-436 0.8634456603976189 1.0 14 1.649102566539744 1.0 [-1,-1] 1.0 1.0 1.0 0.0006576102792991648 0.1359368301360722 54.19396865883238 106.26843649014057 3042.173513062509 3042.173513062509 -1841.4509165308355 1118.1716577625366 -2147.922333177672
253.61324427465 35.81925644897842 39632996659104967 4 382-385-388-436 0.7854505967169352 1.0 14 1.6027106502560686 1.0 [-1,-1] 1.0 1.0 1.0 0.0007064174578981374 0.12774458208408304 54.18074355102158 106.38675572535001 2826.9495252269935 2826.9495252269935 -1797.6840619020363 818.7934119655447 -2022.2643200843804
252.18875041832945 36.17621019250493 39633006431832042 4 382-385-388-436 0.8539622236169594 1.0 14 1.6953275968698156 1.0 [-1,-1] 1.0 1.0 1.0 0.0006576102792991648 0.1359368301360722 53.82378980749507 107.81124958167055 3016.5407944611766 3016.5407944611766 -662.6705356035493 -1025.4933781933842 -2758.396174803919
253.13084939253346 35.83789413603797 39632996654907798 4 382-385-388-436 0.9563771827385977 1.0 14 1.433829964909344 1.0 [-1,-1] 1.0 1.0 1.0 0.0003767415448896098 0.21544643941305056 54.16210586396203 106.86915060746654 3285.8177059396567 3285.8177059396567 -2248.4021831934992 -123.78783296781691 -2392.8982827705786
252.81404905299823 36.062940435221066 39633001553855670 3 382-385-436 0.7044649090850049 0.6666666666666666 14 1.5838232332592483 1.0 [-1,-1] 1.0 1.0 1.0 0.0005639081233901963 0.1550231922816235 53.937059564778934 107.18595094700177 2592.4633797332253 2592.4633797332253 -1220.9986852623204 -476.1116289389779 -2236.816108363532
252.81813129565487 36.024970598492516 39633001553855722 3 382-385-436 0.5088015347788134 0.6666666666666666 14 1.546932501152634 1.0 [-1,-1] 1.0 1.0 1.0 0.0007365189099627642 0.12316671624379881 53.975029401507484 107.18186870434513 1975.9102230062058 1975.9102230062058 -991.8069843392717 -382.0844500879242 -1665.698528605126
252.85831134344778 36.05643119378766 39633001553856407 3 382-385-436 0.5387178182903891 0.6666666666666666 14 1.583675137101592 1.0 [-1,-1] 1.0 1.0 1.0 0.0006094867785671962 0.14511252611805409 53.94356880621234 107.14168865655222 2074.9922684826956 2074.9922684826956 -1004.1978064622409 -341.20313184989703 -1783.4685594580042
253.1733608077928 35.86369045121454 39632996654908545 3 382-385-436 0.9235485136871222 0.6666666666666666 14 1.4705464766823357 1.0 [-1,-1] 1.0 1.0 1.0 0.00042618922305278896 0.1953324009783564 54.13630954878546 106.82663919220721 3201.285304359598 3201.285304359598 -2132.8467306404928 -26.638444148502952 -2387.1495170596736
254.13945466692775 35.48183153330922 39632991747572763 3 382-385-436 0.8264597343690007 0.6666666666666666 14 1.663668457535455 0.25 [934859720385515124,7559488542917065943] 0.515625 1.0 1.9253731343283582 0.000762533893525711 0.11946670068019369 54.51816846669078 105.86054533307225 2941.372906317378 2941.372906317378 -1525.5843187295116 2149.6867838105845 -1305.0340194702417
253.8323113058288 35.759173268551855 39632996663297936 3 382-385-436 0.43437784063250195 0.6666666666666666 14 1.6651378098957152 1.0 [-1,-1] 1.0 1.0 1.0 0.0006285113834356281 0.1413409039925048 54.240826731448145 106.1676886941712 1721.520562667803 1721.520562667803 -1017.502329279296 767.8438487481125 -1157.0384097077167
251.41229834372615 35.839770800473225 39632996629743800 4 382-386-388-436 0.9723938797783861 1.0 14 1.6079356010026333 1.0 [-1,-1] 1.0 1.0 1.0 0.00030269805442075816 0.25472307248715254 54.160229199526775 108.58770165627385 3326.467101694915 3326.467101694915 458.13698601155386 -2228.509903504774 -2426.7751215734766
251.0051773592955 35.60353593797818 39632991701438893 4 382-386-388-437 0.8168645370488513 1.0 14 1.6477619936143664 1.0 [-1,-1] 1.0 1.0 1.0 0.000762533893525711 0.11946670068019369 54.39646406202182 108.99482264070451 2914.853714871847 2914.853714871847 1395.2094311255992 -1996.7663624861577 -1600.8394410571552
252.69301646249357 34.596060477765185 39632971904320902 4 382-386-388-437 0.8425385892625095 1.0 14 0.1857462452748171 1.0 [-1,-1] 1.0 1.0 1.0 0.0006366829495309179 0.1397804201853648 55.403939522234815 107.30698353750643 2985.4694291585015 2985.4694291585015 -2395.0419005465933 -1286.2166968697898 1233.8754458046071
250.7732271327478 35.03061457231201 39632981819655841 4 382-386-388-437 0.5732044722423706 1.0 14 1.5144991357745392 1.0 [-1,-1] 1.0 1.0 1.0 0.0005369919189708607 0.1615383650856205 54.96938542768799 109.22677286725221 2187.002690514735 2187.002690514735 1631.1410119996683 -1456.7138846691862 -18.55870424888717
250.71194224228603 34.69591541581678 39632976853602577 4 382-386-388-437 0.5135175412079231 1.0 14 1.484812463342003 1.0 [-1,-1] 1.0 1.0 1.0 0.0006888416087567301 0.1305783864573065 55.30408458418322 109.28805775771397 1991.6489187463962 1991.6489187463962 1481.4775028314011 -1168.1349504433706 638.2402068976763
250.796609472099 35.01580816042965 39632981819656163 4 382-386-389-437 0.5729210531754217 1.0 14 1.491456930015602 1.0 [-1,-1] 1.0 1.0 1.0 0.0005369919189708607 0.1615383650856205 54.98419183957035 109.203390527901 2186.0916947490873 2186.0916947490873 1595.9973667144943 -1493.8535393266338 13.816885778844837
250.79736672899082 35.015760816248786 39632981819656173 4 382-386-389-437 0.5722827403813174 1.0 14 1.4908572223945356 1.0 [-1,-1] 1.0 1.0 1.0 0.0005369919189708607 0.1615383650856205 54.984239183751214 109.20263327100918 2184.039386792672 2184.039386792672 1593.367936149224 -1493.6576748815455 13.907313929333842
254.00335063791505 35.46554955860924 39632991743381503 3 382-387-388 0.9440032089824674 0.3333333333333333 14 1.5650342579233216 1.0 [-1,-1] 1.0 1.0 1.0 0.0003671239319408774 0.21984967794317842 54.53445044139076 105.99664936208495 3254.1484436254013 3254.1484436254013 -2010.7112108104998 2144.138943896208 -1396.1342016934661
252.07231277184968 36.15848922181069 39633006431830174 2 382-388 0.9703174678917116 0.7142857142857143 14 1.694790238677812 1.0 [-1,-1] 1.0 1.0 1.0 0.00030269805442075816 0.25472307248715254 53.84151077818931 107.92768722815032 3321.218975897157 3321.218975897157 -617.1581361907854 -1254.2845912891894 -3012.7033516175115
252.0423544901388 36.17106783085249 39633006427639752 2 382-388 0.8855087888389714 0.7142857142857143 14 1.712256887049073 1.0 [-8706928785772920316,8090511240110526934] 0.4453125 1.0 2.2241379310344827 0.0005346154933450218 0.1621399955636538 53.82893216914751 107.95764550986121 3101.2468377140276 3101.2468377140276 -526.2347045083957 -1155.6494639933876 -2829.3609350123597
254.16040357759167 35.33016894151549 39632986810879467 2 382-388 0.6322084597757652 0.7142857142857143 14 1.5946253846054619 1.0 [-1,-1] 1.0 1.0 1.0 0.0007982518636535506 0.11473445525619816 54.66983105848451 105.83959642240833 2373.279313015371 2373.279313015371 -1269.9548104851283 1871.3376064223141 -719.5589202435032
