data_rosette/LRG_13_clustering_data.ecsv
# %ECSV 1.0
# ---
# datatype:
# - {name: RA, unit: deg, datatype: float64}
# - {name: DEC, unit: deg, datatype: float64}
# - {name: TARGETID, datatype: int64}
# - {name: NTILE, datatype: int64}
# - {name: TILES, datatype: string}
# - {name: Z, datatype: float64}
# - {name: COMP_TILE, datatype: float64}
# - {name: ROSETTE_NUMBER, datatype: int32}
# - {name: ROSETTE_R, unit: deg, datatype: float64}
# - {name: FRACZ_TILELOCID, datatype: float64}
# - {name: BITWEIGHTS, datatype: string, subtype: 'int64[2]'}
# - {name: PROB_OBS, datatype: float64}
# - {name: WEIGHT_ZFAIL, datatype: float64}
# - {name: WEIGHT, datatype: float64}
# - {name: NZ, unit: h3 / Mpc3, datatype: float64}
# - {name: WEIGHT_FKP, datatype: float64}
# - {name: theta, unit: deg, datatype: float64}
# - {name: phi, unit: deg, datatype: float64}
# - {name: rho, unit: Mpc, datatype: float64}
# - {name: r, unit: Mpc, datatype: float64}
# - {name: x, unit: Mpc, datatype: float64}
# - {name: y, unit: Mpc, datatype: float64}
# - {name: z, unit: Mpc, datatype: float64}
# meta: !!omap
# - {EXTNAME: LSS}
# - {DESIDR: edr}
# - comments: ['Visit https://desidatamodel.readthedocs.io/en/latest/ for a more complet', e description]
# schema: astropy-2.0
RA DEC TARGETID NTILE TILES Z COMP_TILE ROSETTE_NUMBER ROSETTE_R FRACZ_TILELOCID BITWEIGHTS PROB_OBS WEIGHT_ZFAIL WEIGHT NZ WEIGHT_FKP theta phi rho r x y z
[from data line 362]
246.7335304499438 44.38098530955908 39633158391467881 11 352-353-354-355-356-357-358-359-360-362-433 0.8529564849975797 1.0 13 1.1156801215630483 1.0 [-1,-1] 1.0 1.0 1.0 0.0006576102792991648 0.1359368301360722 45.61901469044092 113.2664695500562 3013.8138206723893 3013.8138206723893 2964.3567801837016 506.20974405855833 -198.5304018909654
246.6033626028925 43.77264845597868 39633145355567969 11 352-353-354-355-356-357-358-359-360-362-433 0.6638285419121807 1.0 13 0.6151434232865979 1.0 [-1,-1] 1.0 1.0 1.0 0.0006371005092682059 0.1397016056866948 46.22735154402132 113.3966373971075 2470.3840088285137 2470.3840088285137 1843.9972439443702 569.004956858926 -1542.3049875012323
244.48880623679656 42.91194005563345 39633132126732909 11 352-353-354-355-356-357-358-359-360-362-433 0.8502629552905743 1.0 13 1.148290852586228 1.0 [-1,-1] 1.0 1.0 1.0 0.0006576102792991648 0.1359368301360722 47.08805994436655 115.51119376320344 3006.5024266401497 3006.5024266401497 -80.41743106015824 71.63952631446237 -3004.572791004444
245.52953819480942 43.28548210437281 39633136555919794 11 352-353-354-355-356-357-358-359-360-362-433 1.062977075125106 1.0 13 0.3032734003410305 1.0 [-1,-1] 1.0 1.0 1.0 0.00014839258087788972 0.41078905010633954 46.71451789562719 114.47046180519058 3549.296015258181 3549.296015258181 277.4409001336856 1385.227183707942 -3256.02125305981
245.349684823271 43.65327993424764 39633145338792032 11 352-353-354-355-356-357-358-359-360-362-433 0.856265102003243 1.0 13 0.4347929875220582 1.0 [-1,-1] 1.0 1.0 1.0 0.0006576102792991648 0.1359368301360722 46.34672006575236 114.65031517672901 3022.778651086817 3022.778651086817 37.76521897102848 2119.4310266793573 -2154.9423855062096
245.6100470175606 42.97477526728012 39633132139317158 11 352-353-354-355-356-357-358-359-360-362-433 0.4548074895217662 1.0 13 0.5143415230060294 1.0 [-1,-1] 1.0 1.0 1.0 0.0005330850268982689 0.1625298359500762 47.02522473271988 114.38995298243941 1792.488410390133 1792.488410390133 48.48678117345938 169.78136549921996 -1783.7707311657523
246.72956978617606 44.38198863966145 39633158391467835 11 352-353-354-355-356-357-358-359-360-362-433 0.8520480525808869 1.0 13 1.1149461558112874 1.0 [-1,-1] 1.0 1.0 1.0 0.0006576102792991648 0.1359368301360722 45.61801136033855 113.27043021382394 3011.3492678518733 3011.3492678518733 2960.1007220589213 517.5570300394876 -195.3531389944115
246.52149760745434 44.01644740896349 39633149721838378 11 352-353-354-355-356-357-358-359-360-362-433 0.5135938668523122 1.0 13 0.7319222046457883 1.0 [-1,-1] 1.0 1.0 1.0 0.0006888416087567301 0.1305783864573065 45.98355259103651 113.47850239254566 1991.9032707998479 1991.9032707998479 1680.2752134018929 673.397792119632 -831.197486172065
246.18985166525303 42.323671834081786 39633118788848443 11 352-353-354-355-356-357-358-359-360-362-433 1.0776500687086779 1.0 13 1.148978188559416 1.0 [-1,-1] 1.0 1.0 1.0 0.00012850791192818028 0.44600300211103894 47.676328165918214 113.81014833474697 3584.2949754328333 3584.2949754328333 -1422.9565872147587 -1230.0483665117752 -3051.122094878685
244.89780749327426 44.48087820094338 39633158370495290 11 352-353-354-355-356-357-358-359-360-362-433 1.0343594040682256 1.0 13 1.2499677070673205 1.0 [-1,-1] 1.0 1.0 1.0 0.00017557006270178804 0.37077784677498654 45.51912179905662 115.10219250672574 3480.1703751833156 3480.1703751833156 -1462.7702238726931 3155.6167085746015 118.2044881542589
244.88658553868726 44.495495283513364 39633158370495166 11 352-353-354-355-356-357-358-359-360-362-433 0.650709475271126 1.0 13 1.2665410986433407 1.0 [-1,-1] 1.0 1.0 1.0 0.0006371005092682059 0.1397016056866948 45.504504716486636 115.11341446131274 2430.3224674804096 2430.3224674804096 -1045.5359476257252 2190.7506614725594 118.0398975769918
246.43335843388576 42.99822302114162 39633132147706954 11 352-353-354-355-356-357-358-359-360-362-433 0.8871255287067065 1.0 13 0.6055463187917556 1.0 [-1,-1] 1.0 1.0 1.0 0.0005346154933450218 0.1621399955636538 47.00177697885838 113.56664156611424 3105.5449996650573 3105.5449996650573 337.38580700775395 171.0860413150278 -3082.4195250876414
247.69270156488605 44.05668785286338 39633149734422589 11 352-353-354-355-356-357-358-359-360-362-433 1.0214699165325476 1.0 13 1.4430376883071685 1.0 [-1,-1] 1.0 1.0 1.0 0.00020130102782971312 0.3394727840281335 45.94331214713662 112.30729843511395 3448.6570198397403 3448.6570198397403 2244.7653728922746 -2265.6892093116758 -1311.836906007131
246.34340387789695 43.26599254285757 39633136564310274 11 352-353-354-355-356-357-358-359-360-362-433 0.9145009610276631 1.0 13 0.38390166843956136 1.0 [-1,-1] 1.0 1.0 1.0 0.00042618922305278896 0.1953324009783564 46.73400745714243 113.65659612210305 3177.6969310650998 3177.6969310650998 1023.7699698205482 640.7980682000472 -2939.222800398989
245.53957174441155 44.659842617895954 39633162686434804 11 352-353-354-355-356-357-358-359-360-362-433 0.5526138981332303 1.0 13 1.2343287869551631 1.0 [-1,-1] 1.0 1.0 1.0 0.0006724560872077301 0.13333590500666823 45.340157382104046 114.46042825558845 2120.4081882184205 2120.4081882184205 427.38099038915084 2027.9734689666348 448.1071109513297
245.5650812294187 44.62525920930282 39633162686435090 11 352-353-354-355-356-357-358-359-360-362-433 0.5518775636034198 1.0 13 1.19686243485531 1.0 [-1,-1] 1.0 1.0 1.0 0.0006724560872077301 0.13333590500666823 45.37474079069718 114.4349187705813 2118.0112582738784 2118.0112582738784 481.7180717390115 2027.9863687197214 375.753480119539
245.5698509892058 44.632009492239675 39633162686435131 11 352-353-354-355-356-357-358-359-360-362-433 0.997073832075765 1.0 13 1.2028489548234587 1.0 [-1,-1] 1.0 1.0 1.0 0.00023297360745577845 0.30751381291380364 45.367990507760325 114.4301490107942 3388.356070455617 3388.356070455617 785.1352397423245 3236.606014402223 623.6192933541686
247.6556007393334 43.456115823072295 39633140980911896 11 352-353-354-355-356-357-358-359-360-362-433 0.8946888241743627 1.0 13 1.2889663211750424 1.0 [-1,-1] 1.0 1.0 1.0 0.0005723615213970424 0.15308410280969617 46.543884176927705 112.34439926066659 3125.59720966915 3125.59720966915 1249.8883979030097 -1171.265534705679 -2614.4356861643473
247.7382325496127 43.08928466409369 39633132164483591 11 352-353-354-355-356-357-358-359-360-362-433 0.8189967609289986 1.0 13 1.4002684419401648 1.0 [-1,-1] 1.0 1.0 1.0 0.000762533893525711 0.11946670068019369 46.91071533590631 112.26176745038731 2920.7600163403554 2920.7600163403554 414.478139198456 -458.30223148302787 -2854.6463896246023
247.2213916608014 44.312082952555656 39633154075525467 11 352-353-354-355-356-357-358-359-360-362-433 0.788300415256809 1.0 13 1.2953365816726499 1.0 [-1,-1] 1.0 1.0 1.0 0.0007064174578981374 0.12774458208408304 45.687917047444344 112.7786083391986 2834.9930497278915 2834.9930497278915 2667.777088447317 -880.306177918231 -381.0669645613528
245.35434127639715 42.51942684008886 39633123251585712 11 352-353-354-355-356-357-358-359-360-362-433 0.6251586281037977 1.0 13 1.0068881482031726 1.0 [-1,-1] 1.0 1.0 1.0 0.0007056687116799521 0.12786279395313782 47.48057315991114 114.64565872360285 2351.373258862566 2351.373258862566 -18.44944872431814 -820.8176037805698 -2203.3779252909967
244.0429601622775 42.9389829615236 39633132118347170 11 352-353-354-355-356-357-358-359-360-362-433 0.6675644184793051 1.0 13 1.4334066579892097 1.0 [-1,-1] 1.0 1.0 1.0 0.0006371005092682059 0.1397016056866948 47.0610170384764 115.9570398377225 2481.7337808245184 2481.7337808245184 -149.77639382707704 43.37523265202739 -2476.8302686962825
245.50380380972598 43.67395197570656 39633145338793978 11 352-353-354-355-356-357-358-359-360-362-433 0.4833743830741215 1.0 13 0.3527978163093285 1.0 [-1,-1] 1.0 1.0 1.0 0.000668512811805897 0.13401699399284683 46.32604802429344 114.49619619027402 1890.2753930706367 1890.2753930706367 231.51102755865787 1333.203428241564 -1319.8910275822109
245.13754680229272 42.53688079296525 39633123247393465 11 352-353-354-355-356-357-358-359-360-362-433 0.953799516163627 1.0 13 1.0623886979273478 1.0 [-1,-1] 1.0 1.0 1.0 0.0003767415448896098 0.21544643941305056 47.46311920703475 114.86245319770728 3279.2396970225705 3279.2396970225705 210.7117618269669 -1070.6639091653203 -3092.3603181982676
246.02029949227455 42.23290643605653 39633118788846593 11 352-353-354-355-356-357-358-359-360-362-433 0.7663733395267774 1.0 13 1.2214328293653722 1.0 [-1,-1] 1.0 1.0 1.0 0.0007242712797402853 0.12498917450484462 47.76709356394347 113.97970050772545 2772.745766102586 2772.745766102586 -1056.540362110266 -1284.2316432905848 -2218.6911982163915
245.27640993004383 43.05598801696948 39633132135123134 11 352-353-354-355-356-357-358-359-360-362-433 0.771399394369812 1.0 13 0.5903422187532276 1.0 [-1,-1] 1.0 1.0 1.0 0.0007064174578981374 0.12774458208408304 46.94401198303052 114.72359006995617 2787.0869869042162 2787.0869869042162 -27.63928715307155 497.8693589977527 -2742.1188967197722
246.66240369521898 43.22094623378391 39633136568503859 11 352-353-354-355-356-357-358-359-360-362-433 0.9006651791158015 1.0 13 0.6134439356132652 1.0 [-1,-1] 1.0 1.0 1.0 0.0005723615213970424 0.15308410280969617 46.77905376621609 113.33759630478102 3141.3780763945547 3141.3780763945547 1031.4162891213766 252.68988724601311 -2956.4479495284604
247.8770962291102 43.29496606386091 39633136585279201 11 352-353-354-355-356-357-358-359-360-362-433 0.629203166471614 1.0 13 1.459917234233982 1.0 [-1,-1] 1.0 1.0 1.0 0.0007056687116799521 0.12786279395313782 46.70503393613909 112.12290377088979 2363.9524180914113 2363.9524180914113 539.9905506424438 -795.4922882268917 -2159.6002545815386
244.4768023869373 43.139187224583516 39633136543336017 11 352-353-354-355-356-357-358-359-360-362-433 0.6998565158200197 1.0 13 1.067531719163076 1.0 [-1,-1] 1.0 1.0 1.0 0.0005639081233901963 0.1550231922816235 46.860812775416484 115.5231976130627 2578.7701885691 2578.7701885691 -506.056845763134 440.03786032504433 -2490.0459505377676
246.89950722214857 43.127243379545114 39633136572696594 11 352-353-354-355-356-357-358-359-360-362-433 1.0473903704730496 1.0 13 0.8092493925427436 1.0 [-1,-1] 1.0 1.0 1.0 0.00017557006270178804 0.37077784677498654 46.872756620454886 113.10049277785143 3511.7894285813654 3511.7894285813654 872.6814888749002 2.7552815805548154 -3401.629670921621
244.82826044020834 42.49815928133915 39633123243199004 11 352-353-354-355-356-357-358-359-360-362-433 0.4608036323754972 1.0 13 1.2239697522972224 1.0 [-1,-1] 1.0 1.0 1.0 0.0005330850268982689 0.1625298359500762 47.50184071866085 115.17173955979166 1813.1531911510235 1813.1531911510235 322.89219979968277 -586.0153242601015 -1685.1857943924138
244.47341995873717 43.23853316729921 39633136543335972 11 352-353-354-355-356-357-358-359-360-362-433 0.42704848872221424 1.0 13 1.0445404407414 1.0 [-1,-1] 1.0 1.0 1.0 0.0005613841910631427 0.1556117057517016 46.76146683270079 115.52658004126283 1695.8479969761693 1695.8479969761693 -455.0415720548809 392.9829359818631 -1585.686604779451
244.4383045090166 43.267778952242374 39633136543335586 11 352-353-354-355-356-357-358-359-360-362-433 1.0848858627394657 1.0 13 1.0639162497056607 1.0 [-1,-1] 1.0 1.0 1.0 0.00012850791192818028 0.44600300211103894 46.732221047757626 115.5616954909834 3601.4450072697878 3601.4450072697878 -1071.3829619905453 861.4932972287678 -3328.719571843617
247.39428778511842 43.29649386282904 39633136576892409 11 352-353-354-355-356-357-358-359-360-362-433 0.865176222299513 1.0 13 1.111365014712854 1.0 [-1,-1] 1.0 1.0 1.0 0.0006576102792991648 0.1359368301360722 46.70350613717096 112.60571221488158 3046.8353194278307 3046.8353194278307 1096.1820626372257 -586.978207824766 -2781.5547689743794
245.251663749498 43.99851122903028 39633149705062553 11 352-353-354-355-356-357-358-359-360-362-433 0.6329745840759384 1.0 13 0.7120735481602057 1.0 [-1,-1] 1.0 1.0 1.0 0.0007982518636535506 0.11473445525619816 46.00148877096972 114.748336250502 2375.654241820862 2375.654241820862 -171.51805509730752 2133.9244701371977 -1029.8936785934613
246.04475353587998 43.00926466916745 39633132143512387 11 352-353-354-355-356-357-358-359-360-362-433 0.6979405541001463 1.0 13 0.4567903292979536 1.0 [-1,-1] 1.0 1.0 1.0 0.0005639081233901963 0.1550231922816235 46.99073533083255 113.95524646412002 2573.0658703056592 2573.0658703056592 223.4153825912537 258.4156528748649 -2550.2891777409636
246.998389893641 44.39605679906995 39633158395661181 11 352-353-354-355-356-357-358-359-360-362-433 0.7230490521269514 1.0 13 1.2425220561130332 1.0 [-1,-1] 1.0 1.0 1.0 0.0005823912580269674 0.15084542533972659 45.60394320093005 113.00161010635901 2647.295762939118 2647.295762939118 2631.7698186282464 -252.6996096042827 -134.55625417905702
246.35113371563153 43.259569158492106 39633136564310398 11 352-353-354-355-356-357-358-359-360-362-433 0.9156627980090402 1.0 13 0.39193983887704714 1.0 [-1,-1] 1.0 1.0 1.0 0.00042618922305278896 0.1953324009783564 46.740430841507894 113.64886628436847 3180.7331363634266 3180.7331363634266 1013.5586614253178 623.5548259940018 -2949.7358362384975
245.13103915039756 42.698966416877425 39633127697550572 10 352-353-354-355-356-357-358-359-360-433 0.6264096459605595 1.0 13 0.9291621424801677 1.0 [-1,-1] 1.0 1.0 1.0 0.0007056687116799521 0.12786279395313782 47.301033583122575 114.86896084960244 2355.2674343419703 2355.2674343419703 82.79336367744538 -406.7006260796874 -2318.4099177990875
246.6640424116036 44.51147030819568 39633158391467062 10 352-353-354-355-356-357-358-359-360-433 1.0458325777506123 1.0 13 1.202071898098334 1.0 [-1,-1] 1.0 1.0 1.0 0.00017557006270178804 0.37077784677498654 45.48852969180432 113.33595758839641 3508.022145624457 3508.022145624457 3401.5189889593057 827.4423983077902 226.3338671598511
246.65837493471858 44.515647902849736 39633158391466988 10 352-353-354-355-356-357-358-359-360-433 0.4769726850859299 1.0 13 1.2038506277118017 1.0 [-1,-1] 1.0 1.0 1.0 0.000668512811805897 0.13401699399284683 45.484352097150264 113.34162506528142 1868.507686099544 1868.507686099544 1808.7486458199644 450.863028095968 128.34266303007453
244.16634787109442 42.929102554862276 39633132122538915 10 352-353-354-355-356-357-358-359-360-433 0.825321699517794 1.0 13 1.353614485062298 1.0 [-1,-1] 1.0 1.0 1.0 0.000762533893525711 0.11946670068019369 47.070897445137724 115.83365212890558 2938.2356181191703 2938.2356181191703 -143.02404942583715 61.36108601810852 -2934.1110214156274
245.08783878088147 42.829627338755245 39633127697550065 10 352-353-354-355-356-357-358-359-360-433 0.4578610732407911 1.0 13 0.8479189540217443 1.0 [-1,-1] 1.0 1.0 1.0 0.0005330850268982689 0.1625298359500762 47.170372661244755 114.91216121911853 1803.0214086091758 1803.0214086091758 20.242325168705655 -81.29721862352771 -1801.0739047631719
246.1728225650162 42.3443506760566 39633118788848256 10 352-353-354-355-356-357-358-359-360-433 0.9242277326574296 1.0 13 1.126264580020849 1.0 [-1,-1] 1.0 1.0 1.0 0.00042618922305278896 0.1953324009783564 47.6556493239434 113.82717743498381 3203.051013110419 3203.051013110419 -1210.415820222228 -1082.8777684405857 -2760.761683550496
244.4393739394393 43.28755449577907 39633136543335595 10 352-353-354-355-356-357-358-359-360-433 0.6503011686192568 1.0 13 1.0597714661292337 1.0 [-1,-1] 1.0 1.0 1.0 0.0006371005092682059 0.1397016056866948 46.71244550422093 115.56062606056071 2429.070482532727 2429.070482532727 -756.4220507324226 609.5680396498982 -2226.3503532272075
