data_rosette/LRG_7_clustering_data.ecsv
# %ECSV 1.0
# ---
# datatype:
# - {name: RA, unit: deg, datatype: float64}
# - {name: DEC, unit: deg, datatype: float64}
# - {name: TARGETID, datatype: int64}
# - {name: NTILE, datatype: int64}
# - {name: TILES, datatype: string}
# - {name: Z, datatype: float64}
# - {name: COMP_TILE, datatype: float64}
# - {name: ROSETTE_NUMBER, datatype: int32}
# - {name: ROSETTE_R, unit: deg, datatype: float64}
# - {name: FRACZ_TILELOCID, datatype: float64}
# - {name: BITWEIGHTS, datatype: string, subtype: 'int64[2]'}
# - {name: PROB_OBS, datatype: float64}
# - {name: WEIGHT_ZFAIL, datatype: float64}
# - {name: WEIGHT, datatype: float64}
# - {name: NZ, unit: h3 / Mpc3, datatype: float64}
# - {name: WEIGHT_FKP, datatype: float64}
# - {name: distance, unit: Mpc, datatype: float64}
# - {name: x, unit: Mpc, datatype: float64}
# - {name: y, unit: Mpc, datatype: float64}
# - {name: z, unit: Mpc, datatype: float64}
# meta: !!omap
# - {EXTNAME: LSS}
# - {DESIDR: edr}
# - comments: ['Visit https://desidatamodel.readthedocs.io/en/latest/ for a more complet', e description]
# schema: astropy-2.0
RA DEC TARGETID NTILE TILES Z COMP_TILE ROSETTE_NUMBER ROSETTE_R FRACZ_TILELOCID BITWEIGHTS PROB_OBS WEIGHT_ZFAIL WEIGHT NZ WEIGHT_FKP distance x y z
[from data line 4731]
218.63172879733582 35.6397553777063 39632996180953762 7 191-193-195-196-197-199-463 0.8841968665429935 1.0 7 1.414534164901272 1.0 [-1,-1] 1.0 1.0 1.0 0.0005346154933450218 0.1621399955636538 3097.755988171873 -1966.63578458261 -1571.7286037835422 1805.0221741304106
216.9533432374383 35.24558503398562 39632986299174339 7 191-193-195-196-197-199-463 0.5963843824343875 1.0 7 1.0945635003480263 1.0 [-1,-1] 1.0 1.0 1.0 0.0006106036532175123 0.14488555312656437 2260.9809058521455 -1475.5940849336828 -1110.0571374512128 1304.7719742278089
217.05857599279793 35.00560743780671 39632981354089055 7 191-193-195-196-197-200-463 0.9086262649207067 1.0 7 0.8592352474523295 1.0 [-1,-1] 1.0 1.0 1.0 0.0005723615213970424 0.15308410280969617 3162.3124798733907 -2067.060655399988 -1560.9577251979135 1814.081433509896
217.561757306291 33.70665093949317 39632956385395465 8 191-193-195-196-198-199-200-463 1.032354767110976 1.0 7 0.7208979290282118 1.0 [-1,-1] 1.0 1.0 1.0 0.00017557006270178804 0.37077784677498654 3475.2848390938325 -2291.72876745758 -1762.4331845456527 1928.5780355627498
218.38663460341968 33.912151816937666 39632961418561664 8 191-193-195-196-198-199-200-463 0.5024977963721954 1.0 7 0.6882225905542612 1.0 [-1,-1] 1.0 1.0 1.0 0.0007365189099627642 0.12316671624379881 1954.8025971790773 -1271.6043835619048 -1007.378335982096 1090.6256799828975
217.4854388557625 35.9185386832166 39633001071511771 7 191-193-195-196-198-199-463 0.8086658574069608 0.8333333333333334 7 1.54015807610233 1.0 [-1,-1] 1.0 1.0 1.0 0.0008239664519383997 0.11155322342262282 2892.072312555936 -1858.514958418414 -1425.3384093379193 1696.5891751551674
218.89659366526686 35.6353000604992 39632996185147885 7 191-193-195-196-198-199-463 0.5410834119768217 0.8333333333333334 7 1.5272308935661487 1.0 [-1,-1] 1.0 1.0 1.0 0.0006094867785671962 0.14511252611805409 2082.750699599902 -1317.4256327807927 -1062.8991644235746 1213.460153875551
217.4923092650474 35.92891780409371 39633001071511854 7 191-193-195-196-198-199-463 0.5504912233955731 0.8333333333333334 7 1.5494681552749632 1.0 [-1,-1] 1.0 1.0 1.0 0.0006724560872077301 0.13333590500666823 2113.4955087908074 -1357.8797120428467 -1041.6481962080481 1240.1592593848056
218.65924294116317 34.32356236865622 39632966434947878 7 191-193-195-196-198-199-463 0.6463917128988887 0.8333333333333334 7 0.7134011498855357 1.0 [-1,-1] 1.0 1.0 1.0 0.0007982518636535506 0.11473445525619816 2417.0671971321503 -1558.7629252942686 -1246.9851178143317 1362.9013515768117
218.65922816911288 34.61402102419883 39632971430366217 7 191-193-195-196-198-199-463 0.9726308772890815 0.8333333333333334 7 0.7396887586322789 1.0 [-1,-1] 1.0 1.0 1.0 0.00030269805442075816 0.25472307248715254 3327.0657033285293 -2138.1660343541375 -1710.4973256530802 1889.9235706062095
217.43977619219947 34.4509559052114 39632971413589214 7 191-193-195-196-198-200-463 1.0969664382817677 1.0 7 0.30147239515053353 1.0 [-1,-1] 1.0 1.0 1.0 5.9370222311395755e-05 0.6353792046182113 3629.9185707961133 -2376.6345617854176 -1819.6900955710746 2053.447088779759
218.7580521440975 34.87978642004299 39632981379253175 7 191-193-195-196-198-200-463 0.9199952364604633 1.0 7 0.9227598846677446 1.0 [-1,-1] 1.0 1.0 1.0 0.00042618922305278896 0.1953324009783564 3192.036506414821 -2041.974265637358 -1639.3294887915422 1825.3868039235329
218.75194894047675 34.896676996420425 39632981379253100 6 191-193-195-196-198-463 0.9148282052123895 1.0 7 0.9273417712523545 1.0 [-1,-1] 1.0 1.0 1.0 0.00042618922305278896 0.1953324009783564 3178.552324321697 -2033.1042144613637 -1631.852351312482 1818.44439978412
218.21070978826404 34.48506364516839 39632971426170314 6 191-193-195-196-198-463 0.9355707728646534 1.0 7 0.34922768895206696 1.0 [-1,-1] 1.0 1.0 1.0 0.0003671239319408774 0.21984967794317842 3232.4334243734934 -2093.537123778454 -1648.085012661895 1830.1759329112679
217.57918723339125 33.723405735595996 39632956385395673 7 191-193-195-196-199-200-463 0.56945605048552 1.0 7 0.7008864974719764 1.0 [-1,-1] 1.0 1.0 1.0 0.0006724560872077301 0.13333590500666823 2174.9414147441844 -1433.6198070778005 -1103.2065015933035 1207.4931971509855
217.32474229647417 33.106145273419656 39632941222987574 7 191-193-195-197-198-199-200 0.4808486914277445 1.0 7 1.3528437953480763 1.0 [-1,-1] 1.0 1.0 1.0 0.000668512811805897 0.13401699399284683 1881.6973030365136 -1253.430864007918 -955.7141122305837 1027.7676513154909
217.47149226248482 33.560602525465484 39632951343842527 8 191-193-195-197-198-199-200-463 1.0758928019611054 1.0 7 0.8824915048570117 1.0 [-1,-1] 1.0 1.0 1.0 0.00012850791192818028 0.44600300211103894 3580.1191076919235 -2367.729306746415 -1814.9516001746329 1979.1567508053768
217.4805969715023 33.56288601422407 39632951343842640 8 191-193-195-197-198-199-200-463 0.5166926924422158 1.0 7 0.8780119371360101 1.0 [-1,-1] 1.0 1.0 1.0 0.0006888416087567301 0.1305783864573065 2002.220066046777 -1323.9817271412232 -1015.2147423439055 1106.931165883453
217.18985518719728 35.22840463764638 39632986303367724 8 191-193-195-197-198-199-200-463 0.6002128288088661 1.0 7 0.96807914404066 1.0 [-1,-1] 1.0 1.0 1.0 0.0006106036532175123 0.14488555312656437 2273.099234589462 -1479.1968015262505 -1122.3587346429142 1311.2085354421945
217.27753550819511 33.8004625447314 39632956381201475 7 191-193-195-197-198-200-463 0.900949940393189 1.0 7 0.7393309313301301 1.0 [-1,-1] 1.0 1.0 1.0 0.0005723615213970424 0.15308410280969617 3142.12859835859 -2077.638027314959 -1581.4490836146892 1747.973441449264
217.09824742407469 35.85248873590581 39632996159982316 5 191-193-195-197-463 0.5514950463935647 1.0 7 1.5617622327891063 1.0 [-1,-1] 1.0 1.0 1.0 0.0006724560872077301 0.13333590500666823 2116.7656581120686 -1368.4439977164832 -1034.8802680905355 1239.7905900567282
217.469100792258 35.93288573163492 39633001071511548 5 191-193-195-199-463 0.48142990348176173 1.0 7 1.5565668288217358 1.0 [-1,-1] 1.0 1.0 1.0 0.000668512811805897 0.13401699399284683 1883.672449240862 -1210.538068855223 -927.8417416011883 1105.4090566047525
217.99238705586032 34.48452480248365 39632971421977153 3 191-193-196 1.0622095096010513 0.5 7 0.17977129239151268 0.5 [-2594638023419789358,-27585647298481250] 0.78125 1.0 1.2772277227722773 0.00014839258087788972 0.41078905010633954 3547.4569538334476 -2304.4573047444574 -1799.9463209726848 2008.5120391792757
216.92763571563736 35.3449124203334 39632986299173995 8 191-193-196-197-198-199-200-463 0.6638351312644069 1.0 7 1.1853565063395604 1.0 [-1,-1] 1.0 1.0 1.0 0.0006371005092682059 0.1397016056866948 2470.4040503370998 -1610.8367923593992 -1210.6658752862418 1429.1218068172595
216.1768703166812 34.95685756649538 39632981341507321 8 191-193-196-197-198-199-200-463 0.5460470459685836 1.0 7 1.4462686890581222 1.0 [-1,-1] 1.0 1.0 1.0 0.0006094867785671962 0.14511252611805409 2098.993770773418 -1388.6247438797197 -1015.4590811634409 1202.6383599874464
217.30474490313767 33.653987042640274 39632956381201854 8 191-193-196-197-198-199-200-463 0.7793358481956718 1.0 7 0.8514706787404523 1.0 [-1,-1] 1.0 1.0 1.0 0.0007064174578981374 0.12774458208408304 2809.643960705309 -1860.2930869104284 -1417.407041517457 1557.0376024289892
217.17953173346535 34.279586689273145 39632966413976714 7 191-193-196-197-198-199-463 0.4740178980408635 1.0 7 0.5262841730573691 1.0 [-1,-1] 1.0 1.0 1.0 0.000668512811805897 0.13401699399284683 1858.432178433905 -1223.4994076666217 -927.9978807419333 1046.727899034174
215.97778268045263 34.13925582210218 39632966397199839 5 191-193-196-197-199 0.6426910339866873 1.0 7 1.528259237184829 1.0 [-1,-1] 1.0 1.0 1.0 0.0007982518636535506 0.11473445525619816 2405.678559409334 -1611.3056096943571 -1169.727697393012 1350.0817298670872
217.41867660271834 35.63461606030179 39632996164176817 7 191-193-196-197-199-200-463 0.46619704993919714 1.0 7 1.2734975480369433 1.0 [-1,-1] 1.0 1.0 1.0 0.0005330850268982689 0.1625298359500762 1831.677314349848 -1182.3452779219572 -904.5820712178319 1067.1610488163346
216.59396495578028 33.48182715298431 39632951331259759 7 191-193-196-197-199-200-463 0.7705408659515051 1.0 7 1.3579640080609674 1.0 [-1,-1] 1.0 1.0 1.0 0.0007064174578981374 0.12774458208408304 2784.6403745006824 -1864.7371976866636 -1384.571335901148 1536.2094305998444
216.3509913451364 35.14661497022719 39632986290786908 6 191-193-196-197-199-463 0.84917744758094 1.0 7 1.4050001727211547 0.5 [8718898473600732527,8067622571015561855] 0.71875 1.0 1.3870967741935485 0.0006366829495309179 0.1397804201853648 3003.5525467312145 -1978.0246048660329 -1455.7155686337733 1729.0571843514572
216.51534957701827 35.546114311077744 39632991231673814 6 191-193-196-197-199-463 0.7753953293462993 1.0 7 1.5561447676386688 1.0 [-1,-1] 1.0 1.0 1.0 0.0007064174578981374 0.12774458208408304 2798.4577749238965 -1829.9863915452368 -1354.8775377345735 1626.9058308745316
217.8018139847708 34.29218001160686 39632966422365501 6 191-193-196-197-199-463 0.5473088207137985 1.0 7 0.10783039006462702 1.0 [-1,-1] 1.0 1.0 1.0 0.0006094867785671962 0.14511252611805409 2103.115028753436 -1372.8933911816052 -1064.9948943736044 1184.9229660938272
216.51308417823816 35.541546703535616 39632991231673781 6 191-193-196-197-199-463 0.9309166891130536 1.0 7 1.5540628493189645 1.0 [-1,-1] 1.0 1.0 1.0 0.0003671239319408774 0.21984967794317842 3220.4016903383927 -2106.088399641191 -1559.1678534542502 1871.9974104645682
216.50459905691577 35.60096468595853 39632991231673648 6 191-193-196-197-199-463 0.8669407834460444 1.0 7 1.6025550948766192 1.0 [-1,-1] 1.0 1.0 1.0 0.0006576102792991648 0.1359368301360722 3051.5837338489705 -1994.4233448956484 -1476.043402727456 1776.4387631696263
215.9630447248936 34.19622706693828 39632966397199615 6 191-193-196-197-199-463 0.5076589446876225 1.0 7 1.5311373871843748 1.0 [-1,-1] 1.0 1.0 1.0 0.0007365189099627642 0.12316671624379881 1972.0903055997458 -1320.2466547495926 -957.9149025336973 1108.3717713686442
216.35418624415937 35.146986382062344 39632986290786953 6 191-193-196-197-199-463 0.7949217620565625 1.0 7 1.4029732634431478 1.0 [-1,-1] 1.0 1.0 1.0 0.0008239664519383997 0.11155322342262282 2853.6281606873727 -1879.2044492977932 -1383.1510047609613 1642.7652343643376
215.96097380261855 34.19164666431659 39632966397199576 6 191-193-196-197-199-463 0.7267215016045165 1.0 7 1.533489523228017 1.0 [-1,-1] 1.0 1.0 1.0 0.0005823912580269674 0.15084542533972659 2658.0581930033704 -1779.6218966054228 -1291.119885795763 1493.7297958525153
218.20337928263973 34.591493482889874 39632971426170201 6 191-193-196-197-200-463 0.49325464381732903 1.0 7 0.38365863843076004 1.0 [-1,-1] 1.0 1.0 1.0 0.0007365189099627642 0.12316671624379881 1923.7068463903383 -1244.4528989549624 -979.4067204990432 1092.1297949295954
217.85025770919813 34.4078163900732 39632971421975066 6 191-193-196-197-200-463 1.0089472808022555 1.0 7 0.04219663926501557 1.0 [-1,-1] 1.0 1.0 1.0 0.00023297360745577845 0.30751381291380364 3417.8120349926253 -2226.5775830334865 -1730.2409327873236 1931.3357263252917
216.05193022871632 34.8973608632413 39632981341505394 6 191-193-196-197-200-463 0.5556179716500382 1.0 7 1.5216074346238115 1.0 [-1,-1] 1.0 1.0 1.0 0.0006724560872077301 0.13333590500666823 2130.176007507011 -1412.5216499692665 -1028.214378503146 1218.690938329321
215.89778195030192 34.71480863794562 39632976375448762 5 191-193-196-197-463 0.7543230068923226 1.0 7 1.5978777290860988 1.0 [-1,-1] 1.0 1.0 1.0 0.0007242712797402853 0.12498917450484462 2738.1831910493365 -1823.2750218765095 -1319.7234382167003 1559.3734090870705
215.89383627830205 34.7153593495566 39632976375448694 5 191-193-196-197-463 0.9629794394541044 1.0 7 1.601166770449189 1.0 [-1,-1] 1.0 1.0 1.0 0.0003767415448896098 0.21544643941305056 3302.620470199783 -2199.2120416275843 -1591.6034938851603 1880.8420147357992
215.98438874102374 34.74129650239484 39632976375449921 5 191-193-196-197-463 0.5461272172805914 1.0 7 1.5334610132121231 1.0 [-1,-1] 1.0 1.0 1.0 0.0006094867785671962 0.14511252611805409 2099.2557233428192 -1395.8538161130805 -1013.5661899040989 1196.306940008885
216.62688114467457 35.622629046513765 39632991231675484 5 191-193-196-197-463 1.0086349539310733 1.0 7 1.5549657539195758 1.0 [-1,-1] 1.0 1.0 1.0 0.00023297360745577845 0.30751381291380364 3417.0398328018446 -2229.1381200969945 -1657.1272983296728 1990.2345534171325
218.04543947100692 34.45028433300816 39632971421977940 5 191-193-196-197-463 0.9494257658445838 1.0 7 0.20860568964560297 1.0 [-1,-1] 1.0 1.0 1.0 0.0003671239319408774 0.21984967794317842 3268.0552196755543 -2122.289786235939 -1660.8266964466816 1848.7091892607798
217.49556917709327 34.40883420958447 39632971413589950 7 191-193-196-198-199-200-463 0.688996842494103 1.0 7 0.25133193343402066 1.0 [-1,-1] 1.0 1.0 1.0 0.0008053318504768218 0.11384060807160488 2546.3499510994347 -1666.780255615616 -1278.7606962338557 1438.9276335943864
216.62495388579566 33.60003587450545 39632951331260181 7 191-193-196-198-199-200-463 0.7806713403389767 1.0 7 1.2605070170209494 1.0 [-1,-1] 1.0 1.0 1.0 0.0007064174578981374 0.12774458208408304 2813.4290517258496 -1880.684757639249 -1397.9910358764787 1556.9293288673775
216.38085781018322 35.51263370538574 39632991227481722 4 191-193-196-199 0.890138772233751 1.0 7 1.609552480666964 1.0 [-1,-1] 1.0 1.0 1.0 0.0005723615213970424 0.15308410280969617 3113.5447362501645 -2040.4142028014012 -1503.2711204253526 1808.6035066129155
215.97527942524678 34.144055527226065 39632966397199804 4 191-193-196-199 0.6466329593713013 1.0 7 1.5294447225225796 1.0 [-1,-1] 1.0 1.0 1.0 0.0007982518636535506 0.11473445525619816 2417.8087290934404 -1619.389675301309 -1175.4882928428672 1357.056890258224
216.09562604091582 34.77594680269991 39632976375451559 6 191-193-196-199-200-463 0.5445794187755181 1.0 7 1.4526048218136325 1.0 [-1,-1] 1.0 1.0 1.0 0.0006094867785671962 0.14511252611805409 2094.1961779049066 -1389.9404642566212 -1013.3994974849047 1194.4641459126974
215.9730912488564 34.15481240558986 39632966397199765 5 191-193-196-199-463 0.6037713313213872 1.0 7 1.5293710976202834 1.0 [-1,-1] 1.0 1.0 1.0 0.0006106036532175123 0.14488555312656437 2284.337804519965 -1529.8416646155852 -1110.3976582085488 1282.4978467858264
216.67085064706146 35.75302400771784 39632996155786642 5 191-193-196-199-463 0.6926718145567389 1.0 7 1.63844103331086 1.0 [-1,-1] 1.0 1.0 1.0 0.0005639081233901963 0.1550231922816235 2557.3451263910893 -1664.6326841609962 -1239.4620583863593 1494.2375741895469
217.28006407172813 35.86578578230978 39632996164175116 5 191-193-196-199-463 0.828083320879874 1.0 7 1.5262076379436074 1.0 [-1,-1] 1.0 1.0 1.0 0.000762533893525711 0.11946670068019369 2945.84502157848 -1899.5277073112213 -1446.008111071943 1725.9368247505015
216.62488775839992 35.71683694548132 39632996155786120 5 191-193-196-199-463 0.7024034192616692 1.0 7 1.6307098733733323 1.0 [-1,-1] 1.0 1.0 1.0 0.0005639081233901963 0.1550231922816235 2586.342698231231 -1685.2785357558457 -1252.7344612584668 1509.8546881041555
216.80235795717977 35.819129847792794 39632996155788214 5 191-193-196-199-463 1.082956123517417 1.0 7 1.637039726340636 1.0 [-1,-1] 1.0 1.0 1.0 0.00012850791192818028 0.44600300211103894 3596.878225128736 -2335.3373213392933 -1747.20542572799 2104.9954304633857
216.56387443616939 35.663017243728035 39632996155785381 5 191-193-196-199-463 0.7723934865646892 1.0 7 1.6185223882348552 1.0 [-1,-1] 1.0 1.0 1.0 0.0007064174578981374 0.12774458208408304 2789.9183364628175 -1820.5957891523278 -1350.3135582904479 1626.5695776539214
218.1200133374423 34.31466147203451 39632966426560552 5 191-193-196-200-463 0.9169608045561846 1.0 7 0.2776232136228013 1.0 [-1,-1] 1.0 1.0 1.0 0.00042618922305278896 0.1953324009783564 3184.1227068929925 -2069.0242246992316 -1623.489578723373 1795.0091247500409
