data_rosette/LRG_1_clustering_data.ecsv
# %ECSV 1.0
# ---
# datatype:
# - {name: RA, unit: deg, datatype: float64}
# - {name: DEC, unit: deg, datatype: float64}
# - {name: TARGETID, datatype: int64}
# - {name: NTILE, datatype: int64}
# - {name: TILES, datatype: string}
# - {name: Z, datatype: float64}
# - {name: COMP_TILE, datatype: float64}
# - {name: ROSETTE_NUMBER, datatype: int32}
# - {name: ROSETTE_R, unit: deg, datatype: float64}
# - {name: FRACZ_TILELOCID, datatype: float64}
# - {name: BITWEIGHTS, datatype: string, subtype: 'int64[2]'}
# - {name: PROB_OBS, datatype: float64}
# - {name: WEIGHT_ZFAIL, datatype: float64}
# - {name: WEIGHT, datatype: float64}
# - {name: NZ, unit: h3 / Mpc3, datatype: float64}
# - {name: WEIGHT_FKP, datatype: float64}
# - {name: theta, unit: deg, datatype: float64}
# - {name: phi, unit: deg, datatype: float64}
# - {name: rho, unit: Mpc, datatype: float64}
# - {name: r, unit: Mpc, datatype: float64}
# - {name: x, unit: Mpc, datatype: float64}
# - {name: y, unit: Mpc, datatype: float64}
# - {name: z, unit: Mpc, datatype: float64}
# meta: !!omap
# - {EXTNAME: LSS}
# - {DESIDR: edr}
# - comments: ['Visit https://desidatamodel.readthedocs.io/en/latest/ for a more complet', e description]
# schema: astropy-2.0
RA DEC TARGETID NTILE TILES Z COMP_TILE ROSETTE_NUMBER ROSETTE_R FRACZ_TILELOCID BITWEIGHTS PROB_OBS WEIGHT_ZFAIL WEIGHT NZ WEIGHT_FKP theta phi rho r x y z
[from data line 4589]
180.89338705515155 -0.7150688305813733 39627769641962717 5 29-30-35-37-38 1.0966111326197774 1.0 1 1.4778655722952088 1.0 [-1,-1] 1.0 1.0 1.0 4.689797466212482e-05 0.6886505109163528 90.71506883058137 179.10661294484845 3629.0839576482717 3629.0839576482717 -1382.5998358091795 -49.56210193802904 -3355.027818622665
179.284198677785 -1.3411781500995679 39627757537198825 5 29-30-35-37-445 0.8934700826257755 1.0 1 1.37785016946687 1.0 [-1,-1] 1.0 1.0 1.0 0.0005275616701708153 0.16431404058018498 91.34117815009957 180.715801322215 3122.372140385997 3122.372140385997 -53.91080926476136 724.9940672030864 -3036.558086094086
179.23302708419104 -1.3875306983941555 39627751493210495 4 29-30-35-38 0.8967976243266234 1.0 1 1.435229679428081 1.0 [-1,-1] 1.0 1.0 1.0 0.0005275616701708153 0.16431404058018498 91.38753069839416 180.76697291580896 3131.1720344894475 3131.1720344894475 -108.72821550324339 862.5339793407761 -3008.064430693736
179.23328865771464 -1.3957143488905754 39627751493210500 4 29-30-35-38 0.8973337403007123 1.0 1 1.4430762805638273 1.0 [-1,-1] 1.0 1.0 1.0 0.0005275616701708153 0.16431404058018498 91.39571434889058 180.76671134228536 3132.5881917498114 3132.5881917498114 -111.62176776758736 887.3588521899072 -3002.2064598376646
180.40634090614694 -1.3514564893834546 39627757553978252 4 29-30-36-38 0.8360442607557366 1.0 1 1.5736898403544473 1.0 [-1,-1] 1.0 1.0 1.0 0.0006232532477076302 0.14268566385842998 91.35145648938345 179.59365909385306 2967.7099887323952 2967.7099887323952 624.3286016559446 359.8564008946319 -2878.8921037634477
180.63318675258463 -1.194016711933348 39627757558172203 4 29-30-36-38 0.8854123807925665 1.0 1 1.5789224922626748 1.0 [-1,-1] 1.0 1.0 1.0 0.0005690156306133545 0.15418916366201427 91.19401671193334 179.36681324741537 3100.9904020664053 3100.9904020664053 260.17723735125276 79.35245870088991 -3089.037465970647
180.0104599295045 0.4210376197638947 39627799828365575 4 29-30-37-38 0.8001437912320474 1.0 1 0.588002549613932 1.0 [-1,-1] 1.0 1.0 1.0 0.0007229154976227362 0.12548315978664992 89.5789623802361 179.9895400704955 2868.272515647217 2868.272515647217 -1738.8364553518777 -2277.6799536537487 -124.93612079934965
177.9439732818008 0.08868876404287841 39627787711025466 2 29-31 0.7295761618534086 1.0 1 1.6583992275160444 1.0 [-1,-1] 1.0 1.0 1.0 0.0006167714992318164 0.14396928707710532 89.91131123595711 182.0560267181992 2666.4074477967865 2666.4074477967865 2449.9603009977095 -386.1963336161607 -978.9155188793462
178.43559700092112 -1.1361783254226172 39627757520423955 2 29-31 0.9138195550588876 1.0 1 1.6268244537067238 1.0 [-1,-1] 1.0 1.0 1.0 0.0004951280553168204 0.17321314004730964 91.13617832542262 181.56440299907888 3175.915248619339 3175.915248619339 -75.93244870178057 57.48144087751115 -3174.4870158187186
178.22501507142897 -0.19849891710770617 39627781675422634 8 29-31-32-33-34-35-36-37 0.8682693216271594 1.0 1 1.3892364124570844 0.5 [-1,-1] 1.0 1.0 1.0 0.0006812235016579503 0.1321480675826358 90.19849891710771 181.77498492857103 3055.155501377784 3055.155501377784 2181.0545348311207 -1019.8495933240595 -1880.6602725341681
179.6396545607962 -0.7044927647755337 39627769620991458 9 29-31-32-33-34-35-36-37-38 0.5453742367089884 1.0 1 0.7056078660043228 1.0 [-1,-1] 1.0 1.0 1.0 0.0007045118177349687 0.128340413101622 90.70449276477554 180.3603454392038 2096.7949245534046 2096.7949245534046 -227.52728715906798 -787.5946319199886 -1929.8898893464805
179.55407056374952 1.0867701496775426 39627811899573310 9 29-31-32-33-34-35-36-37-38 0.8558019486727001 1.0 1 1.087740142844489 1.0 [-1,-1] 1.0 1.0 1.0 0.0006812235016579503 0.1321480675826358 88.91322985032245 180.44592943625048 3021.524790502043 3021.524790502043 -477.32673907675286 -2408.5111441439544 1760.921722370176
179.5808522010145 1.0891364570146982 39627811899573838 9 29-31-32-33-34-35-36-37-38 0.7896703287511831 1.0 1 1.0893047397502367 1.0 [-1,-1] 1.0 1.0 1.0 0.0007324854237337303 0.12404708914385561 88.9108635429853 180.4191477989855 2838.8546565452043 2838.8546565452043 -508.0404151719727 -2246.2559169474503 1659.917182608473
180.42695197071285 0.4142307627083184 39627799832564385 9 29-31-32-33-34-35-36-37-38 0.511371315158229 1.0 1 0.9248917622361797 1.0 [-1,-1] 1.0 1.0 1.0 0.0006865842838717192 0.13125169390769817 89.58576923729169 179.57304802928715 1984.491899187509 1984.491899187509 -1737.1875381651605 -954.1492645329931 -99.93365887258862
178.37052572124117 -0.31781885184324016 39627781679614745 9 29-31-32-33-34-35-36-37-38 0.5998104611391408 1.0 1 1.2698820105188253 1.0 [-1,-1] 1.0 1.0 1.0 0.0007756247847600315 0.11796159141779075 90.31781885184324 181.62947427875883 2271.8269322710935 2271.8269322710935 1345.1327370734857 -886.8737655250177 -1601.646169997904
178.36379627309665 -0.3009871631503833 39627781679614577 9 29-31-32-33-34-35-36-37-38 0.8749491385847242 1.0 1 1.2723124100559677 1.0 [-1,-1] 1.0 1.0 1.0 0.0005690156306133545 0.15418916366201427 90.30098716315038 181.63620372690335 3073.0711138873853 3073.0711138873853 1857.894272872977 -1207.0894605485546 -2129.5375028553613
179.58078210529072 1.081205711868272 39627811899573834 9 29-31-32-33-34-35-36-37-38 0.8561295974114964 1.0 1 1.0813764723782293 1.0 [-1,-1] 1.0 1.0 1.0 0.0006812235016579503 0.1321480675826358 88.91879428813172 180.41921789470928 3022.4118456622728 3022.4118456622728 -543.7959522277719 -2405.1293929816675 1747.7448126531378
179.3387923362268 1.2699551544265475 39627817935177466 9 29-31-32-33-34-35-36-37-38 0.7389015419312326 1.0 1 1.296535523682723 1.0 [-1,-1] 1.0 1.0 1.0 0.0007126833197713517 0.12705585074725267 88.73004484557345 180.6612076637732 2693.5814627173622 2693.5814627173622 36.632879028288315 -1865.9205225253727 1942.2614994092178
179.51987267547577 0.37273186583357143 39627793780179354 9 29-31-32-33-34-35-36-37-38 0.4242016540801913 1.0 1 0.38124708703347443 1.0 [-1,-1] 1.0 1.0 1.0 0.0006262316776515472 0.14210347001521706 89.62726813416643 180.48012732452423 1685.846047633052 1685.846047633052 -269.85635437848464 -1656.9039052152796 -154.67350517749244
179.19395241668542 0.7120247383980626 39627805851389772 10 29-31-32-33-34-35-36-37-38-445 0.6865694854956049 1.0 1 0.8196617475732161 1.0 [-1,-1] 1.0 1.0 1.0 0.0007209928471550773 0.12577569469930108 89.28797526160194 180.80604758331458 2539.074026273406 2539.074026273406 403.0620583772924 -2428.535023693933 621.8163126557679
179.5900904923085 1.0908233486598482 39627811899574026 10 29-31-32-33-34-35-36-37-38-445 0.6026517972345196 1.0 1 1.09086835340464 1.0 [-1,-1] 1.0 1.0 1.0 0.0007756247847600315 0.11796159141779075 88.90917665134015 180.4099095076915 2280.804682577792 2280.804682577792 -424.3095168870191 -1798.6565839595173 1336.7370447948863
178.65738273328986 -0.27519696959413115 39627781683810219 10 29-31-32-33-34-35-36-37-38-445 0.791854083478027 1.0 1 0.9819642818113271 1.0 [-1,-1] 1.0 1.0 1.0 0.0007229154976227362 0.12548315978664992 90.27519696959413 181.34261726671014 2845.0037646481533 2845.0037646481533 1355.3759926363691 -1605.7678188490863 -1917.944746700434
180.19816758489983 0.12175251848879504 39627787748774429 10 29-31-32-33-34-35-36-37-38-445 0.5080794916841772 1.0 1 0.6104323032225734 1.0 [-1,-1] 1.0 1.0 1.0 0.0005337442823398631 0.16272042362546515 89.87824748151121 179.80183241510017 1973.496588969296 1973.496588969296 -1383.7038264745063 -1240.9226436832885 -663.4481891356207
180.2689181753776 -0.6462910162244255 39627769633571288 10 29-31-32-33-34-35-36-37-38-445 0.5550862457466293 1.0 1 0.9301207584575982 1.0 [-1,-1] 1.0 1.0 1.0 0.000677088223595666 0.13284793461577618 90.64629101622442 179.7310818246224 2128.448385149918 2128.448385149918 -746.1490349932808 -579.449372191178 -1907.2998114856352
178.32445056365043 -0.28092901316186525 39627781679613696 10 29-31-32-33-34-35-36-37-38-445 0.6531082658447166 1.0 1 1.3061142508397223 1.0 [-1,-1] 1.0 1.0 1.0 0.000700708733790897 0.12894715825466588 90.28092901316187 181.67554943634957 2437.671560647445 2437.671560647445 1539.0836132427007 -915.9413850969353 -1653.6370968576662
179.6064149993294 0.7467393222988018 39627805859777040 10 29-31-32-33-34-35-36-37-38-445 0.5402368626122549 1.0 1 0.7467668748367333 1.0 [-1,-1] 1.0 1.0 1.0 0.0007045118177349687 0.128340413101622 89.25326067770119 180.3935850006706 2079.9755529402855 2079.9755529402855 -490.36288784556126 -1936.6262351676064 579.0693950758839
180.39222695972265 0.8107469141798487 39627805872360354 10 29-31-32-33-34-35-36-37-38-445 0.6996143694006437 1.0 1 1.133530865988586 1.0 [-1,-1] 1.0 1.0 1.0 0.0005843703162771602 0.15074849413407446 89.18925308582016 179.60777304027735 2578.049622489558 2578.049622489558 -2083.810027275551 -1240.5918354641908 874.6470854144591
179.57055555418032 -1.387921861416807 39627751501596464 10 29-31-32-33-34-35-36-37-38-445 0.6031849718622835 1.0 1 1.3882340938052173 1.0 [-1,-1] 1.0 1.0 1.0 0.0007756247847600315 0.11796159141779075 91.38792186141681 180.42944444581968 2282.487621224045 2282.487621224045 133.60873731574594 620.358279610945 -2192.4994985796557
179.1082030035216 -0.056527697075127614 39627787731994782 10 29-31-32-33-34-35-36-37-38-445 0.8037002305375993 1.0 1 0.49503493594546855 1.0 [-1,-1] 1.0 1.0 1.0 0.0007229154976227362 0.12548315978664992 90.05652769707513 180.8917969964784 2878.2195711680615 2878.2195711680615 618.0871469002473 -2418.4116698000203 -1432.9693555923136
179.23925493435192 -1.0287276904557612 39627763572806680 10 29-31-32-33-34-35-36-37-38-445 1.0368570977872562 1.0 1 1.090139293412511 1.0 [-1,-1] 1.0 1.0 1.0 0.00017111768859933566 0.3774092623312036 91.02872769045577 180.76074506564808 3486.249552246139 3486.249552246139 32.07205943793348 -267.85912670415854 -3475.796140710945
179.96064011210495 -0.9780093151897608 39627763585390030 10 29-31-32-33-34-35-36-37-38-445 0.9107300671148664 1.0 1 1.0423775126657682 1.0 [-1,-1] 1.0 1.0 1.0 0.0004951280553168204 0.17321314004730964 90.97800931518977 180.03935988789505 3167.82803643628 3167.82803643628 -229.38341462287917 -333.69838819354095 -3141.8407189488007
179.5568840612567 -0.5932888676067966 39627775660786900 10 29-31-32-33-34-35-36-37-38-445 0.8114015159332175 1.0 1 0.5948534257757845 1.0 [-1,-1] 1.0 1.0 1.0 0.0006627118749498285 0.13533979738261318 90.5932888676068 180.4431159387433 2899.6863298065696 2899.6863298065696 -280.5388082152991 -1394.9592500872739 -2526.5722785917255
178.55386483813666 0.8386585811070901 39627805842998330 10 29-31-32-33-34-35-36-37-38-445 1.0992900418354385 1.0 1 1.3407717294947816 1.0 [-1,-1] 1.0 1.0 1.0 4.689797466212482e-05 0.6886505109163528 89.1613414188929 181.44613516186334 3635.3725009529808 3635.3725009529808 2438.257510677318 -2346.5717522587393 1328.3201962675005
180.68322708522186 0.2493913988758158 39627793796960205 10 29-31-32-33-34-35-36-37-38-445 0.7562219509720455 1.0 1 1.1115617740422177 1.0 [-1,-1] 1.0 1.0 1.0 0.0006416626200019751 0.139161677870846 89.75060860112418 179.31677291477814 2743.646487877358 2743.646487877358 -2599.66177883105 -652.7141947196819 -585.9341824285223
178.91705821418452 -0.05931538257012735 39627787727801614 10 29-31-32-33-34-35-36-37-38-445 0.842198902120789 1.0 1 0.6855126773427486 1.0 [-1,-1] 1.0 1.0 1.0 0.0006232532477076302 0.14268566385842998 90.05931538257013 181.08294178581548 2984.5422367406413 2984.5422367406413 1103.9025307544273 -2336.5580149384305 -1493.1135952464504
179.01099804606196 -0.8612074910258926 39627769612599589 10 29-31-32-33-34-35-36-37-38-445 0.933884257514504 1.0 1 1.0433482243169594 1.0 [-1,-1] 1.0 1.0 1.0 0.0004445766401596716 0.18918261239264766 90.8612074910259 180.98900195393804 3228.077288544315 3228.077288544315 266.56853564120064 -736.1485758222109 -3131.69434506892
179.00886063862805 -0.8634676977665421 39627769612599534 10 29-31-32-33-34-35-36-37-38-445 0.8610692783902584 1.0 1 1.046420448101037 1.0 [-1,-1] 1.0 1.0 1.0 0.0006812235016579503 0.1321480675826358 90.86346769776654 180.99113936137195 3035.7640984242344 3035.7640984242344 249.88638129196679 -685.4992333077324 -2946.779811737012
180.215321767766 -0.7323608783512792 39627769629381696 10 29-31-32-33-34-35-36-37-38-445 0.5639753321405195 1.0 1 0.9565316061998219 1.0 [-1,-1] 1.0 1.0 1.0 0.000677088223595666 0.13284793461577618 90.73236087835127 179.784678232234 2157.2566006152215 2157.2566006152215 -595.4218359859622 -515.8303086008165 -2008.2698949239452
179.98464878729305 -0.017071573948575013 39627787744581071 10 29-31-32-33-34-35-36-37-38-445 0.9300587091275403 1.0 1 0.3850274325617728 1.0 [-1,-1] 1.0 1.0 1.0 0.0004445766401596716 0.18918261239264766 90.01707157394857 180.01535121270695 3218.1800067560634 3218.1800067560634 -1671.536849056943 -2310.8245217213707 -1490.8846863323943
178.6066762827723 0.42222472805905625 39627799803201987 10 29-31-32-33-34-35-36-37-38-445 0.5650521658532313 1.0 1 1.0793275067866523 1.0 [-1,-1] 1.0 1.0 1.0 0.000677088223595666 0.13284793461577618 89.57777527194095 181.3933237172277 2160.735906559533 2160.735906559533 1474.274486219597 -1576.9946580113926 -91.55460546100052
179.414910459416 -1.2460709990724486 39627757537201452 10 29-31-32-33-34-35-36-37-38-445 0.7919820155987054 1.0 1 1.259740319066274 1.0 [-1,-1] 1.0 1.0 1.0 0.0007229154976227362 0.12548315978664992 91.24607099907244 180.585089540584 2845.3637495676703 2845.3637495676703 22.398257235421642 396.09142597010185 -2817.5707209757093
179.43016134006137 -0.9760615542092703 39627763577000046 10 29-31-32-33-34-35-36-37-38-445 0.9484323106492536 1.0 1 0.9907262677424249 1.0 [-1,-1] 1.0 1.0 1.0 0.0004445766401596716 0.18918261239264766 90.97606155420927 180.56983865993863 3265.5107319568197 3265.5107319568197 -30.37170278830851 -422.63783590305934 -3237.9028953719535
179.0739708476622 0.3896253925881578 39627799811589577 10 29-31-32-33-34-35-36-37-38-445 0.6405953029962015 1.0 1 0.6546070197767324 1.0 [-1,-1] 1.0 1.0 1.0 0.000833303205902425 0.11070054926254569 89.61037460741184 180.9260291523378 2399.2176669945707 2399.2176669945707 671.4031525991703 -2296.335947467079 -179.73435027628173
178.40892412348455 0.11249067695136927 39627787719413768 9 29-31-32-33-34-35-36-37-445 1.0024620623923624 1.0 1 1.19637538972453 1.0 [-1,-1] 1.0 1.0 1.0 0.0002622817504223413 0.28340640119267335 89.88750932304863 181.59107587651545 3401.7487924375773 3401.7487924375773 2596.329140496691 -1858.6352316426307 -1173.2198927545398
178.91913361383783 0.5540218768849611 39627799807397132 9 29-31-32-33-34-35-36-37-445 1.0704607848918635 1.0 1 0.8777840437912818 1.0 [-1,-1] 1.0 1.0 1.0 0.0001075182622224553 0.4910338705006151 89.44597812311504 181.08086638616217 3567.183852027715 3567.183852027715 1511.0483787502646 -3215.5986377597633 318.52603046067907
179.33184966193988 0.9132739565689661 39627811895379668 9 29-31-32-33-34-35-36-37-445 0.7131831086113858 1.0 1 0.9518234257394709 1.0 [-1,-1] 1.0 1.0 1.0 0.0006167714992318164 0.14396928707710532 89.08672604343103 180.66815033806012 2618.2635265831364 2618.2635265831364 62.681118398318 -2358.2936935087178 1135.7049912670582
179.20300576825264 -0.5212208952717062 39627775652401540 9 29-31-32-33-34-35-36-37-445 0.4748364186460477 1.0 1 0.6551879837966526 1.0 [-1,-1] 1.0 1.0 1.0 0.00048380039118235755 0.17655271186088778 90.52122089527171 180.79699423174736 1861.2250408152634 1861.2250408152634 159.08174013477182 -1015.3277311550197 -1551.7606938123777
180.66587662463826 0.6755403155918202 39627805876555882 9 29-31-32-33-34-35-36-37-445 0.8591941127800311 1.0 1 1.2619013634646943 1.0 [-1,-1] 1.0 1.0 1.0 0.0006812235016579503 0.1321480675826358 89.32445968440818 179.33412337536174 3030.7000749833337 3030.7000749833337 -2861.362422530674 -771.4329625653553 634.5385848796086
