data_rosette/LRG_14_clustering_data.ecsv
# %ECSV 1.0
# ---
# datatype:
# - {name: RA, unit: deg, datatype: float64}
# - {name: DEC, unit: deg, datatype: float64}
# - {name: TARGETID, datatype: int64}
# - {name: NTILE, datatype: int64}
# - {name: TILES, datatype: string}
# - {name: Z, datatype: float64}
# - {name: COMP_TILE, datatype: float64}
# - {name: ROSETTE_NUMBER, datatype: int32}
# - {name: ROSETTE_R, unit: deg, datatype: float64}
# - {name: FRACZ_TILELOCID, datatype: float64}
# - {name: BITWEIGHTS, datatype: string, subtype: 'int64[2]'}
# - {name: PROB_OBS, datatype: float64}
# - {name: WEIGHT_ZFAIL, datatype: float64}
# - {name: WEIGHT, datatype: float64}
# - {name: NZ, unit: h3 / Mpc3, datatype: float64}
# - {name: WEIGHT_FKP, datatype: float64}
# - {name: theta, unit: deg, datatype: float64}
# - {name: phi, unit: deg, datatype: float64}
# - {name: rho, unit: Mpc, datatype: float64}
# - {name: r, unit: Mpc, datatype: float64}
# - {name: x, unit: Mpc, datatype: float64}
# - {name: y, unit: Mpc, datatype: float64}
# - {name: z, unit: Mpc, datatype: float64}
# meta: !!omap
# - {EXTNAME: LSS}
# - {DESIDR: edr}
# - comments: ['Visit https://desidatamodel.readthedocs.io/en/latest/ for a more complet', e description]
# schema: astropy-2.0
RA DEC TARGETID NTILE TILES Z COMP_TILE ROSETTE_NUMBER ROSETTE_R FRACZ_TILELOCID BITWEIGHTS PROB_OBS WEIGHT_ZFAIL WEIGHT NZ WEIGHT_FKP theta phi rho r x y z
[from data line 5184]
250.6942245403965 34.824269595632074 39632976853602312 7 382-383-385-386-388-436-437 1.0637226937599307 1.0 14 1.5202478716200922 1.0 [-1,-1] 1.0 1.0 1.0 0.00014839258087788972 0.41078905010633954 55.175730404367926 -250.6942245403965 3551.0817077856523 3551.0817077856523 -2806.8361133167655 -2060.2415638233906 698.037983955923
251.35488994166164 35.15422974426091 39632986773129478 7 382-383-385-386-388-436-437 0.8519721183812361 1.0 14 1.1452412292048066 1.0 [-1,-1] 1.0 1.0 1.0 0.0006576102792991648 0.1359368301360722 54.84577025573909 -251.35488994166164 3011.143199486452 3011.143199486452 -2983.781308741364 82.00795213455237 -396.6196732461471
252.6209127900549 34.43076970907727 39632971904319720 7 382-383-385-386-389-436-437 0.7325770951442492 1.0 14 0.121369999560063 1.0 [-1,-1] 1.0 1.0 1.0 0.0006073340474539246 0.1455520198534496 55.56923029092273 -252.6209127900549 2675.1689219722925 2675.1689219722925 -607.9793258181809 2136.0427754241537 1491.378946486219
251.88883156695692 35.88241038677249 39633001541272665 7 382-383-385-386-389-436-437 0.7416114036299926 1.0 14 1.469862257397283 1.0 [-1,-1] 1.0 1.0 1.0 0.0006073340474539246 0.1455520198534496 54.11758961322751 -251.88883156695692 2701.449146527392 2701.449146527392 -1491.490963519254 938.0410957728942 -2047.7697867815045
250.68687786505535 34.78644456623893 39632976853602196 7 382-383-385-386-389-436-437 1.0372960542727285 1.0 14 1.5189001303617817 1.0 [-1,-1] 1.0 1.0 1.0 0.00017557006270178804 0.37077784677498654 55.21355543376107 -250.68687786505535 3487.3170200618197 3487.3170200618197 -2718.7516081875765 -2026.489016650696 814.3168650988459
251.90327395152062 35.874540131761165 39632996638130636 7 382-383-385-386-389-436-437 0.7452598032693142 1.0 14 1.4584824580597784 1.0 [-1,-1] 1.0 1.0 1.0 0.0006073340474539246 0.1455520198534496 54.125459868238835 -251.90327395152062 2712.021315488316 2712.021315488316 -1497.0957622392125 972.0189313070161 -2041.7989841140418
253.48886769019288 33.25109015993571 39632946797216643 6 382-383-385-386-389-437 0.5479286435915146 1.0 14 1.4945773295767788 1.0 [-1,-1] 1.0 1.0 1.0 0.0006094867785671962 0.14511252611805409 56.74890984006429 -253.48886769019288 2105.138362827861 2105.138362827861 -233.19201470036342 -347.7827361215237 2063.074448338057
252.54386584740013 34.47651208756887 39632971900129062 5 382-383-385-386-436 0.89056033218694 1.0 14 0.04311547852015835 1.0 [-1,-1] 1.0 1.0 1.0 0.0005723615213970424 0.15308410280969617 55.52348791243113 -252.54386584740013 3114.662769782616 3114.662769782616 -923.796588587127 2497.0325908631617 1616.3391576497525
251.72708986419116 35.44028154864599 39632991714018716 8 382-383-385-387-388-389-436-437 0.6768603634795713 1.0 14 1.1336897410863114 1.0 [-1,-1] 1.0 1.0 1.0 0.0008053318504768218 0.11384060807160488 54.55971845135401 -251.72708986419116 2509.86350402349 2509.86350402349 -2112.8471577983623 892.4945567163204 -1019.1884824919246
253.10551205057263 34.5015619145973 39632971908517271 8 382-383-385-387-388-389-436-437 0.917915533931007 1.0 14 0.49901536296078153 1.0 [-1,-1] 1.0 1.0 1.0 0.00042618922305278896 0.1953324009783564 55.4984380854027 -253.10551205057263 3186.614183188208 3186.614183188208 568.9959217293585 2705.3177243049868 1584.932050314111
251.51039927875814 34.57159933951478 39632971887544221 6 382-383-385-387-388-437 0.5068158908041679 1.0 14 0.8183403540107609 1.0 [-1,-1] 1.0 1.0 1.0 0.0007365189099627642 0.12316671624379881 55.42840066048522 -251.51039927875814 1969.270108115937 1969.270108115937 -1743.1727987165993 322.58653083876 857.5029344876358
251.74678006128448 35.44397669452312 39632991714019038 7 382-383-385-387-389-436-437 0.5014113648969141 1.0 14 1.1278388922689706 1.0 [-1,-1] 1.0 1.0 1.0 0.0007365189099627642 0.12316671624379881 54.55602330547688 -251.74678006128448 1951.156627532848 1951.156627532848 -1625.8537852333418 724.8291132912476 -798.8957445957485
251.7603487168177 35.43453639397265 39632991714019271 7 382-383-385-387-389-436-437 0.5477216887196359 1.0 14 1.1138801616592642 1.0 [-1,-1] 1.0 1.0 1.0 0.0006094867785671962 0.14511252611805409 54.56546360602735 -251.7603487168177 2104.462869236947 2104.462869236947 -1750.137656086968 808.8784203889509 -843.5033217317481
251.91712824043563 35.82689859504035 39632996638130841 6 382-383-385-388-389-436 0.9761175898747733 1.0 14 1.4098549274801162 1.0 [-1,-1] 1.0 1.0 1.0 0.00030269805442075816 0.25472307248715254 54.17310140495965 -251.91712824043563 3335.8626730135966 3335.8626730135966 -1922.0626423282874 1286.1373336864476 -2404.0602594505267
253.10537597125858 34.52508369398913 39632971908517269 6 382-383-385-388-389-436 0.9576069198794948 1.0 14 0.49946063709537547 1.0 [-1,-1] 1.0 1.0 1.0 0.0003767415448896098 0.21544643941305056 55.47491630601087 -253.10537597125858 3288.9523669387363 3288.9523669387363 594.6406175229808 2829.158000662565 1568.2714099513516
251.08586026208238 35.22509219035152 39632986768935430 7 382-383-385-388-389-436-437 0.7767286151542084 1.0 14 1.368238473352081 1.0 [-1,-1] 1.0 1.0 1.0 0.0007064174578981374 0.12774458208408304 54.77490780964848 -251.08586026208238 2802.245640390884 2802.245640390884 -2665.0401425912546 -656.5654168047872 -564.8570800856244
251.32837365395184 35.735588758251076 39632996629742541 6 382-383-385-388-436-437 0.5983267532794972 1.0 14 1.563658446724469 1.0 [-1,-1] 1.0 1.0 1.0 0.0006106036532175123 0.14488555312656437 54.264411241748924 -251.32837365395184 2267.1326960628962 2267.1326960628962 -1714.1824741793125 1.6479585733174482 -1483.733935382772
252.9254899907316 34.659082179123025 39632976887153838 6 382-383-385-389-436-437 0.8759678291041777 1.0 14 0.3847501095776774 1.0 [-1,-1] 1.0 1.0 1.0 0.0005346154933450218 0.1621399955636538 55.340917820876975 -252.9254899907316 3075.796998538139 3075.796998538139 78.43280696792935 2874.2445157581606 1092.2883935305242
251.76235472006002 35.45289771651282 39632991714019306 6 382-383-385-389-436-437 0.9054684148013346 1.0 14 1.1284113296290608 1.0 [-1,-1] 1.0 1.0 1.0 0.0005723615213970424 0.15308410280969617 54.54710228348718 -251.76235472006002 3154.020518909912 3154.020518909912 -2599.0542987587555 1207.5639103829867 -1317.0237614215368
252.8899350274599 34.76381842269329 39632976887153315 7 382-383-386-387-388-389-436 0.6050092615525977 1.0 14 0.4153817067825317 1.0 [-1,-1] 1.0 1.0 1.0 0.0006106036532175123 0.14488555312656437 55.23618157730671 -252.8899350274599 2288.2417688551263 2288.2417688551263 -18.303652120075416 2212.249117765251 584.5247727848434
251.06096317797403 35.24068698299674 39632986768935047 7 382-383-386-388-389-436-437 1.0061079224412588 1.0 14 1.3937328329901444 1.0 [-1,-1] 1.0 1.0 1.0 0.00023297360745577845 0.30751381291380364 54.75931301700326 -251.06096317797403 3410.786750563968 3410.786750563968 -3212.1508843596494 -876.7212551322151 -739.5355263471973
251.06409508722996 35.22316346022484 39632986768935091 7 382-383-386-388-389-436-437 0.4912448412744222 1.0 14 1.3824170401882347 1.0 [-1,-1] 1.0 1.0 1.0 0.0007365189099627642 0.12316671624379881 54.77683653977516 -251.06409508722996 1916.922487198846 1916.922487198846 -1813.5744831753225 -488.89731868883865 -382.7777784600823
252.54797219147986 34.46462775348578 39632971900129140 6 382-383-386-388-436-437 0.9889498595978602 1.0 14 0.053055499526217874 1.0 [-1,-1] 1.0 1.0 1.0 0.00030269805442075816 0.25472307248715254 55.53537224651422 -252.54797219147986 3368.08313951351 3368.08313951351 -980.6668270681312 2684.5780912873865 1781.9419409012958
251.35432457957953 35.76895881869407 39632996629742934 6 382-383-386-388-436-437 0.9396349230025854 1.0 14 1.5773424886498122 1.0 [-1,-1] 1.0 1.0 1.0 0.0003671239319408774 0.21984967794317842 54.23104118130593 -251.35432457957953 3242.9128983666487 3242.9128983666487 -2378.9362832503152 64.03808991375647 -2202.9628570786554
252.7932735603532 34.67567440709129 39632976882962376 6 382-383-386-388-436-437 0.7313299902184986 1.0 14 0.2985872869708 1.0 [-1,-1] 1.0 1.0 1.0 0.0006073340474539246 0.1455520198534496 55.32432559290871 -252.7932735603532 2671.529834869335 2671.529834869335 -263.19659529725556 2498.972698090469 907.1574642912616
250.6847373575147 34.84482634204322 39632976853602162 6 382-383-386-388-436-437 0.5711257878757736 1.0 14 1.5321857188219168 1.0 [-1,-1] 1.0 1.0 1.0 0.0005369919189708607 0.1615383650856205 55.15517365795678 -250.6847373575147 2180.317514131968 2180.317514131968 -1717.9727757876035 -1286.2632152297506 384.5529160337568
252.54470186281839 34.46334075054793 39632971900129075 6 382-383-386-388-436-437 0.8487252549115252 1.0 14 0.05197769703665874 1.0 [-1,-1] 1.0 1.0 1.0 0.0006366829495309179 0.1397804201853648 55.53665924945207 -252.54470186281839 3002.323139991468 3002.323139991468 -881.2833366779537 2388.2524348494812 1591.7079584074224
250.63038081166914 34.84231550992367 39632976853601319 5 382-383-386-388-437 0.8791482197174063 1.0 14 1.5752481133750778 1.0 [-1,-1] 1.0 1.0 1.0 0.0005346154933450218 0.1621399955636538 55.15768449007633 -250.63038081166914 3084.296621753346 3084.296621753346 -2326.7593580375224 -1948.0245443452184 551.6130123306743
252.48949269078915 34.32948995204452 39632966904711170 5 382-383-386-388-437 0.848500346004687 1.0 14 0.17073023727203746 1.0 [-1,-1] 1.0 1.0 1.0 0.0006366829495309179 0.1397804201853648 55.67051004795548 -252.48949269078915 3001.711540540344 3001.711540540344 -918.0697541236201 2119.7374381614713 1916.8028830406954
250.76750427760436 34.677568708258676 39632976857793313 5 382-383-387-388-437 0.8098573030167733 1.0 14 1.4372650430034646 1.0 [-1,-1] 1.0 1.0 1.0 0.0008239664519383997 0.11155322342262282 55.322431291741324 -250.76750427760436 2895.389947067971 2895.389947067971 -2309.0822194407374 -1447.3821350519345 978.0118632089335
250.73954905674017 34.92945738839196 39632981819655346 5 382-383-388-389-436 0.5016819624995897 1.0 14 1.5094422340193039 1.0 [-1,-1] 1.0 1.0 1.0 0.0007365189099627642 0.12316671624379881 55.07054261160804 -250.73954905674017 1952.064953378967 1952.064953378967 -1617.3971193486202 -1077.939167420931 180.64133489620625
250.6869177561299 34.85791224530876 39632976853602198 5 382-383-388-436-437 0.8617027540407035 1.0 14 1.5333251073172516 1.0 [-1,-1] 1.0 1.0 1.0 0.0006576102792991648 0.1359368301360722 55.14208775469124 -250.6869177561299 3037.473558972103 3037.473558972103 -2402.6826738663726 -1790.750097188129 496.5638726062348
254.35322950224437 34.845562884268666 39632976903934492 3 382-384-385 0.6027952336817166 1.0 14 1.5627798061505442 0.5 [-1,-1] 1.0 1.0 1.0 0.0006106036532175123 0.14488555312656437 55.154437115731334 -254.35322950224437 2281.257486150852 2281.257486150852 2230.7557436621482 259.42687672770967 400.7021660397516
254.33953189840202 35.13926272276297 39632986815071459 3 382-384-385 0.6331054367895613 1.0 14 1.6398626432929653 1.0 [-1,-1] 1.0 1.0 1.0 0.0007982518636535506 0.11473445525619816 54.86073727723703 -254.33953189840202 2376.0597647844215 2376.0597647844215 2340.0269513695052 304.6747625439192 -277.6817634641261
252.8177969794456 35.12491788953467 39632981849014699 9 382-384-385-386-387-388-389-436-437 0.9072639327193981 0.6666666666666666 14 0.6771997751530024 1.0 [-1,-1] 1.0 1.0 1.0 0.0005723615213970424 0.15308410280969617 54.87508211046533 -252.8177969794456 3158.7371494107388 3158.7371494107388 -252.38637038586003 3131.911916104636 -324.11301867206515
251.74806843426379 35.46653350943186 39632991714019059 9 382-384-385-386-387-388-389-436-437 0.9088319110336923 0.6666666666666666 14 1.1461710084346994 1.0 [-1,-1] 1.0 1.0 1.0 0.0005723615213970424 0.15308410280969617 54.53346649056814 -251.74806843426379 3162.8519291847015 3162.8519291847015 -2606.6828036767693 1166.1250393779776 -1359.7755254081158
252.47141291862718 34.31302690937931 39632966904710848 8 382-384-385-386-387-388-436-437 0.8509598039440229 1.0 14 0.1884548302717192 1.0 [-1,-1] 1.0 1.0 1.0 0.0006576102792991648 0.1359368301360722 55.68697309062069 -252.47141291862718 3008.3951072169493 3008.3951072169493 -945.1498138082065 2078.4015122021774 1958.9232002967585
253.98622757604454 35.240948760942885 39632986810876570 6 382-384-385-386-388-389 0.6335766082308601 0.5 14 1.4268114805854444 0.5 [-1,-1] 1.0 1.0 1.0 0.0007982518636535506 0.11473445525619816 54.759051239057115 -253.98622757604454 2377.5196948568455 2377.5196948568455 2055.5763495636484 1077.4223157321187 -516.1074734095719
253.47920813136176 34.95190393093584 39632981857404412 8 382-384-385-386-388-389-436-437 0.7832506085586848 1.0 14 0.9229858910274732 0.5 [-1,-1] 1.0 1.0 1.0 0.0007064174578981374 0.12774458208408304 55.04809606906416 -253.47920813136176 2820.7306350620447 2820.7306350620447 1544.3695630384343 2352.0779856070812 197.9219996881026
253.4932292703262 34.978327411262214 39632981857404666 7 382-384-385-386-389-436-437 0.8292473693656697 1.0 14 0.9460178345983664 1.0 [-1,-1] 1.0 1.0 1.0 0.000762533893525711 0.11946670068019369 55.021672588737786 -253.4932292703262 2949.048663411315 2949.048663411315 1651.432603108764 2439.873707723655 129.13042598976284
254.28882133769238 34.47644906490761 39632971925294032 4 382-384-385-387 0.8846925875925798 1.0 14 1.4745915673056589 1.0 [-1,-1] 1.0 1.0 1.0 0.0005346154933450218 0.1621399955636538 55.52355093509239 -254.28882133769238 3099.0753575338617 3099.0753575338617 2606.1262476708944 474.7299195272248 1608.4170965207163
254.2925259079228 34.52648663382657 39632971925294083 5 382-384-385-387-388 0.9091012837163903 1.0 14 1.4772509260538333 1.0 [-1,-1] 1.0 1.0 1.0 0.0005723615213970424 0.15308410280969617 55.47351336617343 -254.2925259079228 3163.5584454927425 3163.5584454927425 2739.643555004753 488.5723787376232 1504.5771034759357
253.9989278357639 34.69273726105888 39632976899739736 6 382-384-385-387-388-436 0.8583961773484744 1.0 14 1.2488258701695956 1.0 [-1,-1] 1.0 1.0 1.0 0.0006576102792991648 0.1359368301360722 55.30726273894112 -253.9989278357639 3028.5434621326285 3028.5434621326285 2554.8914047763105 1298.045539641108 979.634211756736
254.2667491067532 34.55349226811356 39632971925293673 6 382-384-385-387-388-436 0.5740755307311661 1.0 14 1.456520872184594 1.0 [-1,-1] 1.0 1.0 1.0 0.0005369919189708607 0.1615383650856205 55.44650773188644 -254.2667491067532 2189.8015571332594 2189.8015571332594 1913.8836935407426 392.4603073769336 989.0677299132221
254.28841825730706 35.101618027251206 39632981865796078 6 382-384-385-387-388-436 0.5373133972951 1.0 14 1.5869655473710098 1.0 [-1,-1] 1.0 1.0 1.0 0.0006094867785671962 0.14511252611805409 54.898381972748794 -254.28841825730706 2070.3809241808863 2070.3809241808863 2030.2822277704115 370.68020723011847 -164.40021526613532
252.50066614222763 34.859671480759104 39632976878767880 7 382-384-385-387-389-436-437 0.8464052328191325 1.0 14 0.35967189791744647 1.0 [-1,-1] 1.0 1.0 1.0 0.0006366829495309179 0.1397804201853648 55.140328519240896 -252.50066614222763 2996.0102818733726 2996.0102818733726 -1144.6434755467367 2725.994561027201 484.5849525412118
254.38308639102823 34.327282496670605 39632966929878866 5 382-384-385-387-436 0.7043138824604309 1.0 14 1.5630548583428867 1.0 [-1,-1] 1.0 1.0 1.0 0.0005639081233901963 0.1550231922816235 55.672717503329395 -254.38308639102823 2592.0152335286716 2592.0152335286716 1983.7178970489676 170.85879825858896 1659.5823410816183
252.898582098772 35.97065253185231 39633001553857076 4 382-384-385-388 1.0471575447296109 1.0 14 1.5062509599682008 1.0 [-1,-1] 1.0 1.0 1.0 0.00017557006270178804 0.37077784677498654 54.02934746814769 -252.898582098772 3511.226592499013 3511.226592499013 0.7643868743461085 2046.6344327562015 -2853.0683655043454
252.9067116549734 35.95371808917694 39633001553857201 5 382-384-385-388-436 0.5966594043808445 1.0 14 1.491194061063924 1.0 [-1,-1] 1.0 1.0 1.0 0.0006106036532175123 0.14488555312656437 54.04628191082306 -252.9067116549734 2261.8523851055834 2261.8523851055834 11.473257015394534 1349.2796881398283 -1815.2930616169288
