data_rosette/LRG_3_clustering_data.ecsv
# %ECSV 1.0
# ---
# datatype:
# - {name: RA, unit: deg, datatype: float64}
# - {name: DEC, unit: deg, datatype: float64}
# - {name: TARGETID, datatype: int64}
# - {name: NTILE, datatype: int64}
# - {name: TILES, datatype: string}
# - {name: Z, datatype: float64}
# - {name: COMP_TILE, datatype: float64}
# - {name: ROSETTE_NUMBER, datatype: int32}
# - {name: ROSETTE_R, unit: deg, datatype: float64}
# - {name: FRACZ_TILELOCID, datatype: float64}
# - {name: BITWEIGHTS, datatype: string, subtype: 'int64[2]'}
# - {name: PROB_OBS, datatype: float64}
# - {name: WEIGHT_ZFAIL, datatype: float64}
# - {name: WEIGHT, datatype: float64}
# - {name: NZ, unit: h3 / Mpc3, datatype: float64}
# - {name: WEIGHT_FKP, datatype: float64}
# - {name: theta, unit: deg, datatype: float64}
# - {name: phi, unit: deg, datatype: float64}
# - {name: rho, unit: Mpc, datatype: float64}
# - {name: r, unit: Mpc, datatype: float64}
# - {name: x, unit: Mpc, datatype: float64}
# - {name: y, unit: Mpc, datatype: float64}
# - {name: z, unit: Mpc, datatype: float64}
# meta: !!omap
# - {EXTNAME: LSS}
# - {DESIDR: edr}
# - comments: ['Visit https://desidatamodel.readthedocs.io/en/latest/ for a more complet', e description]
# schema: astropy-2.0
RA DEC TARGETID NTILE TILES Z COMP_TILE ROSETTE_NUMBER ROSETTE_R FRACZ_TILELOCID BITWEIGHTS PROB_OBS WEIGHT_ZFAIL WEIGHT NZ WEIGHT_FKP theta phi rho r x y z
[from data line 4601]
186.69716833045214 61.496942753550414 39633404915879299 6 83-85-88-91-451-452 0.8111517175731364 1.0 3 1.5506890050212998 1.0 [-1,-1] 1.0 1.0 1.0 0.000762533893525711 0.11946670068019369 28.503057246449586 173.30283166954786 2898.9916003478065 2898.9916003478065 571.9678524724312 323.87842963656664 -2823.4921351831963
186.70221602089453 61.48618916745139 39633404915879340 6 83-85-88-91-451-452 0.9736279170687613 1.0 3 1.5507368623943307 1.0 [-1,-1] 1.0 1.0 1.0 0.00030269805442075816 0.25472307248715254 28.513810832548607 173.29778397910547 3329.5830812845165 3329.5830812845165 689.1852477769797 385.67192756570535 -3234.5640129251474
186.65377049083233 61.565937681551354 39633404915878977 6 83-85-88-91-451-452 0.4132786966967404 1.0 3 1.5573664246746521 1.0 [-1,-1] 1.0 1.0 1.0 0.0005613841910631427 0.1556117057517016 28.434062318448646 173.34622950916767 1647.3119221793463 1647.3119221793463 222.17515445380178 138.8700526029595 -1626.3424848990735
186.9640864747147 62.13158948363801 39633413510004932 5 83-85-88-91-452 0.41374938054349747 1.0 3 1.419021179711306 1.0 [-1,-1] 1.0 1.0 1.0 0.0005613841910631427 0.1556117057517016 27.86841051636199 173.0359135252853 1648.9775780130005 1648.9775780130005 -631.1554194763687 -160.02981879676238 -1514.9786620118139
187.8256721584302 60.60537781775866 39633393155049206 6 83-85-88-91-92-452 0.9222298493721544 1.0 3 1.5572742903635652 1.0 [-1,-1] 1.0 1.0 1.0 0.00042618922305278896 0.1953324009783564 29.394622182241342 172.1743278415698 3197.8552450336224 3197.8552450336224 2354.194303153594 -1656.869123447507 -1392.4194981953194
186.84283529735768 62.38391971346822 39633416320191640 5 83-85-89-451-452 0.9152177228117025 1.0 3 1.5452834510105224 1.0 [-1,-1] 1.0 1.0 1.0 0.00042618922305278896 0.1953324009783564 27.616080286531783 173.15716470264232 3179.5702785588874 3179.5702785588874 -1813.7343520787044 -702.5810601466088 -2515.2365118032044
187.02712484764504 62.016974064101596 39633410670462066 8 83-85-89-90-91-92-451-452 0.8286213689532248 1.0 3 1.369954665035716 1.0 [-1,-1] 1.0 1.0 1.0 0.000762533893525711 0.11946670068019369 27.983025935898404 172.97287515235496 2947.3260924545293 2947.3260924545293 -831.9999482143271 -155.94078435732297 -2823.152431805386
191.01666349346874 60.47192321537262 39633393180215789 7 83-85-89-90-91-92-452 0.8821084669150674 1.0 3 1.433253093202434 1.0 [-1,-1] 1.0 1.0 1.0 0.0005346154933450218 0.1621399955636538 29.52807678462738 168.98333650653126 3092.193380879408 3092.193380879408 -2316.2425895499514 1807.565333111894 -964.0475805900074
186.67845688205256 61.218564213828806 39633402009226603 4 83-85-89-91 0.5193031490844541 1.0 3 1.6428316733550297 1.0 [-1,-1] 1.0 1.0 1.0 0.0006888416087567301 0.1305783864573065 28.781435786171194 173.32154311794744 2010.8959531875696 2010.8959531875696 840.6477867994092 497.01750275588506 -1757.83600914582
186.68257315468483 61.213508937361816 39633402009226627 4 83-85-89-91 0.5174739288442373 1.0 3 1.6429093393288365 1.0 [-1,-1] 1.0 1.0 1.0 0.0006888416087567301 0.1305783864573065 28.786491062638184 173.31742684531517 2004.817953000771 2004.817953000771 847.7734887322185 496.53235324745594 -1747.5785414840582
187.26272664331282 62.70021211358626 39633419117790586 5 83-85-89-91-451 0.9688723317190288 1.0 3 1.522387457610396 1.0 [-1,-1] 1.0 1.0 1.0 0.0003767415448896098 0.21544643941305056 27.29978788641374 172.73727335668718 3317.5625981179833 3317.5625981179833 -2741.6322486996196 138.08261576705402 -1862.9566276605954
187.29915660434398 62.71655219743409 39633419117790809 6 83-85-89-91-451-452 0.9453956439985912 1.0 3 1.5182863000699196 1.0 [-1,-1] 1.0 1.0 1.0 0.0003671239319408774 0.21984967794317842 27.28344780256591 172.70084339565602 3257.723771934312 3257.723771934312 -2714.876264065691 236.11507552097345 -1785.066025711756
186.52351590248648 61.40652589624663 39633404915877994 5 83-85-89-91-452 0.6573048609150133 1.0 3 1.6530645921023346 1.0 [-1,-1] 1.0 1.0 1.0 0.0006371005092682059 0.1397016056866948 28.593474103753373 173.47648409751352 2450.5027308904014 2450.5027308904014 593.513182899886 488.73946903726966 -2326.7658814823913
186.63614202257756 61.22565561879738 39633402009226308 5 83-85-89-91-452 0.8053262031451216 1.0 3 1.6590858427457167 1.0 [-1,-1] 1.0 1.0 1.0 0.0008239664519383997 0.11155322342262282 28.774344381202617 173.36385797742244 2882.760164509215 2882.760164509215 1158.8943202764385 753.094724114898 -2529.84554015112
186.6430069508404 61.267555092217535 39633402009226366 5 83-85-89-91-452 0.5173247306899434 1.0 3 1.6409735959058411 1.0 [-581275290399932423,-140746214736385] 0.8515625 1.0 1.1727272727272726 0.0006888416087567301 0.1305783864573065 28.732444907782465 173.3569930491596 2004.3219113280263 2004.3219113280263 746.5667716895342 477.8910428480841 -1797.6552869792
186.62484379411566 61.212747999915045 39633402009226217 5 83-85-89-91-452 0.9686734022277929 1.0 3 1.6689398548789967 1.0 [-1,-1] 1.0 1.0 1.0 0.0003767415448896098 0.21544643941305056 28.787252000084955 173.37515620588434 3317.0590368572252 3317.0590368572252 1354.772156614429 902.316070796069 -2890.2073915277456
186.78602107110422 61.094247371918584 39633399081599817 5 83-85-89-91-452 0.9663774958440048 1.0 3 1.6470126956151243 1.0 [-1,-1] 1.0 1.0 1.0 0.0003767415448896098 0.21544643941305056 28.905752628081416 173.21397892889578 3311.2429966487152 3311.2429966487152 1779.5958872056585 808.382244533765 -2672.8050448580084
187.261350802532 62.67867443966433 39633419117790578 5 83-85-89-91-452 1.0621715295760659 1.0 3 1.5106353830370292 1.0 [-1,-1] 1.0 1.0 1.0 0.00014839258087788972 0.41078905010633954 27.321325560335673 172.738649197468 3547.3659336669534 3547.3659336669534 -2888.2136601071047 141.48167646118765 -2054.7529915143737
186.62907356504127 61.236209001527584 39633402009226251 5 83-85-89-91-452 0.5951945954772611 1.0 3 1.6583846623772505 1.0 [-1,-1] 1.0 1.0 1.0 0.0006106036532175123 0.14488555312656437 28.763790998472416 173.37092643495873 2257.2090724800473 2257.2090724800473 885.7287613221011 584.5269182589444 -1992.1861459421289
187.7732935458249 60.565398064677034 39633393155048775 5 83-85-89-91-452 0.7683197858054697 1.0 3 1.604543212053305 1.0 [-1,-1] 1.0 1.0 1.0 0.0007242712797402853 0.12498917450484462 29.434601935322966 172.2267064541751 2778.304889643288 2778.304889643288 2157.140513427728 -1355.0926956014664 -1108.8041537945787
186.54693256302883 61.4028299735499 39633404915878201 5 83-85-89-91-452 0.6564491073264764 1.0 3 1.6432353985482757 1.0 [-1,-1] 1.0 1.0 1.0 0.0006371005092682059 0.1397016056866948 28.5971700264501 173.45306743697117 2447.8889091346023 2447.8889091346023 610.9022332330499 479.50300883639824 -2321.429610695079
187.83226297761527 60.579262405398985 39633393155049255 5 83-85-89-91-92 0.7714030093582647 1.0 3 1.5756444843313582 1.0 [-1,-1] 1.0 1.0 1.0 0.0007064174578981374 0.12774458208408304 29.420737594601015 172.16773702238473 2787.0972861164482 2787.0972861164482 2067.3382679734846 -1475.4511600964117 -1147.6356748638561
190.97999862118849 60.554347116196006 39633393180215557 5 83-85-89-91-92 0.7922335720432351 1.0 3 1.3500466817411254 1.0 [-1,-1] 1.0 1.0 1.0 0.0008239664519383997 0.11155322342262282 29.445652883803994 169.02000137881151 2846.071516605768 2846.071516605768 -2124.79451850374 1536.2455499120667 -1106.942158446632
188.60439867114013 60.4530344694439 39633393163436140 6 83-85-89-91-92-452 0.6766717386807423 1.0 3 1.4850936698442314 1.0 [-1,-1] 1.0 1.0 1.0 0.0008053318504768218 0.11384060807160488 29.5469655305561 171.39560132885987 2509.2943026048993 2509.2943026048993 426.5882127632783 -2360.338067619922 -737.1462543899212
191.0179068097951 60.47436010972432 39633393180215798 6 83-85-89-91-92-452 0.8859600164208469 1.0 3 1.4312137253669128 1.0 [-1,-1] 1.0 1.0 1.0 0.0005346154933450218 0.1621399955636538 29.525639890275677 168.9820931902049 3102.446860862684 3102.446860862684 -2319.8031565570805 1814.989229949334 -974.4249250057449
188.78576794308168 63.29876532499481 39633424645885269 3 83-85-91 0.6108979805858853 1.0 3 1.584278342435477 0.3333333333333333 [4902274167344756836,1544878348170170361] 0.375 1.0 2.63265306122449 0.0007056687116799521 0.12786279395313782 26.70123467500519 171.21423205691832 2306.772330295826 2306.772330295826 5.922762745502092 2306.7586100538233 5.3122163406097265
187.5693964235372 60.66826632903835 39633396128812186 3 83-85-91 0.6930475815003109 1.0 3 1.5931530239305476 1.0 [-1,-1] 1.0 1.0 1.0 0.0005639081233901963 0.1550231922816235 29.331733670961647 172.4306035764628 2558.4680010764746 2558.4680010764746 2088.1231138833436 -778.8134940760444 -1256.5627382838638
188.76232498601271 63.28744827452472 39633424645885107 4 83-85-91-451 0.843673439394688 0.6666666666666666 3 1.57716846447512 1.0 [-2324924954333506,9205181578088538878] 0.765625 1.0 1.303030303030303 0.0006366829495309179 0.1397804201853648 26.71255172547528 171.23767501398729 2988.5656841604095 2988.5656841604095 -62.380418609985206 2987.7931351077273 -26.9390741926942
187.20307355961134 62.68586297225585 39633419117790213 4 83-85-91-451 0.9743766399850021 0.6666666666666666 3 1.5367973088380964 1.0 [-1,-1] 1.0 1.0 1.0 0.00030269805442075816 0.25472307248715254 27.314137027744152 172.79692644038866 3331.472522186609 3331.472522186609 -2729.3714594026737 -25.46712020395165 -1910.1287989219572
186.68193242345438 62.16492903625778 39633413505812585 5 83-85-91-451-452 0.9579865275988098 1.0 3 1.554906336019032 1.0 [-1,-1] 1.0 1.0 1.0 0.0003767415448896098 0.21544643941305056 27.83507096374222 173.31806757654562 3289.919545145853 3289.919545145853 -1206.8302023380434 -707.8671320050213 -2977.592248727888
186.6862460638247 61.516689644666506 39633404915879214 5 83-85-91-451-452 0.5456049428416175 1.0 3 1.5515720284296206 1.0 [-1,-1] 1.0 1.0 1.0 0.0006094867785671962 0.14511252611805409 28.483310355333494 173.3137539361753 2097.5490095333275 2097.5490095333275 376.2971332274945 218.54118677810507 -2051.9142439684533
187.10599957848845 62.48704492512133 39633416324383534 5 83-85-91-451-452 0.5412087468357887 1.0 3 1.4750964719522612 1.0 [-1,-1] 1.0 1.0 1.0 0.0006094867785671962 0.14511252611805409 27.51295507487867 172.89400042151155 2083.161449539326 2083.161449539326 -1429.0868237603968 -152.6377174289339 -1507.970225906099
187.09786578214184 62.49284324028898 39633416324383473 5 83-85-91-451-452 0.744564811823615 1.0 3 1.4810508944748813 1.0 [-1,-1] 1.0 1.0 1.0 0.0006073340474539246 0.1455520198534496 27.507156759711023 172.90213421785816 2710.009205082536 2710.009205082536 -1868.708192282151 -214.97953411524773 -1950.8622154425063
186.79750984679322 61.086846922366455 39633399081599900 4 83-85-91-452 0.8110481647850125 1.0 3 1.645405441884238 1.0 [-1,-1] 1.0 1.0 1.0 0.000762533893525711 0.11946670068019369 28.913153077633545 173.20249015320678 2898.703572663028 2898.703572663028 1581.7112890989931 696.6843462772865 -2327.0802998088384
186.51402860405523 61.40781862087758 39633404915877908 4 83-85-91-452 0.6551812575212351 1.0 3 1.657106767289982 1.0 [-1,-1] 1.0 1.0 1.0 0.0006371005092682059 0.1397016056866948 28.592181379122422 173.48597139594477 2444.013871611598 2444.013871611598 584.9923890861185 491.1099345161288 -2321.5940087708686
186.51092921932934 61.341273787574 39633402009225405 4 83-85-91-452 0.7337170384095255 1.0 3 1.677174096355731 1.0 [-1,-1] 1.0 1.0 1.0 0.0006073340474539246 0.1455520198534496 28.658726212425996 173.48907078067066 2678.4928977852733 2678.4928977852733 767.2705451056335 648.1998788242647 -2483.0338360948012
187.14521247790913 62.76700356146333 39633419117789843 4 83-85-91-452 0.9769366079411178 1.0 3 1.6049829027246132 1.0 [-1,-1] 1.0 1.0 1.0 0.00030269805442075816 0.25472307248715254 27.232996438536667 172.85478752209087 3337.9264304802946 3337.9264304802946 -2874.3984394832005 -193.4265330627042 -1685.8744445250975
186.56593526356684 61.27271919776966 39633402009225807 4 83-85-91-452 0.5647983729967399 1.0 3 1.6739935734602847 1.0 [-1,-1] 1.0 1.0 1.0 0.0006724560872077301 0.13333590500666823 28.72728080223034 173.43406473643316 2159.9160936348017 2159.9160936348017 754.4867367954985 569.3714224644016 -1942.1131477911285
190.103486898935 61.8535314858663 39633407830918231 6 83-85-91-92-451-452 0.48772965541471053 1.0 3 0.10998108063774859 1.0 [-1,-1] 1.0 1.0 1.0 0.000668512811805897 0.13401699399284683 28.1464685141337 169.896513101065 1905.0367112196361 1905.0367112196361 235.34238277260505 60.220594643160055 -1889.4846688836255
187.81350413653266 60.6021592674139 39633393155049099 5 83-85-91-92-452 0.817264183994084 1.0 3 1.5635364498653213 1.0 [-1,-1] 1.0 1.0 1.0 0.000762533893525711 0.11946670068019369 29.397840732586097 172.18649586346734 2915.9613230927785 2915.9613230927785 2168.2531232923493 -1486.8860756283425 -1261.2210865698787
187.7845817613826 60.62563529138856 39633396133004377 5 83-85-91-92-452 0.8279113555041944 1.0 3 1.5544728015620841 1.0 [-1,-1] 1.0 1.0 1.0 0.000762533893525711 0.11946670068019369 29.374364708611438 172.2154182386174 2945.371555740426 2945.371555740426 2206.881520015189 -1421.331563296743 -1335.9281961081085
188.02869430885085 60.40911163420776 39633393155050778 3 83-86-452 0.8284403911757138 1.0 3 1.6588330111707246 1.0 [-1,-1] 1.0 1.0 1.0 0.000762533893525711 0.11946670068019369 29.59088836579224 171.97130569114915 2946.8279732302613 2946.8279732302613 1953.4856341855611 -2078.068409390127 -741.1617008034041
188.4177962257659 60.34081873897552 39633390160317374 3 83-86-452 0.9666103983238787 1.0 3 1.6257202534699584 1.0 [-2336462241809,-257] 0.9609375 1.0 1.0403225806451613 0.0003767415448896098 0.21544643941305056 29.65918126102448 171.5822037742341 3311.8333499429473 3311.8333499429473 1163.0063447159014 -3039.8615779620573 -612.2891202486883
189.69691506168581 60.114333621446775 39633387148805686 3 83-86-452 0.8687752044480657 1.0 3 1.688544833434597 1.0 [-1,-1] 1.0 1.0 1.0 0.0006576102792991648 0.1359368301360722 29.885666378553225 170.30308493831419 3056.514816801433 3056.514816801433 -2418.0936270813245 -1865.4123888284694 123.86547380382576
189.7122151714024 60.14832825778314 39633390172898585 3 83-86-452 0.4741436132139417 1.0 3 1.6541811001741038 1.0 [4034800025619251188,-144258460937357333] 0.75 1.0 1.3298969072164948 0.000668512811805897 0.13401699399284683 29.85167174221686 170.2877848285976 1858.8612187986462 1858.8612187986462 -1488.9727868108794 -1112.7341156850266 12.15971549394615
188.7943165810646 60.44281016812125 39633393163437731 7 83-86-87-88-89-90-452 0.6132980305751138 1.0 3 1.4584114586938628 1.0 [-1,-1] 1.0 1.0 1.0 0.0007056687116799521 0.12786279395313782 29.557189831878752 171.2056834189354 2314.3057465097854 2314.3057465097854 -24.66665062506202 -2218.890520791971 -657.2119151496656
188.79508785115684 60.445056403283395 39633393163437739 7 83-86-87-88-89-90-452 0.6743145745884926 1.0 3 1.4561781053496519 1.0 [-1,-1] 1.0 1.0 1.0 0.0008053318504768218 0.11384060807160488 29.554943596716605 171.20491214884316 2502.1757185205624 2502.1757185205624 -28.500267460724256 -2397.3915942540602 -715.9501413566003
188.79619792944618 60.44386575237283 39633393163437748 7 83-86-87-88-89-90-452 0.4930169034142758 1.0 3 1.4570935286808095 1.0 [-1,-1] 1.0 1.0 1.0 0.0007365189099627642 0.12316671624379881 29.55613424762717 171.20380207055382 1922.904750627799 1922.904750627799 -23.955926963936545 -1843.0071647667887 -548.008562130684
188.3108436978159 61.037046925559736 39633399094182495 9 83-86-87-88-89-90-91-451-452 0.8428417111933919 1.0 3 1.0770222479387639 1.0 [-1,-1] 1.0 1.0 1.0 0.0006366829495309179 0.1397804201853648 28.962953074440264 171.6891563021841 2986.2966551545023 2986.2966551545023 863.4303512343034 -1689.9050787347294 -2305.7919606983073
