data_rosette/LRG_3_clustering_data.ecsv
# %ECSV 1.0
# ---
# datatype:
# - {name: RA, unit: deg, datatype: float64}
# - {name: DEC, unit: deg, datatype: float64}
# - {name: TARGETID, datatype: int64}
# - {name: NTILE, datatype: int64}
# - {name: TILES, datatype: string}
# - {name: Z, datatype: float64}
# - {name: COMP_TILE, datatype: float64}
# - {name: ROSETTE_NUMBER, datatype: int32}
# - {name: ROSETTE_R, unit: deg, datatype: float64}
# - {name: FRACZ_TILELOCID, datatype: float64}
# - {name: BITWEIGHTS, datatype: string, subtype: 'int64[2]'}
# - {name: PROB_OBS, datatype: float64}
# - {name: WEIGHT_ZFAIL, datatype: float64}
# - {name: WEIGHT, datatype: float64}
# - {name: NZ, unit: h3 / Mpc3, datatype: float64}
# - {name: WEIGHT_FKP, datatype: float64}
# - {name: distance, unit: Mpc, datatype: float64}
# - {name: x, unit: Mpc, datatype: float64}
# - {name: y, unit: Mpc, datatype: float64}
# - {name: z, unit: Mpc, datatype: float64}
# meta: !!omap
# - {EXTNAME: LSS}
# - {DESIDR: edr}
# - comments: ['Visit https://desidatamodel.readthedocs.io/en/latest/ for a more complet', e description]
# schema: astropy-2.0
RA DEC TARGETID NTILE TILES Z COMP_TILE ROSETTE_NUMBER ROSETTE_R FRACZ_TILELOCID BITWEIGHTS PROB_OBS WEIGHT_ZFAIL WEIGHT NZ WEIGHT_FKP distance x y z
[from data line 5539]
192.64491953555174 62.89608067431235 39633421932167522 2 90-451 0.5692347266297625 0.7142857142857143 3 1.6803036964206521 0.5 [8183338802059586202,5786364107909351786] 0.4609375 1.0 2.15 0.0006724560872077301 0.13333590500666823 2174.2284025880604 -966.564722030578 -216.84859499414492 1935.4582071425996
188.60763372511633 63.226517747209535 39633424645884018 3 90-451-452 0.4016099357040742 1.0 3 1.5461277281483856 1.0 [-1,-1] 1.0 1.0 1.0 0.00024055914515870672 0.3007331513712552 1605.8691740413794 -715.2389635798256 -108.2671986534872 1433.7110039367508
193.2296872185638 61.28926000816141 39633402063751138 2 90-92 0.7854010243981838 0.8571428571428571 3 1.6664734252548887 1.0 [-1443474049352075273,9079256848778919913] 0.8984375 1.0 1.1120689655172413 0.0007064174578981374 0.12774458208408304 2826.8094861549152 -1321.9253203364624 -310.7774951128832 2479.2705917265503
193.2288348938801 61.284438357562 39633402063751132 2 90-92 0.887440987918774 0.8571428571428571 3 1.6676874478698431 1.0 [-4710765221034067973,4035168084773830639] 0.8359375 1.0 1.1944444444444444 0.0005346154933450218 0.1621399955636538 3106.3831750332324 -1452.8930430040916 -341.5444910517736 2724.3468201299265
193.2143485521812 61.30298847642954 39633402063751028 2 90-92 1.0031954570716202 0.8571428571428571 3 1.6550170600773564 1.0 [-3032911909486731417,-1227310656549030145] 0.7578125 1.0 1.316326530612245 0.00023297360745577845 0.30751381291380364 3403.568406775376 -1591.0438265889375 -373.5963489592971 2985.512218952886
193.33955452924707 61.35909658197937 39633402063751888 2 90-92 0.6374696935065763 0.8571428571428571 3 1.695123509960285 1.0 [-1,-1] 1.0 1.0 1.0 0.0007982518636535506 0.11473445525619816 2389.566444498043 -1114.4613617694529 -264.26000392826035 2097.1815172077577
193.35719851687617 62.03005272882459 39633410720793414 2 90-92 0.7586533837621845 0.8571428571428571 3 1.6435570736849017 1.0 [-1,-1] 1.0 1.0 1.0 0.0007242712797402853 0.12498917450484462 2750.632585801547 -1255.171694279731 -298.0333893929448 2429.341420788607
189.93775808191933 61.99317378067048 39633410691435079 2 90-92 1.013036152831941 0.8571428571428571 3 0.19399088967976605 1.0 [-1,-1] 1.0 1.0 1.0 0.00020130102782971312 0.3394727840281335 3427.908393531398 -1585.5143607143762 -277.7933623385605 3026.4717104661872
193.13543110103177 61.90079202519918 39633410716601112 3 90-92-451 0.9616493015463589 0.5 3 1.5295614090007221 0.5 [5863078923067156366,5700386680356074942] 0.6640625 1.0 1.5 0.0003767415448896098 0.21544643941305056 3299.240541409982 -1513.2833566828876 -353.1386846984613 2910.370200135929
186.2981725441979 61.97658473584573 39633410662075500 1 91 0.6348710747477919 0.5 3 1.7060906630690855 1.0 [-1,-1] 1.0 1.0 1.0 0.0007982518636535506 0.11473445525619816 2381.528458028272 -1112.1658509069953 -122.74834814961774 2102.307722361638
186.3634593005197 61.57273203673255 39633404915876640 1 91 0.4317003273485134 0.5 3 1.6924825904537941 0.5 [-8900108556806253845,4042580000856281235] 0.4296875 1.0 2.3035714285714284 0.0006285113834356281 0.1413409039925048 1712.1550454320015 -810.0373349747885 -90.33717698260521 1505.7070133329444
186.40297741251567 62.09148610326381 39633410666266956 1 91 1.0576803561129633 0.5 3 1.670090229146703 1.0 [-1,-1] 1.0 1.0 1.0 0.00014839258087788972 0.41078905010633954 3536.5885383786167 -1645.0138359212747 -184.60442626538358 3125.2694564184067
186.73369818739647 62.33665126876422 39633413505812990 2 91-451 0.9769791458961316 1.0 3 1.5770589459867181 1.0 [-1,-1] 1.0 1.0 1.0 0.00030269805442075816 0.25472307248715254 3338.033590161739 -1539.0769570472864 -181.71774407743044 2956.465631598234
186.86608140103505 62.735164731493 39633419113597465 3 91-451-452 1.0183623103936021 1.0 3 1.6931799662078617 1.0 [-1,-1] 1.0 1.0 1.0 0.00020130102782971312 0.3394727840281335 3441.023654129593 -1565.0418956472429 -188.4508877843849 3058.720960800697
186.62206110385497 62.341094574173596 39633413505812141 3 91-451-452 0.7541274202785507 1.0 3 1.6276757449139259 1.0 [-1,-1] 1.0 1.0 1.0 0.0007242712797402853 0.12498917450484462 2737.6201272975713 -1262.3437560259574 -146.55073628096247 2424.783512955859
186.8736727955624 62.73433310051856 39633419113597521 3 91-451-452 0.44611297577701026 1.0 3 1.689793874732384 1.0 [-1,-1] 1.0 1.0 1.0 0.0006285113834356281 0.1413409039925048 1762.3917853264327 -801.5785155992209 -96.62796330524449 1566.5757961309503
186.50139611967043 62.389185236200596 39633416320188706 2 91-452 1.0812609564364868 0.631578947368421 3 1.6959600993708057 1.0 [7589932614408207623,-6049480542596039684] 0.6640625 1.0 1.5 0.00012850791192818028 0.44600300211103894 3592.86235573068 -1654.451364704008 -188.54175990935664 3183.69323173982
186.76268877344918 60.96835698956598 39633399081599656 2 91-452 0.8558945438895714 0.631578947368421 3 1.7171082082541904 1.0 [-9077580239623808776,8999019989024220895] 0.515625 1.0 1.9253731343283582 0.0006576102792991648 0.1359368301360722 3021.7754945384945 -1456.2422804452824 -172.684659096929 2642.094920427626
187.4979797756788 60.726372323896655 39633396128811611 2 91-452 0.5307165382309758 0.631578947368421 3 1.5766418628218848 0.5 [-1,-1] 1.0 1.0 1.0 0.0006094867785671962 0.14511252611805409 2048.667858332573 -993.1940760662246 -130.72085430349622 1787.0415717834023
186.26071021114385 61.798801005551894 39633407797366705 2 91-452 0.9135365297900234 0.631578947368421 3 1.7195585968477922 0.2 [8217953350021497506,2381022409225835020] 0.3046875 1.0 3.225 0.00042618922305278896 0.1953324009783564 3175.175005558016 -1491.5409691555792 -163.63246430258545 2798.2612940676295
186.34953171442788 61.79980301458845 39633407801557410 2 91-452 0.5972741633836965 0.631578947368421 3 1.6775733870403569 1.0 [-482045653445283833,-4522104031455662] 0.5859375 1.0 1.6973684210526316 0.0006106036532175123 0.14488555312656437 2263.7998830459546 -1063.2049734135921 -118.30934527146302 1995.090973817715
186.45983483793017 61.54457028756082 39633404915877457 2 91-452 0.4349799323486088 0.631578947368421 3 1.6520671217341885 0.3333333333333333 [333494202971178480,2730368886876722869] 0.46875 1.0 2.1147540983606556 0.0006285113834356281 0.1413409039925048 1723.6245213349919 -816.0497383518592 -92.39768084562012 1515.3900434071397
186.437044983907 61.26824211362792 39633402009224863 2 91-452 0.5341387261556665 0.631578947368421 3 1.733861804639643 0.5 [1439247498594993735,-86763213250286254] 0.5625 1.0 1.7671232876712328 0.0006094867785671962 0.14511252611805409 2059.9425714206145 -983.9913935393786 -111.0165769612145 1806.3221347897004
186.53248250612967 61.54811119559808 39633404915878058 2 91-452 0.4461303103715915 0.631578947368421 3 1.6173847651837103 1.0 [-1,-1] 1.0 1.0 1.0 0.0006285113834356281 0.1413409039925048 1762.4519463040854 -834.2169701260999 -95.52612818874596 1549.57854548195
186.51606406145558 62.35760865976677 39633413505811319 2 91-452 1.080243239784354 0.631578947368421 3 1.6795616003488518 1.0 [-1,-1] 1.0 1.0 1.0 0.00012850791192818028 0.44600300211103894 3590.449480476083 -1655.0338134007775 -189.0373460453863 3180.6375823333237
191.3120173550193 60.45598134857581 39633393184408866 3 91-92-452 0.9056152192043121 1.0 3 1.5069792613183848 1.0 [-1,-1] 1.0 1.0 1.0 0.0005723615213970424 0.15308410280969617 3154.406347768662 -1525.1966309619922 -305.0970454818807 2744.2613644810954
189.0402534170364 60.28834879505307 39633390168703081 3 91-92-452 0.6411426320623328 1.0 3 1.567873944499402 1.0 [-1,-1] 1.0 1.0 1.0 0.0007982518636535506 0.11473445525619816 2400.9058139829745 -1175.192040808312 -186.97857624714797 2085.260512948594
189.03725442614285 60.294179893582225 39633390168703055 3 91-92-452 0.4901758866760987 1.0 3 1.5626299212088082 0.5 [-1,-1] 1.0 1.0 1.0 0.0007365189099627642 0.12316671624379881 1913.3107342836427 -936.3654501035809 -148.92989159120924 1661.8656976927953
190.9037385799944 60.194326524478505 39633390181288330 1 92 0.4279258948951832 0.5 3 1.6777542280372382 1.0 [-1,-1] 1.0 1.0 1.0 0.0005613841910631427 0.1556117057517016 1698.9272156924715 -829.2228458643901 -159.73926537816376 1474.1867328169726
192.944477726868 60.927671825496965 39633399131931477 1 92 1.0650828947263802 0.5 3 1.6996920469788181 0.5 [5210653165923403286,-7873685140863890568] 0.46875 1.0 2.1147540983606556 0.00014839258087788972 0.41078905010633954 3554.337281034832 -1683.210078449936 -386.8820027483013 3106.5156775892997
192.36798997285587 60.552163819239055 39633393192797862 1 92 0.5828983507614006 0.5 3 1.72397731890475 0.5 [451161049899576373,4269276680874985866] 0.4453125 1.0 2.2241379310344827 0.0005369919189708607 0.1615383650856205 2218.0674565394743 -1065.1630887476808 -233.56751789674666 1931.501242741652
193.3151448755688 61.90474734526316 39633410720793105 2 92-451 0.9627082486875781 0.6666666666666666 3 1.6142914100626953 1.0 [-1,-1] 1.0 1.0 1.0 0.0003767415448896098 0.21544643941305056 3301.9315803325876 -1513.205992110964 -358.12909889258066 2912.851409729566
192.91778796198292 62.54612467495481 39633416366328748 2 92-451 0.8598624813781336 0.6666666666666666 3 1.5938882140097645 0.5 [-5098102463576961313,-616619592903950746] 0.6640625 1.0 1.5 0.0006576102792991648 0.1359368301360722 3032.505707490473 -1362.7063611932754 -312.54670763294354 2690.991786437388
189.04247099253493 60.22680864196039 39633390168703101 2 92-452 0.6454703689854604 0.8333333333333334 3 1.6271152845212844 1.0 [-1,-1] 1.0 1.0 1.0 0.0007982518636535506 0.11473445525619816 2414.234210997736 -1183.932223150669 -188.41616350022912 2095.550206000618
189.00271886066312 60.233090632403716 39633390164512201 2 92-452 0.8872125596753102 0.8333333333333334 3 1.6260725881828577 0.5 [-1,-1] 1.0 1.0 1.0 0.0005346154933450218 0.1621399955636538 3105.7762568098615 -1522.9379464696317 -241.28375582955871 2695.976319951553
188.9844966206087 60.26145140435589 39633390164512086 2 92-452 0.7557649198858073 0.8333333333333334 3 1.6011303246045534 0.5 [-72156859330723857,9221964386521315263] 0.84375 1.0 1.18348623853211 0.0007242712797402853 0.12498917450484462 2742.332175945865 -1343.6244025639357 -212.4365300906454 2381.16147053192
188.9691855847895 60.27410386932701 39633390164512007 2 92-452 0.7527975391222597 0.8333333333333334 3 1.5910353903465941 1.0 [-1,-1] 1.0 1.0 1.0 0.0007242712797402853 0.12498917450484462 2733.789832479272 -1338.9777570120405 -211.3351211507796 2374.0435718331364
189.96508728150877 61.990986665423605 39633410691435218 2 92-452 0.9660597323889901 0.8333333333333334 3 0.19343220426374536 1.0 [-1,-1] 1.0 1.0 1.0 0.0003767415448896098 0.21544643941305056 3310.4374095754347 -1531.162120840822 -269.02328762482847 2922.69821793737
