data_rosette/LRG_9_clustering_data.ecsv
# %ECSV 1.0
# ---
# datatype:
# - {name: RA, unit: deg, datatype: float64}
# - {name: DEC, unit: deg, datatype: float64}
# - {name: TARGETID, datatype: int64}
# - {name: NTILE, datatype: int64}
# - {name: TILES, datatype: string}
# - {name: Z, datatype: float64}
# - {name: COMP_TILE, datatype: float64}
# - {name: ROSETTE_NUMBER, datatype: int32}
# - {name: ROSETTE_R, unit: deg, datatype: float64}
# - {name: FRACZ_TILELOCID, datatype: float64}
# - {name: BITWEIGHTS, datatype: string, subtype: 'int64[2]'}
# - {name: PROB_OBS, datatype: float64}
# - {name: WEIGHT_ZFAIL, datatype: float64}
# - {name: WEIGHT, datatype: float64}
# - {name: NZ, unit: h3 / Mpc3, datatype: float64}
# - {name: WEIGHT_FKP, datatype: float64}
# - {name: theta, unit: deg, datatype: float64}
# - {name: phi, unit: deg, datatype: float64}
# - {name: rho, unit: Mpc, datatype: float64}
# - {name: r, unit: Mpc, datatype: float64}
# - {name: x, unit: Mpc, datatype: float64}
# - {name: y, unit: Mpc, datatype: float64}
# - {name: z, unit: Mpc, datatype: float64}
# meta: !!omap
# - {EXTNAME: LSS}
# - {DESIDR: edr}
# - comments: ['Visit https://desidatamodel.readthedocs.io/en/latest/ for a more complet', e description]
# schema: astropy-2.0
RA DEC TARGETID NTILE TILES Z COMP_TILE ROSETTE_NUMBER ROSETTE_R FRACZ_TILELOCID BITWEIGHTS PROB_OBS WEIGHT_ZFAIL WEIGHT NZ WEIGHT_FKP theta phi rho r x y z
[from data line 2096]
219.8579319716227 -1.9047044704601317 39627740097284369 10 244-245-247-248-249-250-251-252-254-469 0.6664679216783922 1.0 9 1.3059893262420823 1.0 [-1,-1] 1.0 1.0 1.0 0.000700708733790897 0.12894715825466588 91.90470447046013 140.1420680283773 2478.405247764532 2478.405247764532 594.0516403920041 -1672.9988691738804 -1729.3553725123293
219.5427121222576 -1.528745477065454 39627752172684441 10 244-245-247-248-249-250-251-252-254-469 0.8903212965310058 1.0 9 0.963712052881332 1.0 [-1,-1] 1.0 1.0 1.0 0.0005275616701708153 0.16431404058018498 91.52874547706546 140.4572878777424 3114.028849750041 3114.028849750041 779.3579761439581 -1011.659063345153 -2840.127243918477
218.71183290481628 0.07387647943855272 39627788394697980 9 244-245-247-248-249-250-251-252-469 0.9897633833067162 1.0 9 1.279913483241889 1.0 [-1,-1] 1.0 1.0 1.0 0.0003578035202613049 0.22475091060875194 89.92612352056145 141.28816709518372 3370.117612579568 3370.117612579568 -3105.2549851613685 259.9003286561581 -1283.5637961994316
220.7812702791784 -0.2884440414253 39627782392644428 9 244-245-247-248-249-250-251-252-469 0.7814278739158276 1.0 9 1.0295135853836306 1.0 [-1,-1] 1.0 1.0 1.0 0.0007324854237337303 0.12404708914385561 90.2884440414253 139.2187297208216 2815.571884294487 2815.571884294487 1129.4601226945788 1715.8889163491613 -1925.4843789609038
220.42220622798493 -1.0656056454065088 39627764264866330 9 244-245-247-248-249-250-251-252-469 1.0712308420058545 1.0 9 0.7770748286413578 1.0 [-1,-1] 1.0 1.0 1.0 0.0001075182622224553 0.4910338705006151 91.0656056454065 139.57779377201507 3569.0200671048506 3569.0200671048506 32.033697270590075 141.20783566148714 -3566.0816632242295
219.07035844900844 -0.9639533625549556 39627764243892042 9 244-245-247-248-249-250-251-252-469 0.9251585916667575 1.0 9 0.8153145965639929 1.0 [-1,-1] 1.0 1.0 1.0 0.0004951280553168204 0.17321314004730964 90.96395336255496 140.92964155099156 3205.469730878907 3205.469730878907 -410.7165760087592 194.37580971760053 -3173.100397776465
218.86815957899597 -0.6976433561522908 39627770279496676 9 244-245-247-248-249-250-251-252-469 0.48803226685887463 1.0 9 0.936882723581641 1.0 [-1,-1] 1.0 1.0 1.0 0.00048380039118235755 0.17655271186088778 90.69764335615228 141.13184042100403 1906.0609123481238 1906.0609123481238 -735.5540479240198 179.8690472552211 -1749.1928338532175
219.65371345247212 -1.388959664862422 39627752172687855 8 244-245-247-248-249-250-251-253 0.4940493569518685 1.0 9 0.8024028427808986 1.0 [-1,-1] 1.0 1.0 1.0 0.0005337442823398631 0.16272042362546515 91.38895966486243 140.34628654752788 1926.3872384682409 1926.3872384682409 278.8393464357391 -459.51501947682743 -1849.8817146746967
219.69759601455183 0.5387939465831507 39627800491069683 8 244-245-247-248-249-250-251-253 0.6998935636309943 1.0 9 1.1433887706267454 1.0 [-1,-1] 1.0 1.0 1.0 0.0005843703162771602 0.15074849413407446 89.46120605341684 140.30240398544817 2578.8804240572977 2578.8804240572977 -1236.4343056229395 2255.065591690046 191.13771642533223
218.89264214335995 0.5992948031565002 39627800478485545 8 244-245-247-248-249-250-251-253 1.031470221761672 1.0 9 1.503853797730522 1.0 [-1,-1] 1.0 1.0 1.0 0.00017111768859933566 0.3774092623312036 89.4007051968435 141.10735785664005 3473.127278278079 3473.127278278079 -3322.1528916388856 899.1192334361771 466.36665807047973
220.39573294072812 -0.6213326776618225 39627776344460913 9 244-245-247-248-249-250-251-253-254 0.50372815200553 1.0 9 0.5960809525015287 1.0 [-1,-1] 1.0 1.0 1.0 0.0005337442823398631 0.16272042362546515 90.62133267766183 139.60426705927188 1958.9286750544904 1958.9286750544904 178.35032742389527 895.427304789214 -1733.1481923068366
219.73377416933394 -0.8936770704325285 39627764252284981 9 244-245-247-248-249-250-251-253-254 0.904150410392019 1.0 9 0.30105037385520605 1.0 [-1,-1] 1.0 1.0 1.0 0.0005275616701708153 0.16431404058018498 90.89367707043253 140.26622583066606 3150.555048085436 3150.555048085436 -298.1847027421776 593.8358145404937 -3079.6821296095172
219.9483424090743 -1.0074717394616193 39627764256478031 9 244-245-247-248-249-250-251-253-254 0.8982888107715314 1.0 9 0.43362918034459885 1.0 [-1,-1] 1.0 1.0 1.0 0.0005275616701708153 0.16431404058018498 91.00747173946162 140.0516575909257 3135.1098996960304 3135.1098996960304 -76.67787559158198 299.3151328116366 -3119.84695743826
219.20382012731685 -0.22377415737541595 39627782363289408 9 244-245-247-248-249-250-251-253-254 0.706507589408947 1.0 9 0.704951544436121 1.0 [-1,-1] 1.0 1.0 1.0 0.0005843703162771602 0.15074849413407446 90.22377415737542 140.79617987268315 2598.5206491766453 2598.5206491766453 -1683.5313135409979 1092.1755223733787 -1650.8132870960221
218.94291525438112 -1.6669600316319833 39627746120306771 10 244-245-247-248-249-250-251-253-254-469 0.7485884073024277 1.0 9 1.3684623715663529 1.0 [-1,-1] 1.0 1.0 1.0 0.0007126833197713517 0.12705585074725267 91.66696003163199 141.05708474561888 2721.6463950665448 2721.6463950665448 1376.44795343378 -447.88249945992663 -2304.810490679051
219.89423855537683 -1.321255112203521 39627758216679242 10 244-245-247-248-249-250-251-253-254-469 0.8970981069938494 1.0 9 0.7273838248442035 1.0 [-1,-1] 1.0 1.0 1.0 0.0005275616701708153 0.16431404058018498 91.32125511220352 140.10576144462317 3131.9658191780286 3131.9658191780286 200.64640341596441 -637.5788632886985 -3059.8111226648007
219.96977643788523 0.48226292267557347 39627800495264616 10 244-245-247-248-249-250-251-253-254-469 0.7134260858277566 1.0 9 1.0954981447712266 1.0 [-1,-1] 1.0 1.0 1.0 0.0006167714992318164 0.14396928707710532 89.51773707732443 140.03022356211477 2618.9806222472466 2618.9806222472466 -595.3195221259607 2550.003289673349 46.231903891041405
221.01259988211407 -1.1249975330149273 39627764277445049 10 244-245-247-248-249-250-251-253-254-469 0.5577243392895719 1.0 9 1.3212408571486196 1.0 [-1,-1] 1.0 1.0 1.0 0.000677088223595666 0.13284793461577618 91.12499753301493 138.98740011788593 2137.0142941028344 2137.0142941028344 -29.20960165703333 -27.613874463032264 -2136.6362269483343
219.65412233163332 -1.7556378361701488 39627746132889630 10 244-245-247-248-249-250-251-253-254-469 1.0182773701016095 1.0 9 1.1648044424051724 1.0 [-1,-1] 1.0 1.0 1.0 0.00020304675497218746 0.33812883710054276 91.75563783617015 140.34587766836668 3440.8148160339083 3440.8148160339083 1078.7480226423843 -1779.369495774928 -2740.3199629585743
219.7950147637583 -1.0206084649209501 39627764256474235 10 244-245-247-248-249-250-251-253-254-469 0.6074247531480396 1.0 9 0.42063800144699465 1.0 [-1,-1] 1.0 1.0 1.0 0.0007756247847600315 0.11796159141779075 91.02060846492095 140.2049852362417 2295.8508508020655 2295.8508508020655 -77.16038953235429 180.4292934712934 -2287.448944451708
219.25667115133396 -0.23307950150902101 39627782367478018 10 244-245-247-248-249-250-251-253-254-469 0.5776285775304192 1.0 9 0.6556068019050775 1.0 [-1,-1] 1.0 1.0 1.0 0.0006621615122706149 0.13543705131792066 90.23307950150902 140.74332884866604 2201.202788850177 2201.202788850177 -1364.6648773674967 991.5330081582896 -1414.1590376806726
218.80638784817722 -1.6017696173954779 39627752160101617 10 244-245-247-248-249-250-251-253-254-469 0.9690367555466189 1.0 9 1.4108216975886934 1.0 [-1,-1] 1.0 1.0 1.0 0.00041974738576830407 0.19815580287489248 91.60176961739548 141.19361215182278 3317.9787686138025 3317.9787686138025 1552.89957270307 -279.4647231790532 -2918.798638921336
220.06170981376684 -0.15327441135704087 39627782380062344 10 244-245-247-248-249-250-251-253-254-469 0.7276229491838482 1.0 9 0.5177378405610282 1.0 [-1,-1] 1.0 1.0 1.0 0.0006167714992318164 0.14396928707710532 90.15327441135705 139.93829018623316 2660.69629389321 2660.69629389321 -297.0862889560725 2148.305572675252 -1541.3720094979765
220.89274158271914 -1.280017552456693 39627758233456317 10 244-245-247-248-249-250-251-253-254-469 0.8740787352631929 1.0 9 1.2869237068508372 1.0 [-1,-1] 1.0 1.0 1.0 0.0005690156306133545 0.15418916366201427 91.2800175524567 139.10725841728086 3070.7407085619607 3070.7407085619607 -339.54616064804384 -408.38755158356014 -3024.4630121263463
219.12276421676012 -1.887717396218678 39627740084702030 10 244-245-247-248-249-250-251-253-254-469 0.7842601079081059 1.0 9 1.4548638922338786 1.0 [-1,-1] 1.0 1.0 1.0 0.0007324854237337303 0.12404708914385561 91.88771739621868 140.87723578323988 2823.5852988936413 2823.5852988936413 1750.651067763497 -943.7702000771451 -2004.2835599069226
219.54800461881655 0.662217378595271 39627806530864290 10 244-245-247-248-249-250-251-253-254-469 0.5681718873936418 1.0 9 1.287125400275513 1.0 [-1,-1] 1.0 1.0 1.0 0.000677088223595666 0.13284793461577618 89.33778262140473 140.45199538118345 2170.8030460406935 2170.8030460406935 -1290.0747060291385 1693.0629822665271 426.18171669155225
220.9907348842675 -1.1639637705242207 39627758233459447 10 244-245-247-248-249-250-251-253-254-469 0.5944981337868582 1.0 9 1.3174055137806444 1.0 [-1,-1] 1.0 1.0 1.0 0.0007756247847600315 0.11796159141779075 91.16396377052422 139.0092651157325 2254.9998991289485 2254.9998991289485 -92.6453640035609 -91.50183101887447 -2251.2371702067308
219.54358662244286 0.6634375274989492 39627806530864161 10 244-245-247-248-249-250-251-253-254-469 0.7972450527981961 1.0 9 1.2891933608794381 1.0 [-1,-1] 1.0 1.0 1.0 0.0007229154976227362 0.12548315978664992 89.33656247250106 140.45641337755714 2860.149169053701 2860.149169053701 -1709.162141620704 2222.625096505237 564.9386898365075
220.00575983256178 -0.9011725340134825 39627764260667586 10 244-245-247-248-249-250-251-253-254-469 0.5383820075625465 1.0 9 0.364739141219375 1.0 [-1,-1] 1.0 1.0 1.0 0.0007045118177349687 0.128340413101622 90.90117253401348 139.99424016743822 2073.8900084334787 2073.8900084334787 -81.1327657851179 414.3364417904754 -2030.4587054162612
220.64605709317075 0.432489403224134 39627800507845767 10 244-245-247-248-249-250-251-253-254-469 0.6966696589305224 1.0 9 1.3348505804561934 1.0 [-1,-1] 1.0 1.0 1.0 0.0005843703162771602 0.15074849413407446 89.56751059677586 139.35394290682925 2569.278413582271 2569.278413582271 1109.8675044072056 2315.723997261602 -82.51095483328217
220.1853661437185 0.25941725046153113 39627794459660799 10 244-245-247-248-249-250-251-253-254-469 0.8056887225651452 1.0 9 0.9418603818040124 1.0 [-1,-1] 1.0 1.0 1.0 0.0007229154976227362 0.12548315978664992 89.74058274953848 139.8146338562815 2883.771906774459 2883.771906774459 -38.849226152070905 2823.008424514286 -587.5836817427385
220.88274763254452 -1.2791334408881807 39627758233456023 10 244-245-247-248-249-250-251-253-254-469 0.9969374520826274 1.0 9 1.2779811012191147 1.0 [-1,-1] 1.0 1.0 1.0 0.0002622817504223413 0.28340640119267335 91.27913344088817 139.11725236745548 3388.016540410814 3388.016540410814 -368.24356449650213 -452.01705555080815 -3337.47409529952
221.16564462761238 -0.8403440540104464 39627770317246550 10 244-245-247-248-249-250-251-253-254-469 0.7023110368714568 1.0 9 1.386525561160927 1.0 [-1,-1] 1.0 1.0 1.0 0.0005843703162771602 0.15074849413407446 90.84034405401044 138.83435537238762 2586.068229886963 2586.068229886963 559.1019258349239 386.0243643040922 -2495.223259815039
220.2386972524556 -0.4065250358905628 39627776340268784 10 244-245-247-248-249-250-251-253-254-469 0.722891292016871 1.0 9 0.4794505295215762 1.0 [-1,-1] 1.0 1.0 1.0 0.0006167714992318164 0.14396928707710532 90.40652503589057 139.7613027475444 2646.8328950579676 2646.8328950579676 67.42814262833934 1703.1178014829986 -2024.9858207440247
220.08448615277896 -0.06618180684094717 39627788419860675 9 244-245-247-248-249-250-251-253-469 0.8534252299916049 1.0 9 0.604889174750463 1.0 [-1,-1] 1.0 1.0 1.0 0.0006812235016579503 0.1321480675826358 90.06618180684094 139.91551384722104 3015.0849873863085 3015.0849873863085 -297.4398200441496 2583.161833773076 -1526.283713846321
219.76306255824102 0.5402964977091793 39627800495260003 9 244-245-247-248-249-250-251-253-469 0.5665083845208123 1.0 9 1.1408945752726662 1.0 [-1,-1] 1.0 1.0 1.0 0.000677088223595666 0.13284793461577618 89.45970350229082 140.23693744175898 2165.437405312087 2165.437405312087 -912.0089914321856 1957.1786323333015 163.73929586247627
220.0276097526464 -0.8819841879910743 39627764260668185 9 244-245-247-248-249-250-251-253-469 0.9748295887406975 1.0 9 0.3623706841653997 1.0 [-1,-1] 1.0 1.0 1.0 0.0003578035202613049 0.22475091060875194 90.88198418799108 139.9723902473536 3332.615156494041 3332.615156494041 -126.46132077329301 730.0656941781751 -3249.205348670074
221.00015857595855 -1.1484856993848804 39627758237646910 9 244-245-247-248-249-250-251-253-469 0.560436874084884 1.0 9 1.3194206419321282 1.0 [-1,-1] 1.0 1.0 1.0 0.000677088223595666 0.13284793461577618 91.14848569938488 138.99984142404145 2145.8076142412838 2145.8076142412838 -65.15657429702485 -63.150522216021315 -2143.8882782704864
220.99869087385642 -1.11964473526273 39627764273256881 9 244-245-247-248-249-250-251-253-469 0.5612684432647157 1.0 9 1.3063525699602372 1.0 [-1,-1] 1.0 1.0 1.0 0.000677088223595666 0.13284793461577618 91.11964473526272 139.00130912614358 2148.5004409510266 2148.5004409510266 -20.73225730695174 -20.153045733266147 -2148.305884417158
218.98345076604122 -1.3415091252060851 39627758199903796 9 244-245-247-248-249-250-251-253-469 0.7675406799888882 1.0 9 1.1028996959443773 1.0 [-1,-1] 1.0 1.0 1.0 0.0006416626200019751 0.139161677870846 91.34150912520609 141.01654923395878 2776.0805211222723 2776.0805211222723 606.8746182225686 -225.054494347473 -2699.5697309174516
219.66395969002963 -1.395704355111542 39627752172688151 9 244-245-247-248-249-250-251-253-469 0.9098201748821969 1.0 9 0.8072462302552356 1.0 [-1,-1] 1.0 1.0 1.0 0.0005275616701708153 0.16431404058018498 91.39570435511155 140.33604030997037 3165.443412920196 3165.443412920196 460.8741774664725 -777.3491040538976 -3033.703242469682
219.3637574130884 0.07598969923901333 39627788407278010 9 244-245-247-248-249-250-251-253-469 0.6290155746269294 1.0 9 0.8045268677660783 1.0 [-1,-1] 1.0 1.0 1.0 0.0007214233604467519 0.12571007283523317 89.92401030076098 140.6362425869116 2363.369662567399 2363.369662567399 -1621.8616962615847 1467.360502396561 -895.5076527590078
220.67055535352168 -0.6841527520708307 39627770308858765 9 244-245-247-248-249-250-251-253-469 0.5600311753656451 1.0 9 0.8745587461923723 1.0 [-1,-1] 1.0 1.0 1.0 0.000677088223595666 0.13284793461577618 90.68415275207083 139.32944464647832 2144.4933676159967 2144.4933676159967 398.9431184788156 782.6032162283472 -1956.3303396707938
218.56404061337338 -0.2510791713294456 39627782354896321 8 244-245-247-248-249-250-251-254 0.9790392751627252 1.0 9 1.2842322074221961 1.0 [-1,-1] 1.0 1.0 1.0 0.0003578035202613049 0.22475091060875194 90.25107917132945 141.43595938662662 3343.2201572186054 3343.2201572186054 -2517.7210458333775 -162.08759840316276 -2193.611033306583
220.75941129361368 0.014139081634499253 39627788432441608 8 244-245-247-248-249-250-251-254 0.7443395539848077 1.0 9 1.139124211093001 1.0 [-1,-1] 1.0 1.0 1.0 0.0007126833197713517 0.12705585074725267 89.9858609183655 139.24058870638632 2709.356865788748 2709.356865788748 1296.1922131892795 2066.1528119014797 -1179.624063223413
220.55835084715602 -1.4540678482667357 39627752189461855 8 244-245-247-248-249-250-251-254 0.7596090959866986 1.0 9 1.1420737603711253 1.0 [-1,-1] 1.0 1.0 1.0 0.0006416626200019751 0.139161677870846 91.45406784826673 139.44164915284398 2753.375760942336 2753.375760942336 -329.9780444445333 -878.7297667490692 -2588.4409531914143
220.55386783324207 -1.4556776571644474 39627752189461767 8 244-245-247-248-249-250-251-254 0.760220992232891 1.0 9 1.1403102726655419 1.0 [-1,-1] 1.0 1.0 1.0 0.0006416626200019751 0.139161677870846 91.45567765716444 139.44613216675793 2755.1312486833144 2755.1312486833144 -327.69111632818874 -884.6702210877953 -2588.5759269666664
