data_rosette/LRG_15_clustering_data.ecsv
# %ECSV 1.0
# ---
# datatype:
# - {name: RA, unit: deg, datatype: float64}
# - {name: DEC, unit: deg, datatype: float64}
# - {name: TARGETID, datatype: int64}
# - {name: NTILE, datatype: int64}
# - {name: TILES, datatype: string}
# - {name: Z, datatype: float64}
# - {name: COMP_TILE, datatype: float64}
# - {name: ROSETTE_NUMBER, datatype: int32}
# - {name: ROSETTE_R, unit: deg, datatype: float64}
# - {name: FRACZ_TILELOCID, datatype: float64}
# - {name: BITWEIGHTS, datatype: string, subtype: 'int64[2]'}
# - {name: PROB_OBS, datatype: float64}
# - {name: WEIGHT_ZFAIL, datatype: float64}
# - {name: WEIGHT, datatype: float64}
# - {name: NZ, unit: h3 / Mpc3, datatype: float64}
# - {name: WEIGHT_FKP, datatype: float64}
# - {name: theta, unit: deg, datatype: float64}
# - {name: phi, unit: deg, datatype: float64}
# - {name: rho, unit: Mpc, datatype: float64}
# - {name: r, unit: Mpc, datatype: float64}
# - {name: x, unit: Mpc, datatype: float64}
# - {name: y, unit: Mpc, datatype: float64}
# - {name: z, unit: Mpc, datatype: float64}
# meta: !!omap
# - {EXTNAME: LSS}
# - {DESIDR: edr}
# - comments: ['Visit https://desidatamodel.readthedocs.io/en/latest/ for a more complet', e description]
# schema: astropy-2.0
RA DEC TARGETID NTILE TILES Z COMP_TILE ROSETTE_NUMBER ROSETTE_R FRACZ_TILELOCID BITWEIGHTS PROB_OBS WEIGHT_ZFAIL WEIGHT NZ WEIGHT_FKP theta phi rho r x y z
[from data line 1385]
267.85793523480396 67.00867557248077 39633463510303349 12 406-407-408-410-411-412-413-414-415-416-439-440 0.6876328444920012 0.9814814814814815 15 1.2384674879543753 1.0 [-1,-1] 1.0 1.0 1.0 0.0008053318504768218 0.11384060807160488 22.99132442751923 -267.85793523480396 2542.2627339201376 2542.2627339201376 1455.591069889716 -1568.0042064217353 -1373.2142054975066
271.94064875462476 66.2257611036088 39633456321266234 12 406-407-408-410-411-412-413-414-415-416-439-440 0.8028439075157893 0.9814814814814815 15 0.9181180812125197 1.0 [-1,-1] 1.0 1.0 1.0 0.0008239664519383997 0.11155322342262282 23.774238896391196 -271.94064875462476 2875.8264619293946 2875.8264619293946 538.8924845825223 2759.1308871719557 605.9451102595937
272.6070167792288 65.49890042543704 39633448880573895 12 406-407-408-410-411-412-413-414-415-416-439-440 0.7902704823763179 0.9814814814814815 15 1.2908957156891763 1.0 [-1,-1] 1.0 1.0 1.0 0.0008239664519383997 0.11155322342262282 24.501099574562957 -272.6070167792288 2840.545403509001 2840.545403509001 1270.2789974628063 1095.2562363603208 2292.488437204172
267.0715815826803 67.0311883174571 39633463501918026 12 406-407-408-410-411-412-413-414-415-416-439-440 0.40675199549157864 0.9814814814814815 15 1.4639745257269166 1.0 [-1,-1] 1.0 1.0 1.0 0.00024055914515870672 0.3007331513712552 22.968811682542906 -267.0715815826803 1624.1671155122294 1624.1671155122294 1345.866042005745 -48.749766494429444 -907.8473860478116
266.46532159948225 65.81370436155242 39633451346821776 12 406-407-408-410-411-412-413-414-415-416-439-440 0.6221669422933422 0.9814814814814815 15 1.3479094869297612 1.0 [-1,-1] 1.0 1.0 1.0 0.0007056687116799521 0.12786279395313782 24.186295638447575 -266.46532159948225 2342.048681916208 2342.048681916208 1599.728614667842 1025.4975133499258 1369.0928522169238
267.4860625031141 65.85786533659966 39633451351019381 12 406-407-408-410-411-412-413-414-415-416-439-440 0.4844896171366294 0.9814814814814815 15 0.9290788543370807 1.0 [-1,-1] 1.0 1.0 1.0 0.000668512811805897 0.13401699399284683 24.14213466340034 -267.4860625031141 1894.0589462197852 1894.0589462197852 1425.9359028158408 -690.0140750054899 1038.2902624556846
269.41745317165163 67.25784866727805 39633465875890530 12 406-407-408-410-411-412-413-414-415-416-439-440 0.8917472121717204 0.9814814814814815 15 1.2440330906553803 1.0 [-1,-1] 1.0 1.0 1.0 0.0005723615213970424 0.15308410280969617 22.742151332721946 -269.41745317165163 3117.8090219506453 3117.8090219506453 -1542.8035569076 -1464.9364528357203 -2279.1339300934455
270.81656125240727 66.69519750442372 39633461148910781 12 406-407-408-410-411-412-413-414-415-416-439-440 0.9884301653280848 0.9814814814814815 15 0.8035670862958288 1.0 [-1,-1] 1.0 1.0 1.0 0.00030269805442075816 0.25472307248715254 23.304802495576283 -270.81656125240727 3366.7829696857416 3366.7829696857416 -2612.483387529657 1943.4563390651272 -856.2333636311315
268.89063125240443 65.83932657091442 39633451363599008 12 406-407-408-410-411-412-413-414-415-416-439-440 0.9433331548388395 0.9814814814814815 15 0.387089630140664 1.0 [-1,-1] 1.0 1.0 1.0 0.0003671239319408774 0.21984967794317842 24.160673429085577 -268.89063125240443 3252.426906155123 3252.426906155123 -753.9851287834883 -2578.7085067222606 1833.0438191198216
269.5359403861004 67.26503118707097 39633465875891240 12 406-407-408-410-411-412-413-414-415-416-439-440 0.7547793115517846 0.9814814814814815 15 1.2474045683284156 1.0 [-1,-1] 1.0 1.0 1.0 0.0007242712797402853 0.12498917450484462 22.734968812929026 -269.5359403861004 2739.496562256699 2739.496562256699 -1486.6876188910717 -1109.281021487905 -2015.9605536366569
269.5459100604978 67.26059408939281 39633465875891302 12 406-407-408-410-411-412-413-414-415-416-439-440 0.758709031685076 0.9814814814814815 15 1.2427380978523332 1.0 [-1,-1] 1.0 1.0 1.0 0.0007242712797402853 0.12498917450484462 22.73940591060719 -269.5459100604978 2750.792355291267 2750.792355291267 -1511.0852801928597 -1104.2053951609983 -2015.988666439047
272.54220292070784 65.65876326350372 39633451388765073 11 406-407-408-410-411-412-413-414-415-416-440 0.667074849037314 1.0 15 1.2062568783461005 1.0 [-1,-1] 1.0 1.0 1.0 0.0006371005092682059 0.1397016056866948 24.341236736496285 -272.54220292070784 2480.2479151703037 2480.2479151703037 1258.9015023524207 1236.3433211887045 1743.0582090778094
272.064222315416 65.59282983139725 39633448876379944 11 406-407-408-410-411-412-413-414-415-416-440 0.8144021166445046 1.0 15 1.047573604110438 1.0 [-1,-1] 1.0 1.0 1.0 0.000762533893525711 0.11946670068019369 24.407170168602747 -272.064222315416 2908.023304719593 2908.023304719593 600.5131818902304 1833.8364769233845 2175.552167858441
270.5262663286342 66.43515006140201 39633458741380617 11 406-407-408-410-411-412-413-414-415-416-440 1.0593950174177722 1.0 15 0.524755365254338 1.0 [-1,-1] 1.0 1.0 1.0 0.00014839258087788972 0.41078905010633954 23.564849938597987 -270.5262663286342 3540.7065031081966 3540.7065031081966 -3326.880368633852 1211.7606013051488 10.285867777809798
270.9634451858492 65.11675380083581 39633443792882399 11 406-407-408-410-411-412-413-414-415-416-440 0.8243295872343719 1.0 15 1.0373169419244705 1.0 [-1,-1] 1.0 1.0 1.0 0.000762533893525711 0.11946670068019369 24.88324619916419 -270.9634451858492 2935.4988474412653 2935.4988474412653 -511.97028601018224 513.0761205760163 2844.6076713786583
270.33108666354514 64.76280658815561 39633441217577234 11 406-407-408-410-411-412-413-414-415-416-440 1.0182058331603354 1.0 15 1.2818532852869646 1.0 [-1,-1] 1.0 1.0 1.0 0.00020130102782971312 0.3394727840281335 25.237193411844387 -270.33108666354514 3440.6389239712307 3440.6389239712307 354.47718104670065 -55.068169585983 3421.8868523026213
271.30844012838713 65.01542365206063 39633443797074863 11 406-407-408-410-411-412-413-414-415-416-440 0.6078040199844117 1.0 15 1.198691129402842 1.0 [-1,-1] 1.0 1.0 1.0 0.0006106036532175123 0.14488555312656437 24.984576347939367 -271.30844012838713 2297.0445697548016 2297.0445697548016 -144.22768581745308 306.89649857418425 2271.877344674811
269.296489015057 64.68014895486357 39633441209189697 11 406-407-408-410-411-412-413-414-415-416-440 0.6392837560915946 1.0 15 1.3519869367655044 1.0 [-1,-1] 1.0 1.0 1.0 0.0007982518636535506 0.11473445525619816 25.31985104513643 -269.296489015057 2395.17012422008 2395.17012422008 283.71771940011837 343.53823799534223 2353.3647525808415
268.03889607014776 65.208534604809 39633446322045937 11 406-407-408-410-411-412-413-414-415-416-440 0.5811618952242689 1.0 15 1.0704342152876838 1.0 [-1,-1] 1.0 1.0 1.0 0.0005369919189708607 0.1615383650856205 24.791465395190997 -268.03889607014776 2212.5163096468077 2212.5163096468077 397.90106977751356 -624.5191984684362 2084.9170079087994
270.16962103611627 67.15260229008518 39633465880085529 11 406-407-408-410-411-412-413-414-415-416-440 0.44937588181110033 1.0 15 1.1459877324683347 1.0 [-1,-1] 1.0 1.0 1.0 0.0006285113834356281 0.1413409039925048 22.847397709914816 -270.16962103611627 1773.7049371473856 1773.7049371473856 -1339.8028675626074 -9.843940054963326 -1162.2652782287785
271.3363307844512 65.02101575499269 39633443797075085 11 406-407-408-410-411-412-413-414-415-416-440 0.8092980484840053 1.0 15 1.2003375474360958 1.0 [-1,-1] 1.0 1.0 1.0 0.0008239664519383997 0.11155322342262282 24.97898424500731 -271.3363307844512 2893.8329744971006 2893.8329744971006 -177.24461442660868 406.210499480609 2859.693455784241
271.3095194272994 65.00504144196059 39633443797074876 11 406-407-408-410-411-412-413-414-415-416-440 0.8087635609366404 1.0 15 1.2077167314799202 1.0 [-1,-1] 1.0 1.0 1.0 0.0008239664519383997 0.11155322342262282 24.994958558039414 -271.3095194272994 2892.3444622965253 2892.3444622965253 -168.57568366463073 359.7137206817379 2864.933640873324
272.2430345014293 67.05113539340577 39633463539662980 10 406-407-408-410-411-412-413-414-415-439 0.8934565333123997 1.0 15 1.4366373763273501 1.0 [-1,-1] 1.0 1.0 1.0 0.0005723615213970424 0.15308410280969617 22.948864606594228 -272.2430345014293 3122.3362725985266 3122.3362725985266 1213.6925334509847 2246.844056329939 -1796.559495247685
268.35138653555316 65.09802100092054 39633443776103284 10 406-407-408-410-411-412-413-414-415-439 1.0534296127024743 1.0 15 1.0841079782132939 1.0 [-1,-1] 1.0 1.0 1.0 0.00014839258087788972 0.41078905010633954 24.90197899907946 -268.35138653555316 3526.362144518402 3526.362144518402 203.2805431743028 -780.5107332399512 3432.8865391032687
268.0806140190866 67.09115197627588 39633463510304844 10 406-407-408-410-411-412-413-414-415-439 0.7907437507147523 1.0 15 1.2560885164198388 1.0 [-1,-1] 1.0 1.0 1.0 0.0008239664519383997 0.11155322342262282 22.90884802372412 -268.0806140190866 2841.878257809818 2841.878257809818 1132.3452543046728 -1952.4360562409572 -1726.8641242310032
270.2537368901413 66.77471291404747 39633461144716793 11 406-407-408-410-411-412-413-414-415-439-440 0.6811567311824938 1.0 15 0.7832973018878692 1.0 [-1,-1] 1.0 1.0 1.0 0.0008053318504768218 0.11384060807160488 23.22528708595253 -270.2537368901413 2522.8107029015623 2522.8107029015623 -2374.1768900991483 182.62132570138178 -833.3710989666495
267.96486982913547 67.0535359402916 39633463510304124 11 406-407-408-410-411-412-413-414-415-439-440 0.4539009884220166 1.0 15 1.2497487766009618 1.0 [-1,-1] 1.0 1.0 1.0 0.0005330850268982689 0.1625298359500762 22.946464059708404 -267.96486982913547 1789.3578189292134 1789.3578189292134 874.0296420292667 -1170.7275654386965 -1033.0878745485718
268.51192814012677 66.87269716932644 39633461132134939 11 406-407-408-410-411-412-413-414-415-439-440 0.45819352964295085 1.0 15 0.9818033910665434 1.0 [-1,-1] 1.0 1.0 1.0 0.0005330850268982689 0.1625298359500762 23.127302830673557 -268.51192814012677 1804.1670153550479 1804.1670153550479 153.99386968958848 -1629.155189111887 -759.7090740428071
271.4595872456159 65.33480904629836 39633446343020354 11 406-407-408-410-411-412-413-414-415-439-440 0.7031454684031766 1.0 15 0.9883486579393899 1.0 [-1,-1] 1.0 1.0 1.0 0.0005639081233901963 0.1550231922816235 24.66519095370164 -271.4595872456159 2588.5467688955396 2588.5467688955396 -331.57083212279514 1118.5511886811007 2310.7311389136194
266.8014572034515 66.45153920456187 39633458716214838 11 406-407-408-410-411-412-413-414-415-439-440 0.9627186494415637 1.0 15 1.2564085953997464 1.0 [-1,-1] 1.0 1.0 1.0 0.0003767415448896098 0.21544643941305056 23.54846079543813 -266.8014572034515 3301.95800278994 3301.95800278994 3211.7392424585605 765.2943409985804 -44.52260409936477
268.70716422667 64.82264340898358 39633441204995094 10 406-407-408-410-411-412-413-414-415-440 0.6418668097764101 1.0 15 1.2706524431129067 1.0 [-1,-1] 1.0 1.0 1.0 0.0007982518636535506 0.11473445525619816 25.17735659101642 -268.70716422667 2403.138556935026 2403.138556935026 10.806102673749379 106.63520006965791 2400.7471932877206
269.90444959252847 66.47926236726242 39633458737186097 10 406-407-408-410-411-412-413-414-415-440 0.5601490379919929 1.0 15 0.4646051589917835 1.0 [-1,-1] 1.0 1.0 1.0 0.0006724560872077301 0.13333590500666823 23.52073763273758 -269.90444959252847 2144.8752127991334 2144.8752127991334 -2063.9672477985873 -576.820152241706 -88.35943901309369
269.92025371677545 65.73513540997665 39633451367796311 10 406-407-408-410-411-412-413-414-415-440 0.481717187538433 1.0 15 0.29528524232529096 1.0 [-1,-1] 1.0 1.0 1.0 0.000668512811805897 0.13401699399284683 24.26486459002335 -269.92025371677545 1884.6484778314273 1884.6484778314273 -1390.7865666734397 -365.09063359841485 1218.3273124295172
272.8797840988184 65.33516050793395 39633446355600890 9 406-407-408-410-411-412-413-414-416 0.6660455756324984 1.0 15 1.4667440701188237 1.0 [-1,-1] 1.0 1.0 1.0 0.0006371005092682059 0.1397016056866948 24.66483949206605 -272.8797840988184 2477.1225782345314 2477.1225782345314 1011.3864677893196 474.6305606701358 2210.873020155135
270.47581478672305 64.5486151138949 39633438617112181 9 406-407-408-410-411-412-413-414-416 0.7173239976135388 1.0 15 1.504039110833957 1.0 [-1,-1] 1.0 1.0 1.0 0.0005823912580269674 0.15084542533972659 25.451384886105103 -270.47581478672305 2630.4700119419645 2630.4700119419645 787.5449338617235 -242.6212580376933 2498.0553208491797
270.79698260852996 65.61758983208524 39633448867991336 11 406-407-408-410-411-412-413-414-416-439-440 0.7612673808840289 1.0 15 0.5940872118176278 1.0 [-1,-1] 1.0 1.0 1.0 0.0007242712797402853 0.12498917450484462 24.382410167914756 -270.79698260852996 2758.131756307217 2758.131756307217 -1530.6597362352215 1092.7850470317692 2017.471783694243
272.4648670626316 65.84685473824607 39633451388764522 11 406-407-408-410-411-412-413-414-416-439-440 0.995836387456058 1.0 15 1.1285392060336816 1.0 [-1,-1] 1.0 1.0 1.0 0.00023297360745577845 0.30751381291380364 24.153145261753934 -272.4648670626316 3385.2743453628345 3385.2743453628345 1847.2016403984226 2118.4609670708664 1886.8099067151181
268.97083912030297 65.12857542519608 39633446326242670 11 406-407-408-410-411-412-413-414-416-439-440 0.598209485994869 1.0 15 0.9450678772381002 1.0 [-1,-1] 1.0 1.0 1.0 0.0006106036532175123 0.14488555312656437 24.871424574803925 -268.97083912030297 2266.7614986025783 2266.7614986025783 -208.85603388714077 -547.1148427389152 2189.806429233121
268.2004130484657 66.55649285794684 39633458724604347 11 406-407-408-410-411-412-413-414-416-439-440 0.9507272797652206 1.0 15 0.8161554383884978 1.0 [-1,-1] 1.0 1.0 1.0 0.0003767415448896098 0.21544643941305056 23.443507142053164 -268.2004130484657 3271.3864572296206 3271.3864572296206 1282.222822370872 -2984.7031197658484 -386.55047949350165
272.5177609208798 65.62160945702927 39633448880573294 11 406-407-408-410-411-412-413-414-416-439-440 0.928411100707341 1.0 15 1.2092250981208863 1.0 [-1,-1] 1.0 1.0 1.0 0.00042618922305278896 0.1953324009783564 24.378390542970735 -272.5177609208798 3213.9104533831924 3213.9104533831924 1532.1435123880794 1580.0810955546845 2342.0291183679983
269.76444754915127 64.87621091036087 39633443784493667 11 406-407-408-410-411-412-413-414-416-439-440 1.0412214020401407 1.0 15 1.1438786013803592 1.0 [-1,-1] 1.0 1.0 1.0 0.00017557006270178804 0.37077784677498654 25.123789089639132 -269.76444754915127 3496.850655961046 3496.850655961046 -28.677891856638023 -12.550343688554676 3496.7105367026243
272.5213543357497 65.61965376894425 39633448880573322 11 406-407-408-410-411-412-413-414-416-439-440 0.8317031104942467 1.0 15 1.2113001334821698 1.0 [-1,-1] 1.0 1.0 1.0 0.0006366829495309179 0.1397804201853648 24.380346231055753 -272.5213543357497 2955.799880536415 2955.799880536415 1411.363208495392 1445.094870693056 2157.894261121545
270.755610091251 67.05425073252158 39633463527082713 11 406-407-408-410-411-412-413-414-416-439-440 0.6851797256170694 1.0 15 1.1119106016092788 1.0 [-1,-1] 1.0 1.0 1.0 0.0008053318504768218 0.11384060807160488 22.94574926747842 -270.755610091251 2534.9034237272444 2534.9034237272444 -1731.9214085900417 1131.3414450818088 -1465.0085790642306
271.62743547281394 64.87297526564707 39633441225966864 11 406-407-408-410-411-412-413-414-416-439-440 0.9973847977000387 1.0 15 1.3917535819335347 1.0 [-1,-1] 1.0 1.0 1.0 0.00023297360745577845 0.30751381291380364 25.12702473435293 -271.62743547281394 3389.130145068964 3389.130145068964 -2.3256141292350807 19.233749305693763 3389.0747697006836
269.31181786368336 64.69408525413021 39633441209189809 10 406-407-408-410-411-412-413-414-416-440 0.6391509047883241 1.0 15 1.3373229523601011 1.0 [-1,-1] 1.0 1.0 1.0 0.0007982518636535506 0.11473445525619816 25.305914745869785 -269.31181786368336 2394.759953673521 2394.759953673521 267.6071964528737 314.0980693010673 2358.941293671036
