data_rosette/LRG_7_clustering_data.ecsv
# %ECSV 1.0
# ---
# datatype:
# - {name: RA, unit: deg, datatype: float64}
# - {name: DEC, unit: deg, datatype: float64}
# - {name: TARGETID, datatype: int64}
# - {name: NTILE, datatype: int64}
# - {name: TILES, datatype: string}
# - {name: Z, datatype: float64}
# - {name: COMP_TILE, datatype: float64}
# - {name: ROSETTE_NUMBER, datatype: int32}
# - {name: ROSETTE_R, unit: deg, datatype: float64}
# - {name: FRACZ_TILELOCID, datatype: float64}
# - {name: BITWEIGHTS, datatype: string, subtype: 'int64[2]'}
# - {name: PROB_OBS, datatype: float64}
# - {name: WEIGHT_ZFAIL, datatype: float64}
# - {name: WEIGHT, datatype: float64}
# - {name: NZ, unit: h3 / Mpc3, datatype: float64}
# - {name: WEIGHT_FKP, datatype: float64}
# - {name: theta, unit: deg, datatype: float64}
# - {name: phi, unit: deg, datatype: float64}
# - {name: rho, unit: Mpc, datatype: float64}
# - {name: r, unit: Mpc, datatype: float64}
# - {name: x, unit: Mpc, datatype: float64}
# - {name: y, unit: Mpc, datatype: float64}
# - {name: z, unit: Mpc, datatype: float64}
# meta: !!omap
# - {EXTNAME: LSS}
# - {DESIDR: edr}
# - comments: ['Visit https://desidatamodel.readthedocs.io/en/latest/ for a more complet', e description]
# schema: astropy-2.0
RA DEC TARGETID NTILE TILES Z COMP_TILE ROSETTE_NUMBER ROSETTE_R FRACZ_TILELOCID BITWEIGHTS PROB_OBS WEIGHT_ZFAIL WEIGHT NZ WEIGHT_FKP theta phi rho r x y z
[from data line 514]
217.539111566382 35.79376715159645 39632996168368838 11 190-191-192-193-194-195-196-197-199-200-463 0.918734907810421 1.0 7 1.4100155542367765 1.0 [-1,-1] 1.0 1.0 1.0 0.00042618922305278896 0.1953324009783564 54.20623284840355 142.460888433618 3188.751304644193 3188.751304644193 1058.6380154670424 2025.6466966162093 -2223.5502907660725
216.8943872898389 33.646516942450795 39632956372815500 11 190-191-192-193-194-195-196-197-199-200-463 0.849439327453805 1.0 7 1.0635253441501786 1.0 [-1,-1] 1.0 1.0 1.0 0.0006366829495309179 0.1397804201853648 56.353483057549205 143.1056127101611 3004.2643844720183 3004.2643844720183 -94.63974802906196 574.9330183800453 2947.2190000535147
216.89757160699804 33.64754034548968 39632956372815532 11 190-191-192-193-194-195-196-197-199-200-463 0.8516882326471005 1.0 7 1.0609352322484522 1.0 [-1,-1] 1.0 1.0 1.0 0.0006576102792991648 0.1359368301360722 56.35245965451032 143.10242839300196 3010.3727140851024 3010.3727140851024 -93.47855356735812 579.3844757050888 2952.612278482056
218.05002473407714 35.54182037888593 39632991252644982 11 190-191-192-193-194-195-196-197-199-200-463 0.8780977568017766 1.0 7 1.1600545567161695 1.0 [-1,-1] 1.0 1.0 1.0 0.0005346154933450218 0.1621399955636538 54.45817962111407 141.94997526592286 3081.491039952935 3081.491039952935 2239.723815312285 1461.9792293114047 -1530.3074833167468
216.54910838369238 35.437281075930485 39632991231674356 11 190-191-192-193-194-195-196-197-199-200-463 0.8760291276630838 1.0 7 1.4587336614270214 1.0 [-1,-1] 1.0 1.0 1.0 0.0005346154933450218 0.1621399955636538 54.562718924069515 143.45089161630762 3075.9609725431756 3075.9609725431756 -1370.1907545297618 2458.6502134256593 -1240.6257811410665
216.85902033331635 34.98592891214874 39632981354086529 11 190-191-192-193-194-195-196-197-199-200-463 0.7456310583972054 1.0 7 0.970508406241358 1.0 [-1,-1] 1.0 1.0 1.0 0.0006073340474539246 0.1455520198534496 55.01407108785126 143.14097966668365 2713.095810215076 2713.095810215076 -534.706314278656 2658.070057160107 98.19167024754276
219.17532897474632 34.02816944029305 39632961431142949 11 190-191-192-193-194-195-196-197-199-200-463 0.547201340307282 1.0 7 1.1965447298167664 1.0 [-1,-1] 1.0 1.0 1.0 0.0006094867785671962 0.14511252611805409 55.97183055970695 140.82467102525368 2102.764094998834 2102.764094998834 979.4667876562405 -596.478498315045 1762.519518230212
217.85225046551247 33.72633122493785 39632956389589786 11 190-191-192-193-194-195-196-197-199-200-463 0.9142183514391576 1.0 7 0.6750579158665811 1.0 [-1,-1] 1.0 1.0 1.0 0.00042618922305278896 0.1953324009783564 56.27366877506215 142.14774953448753 3176.9580752983857 3176.9580752983857 615.6716223928864 604.303515690299 3057.58537517893
218.90132310017128 34.28019822003315 39632966439141460 11 190-191-192-193-194-195-196-197-199-200-463 0.847585473463436 1.0 7 0.9172192666900124 1.0 [-1,-1] 1.0 1.0 1.0 0.0006366829495309179 0.1397804201853648 55.71980177996685 141.09867689982872 2999.222856397847 2999.222856397847 2129.0497682765954 -596.0967604195345 2026.6113289819466
216.5467050109513 35.436710536362334 39632991231674326 11 190-191-192-193-194-195-196-197-199-200-463 0.5159772488811492 1.0 7 1.459717143693274 1.0 [-1,-1] 1.0 1.0 1.0 0.0006888416087567301 0.1305783864573065 54.563289463637666 143.4532949890487 1999.8398858503147 1999.8398858503147 -894.8952835533667 1596.750092711231 -805.5502106873371
217.84018303740442 33.24294989999967 39632946293902452 11 190-191-192-193-194-195-196-197-199-200-463 0.9581639489080211 1.0 7 1.1575315444258225 1.0 [-1,-1] 1.0 1.0 1.0 0.0003767415448896098 0.21544643941305056 56.75705010000033 142.15981696259558 3290.3715110462854 3290.3715110462854 -480.0051187847057 -482.651842621728 3219.1904208138026
216.86346144328996 34.4740293811997 39632971405200607 11 190-191-192-193-194-195-196-197-199-200-463 0.5061544788475323 1.0 7 0.7759452168520594 1.0 [-1,-1] 1.0 1.0 1.0 0.0007365189099627642 0.12316671624379881 55.5259706188003 143.13653855671004 1967.0565358211234 1967.0565358211234 -323.7902918146486 1647.396803619379 1024.9658694160678
217.0011260857616 33.43872689508187 39632951335455357 10 190-191-192-193-194-195-196-197-199-463 0.6877903228564362 1.0 7 1.1676850693138454 1.0 [-1,-1] 1.0 1.0 1.0 0.0008053318504768218 0.11384060807160488 56.56127310491813 142.9988739142384 2542.734790792574 2542.734790792574 1.8069904525988048 -32.000210490530584 2542.532780048474
217.71982823642105 34.09211588035709 39632961410172099 10 190-191-192-193-194-195-196-197-199-463 0.6370642426036347 1.0 7 0.31493589566186064 1.0 [-1,-1] 1.0 1.0 1.0 0.0007982518636535506 0.11473445525619816 55.90788411964291 142.28017176357895 2388.3131508089514 2388.3131508089514 877.9875737864207 1125.93227207709 1914.5375539014472
217.78803020606173 33.71866486532688 39632956385398561 10 190-191-192-193-194-195-196-197-199-463 0.5604323947409258 1.0 7 0.6814072933387102 1.0 [-1,-1] 1.0 1.0 1.0 0.0006724560872077301 0.13333590500666823 56.28133513467312 142.21196979393827 2145.7931053335633 2145.7931053335633 378.2126077116793 422.2013147652957 2069.5722563069507
217.7825641368941 33.73061652030609 39632956385398480 10 190-191-192-193-194-195-196-197-199-463 0.9139667585712773 1.0 7 0.6695392911770333 1.0 [-1,-1] 1.0 1.0 1.0 0.00042618922305278896 0.1953324009783564 56.26938347969391 142.2174358631059 3176.3002051093313 3176.3002051093313 580.6632851245748 655.3713562224309 3053.2280503966763
218.36104635442456 35.31987053094487 39632986320144461 10 190-191-192-193-194-195-196-197-199-463 0.8292808601446844 1.0 7 1.0286342214455144 1.0 [-1,-1] 1.0 1.0 1.0 0.000762533893525711 0.11946670068019369 54.68012946905513 141.63895364557544 2949.140801985785 2949.140801985785 2719.2711572892267 744.6358168702544 -865.166656376815
218.21438073256843 35.28481914791401 39632986320142590 10 190-191-192-193-194-195-196-197-199-463 0.7891186542956476 1.0 7 0.9479253931925701 1.0 [-1,-1] 1.0 1.0 1.0 0.0007064174578981374 0.12774458208408304 54.71518085208599 141.78561926743157 2837.2999432388265 2837.2999432388265 2508.5461194120167 1102.0928752988416 -736.7894060730591
218.7356380511129 34.4972398750817 39632971434557596 10 190-191-192-193-194-195-196-197-199-463 0.5329235665583082 1.0 7 0.7776592525784655 1.0 [-1,-1] 1.0 1.0 1.0 0.0006094867785671962 0.14511252611805409 55.5027601249183 141.2643619488871 2055.9417938712404 2055.9417938712404 1768.936698621703 -190.55206626161373 1030.2667257071214
218.69289721422768 35.52061626431927 39632991261033924 10 190-191-192-193-194-195-196-197-199-463 0.8560720051696133 1.0 7 1.3383673464505819 1.0 [-1,-1] 1.0 1.0 1.0 0.0006576102792991648 0.1359368301360722 54.47938373568073 141.30710278577232 3022.2559367654626 3022.2559367654626 2648.936197877396 -171.27093924884878 -1444.9339888928303
218.83751867272377 34.03968489738175 39632961426948224 9 190-191-192-193-194-195-196-197-200 0.8372634329964886 1.0 7 0.9304964140058917 1.0 [-1,-1] 1.0 1.0 1.0 0.0006366829495309179 0.1397804201853648 55.96031510261825 141.16248132727623 2971.0492396384157 2971.0492396384157 1612.9604351041849 -342.42148426541553 2471.4853319932927
217.0331277457771 33.15080318198462 39632946285510930 9 190-191-192-193-194-195-196-197-200 1.071731304863515 1.0 7 1.4024212833471257 1.0 [-1,-1] 1.0 1.0 1.0 0.00012850791192818028 0.44600300211103894 56.84919681801538 142.9668722542229 3570.2129902683932 3570.2129902683932 25.79206113561484 -1056.5596415599132 3410.1960778363386
218.25316796929943 35.172134117783926 39632986320143141 9 190-191-192-193-194-195-196-197-200 0.8282452750040951 1.0 7 0.857149184655151 1.0 [-1,-1] 1.0 1.0 1.0 0.000762533893525711 0.11946670068019369 54.827865882216074 141.74683203070057 2946.2908789666476 2946.2908789666476 2710.585680558739 1067.4676832740338 -440.3043912994102
216.7045556470332 33.221817471802424 39632946277125559 9 190-191-192-193-194-195-196-197-200 0.8067179108719599 1.0 7 1.4887805772868832 1.0 [-1,-1] 1.0 1.0 1.0 0.0008239664519383997 0.11155322342262282 56.778182528197576 143.2954443529668 2886.643024431479 2886.643024431479 227.0263843034392 -616.2368368583527 2810.9463054686466
218.3681945289767 34.249047963859596 39632966430753832 9 190-191-192-193-194-195-196-197-200 0.9624397225360575 1.0 7 0.4929287942646543 1.0 [-1,-1] 1.0 1.0 1.0 0.0003767415448896098 0.21544643941305056 55.750952036140404 141.6318054710233 3301.249350378741 3301.249350378741 2283.4111519025096 607.7692328235008 2305.4061126787283
218.7282784008456 34.16661946054589 39632966434948729 10 190-191-192-193-194-195-196-197-200-463 0.8454723084315379 1.0 7 0.8017180476566074 1.0 [-1,-1] 1.0 1.0 1.0 0.0006366829495309179 0.1397804201853648 55.83338053945411 141.2717215991544 2993.469280323174 2993.469280323174 1953.4220489876755 -195.8929905540851 2259.784628458896
216.87381553752354 34.96603662570418 39632981354086735 10 190-191-192-193-194-195-196-197-200-463 0.6064407846172762 1.0 7 0.9489134089211959 1.0 [-1,-1] 1.0 1.0 1.0 0.0006106036532175123 0.14488555312656437 55.03396337429582 143.12618446247646 2292.752585099952 2292.752585099952 -418.1972719104354 2250.622928917497 128.53750456581662
219.4702789144354 33.883038822116916 39632961435337226 10 190-191-192-193-194-195-196-197-200-463 0.7145145711559052 1.0 7 1.4758863284243777 1.0 [-1,-1] 1.0 1.0 1.0 0.0005823912580269674 0.15084542533972659 56.116961177883084 140.5297210855646 2622.1917555875584 2622.1917555875584 730.7344812426518 -818.4336986679293 2381.6135290762704
219.47017284044034 33.88217528928709 39632961435337223 10 190-191-192-193-194-195-196-197-200-463 0.676110941809895 1.0 7 1.4761133912295095 1.0 [-1,-1] 1.0 1.0 1.0 0.0008053318504768218 0.11384060807160488 56.11782471071291 140.52982715955966 2507.601634354689 2507.601634354689 697.5740282061265 -781.1266926581626 2278.4419066123905
218.21301084173518 35.059638164413926 39632981370865490 10 190-191-192-193-194-195-196-197-200-463 0.7435176002818054 1.0 7 0.7418445358543749 1.0 [-1,-1] 1.0 1.0 1.0 0.0006073340474539246 0.1455520198534496 54.940361835586074 141.78698915826482 2706.9757582746474 2706.9757582746474 2475.1063674026277 1091.4491189695648 -101.51377556830109
218.3966933271113 34.13960018928083 39632966430754249 10 190-191-192-193-194-195-196-197-200-463 0.7705978245531933 1.0 7 0.5576364557557331 1.0 [-1,-1] 1.0 1.0 1.0 0.0007064174578981374 0.12774458208408304 55.86039981071917 141.6033066728887 2784.802733081477 2784.802733081477 1721.6635068070502 406.090574489573 2150.8350649963013
216.87423320518053 34.97974935225118 39632981354086741 10 190-191-192-193-194-195-196-197-200-463 0.8295731739713601 1.0 7 0.9568327627039572 1.0 [-1,-1] 1.0 1.0 1.0 0.000762533893525711 0.11946670068019369 55.02025064774882 143.12576679481947 2949.944925913403 2949.944925913403 -537.2223063617247 2897.921242846046 124.97891714706003
218.21397784799743 33.79060461560923 39632956393784829 10 190-191-192-193-194-195-196-197-200-463 0.538071811974217 1.0 7 0.6992023264367377 1.0 [-1,-1] 1.0 1.0 1.0 0.0006094867785671962 0.14511252611805409 56.20939538439077 141.78602215200257 2072.871627661561 2072.871627661561 631.4763939333296 277.7334456611671 1954.7118667032291
216.77771537785742 35.08401614323083 39632981349895344 10 190-191-192-193-194-195-196-197-200-463 0.819741451855987 1.0 7 1.0832893769065015 1.0 [-1,-1] 1.0 1.0 1.0 0.000762533893525711 0.11946670068019369 54.91598385676917 143.22228462214258 2922.8210359434283 2922.8210359434283 -805.6839554736356 2803.761413127841 -180.77087791219182
218.25663490917688 33.37140848251668 39632946302288588 10 190-191-192-193-194-195-196-197-200-463 0.5712165174900612 1.0 7 1.0962161718274095 1.0 [-1,-1] 1.0 1.0 1.0 0.0005369919189708607 0.1615383650856205 56.62859151748332 141.74336509082312 2180.6094824868724 2180.6094824868724 -162.20841224615037 -63.23130806412458 2173.6485336384876
218.7868614354019 34.62339984981648 39632971434558216 10 190-191-192-193-194-195-196-197-200-463 0.7953762170501616 1.0 7 0.8433082198022456 1.0 [-1,-1] 1.0 1.0 1.0 0.0008239664519383997 0.11155322342262282 55.37660015018352 141.2131385645981 2854.904444662599 2854.904444662599 2597.9609530338726 -415.34225855301014 1108.4083556729809
216.23353184717277 34.008248089699485 39632961389200809 10 190-191-192-193-194-195-196-197-200-463 0.6556430688132232 1.0 7 1.3534489582986504 1.0 [-1,-1] 1.0 1.0 1.0 0.0006371005092682059 0.1397016056866948 55.991751910300515 143.76646815282723 2445.425691339915 2445.425691339915 -948.5864518392432 878.0360093789114 2075.8957877230473
216.8213276210476 33.422561797457334 39632951335453236 10 190-191-192-193-194-195-196-197-200-463 1.085295327602326 1.0 7 1.2708327338045589 1.0 [-1,-1] 1.0 1.0 1.0 0.00012850791192818028 0.44600300211103894 56.577438202542666 143.1786723789524 3602.4133620179896 3602.4133620179896 24.25080691894811 -100.75122032487411 3600.9225374635016
216.88350485858254 34.96215940556572 39632981354086827 10 190-191-192-193-194-195-196-197-200-463 0.7109396932724628 1.0 7 0.9402215145351102 1.0 [-1,-1] 1.0 1.0 1.0 0.0005823912580269674 0.15084542533972659 55.03784059443428 143.11649514141746 2611.6375551834485 2611.6375551834485 -451.398106045281 2567.565141458933 156.52384440807083
217.01901134876172 35.35049920027236 39632986303365649 10 190-191-192-193-194-195-196-197-200-463 0.48223362285898846 1.0 7 1.1462759463149832 1.0 [-1,-1] 1.0 1.0 1.0 0.000668512811805897 0.13401699399284683 54.64950079972764 142.98098865123828 1886.4026079329105 1886.4026079329105 -68.76990032229968 1784.2855916117762 -608.3670171798939
217.13741624352815 35.42264788436753 39632991240062127 9 190-191-192-193-194-195-196-197-463 0.7517662209343059 1.0 7 1.1580204827960396 1.0 [-1,-1] 1.0 1.0 1.0 0.0007242712797402853 0.12498917450484462 54.57735211563247 142.86258375647185 2730.8173243437277 2730.8173243437277 200.6653865402747 2506.6776780200917 -1064.7364369158593
217.0213832686301 35.224637055482106 39632986303365682 9 190-191-192-193-194-195-196-197-463 0.8679033301295168 1.0 7 1.0433918849957367 1.0 [-1,-1] 1.0 1.0 1.0 0.0006576102792991648 0.1359368301360722 54.775362944517894 142.9786167313699 3054.1718191782234 3054.1718191782234 -108.13154680988958 2989.8054834083623 -614.2770067552668
218.74387533405212 35.32624643080011 39632986324339390 9 190-191-192-193-194-195-196-197-463 0.42762852469803886 1.0 7 1.2073514236356295 1.0 [-1,-1] 1.0 1.0 1.0 0.0005613841910631427 0.1556117057517016 54.67375356919989 141.25612466594788 1697.8837885690261 1697.8837885690261 1609.1686599735674 -186.76285544068236 -508.4340852775568
217.03989073537858 35.35637005354306 39632986303365903 9 190-191-192-193-194-195-196-197-463 0.7650416343101047 1.0 7 1.1416916793382506 1.0 [-1,-1] 1.0 1.0 1.0 0.0007242712797402853 0.12498917450484462 54.64362994645694 142.96010926462142 2768.9385867939372 2768.9385867939372 -46.14784613142682 2615.296781853087 -908.3578681129603
218.5576093228711 34.918386289719365 39632981375060485 9 190-191-192-193-194-195-196-198-199 0.5655869192961444 1.0 7 0.8105912457898983 1.0 [-1,-1] 1.0 1.0 1.0 0.0006724560872077301 0.13333590500666823 55.081613710280635 141.4423906771289 2162.462877003462 2162.462877003462 2145.4601403478473 151.9831219838582 223.93662324132163
219.00615145347635 34.044635607792415 39632961426950312 10 190-191-192-193-194-195-196-198-199-200 0.40524617784854855 1.0 7 1.0587314894649562 1.0 [-1,-1] 1.0 1.0 1.0 0.00024055914515870672 0.3007331513712552 55.955364392207585 140.99384854652365 1618.8144695287779 1618.8144695287779 841.248930573933 -333.8817243943471 1342.1562940579647
217.86686074821182 32.9681915556641 39632941231375429 10 190-191-192-193-194-195-196-198-199-200 0.9772032566495692 1.0 7 1.4328888093066576 1.0 [-1,-1] 1.0 1.0 1.0 0.00030269805442075816 0.25472307248715254 57.0318084443359 142.13313925178818 3338.598115379064 3338.598115379064 -1122.6402198562707 -1070.1601671362837 2956.4630099915917
