data_rosette/LRG_4_clustering_data.ecsv
# %ECSV 1.0
# ---
# datatype:
# - {name: RA, unit: deg, datatype: float64}
# - {name: DEC, unit: deg, datatype: float64}
# - {name: TARGETID, datatype: int64}
# - {name: NTILE, datatype: int64}
# - {name: TILES, datatype: string}
# - {name: Z, datatype: float64}
# - {name: COMP_TILE, datatype: float64}
# - {name: ROSETTE_NUMBER, datatype: int32}
# - {name: ROSETTE_R, unit: deg, datatype: float64}
# - {name: FRACZ_TILELOCID, datatype: float64}
# - {name: BITWEIGHTS, datatype: string, subtype: 'int64[2]'}
# - {name: PROB_OBS, datatype: float64}
# - {name: WEIGHT_ZFAIL, datatype: float64}
# - {name: WEIGHT, datatype: float64}
# - {name: NZ, unit: h3 / Mpc3, datatype: float64}
# - {name: WEIGHT_FKP, datatype: float64}
# - {name: theta, unit: deg, datatype: float64}
# - {name: phi, unit: deg, datatype: float64}
# - {name: rho, unit: Mpc, datatype: float64}
# - {name: r, unit: Mpc, datatype: float64}
# - {name: x, unit: Mpc, datatype: float64}
# - {name: y, unit: Mpc, datatype: float64}
# - {name: z, unit: Mpc, datatype: float64}
# meta: !!omap
# - {EXTNAME: LSS}
# - {DESIDR: edr}
# - comments: ['Visit https://desidatamodel.readthedocs.io/en/latest/ for a more complet', e description]
# schema: astropy-2.0
RA DEC TARGETID NTILE TILES Z COMP_TILE ROSETTE_NUMBER ROSETTE_R FRACZ_TILELOCID BITWEIGHTS PROB_OBS WEIGHT_ZFAIL WEIGHT NZ WEIGHT_FKP theta phi rho r x y z
[from data line 5077]
194.0152553330616 29.44986919775669 39628470422083800 7 112-114-115-117-118-119-454 0.7342721282465129 1.0 4 1.4058804172925359 1.0 [-1,-1] 1.0 1.0 1.0 0.0007126833197713517 0.12705585074725267 60.55013080224331 -194.0152553330616 2680.1106586913206 2680.1106586913206 -1467.1608033210905 -1404.2412629047012 -1748.8678610989587
195.8455017146587 29.429431767119567 39628470451439283 6 112-114-115-117-119-454 0.9676070330550794 1.0 4 1.5597305891129647 1.0 [-1,-1] 1.0 1.0 1.0 0.00041974738576830407 0.19815580287489248 60.57056823288043 -195.8455017146587 3314.3586683309723 3314.3586683309723 -1234.0537319078992 2237.3932176219705 -2110.961003629401
195.86258761324393 29.431251059557717 39628470451439638 5 112-114-115-117-454 0.96887572756184 1.0 4 1.5704075590352784 1.0 [-1,-1] 1.0 1.0 1.0 0.00041974738576830407 0.19815580287489248 60.56874894044228 -195.86258761324393 3317.5711936896837 3317.5711936896837 -1195.005699990565 2256.938227356379 -2117.656686077113
194.01007234690593 29.598170721112368 39628470422083643 5 112-114-115-117-454 0.7928889605430762 1.0 4 1.54093056346229 1.0 [-1,-1] 1.0 1.0 1.0 0.0007229154976227362 0.12548315978664992 60.40182927888763 -194.01007234690593 2847.914980488262 2847.914980488262 -1336.854557885542 -1292.8657855155914 -2156.8351090876795
195.86290698170313 29.429185765828212 39628470451439648 5 112-114-115-117-454 0.9433760864202596 1.0 4 1.5689687859736472 1.0 [-1,-1] 1.0 1.0 1.0 0.0004445766401596716 0.18918261239264766 60.57081423417179 -195.86290698170313 3252.5372286903557 3252.5372286903557 -1172.8761435749825 2216.855138963226 -2070.9691616974287
193.39171170388133 28.805909668014717 39628454563414182 4 112-114-115-118 0.8254653613044487 1.0 4 1.3386168814509019 1.0 [-1,-1] 1.0 1.0 1.0 0.0006627118749498285 0.13533979738261318 61.19409033198528 -193.39171170388133 2938.6317777487257 2938.6317777487257 -535.7755332182035 -2882.6780950260695 -196.64257844183555
194.82630312465892 29.772054461013123 39628475694320293 5 112-114-115-118-454 0.5937833931650515 1.0 4 1.573470564688055 1.0 [-1,-1] 1.0 1.0 1.0 0.0007756247847600315 0.11796159141779075 60.22794553898687 -194.82630312465892 2252.7317713464213 2252.7317713464213 -1152.4300785843798 54.84932289291879 -1934.8635350809043
195.94104870066852 29.06654493200505 39628459894379030 4 112-114-115-454 0.7791357617949464 0.75 4 1.3578255526165988 1.0 [-1,-1] 1.0 1.0 1.0 0.0007324854237337303 0.12404708914385561 60.93345506799495 -195.94104870066852 2809.0766063640826 2809.0766063640826 -1056.4943770128698 2440.844520687196 -903.8855223939759
194.4097380995124 29.82589635498324 39628475690123956 4 112-114-115-454 0.8440533057145944 0.75 4 1.6528977277457633 1.0 [-1,-1] 1.0 1.0 1.0 0.0006232532477076302 0.14268566385842998 60.17410364501676 -194.4097380995124 2989.6016160322115 2989.6016160322115 -1297.102401904281 -501.61615829452967 -2646.436171777886
194.39985103945932 29.839278562642225 39628475690123743 4 112-114-115-454 0.7417604682715251 0.75 4 1.6676251155843445 0.5 [-50549773384198889,-6164185751281014866] 0.625 1.0 1.5925925925925926 0.0007126833197713517 0.12705585074725267 60.16072143735778 -194.39985103945932 2701.8815582725783 2701.8815582725783 -1137.889124794759 -453.02807901681587 -2408.3475360150173
194.41531098264505 28.283276732417427 39628443943441275 6 112-114-116-117-118-119 0.8871320228108885 1.0 4 0.30638214780757084 1.0 [-1,-1] 1.0 1.0 1.0 0.0005690156306133545 0.15418916366201427 61.71672326758257 -194.41531098264505 3105.5622560989627 3105.5622560989627 -2606.542608302544 -991.340982354209 1366.6366065325644
194.4185481334687 28.28297216847445 39628443943441339 7 112-114-116-117-118-119-454 0.5090134226586389 1.0 4 0.3035557175801945 1.0 [-1,-1] 1.0 1.0 1.0 0.0005337442823398631 0.16272042362546515 61.71702783152555 -194.4185481334687 1976.618318445928 1976.618318445928 -1660.7897296867538 -625.4983889614999 870.3730326644862
194.74869362215486 29.769091571950337 39628475694319034 3 112-114-117 0.5709607719044532 1.0 4 1.5690919880291434 1.0 [-1,-1] 1.0 1.0 1.0 0.0006621615122706149 0.13543705131792066 60.23090842804966 -194.74869362215486 2179.7864506268365 2179.7864506268365 -1121.4114267046214 -33.709570933105354 -1868.8951407770724
195.65301641476304 27.16043920472524 39628422548295180 5 112-114-117-118-119 0.8412815257753575 1.0 4 1.3115348361222519 1.0 [-1,-1] 1.0 1.0 1.0 0.0006232532477076302 0.14268566385842998 62.839560795274764 -195.65301641476304 2982.0372670001293 2982.0372670001293 14.745827643619098 -17.630864899224367 2981.948687510838
194.33163085010983 28.304151675467924 39628443943439492 6 112-114-117-118-119-454 0.7249709743091196 1.0 4 0.38296471646825875 1.0 [-1,-1] 1.0 1.0 1.0 0.0006167714992318164 0.14396928707710532 61.69584832453208 -194.33163085010983 2652.9311173158203 2652.9311173158203 -2169.5745236109947 -1040.3113802524238 1117.4713114160877
194.8916187714898 29.772305361413423 39628475694321233 5 112-114-117-118-454 0.5944305592136505 1.0 4 1.5771773342700375 1.0 [-1,-1] 1.0 1.0 1.0 0.0007756247847600315 0.11796159141779075 60.22769463858658 -194.8916187714898 2254.7855030496703 2254.7855030496703 -1146.955048618683 130.01431249433693 -1936.9171535607027
194.6419186627086 29.791905735650428 39628475690128294 5 112-114-117-118-454 0.8538915014936179 1.0 4 1.5947098166454625 1.0 [-1,-1] 1.0 1.0 1.0 0.0006812235016579503 0.1321480675826358 60.20809426434957 -194.6419186627086 3016.349091344667 3016.349091344667 -1479.1357014985065 -203.65650919029457 -2620.886003563059
194.65018818390598 29.792347037917846 39628475690128452 5 112-114-117-118-454 0.530160224628028 1.0 4 1.5947380797792803 0.5 [-1,-1] 1.0 1.0 1.0 0.0007045118177349687 0.128340413101622 60.20765296208215 -194.65018818390598 2046.832821182426 2046.832821182426 -1004.041268280009 -129.79166906210273 -1778.9266011003247
195.79860987994053 29.4686175570639 39628470451438267 5 112-114-117-119-454 0.9661537955052962 1.0 4 1.5662526407917627 1.0 [-1,-1] 1.0 1.0 1.0 0.00041974738576830407 0.19815580287489248 60.5313824429361 -195.79860987994053 3310.6758921261094 3310.6758921261094 -1291.8193719715177 2102.615546179988 -2206.9855998321223
194.6976588865913 29.877612651697653 39628480941392018 3 112-114-454 0.8997676492639753 1.0 4 1.6782365817444194 1.0 [-1,-1] 1.0 1.0 1.0 0.0005275616701708153 0.16431404058018498 60.12238734830235 -194.6976588865913 3139.0116956077495 3139.0116956077495 -1310.308638396346 -106.48067752852022 -2850.464446826029
194.10969223714366 29.710160546245824 39628475685929425 3 112-114-454 0.49430201600150625 1.0 4 1.6107298309256086 1.0 [-1,-1] 1.0 1.0 1.0 0.0005337442823398631 0.16272042362546515 60.289839453754176 -194.10969223714366 1927.2391324110213 1927.2391324110213 -853.070306321773 -674.5335833523725 -1591.077047442477
192.88125347818817 28.339785357923017 39628443922467450 2 112-115 0.7034569991244953 0.7777777777777778 4 1.6517626841874034 1.0 [-1,-1] 1.0 1.0 1.0 0.0005843703162771602 0.15074849413407446 61.66021464207698 -192.88125347818817 2589.4717962048444 2589.4717962048444 765.6726333751201 -2259.7147896901033 1006.3789897928941
193.24482734244367 29.250232352798704 39628465141450065 2 112-115 0.8503181787336852 0.7777777777777778 4 1.686746049711651 1.0 [-1,-1] 1.0 1.0 1.0 0.0006812235016579503 0.1321480675826358 60.749767647201296 -193.24482734244367 3006.6524455662375 3006.6524455662375 -96.68055549072896 -2620.362167153778 -1471.1607361429265
192.93105358269082 28.02711981795765 39628438587314675 2 112-115 0.420537911743492 0.7777777777777778 4 1.6136104172852168 0.5 [3136133020785121739,6757426830972807595] 0.546875 1.0 1.8169014084507042 0.0006262316776515472 0.14210347001521706 61.972880182042346 -192.93105358269082 1672.9489961943625 1672.9489961943625 346.2804053459866 -1218.4599354250179 1092.7962346682962
192.9766600817297 28.04051152276949 39628438587315651 2 112-115 0.7370131756241934 0.7777777777777778 4 1.5721114524123736 1.0 [-2477924080022612051,-2649548151566929417] 0.625 1.0 1.5925925925925926 0.0007126833197713517 0.12705585074725267 61.95948847723051 -192.9766600817297 2688.0912115022993 2688.0912115022993 471.9140918833495 -2003.860175072593 1728.4894706060118
194.21287897478348 29.80698276203011 39628475685931521 2 112-115 0.9958560241152626 0.7777777777777778 4 1.6742283561400566 1.0 [-1,-1] 1.0 1.0 1.0 0.0002622817504223413 0.28340640119267335 60.19301723796989 -194.21287897478348 3385.323265897724 3385.323265897724 -1376.9318141313447 -874.559456620524 -2966.4150334531764
194.199049822288 29.812100985428295 39628475685931215 2 112-115 0.8887796765176157 0.7777777777777778 4 1.6825614546470262 0.3333333333333333 [-36591751565385857,-576469617117036609] 0.859375 1.0 1.162162162162162 0.0005690156306133545 0.15418916366201427 60.187899014571705 -194.199049822288 3109.9383130514348 3109.9383130514348 -1242.0063113444835 -813.181509361342 -2732.740834107487
194.2010847309255 29.815971033535536 39628475685931257 2 112-115 0.7559874120530543 0.7777777777777778 4 1.6857595967112948 1.0 [8828105509406240975,7907274856884338012] 0.6328125 1.0 1.5731707317073171 0.0006416626200019751 0.139161677870846 60.18402896646447 -194.2010847309255 2742.9720556285197 2742.9720556285197 -1089.0867858533838 -709.8981657680079 -2415.3323301520454
195.35009559000108 28.451978500828094 39628449282785570 7 112-115-116-117-118-119-454 0.7480369522088407 1.0 4 0.5852613129774543 1.0 [-1,-1] 1.0 1.0 1.0 0.0007126833197713517 0.12705585074725267 61.54802149917191 -195.35009559000108 2720.053136237035 2720.053136237035 -2194.4666513583493 1410.770702044266 769.890385887842
192.96244467425913 28.394627650119666 39628449245040114 4 112-115-116-118 0.7035022970905118 1.0 4 1.5859138759706368 1.0 [-1,-1] 1.0 1.0 1.0 0.0005843703162771602 0.15074849413407446 61.605372349880334 -192.96244467425913 2589.6062847330945 2589.6062847330945 592.4492894925772 -2364.522048600792 874.12815478601
192.95470429881007 28.408850965571844 39628449245039968 4 112-115-116-118 1.0676725913249299 1.0 4 1.594373430879672 1.0 [-1,-1] 1.0 1.0 1.0 0.0001568149373683449 0.39812733398474315 61.591149034428156 -192.95470429881007 3560.528488776988 3560.528488776988 843.9141527208308 -3260.871391030789 1154.0752979710444
192.98420830607063 28.459651417753882 39628449245040467 5 112-115-116-118-454 0.5675570377702848 1.0 4 1.5758260562066577 0.5 [-1,-1] 1.0 1.0 1.0 0.000677088223595666 0.13284793461577618 61.54034858224612 -192.98420830607063 2168.8204760179538 2168.8204760179538 462.56661929180297 -2032.8163802090194 597.8895753110229
193.0535727301386 28.001280490709537 39628438591505640 5 112-115-116-118-454 0.7920306027693236 1.0 4 1.5095784090336082 1.0 [-1,-1] 1.0 1.0 1.0 0.0007229154976227362 0.12548315978664992 61.99871950929047 -193.0535727301386 2845.500460467646 2845.500460467646 323.7928346238846 -2080.748714484953 1913.7700640194555
193.03618283742782 28.00305483792507 39628438591505244 5 112-115-116-118-454 0.5923786181296132 1.0 4 1.524543265696409 1.0 [-1,-1] 1.0 1.0 1.0 0.0007756247847600315 0.11796159141779075 61.99694516207493 -193.03618283742782 2248.2710414625644 2248.2710414625644 284.8409078869082 -1641.973287082819 1509.1428221277695
193.04442480621657 28.0030042276245 39628438591505450 5 112-115-116-118-454 0.42718362462993575 1.0 4 1.517341223478714 1.0 [-1,-1] 1.0 1.0 1.0 0.0006262316776515472 0.14210347001521706 61.9969957723755 -193.04442480621657 1696.3223555978236 1696.3223555978236 204.68540485401536 -1240.5425451954811 1138.713138898737
195.80231975145085 29.430178799457313 39628470451438361 6 112-115-117-118-119-454 0.7063602916903755 1.0 4 1.5373338173166633 1.0 [-1,-1] 1.0 1.0 1.0 0.0005843703162771602 0.15074849413407446 60.56982120054269 -195.80231975145085 2598.084111087837 2598.084111087837 -1041.5257361842173 1709.4138709979823 -1656.2516133705935
194.89357844791382 29.72898502233765 39628475694321260 5 112-115-117-118-454 0.7214492583433161 1.0 4 1.5341361402326237 1.0 [-1,-1] 1.0 1.0 1.0 0.0006167714992318164 0.14396928707710532 60.27101497766235 -194.89357844791382 2642.5999134178855 2642.5999134178855 -1440.3263702771767 166.12921290821532 -2209.3427380329395
196.13835640001386 29.16083071458275 39628465183393574 4 112-115-117-119 0.7366164725023042 1.0 4 1.5513490941981012 1.0 [-1,-1] 1.0 1.0 1.0 0.0007126833197713517 0.12705585074725267 60.83916928541725 -196.13835640001386 2686.9370333124875 2686.9370333124875 -513.8454681778359 2396.8795247997286 -1100.2554246242278
192.89969019080965 28.49481452008912 39628449245039023 3 112-115-118 0.9312075479532514 0.8666666666666667 4 1.6548822779109753 0.3333333333333333 [-2539421133537173813,-1461430651434636390] 0.578125 1.0 1.72 0.0004445766401596716 0.18918261239264766 61.50518547991088 -192.89969019080965 3221.1545933931143 3221.1545933931143 948.3172788668523 -2978.3101373123804 778.5884529855554
192.97330370613795 28.03425863992638 39628438587315570 3 112-115-118 0.9310003940697841 0.8666666666666667 4 1.575747124279006 0.5 [-5189414563565110665,-6413830443233517975] 0.6796875 1.0 1.4659090909090908 0.0004445766401596716 0.18918261239264766 61.96574136007362 -192.97330370613795 3220.6183782570342 3220.6183782570342 570.4362059029353 -2386.284650112326 2086.2959622259564
192.90668500400005 28.50848447600892 39628449245039136 3 112-115-118 0.42422769935959875 0.8666666666666667 4 1.6512213751864764 1.0 [-6958637572411425776,-229321398295264950] 0.5703125 1.0 1.7432432432432432 0.0006262316776515472 0.14210347001521706 61.49151552399108 -192.90668500400005 1685.9376310286452 1685.9376310286452 487.0366865110271 -1567.4412455985328 385.1089499185398
193.11593318116448 28.903917503717583 39628459852436389 3 112-115-118 0.7109180353805055 0.8666666666666667 4 1.5986290386798558 1.0 [-1,-1] 1.0 1.0 1.0 0.0006167714992318164 0.14396928707710532 61.09608249628242 -193.11593318116448 2611.5735441107186 2611.5735441107186 236.7069171148146 -2565.2171400621573 -428.8907040498167
193.26754215046128 29.252950326215608 39628465141450471 3 112-115-118 0.8284281658385291 0.8666666666666667 4 1.6729017557909993 1.0 [-1,-1] 1.0 1.0 1.0 0.0006627118749498285 0.13533979738261318 60.74704967378439 -193.26754215046128 2946.794322525026 2946.794322525026 -152.8283960710162 -2561.4583518372588 -1448.8517427339625
192.92511671916236 28.49723822782295 39628449245039470 3 112-115-118 0.6555873853406372 0.8666666666666667 4 1.6332895497420283 1.0 [-1,-1] 1.0 1.0 1.0 0.000700708733790897 0.12894715825466588 61.50276177217705 -192.92511671916236 2445.255480468489 2445.255480468489 662.574657492829 -2279.8468896678055 585.2925317151027
193.06476730137618 28.41660654782106 39628449249230937 3 112-115-118 0.7979009970347093 0.8666666666666667 4 1.499407879450163 1.0 [-1,-1] 1.0 1.0 1.0 0.0007229154976227362 0.12548315978664992 61.58339345217894 -193.06476730137618 2861.9886153173034 2861.9886153173034 387.3507309657519 -2686.811756018158 906.6315862293644
193.5741309982775 29.471842652592446 39628470417885197 3 112-115-118 0.8244753438143867 0.8666666666666667 4 1.6366211801708208 1.0 [-1,-1] 1.0 1.0 1.0 0.0006627118749498285 0.13533979738261318 60.52815734740756 -193.5741309982775 2935.9010237635157 2935.9010237635157 -781.2996232801639 -2037.40305347243 -1964.1981869707424
193.0975203569651 28.877929569153107 39628459852436028 3 112-115-118 0.709478271120402 0.8666666666666667 4 1.602159482592379 1.0 [-1,-1] 1.0 1.0 1.0 0.0005843703162771602 0.15074849413407446 61.12207043084689 -193.0975203569651 2607.3163514478747 2607.3163514478747 284.56470826279235 -2566.445925549556 -361.21571749974106
