data_rosette/LRG_0_clustering_data.ecsv
# %ECSV 1.0
# ---
# datatype:
# - {name: RA, unit: deg, datatype: float64}
# - {name: DEC, unit: deg, datatype: float64}
# - {name: TARGETID, datatype: int64}
# - {name: NTILE, datatype: int64}
# - {name: TILES, datatype: string}
# - {name: Z, datatype: float64}
# - {name: COMP_TILE, datatype: float64}
# - {name: ROSETTE_NUMBER, datatype: int32}
# - {name: ROSETTE_R, unit: deg, datatype: float64}
# - {name: FRACZ_TILELOCID, datatype: float64}
# - {name: BITWEIGHTS, datatype: string, subtype: 'int64[2]'}
# - {name: PROB_OBS, datatype: float64}
# - {name: WEIGHT_ZFAIL, datatype: float64}
# - {name: WEIGHT, datatype: float64}
# - {name: NZ, unit: h3 / Mpc3, datatype: float64}
# - {name: WEIGHT_FKP, datatype: float64}
# - {name: theta, unit: deg, datatype: float64}
# - {name: phi, unit: deg, datatype: float64}
# - {name: rho, unit: Mpc, datatype: float64}
# - {name: r, unit: Mpc, datatype: float64}
# - {name: x, unit: Mpc, datatype: float64}
# - {name: y, unit: Mpc, datatype: float64}
# - {name: z, unit: Mpc, datatype: float64}
# meta: !!omap
# - {EXTNAME: LSS}
# - {DESIDR: edr}
# - comments: ['Visit https://desidatamodel.readthedocs.io/en/latest/ for a more complet', e description]
# schema: astropy-2.0
RA DEC TARGETID NTILE TILES Z COMP_TILE ROSETTE_NUMBER ROSETTE_R FRACZ_TILELOCID BITWEIGHTS PROB_OBS WEIGHT_ZFAIL WEIGHT NZ WEIGHT_FKP theta phi rho r x y z
[from data line 481]
150.39770187522046 2.770040818835769 39627853687426505 11 1-2-3-4-5-6-7-8-9-10-442 0.8208883074466004 1.0 0 0.658978165126823 1.0 [-1,-1] 1.0 1.0 1.0 0.0006627118749498285 0.13533979738261318 87.22995918116423 209.60229812477954 2925.993284038552 2925.993284038552 1242.9927610645898 -1517.1779691192796 2171.3076023905123
151.36889856784086 2.0602180099013596 39627835584809175 11 1-2-3-4-5-6-7-8-9-10-442 0.9486550344793574 1.0 0 1.2738634476153552 1.0 [-1,-1] 1.0 1.0 1.0 0.0004445766401596716 0.18918261239264766 87.93978199009864 208.63110143215914 3266.0813137828422 3266.0813137828422 -22.767614692337126 -77.76639003868439 3265.075982659979
149.55245641374404 2.374365668161752 39627841595245641 11 1-2-3-4-5-6-7-8-9-10-442 0.76441452285166 1.0 0 0.5799435340256619 1.0 [-1,-1] 1.0 1.0 1.0 0.0006416626200019751 0.139161677870846 87.62563433183824 210.44754358625596 2767.144688876254 2767.144688876254 919.3878219393289 -36.02551339967987 2609.696902789672
150.4492279331544 1.01691965009846 39627811408842722 11 1-2-3-4-5-6-7-8-9-10-442 0.877714838513287 1.0 0 1.2162537332113177 1.0 [-1,-1] 1.0 1.0 1.0 0.0005690156306133545 0.15418916366201427 88.98308034990154 209.5507720668456 3080.4679008732064 3080.4679008732064 -1555.2826268594474 2111.4751547206647 1616.1841200484241
150.19855804306462 3.1430295802130246 39627865758635367 11 1-2-3-4-5-6-7-8-9-10-442 0.6637735254098451 1.0 0 0.9660591867244224 1.0 [-1,-1] 1.0 1.0 1.0 0.000700708733790897 0.12894715825466588 86.85697041978698 209.80144195693538 2470.2166730494755 2470.2166730494755 1711.0584411007114 -1398.6329245889544 1103.6645166015674
148.78321554553696 2.3027636821775075 39627841582662278 11 1-2-3-4-5-6-7-8-9-10-442 0.6116931658731484 1.0 0 1.3213061391622916 1.0 [-1,-1] 1.0 1.0 1.0 0.0007214233604467519 0.12571007283523317 87.69723631782249 211.21678445446304 2309.2695236517584 2309.2695236517584 454.57925159394773 406.8737052771185 2227.226352403629
149.56131781942213 3.0896302582416886 39627859714639018 11 1-2-3-4-5-6-7-8-9-10-442 0.8800300777250823 1.0 0 1.0551546791270605 1.0 [-1,-1] 1.0 1.0 1.0 0.0005690156306133545 0.15418916366201427 86.91036974175832 210.43868218057787 3086.650530744704 3086.650530744704 2680.8020896255603 -128.84623023800245 1524.503297523245
150.15513943891824 1.4867408100620219 39627823484242981 11 1-2-3-4-5-6-7-8-9-10-442 0.9716543302589276 1.0 0 0.6974399946924398 1.0 [-1,-1] 1.0 1.0 1.0 0.0003578035202613049 0.22475091060875194 88.51325918993798 209.84486056108176 3324.5986298232747 3324.5986298232747 -1388.8704110870408 1038.0681513253558 2836.6193864940124
150.30667101524065 1.6128699002279758 39627823488435488 11 1-2-3-4-5-6-7-8-9-10-442 0.7241696524174353 1.0 0 0.605454210314117 1.0 [-1,-1] 1.0 1.0 1.0 0.0006167714992318164 0.14396928707710532 88.38713009977202 209.69332898475935 2650.5823253790313 2650.5823253790313 -762.4218934583986 774.6892885088098 2417.468929739685
150.6524530647785 2.757856765196935 39627853691620632 11 1-2-3-4-5-6-7-8-9-10-442 0.8581786907470103 1.0 0 0.7976502991060592 1.0 [-1,-1] 1.0 1.0 1.0 0.0006812235016579503 0.1321480675826358 87.24214323480307 209.3475469352215 3027.955473005181 3027.955473005181 837.6177801474762 -1818.528409942183 2271.5336720189725
149.01431792730466 2.640363193819521 39627853666451790 11 1-2-3-4-5-6-7-8-9-10-442 0.4264413876698198 1.0 0 1.1775864185129004 1.0 [-1,-1] 1.0 1.0 1.0 0.0006262316776515472 0.14210347001521706 87.35963680618048 210.98568207269534 1693.716458399973 1693.716458399973 845.815594888198 460.94530519693535 1393.1262852002237
149.203018043077 1.918602676615737 39627835547062998 11 1-2-3-4-5-6-7-8-9-10-442 0.7903595635524799 1.0 0 0.9343037480925681 1.0 [-1,-1] 1.0 1.0 1.0 0.0007229154976227362 0.12548315978664992 88.08139732338427 210.796981956923 2840.796309837546 2840.796309837546 -315.25149390660886 -101.07903295498069 2821.4399158360884
150.1478586900265 3.103983248366994 39627859723030368 11 1-2-3-4-5-6-7-8-9-10-442 0.9828105274981247 1.0 0 0.9232218825935203 1.0 [-1,-1] 1.0 1.0 1.0 0.0003578035202613049 0.22475091060875194 86.896016751633 209.8521413099735 3352.698328416702 3352.698328416702 2366.616411829362 -1742.1425506711469 1613.8934827828934
150.46745136851695 1.9907487069442356 39627835568035006 11 1-2-3-4-5-6-7-8-9-10-442 0.7028187037033811 1.0 0 0.4140271521466428 1.0 [-1,-1] 1.0 1.0 1.0 0.0005843703162771602 0.15074849413407446 88.00925129305577 209.53254863148305 2587.5763189913573 2587.5763189913573 -66.80172492182432 94.24032355441568 2584.996614614551
149.89478455056388 2.109378778370059 39627835559643951 11 1-2-3-4-5-6-7-8-9-10-442 0.6662459882785381 1.0 0 0.21755041336042155 1.0 [-1,-1] 1.0 1.0 1.0 0.000700708733790897 0.12894715825466588 87.89062122162994 210.10521544943612 2477.7312747486094 2477.7312747486094 169.95393670911218 -68.17603084836492 2470.9552723758898
150.54677653628306 1.196250202126693 39627817452831917 11 1-2-3-4-5-6-7-8-9-10-442 0.4597759107105511 1.0 0 1.0821892490009468 1.0 [-1,-1] 1.0 1.0 1.0 0.0005635091211985168 0.1554616369400361 88.80374979787331 209.45322346371694 1809.6165867794518 1809.6165867794518 -689.1762215700371 1156.759729387771 1208.9893528218067
149.55548199334874 2.8528582679980885 39627853674841103 11 1-2-3-4-5-6-7-8-9-10-442 0.8818780736959946 1.0 0 0.8636985854945682 1.0 [-1,-1] 1.0 1.0 1.0 0.0005690156306133545 0.15418916366201427 87.14714173200191 210.44451800665126 3091.5792856021 3091.5792856021 2253.0084405778234 -95.11037730668706 2114.8923050542444
150.1056402311771 1.3219424615502857 39627817444444575 11 1-2-3-4-5-6-7-8-9-10-442 0.9078432058634615 1.0 0 0.860076014849121 1.0 [-1,-1] 1.0 1.0 1.0 0.0005275616701708153 0.16431404058018498 88.67805753844972 209.8943597688229 3160.2577597703357 3160.2577597703357 -1715.886823086401 1154.726040775515 2389.4705039614914
149.55017347475038 2.0029061886366417 39627835555447946 11 1-2-3-4-5-6-7-8-9-10-442 0.8801863624518514 1.0 0 0.5779104889231644 1.0 [-1,-1] 1.0 1.0 1.0 0.0005690156306133545 0.15418916366201427 87.99709381136336 210.44982652524962 3087.0675658271557 3087.0675658271557 -100.24231052477928 3.698740440592633 3085.43740083668
149.7672867333894 2.1175631646947415 39627835559641483 11 1-2-3-4-5-6-7-8-9-10-442 0.6663490806188894 1.0 0 0.33866568000743386 1.0 [-1,-1] 1.0 1.0 1.0 0.000700708733790897 0.12894715825466588 87.88243683530526 210.2327132666106 2478.0443595291144 2478.0443595291144 196.83634448645347 -51.098961687741195 2469.685849940778
149.76110233327378 2.4606863471405584 39627847639236827 11 1-2-3-4-5-6-7-8-9-10-442 0.6700942789271261 1.0 0 0.4385533699420776 1.0 [-1,-1] 1.0 1.0 1.0 0.0007209928471550773 0.12577569469930108 87.53931365285945 210.23889766672622 2489.404968023809 2489.404968023809 995.6948042760993 -251.9213060676046 2267.65619243932
150.5294159737096 3.113282518937966 39627859731415766 11 1-2-3-4-5-6-7-8-9-10-442 0.6082360898213296 1.0 0 1.0253231938561134 1.0 [-1,-1] 1.0 1.0 1.0 0.0007756247847600315 0.11796159141779075 86.88671748106204 209.4705840262904 2298.404147058852 2298.404147058852 1066.3864463107 -1721.2199152632422 1087.6045115957188
149.86237446397087 0.9598242719234056 39627811400452856 11 1-2-3-4-5-6-7-8-9-10-442 0.896922178595944 1.0 0 1.2450441057175776 1.0 [-1,-1] 1.0 1.0 1.0 0.0005275616701708153 0.16431404058018498 89.04017572807659 210.13762553602913 3131.5010866335815 3131.5010866335815 -2589.1226555820854 942.4116784553985 1488.154279048295
149.10790379319042 1.6441555842530804 39627829507262772 11 1-2-3-4-5-6-7-8-9-10-442 0.670349353728926 1.0 0 1.1280192064642869 1.0 [-1,-1] 1.0 1.0 1.0 0.0007209928471550773 0.12577569469930108 88.35584441574692 210.89209620680958 2490.177764759398 2490.177764759398 -872.648252368359 -374.5052017323991 2302.0026458750945
150.63473922967387 2.165639246411017 39627841612025117 11 1-2-3-4-5-6-7-8-9-10-442 0.8105018054874715 1.0 0 0.5346048078893317 1.0 [-1,-1] 1.0 1.0 1.0 0.0006627118749498285 0.13533979738261318 87.83436075358898 209.36526077032613 2897.1835994022117 2897.1835994022117 163.4330472116399 -338.89497496389083 2872.6490637856373
150.71857866411787 1.1725201679332744 39627817452835503 11 1-2-3-4-5-6-7-8-9-10-442 0.863754326832992 1.0 0 1.1837868757540244 1.0 [-1,-1] 1.0 1.0 1.0 0.0006812235016579503 0.1321480675826358 88.82747983206673 209.28142133588213 3043.005356675006 3043.005356675006 -826.3100049745362 2159.121981083275 1978.708075294281
149.99925898875125 1.124051817714374 39627811400455852 11 1-2-3-4-5-6-7-8-9-10-442 0.44520451523997273 1.0 0 1.0627296804887594 1.0 [-1,-1] 1.0 1.0 1.0 0.0005288673958748294 0.16397488484989944 88.87594818228563 210.00074101124875 1759.2380323442565 1759.2380323442565 -1229.4120173061954 649.3982405285174 1077.8434354525093
149.41198913401195 2.3874574053814626 39627847630851672 11 1-2-3-4-5-6-7-8-9-10-442 0.9105212301020463 1.0 0 0.7175088088705796 1.0 [-1,-1] 1.0 1.0 1.0 0.0004951280553168204 0.17321314004730964 87.61254259461853 210.58801086598805 3167.2808358055945 3167.2808358055945 1086.5564856819262 110.44959519134068 2973.0226677921573
149.61761976418757 2.115759384264554 39627835555449515 11 1-2-3-4-5-6-7-8-9-10-442 0.9733296887144036 1.0 0 0.48657098926265835 1.0 [-1,-1] 1.0 1.0 1.0 0.0003578035202613049 0.22475091060875194 87.88424061573545 210.38238023581243 3328.830254095986 3328.830254095986 265.7432312023615 -27.825367466133745 3318.0893816442394
149.4121951102386 2.4063953213575715 39627847630851676 11 1-2-3-4-5-6-7-8-9-10-442 0.8360992166084132 1.0 0 0.7229592874574667 1.0 [-1,-1] 1.0 1.0 1.0 0.0006232532477076302 0.14268566385842998 87.59360467864244 210.5878048897614 2967.8605627632624 2967.8605627632624 1070.4681351089373 108.59143300242651 2765.9541197207777
149.42696209442744 2.3798181031481476 39627847630852029 11 1-2-3-4-5-6-7-8-9-10-442 0.481352915650158 1.0 0 0.7009950551239105 1.0 [-1,-1] 1.0 1.0 1.0 0.00048380039118235755 0.17655271186088778 87.62018189685185 210.57303790557256 1883.4108594694728 1883.4108594694728 633.5534547965897 54.83102689026294 1772.8056983135527
149.43322485465296 2.3876861332911696 39627847630852163 11 1-2-3-4-5-6-7-8-9-10-442 0.9450636916620773 1.0 0 0.6972723689008806 1.0 [-1,-1] 1.0 1.0 1.0 0.0004445766401596716 0.18918261239264766 87.61231386670883 210.56677514534704 3256.8716923563375 3256.8716923563375 1120.1479216034463 89.87942902628178 3056.8617146409197
149.8691248907291 0.9697452968165704 39627811400453035 11 1-2-3-4-5-6-7-8-9-10-442 0.8995067241805106 1.0 0 1.234026935386368 1.0 [-1,-1] 1.0 1.0 1.0 0.0005275616701708153 0.16431404058018498 89.03025470318343 210.1308751092709 3138.323516117858 3138.323516117858 -2574.33237145028 956.7571509906511 1518.7175797855862
149.61354934417164 2.1236626367729503 39627835555449418 11 1-2-3-4-5-6-7-8-9-10-442 0.9569167794069414 1.0 0 0.4895952836448196 1.0 [-1,-1] 1.0 1.0 1.0 0.00041974738576830407 0.19815580287489248 87.87633736322705 210.38645065582836 3287.193445533761 3287.193445533761 288.28619131971783 -28.99997703989778 3274.3993069853555
150.52843010061733 2.123954139278401 39627835572224782 11 1-2-3-4-5-6-7-8-9-10-442 0.6666550223290694 1.0 0 0.4320446769071349 1.0 [-1,-1] 1.0 1.0 1.0 0.000700708733790897 0.12894715825466588 87.8760458607216 209.47156989938267 2478.9733690367257 2478.9733690367257 115.6404704801487 -186.2411816364648 2469.261117873741
149.60459005661826 2.099165456748999 39627835555449215 10 1-2-3-4-5-6-7-8-9-11 0.9583681605052113 1.0 0 0.5019463305935814 1.0 [-1,-1] 1.0 1.0 1.0 0.00041974738576830407 0.19815580287489248 87.900834543251 210.39540994338174 3290.891664223744 3290.891664223744 208.811030774997 -19.11714279375961 3284.2046881909496
149.12126664416846 3.043496318798921 39627859706251472 10 1-2-3-4-5-6-7-8-9-11 0.4807826052719591 1.0 0 1.3031063456179723 1.0 [-1,-1] 1.0 1.0 1.0 0.00048380039118235755 0.17655271186088778 86.95650368120108 210.87873335583154 1881.472677151585 1881.472677151585 1470.6508355105746 608.0033934205785 1003.7217883801584
150.32578449950395 3.1479429241292105 39627865762826699 10 1-2-3-4-5-6-7-8-9-11 0.9353914804528567 1.0 0 0.9919238638289788 1.0 [-1,-1] 1.0 1.0 1.0 0.0004445766401596716 0.18918261239264766 86.85205707587079 209.67421550049605 3231.970533487244 3231.970533487244 1993.2788549134455 -2104.3270835850158 1429.7833616234832
150.24519398027007 2.89601900783365 39627859723032692 10 1-2-3-4-5-6-7-8-9-11 0.816378294254021 1.0 0 0.7286033149138395 1.0 [-1,-1] 1.0 1.0 1.0 0.0006627118749498285 0.13533979738261318 87.10398099216636 209.75480601972993 2913.505749061195 2913.505749061195 1643.3929301915286 -1476.33912704629 1899.5257852320226
149.21062676322407 2.6864026677842276 39627853666455501 10 1-2-3-4-5-6-7-8-9-11 0.6991825439448971 1.0 0 1.0217508563351754 1.0 [-1,-1] 1.0 1.0 1.0 0.0005843703162771602 0.15074849413407446 87.31359733221578 210.78937323677593 2576.7643564191885 2576.7643564191885 1490.4912285261942 465.41954862632616 2049.764642576152
150.3154774886931 3.3483454701006856 39627865762826495 10 1-2-3-4-5-6-7-8-9-11 0.6639211935697424 1.0 0 1.1860365224428386 1.0 [-1,-1] 1.0 1.0 1.0 0.000700708733790897 0.12894715825466588 86.65165452989932 209.6845225113069 2470.6658013729584 2470.6658013729584 1660.6712195502205 -1717.3843572276007 630.0409289731939
148.95542102270255 1.5365901902477963 39627823463272646 10 1-2-3-4-5-6-7-8-9-11 0.6855890377047511 1.0 0 1.313477006558698 1.0 [-1,-1] 1.0 1.0 1.0 0.0007209928471550773 0.12577569469930108 88.4634098097522 211.04457897729745 2536.13211616113 2536.13211616113 -1029.3013400888606 -642.271588486352 2227.1039644656075
150.03270711081905 3.5148041173920626 39627871790040489 10 1-2-3-4-5-6-7-8-9-11 0.8637543369819591 1.0 0 1.3344975685975238 1.0 [-1,-1] 1.0 1.0 1.0 0.0006812235016579503 0.1321480675826358 86.48519588260794 209.96729288918095 3043.0053840235323 3043.0053840235323 2630.6366699960595 -1504.1590632125035 277.7372683381396
149.43522300029744 1.1323270264755534 39627817431863262 10 1-2-3-4-5-6-7-8-9-11 0.9051411521937132 1.0 0 1.2423203446158122 1.0 [-1,-1] 1.0 1.0 1.0 0.0005275616701708153 0.16431404058018498 88.86767297352445 210.56477699970256 3153.16029121582 3153.16029121582 -2468.4364357447903 -193.10134474299434 1952.4224070231926
150.01622699884499 2.438610686709796 39627847643431334 10 1-2-3-4-5-6-7-8-9-11 0.6666537375750844 1.0 0 0.2699176619780944 1.0 [-1,-1] 1.0 1.0 1.0 0.000700708733790897 0.12894715825466588 87.5613893132902 209.98377300115501 2478.969468169625 2478.969468169625 852.2252087976811 -468.82552415726366 2280.176406663662
151.35439869872607 1.920126622407487 39627835584808925 10 1-2-3-4-5-6-7-8-9-11 0.9465104406859092 1.0 0 1.2806542708977577 1.0 [-1,-1] 1.0 1.0 1.0 0.0004445766401596716 0.18918261239264766 88.07987337759252 208.64560130127393 3260.5840867603074 3260.5840867603074 100.14843889555088 361.4265607359654 3238.942685231695
150.01207271703757 2.459086341441758 39627847643431247 10 1-2-3-4-5-6-7-8-9-11 0.7466378460956516 1.0 0 0.29068085197191074 1.0 [-1,-1] 1.0 1.0 1.0 0.0007126833197713517 0.12705585074725267 87.54091365855824 209.98792728296243 2716.008459092674 2716.008459092674 980.5617985269007 -534.13171867312 2475.8642564244005
149.99626781888176 3.655864803259164 39627877821449114 10 1-2-3-4-5-6-7-8-9-11 0.5423861404215478 1.0 0 1.4775010402814754 1.0 [-1,-1] 1.0 1.0 1.0 0.0007045118177349687 0.128340413101622 86.34413519674084 210.00373218111824 2087.0185033859234 2087.0185033859234 1846.0200604480792 -968.0507581900778 -103.60453400360502
149.9905077801712 3.663262640727769 39627877821448966 10 1-2-3-4-5-6-7-8-9-11 0.5358028384349375 1.0 0 1.4852931424357418 1.0 [-1,-1] 1.0 1.0 1.0 0.0007045118177349687 0.128340413101622 86.33673735927223 210.0094922198288 2065.4166960708794 2065.4166960708794 1831.6767712865228 -947.1176533341301 -117.79000246445858
