data_rosette/LRG_4_clustering_data.ecsv
# %ECSV 1.0
# ---
# datatype:
# - {name: RA, unit: deg, datatype: float64}
# - {name: DEC, unit: deg, datatype: float64}
# - {name: TARGETID, datatype: int64}
# - {name: NTILE, datatype: int64}
# - {name: TILES, datatype: string}
# - {name: Z, datatype: float64}
# - {name: COMP_TILE, datatype: float64}
# - {name: ROSETTE_NUMBER, datatype: int32}
# - {name: ROSETTE_R, unit: deg, datatype: float64}
# - {name: FRACZ_TILELOCID, datatype: float64}
# - {name: BITWEIGHTS, datatype: string, subtype: 'int64[2]'}
# - {name: PROB_OBS, datatype: float64}
# - {name: WEIGHT_ZFAIL, datatype: float64}
# - {name: WEIGHT, datatype: float64}
# - {name: NZ, unit: h3 / Mpc3, datatype: float64}
# - {name: WEIGHT_FKP, datatype: float64}
# - {name: distance, unit: Mpc, datatype: float64}
# - {name: x, unit: Mpc, datatype: float64}
# - {name: y, unit: Mpc, datatype: float64}
# - {name: z, unit: Mpc, datatype: float64}
# meta: !!omap
# - {EXTNAME: LSS}
# - {DESIDR: edr}
# - comments: ['Visit https://desidatamodel.readthedocs.io/en/latest/ for a more complet', e description]
# schema: astropy-2.0
RA DEC TARGETID NTILE TILES Z COMP_TILE ROSETTE_NUMBER ROSETTE_R FRACZ_TILELOCID BITWEIGHTS PROB_OBS WEIGHT_ZFAIL WEIGHT NZ WEIGHT_FKP distance x y z
[from data line 868]
195.16025909420586 28.196467347858082 39628443956021809 9 109-110-111-112-113-114-117-118-119 0.6430312610872557 1.0 4 0.3615858170473213 1.0 [-1,-1] 1.0 1.0 1.0 0.000833303205902425 0.11070054926254569 2406.7266616667007 -2047.307436850554 -554.7165510308258 1137.1697459070135
194.21852441722706 29.287558836260626 39628465154035851 9 109-110-111-112-113-114-117-118-119 1.0680250785962706 1.0 4 1.1831800300776931 1.0 [-1,-1] 1.0 1.0 1.0 0.0001568149373683449 0.39812733398474315 3561.370463578806 -3010.9865892554208 -762.9326416280542 1742.1977851305987
196.10172006099094 27.59533486135959 39628427929584888 9 109-110-111-112-113-114-117-118-119 0.5780553160175682 1.0 4 1.3389251846989219 1.0 [-1,-1] 1.0 1.0 1.0 0.0006621615122706149 0.13543705131792066 2202.570476965763 -1875.4332275701995 -541.3769790619141 1020.2832359049174
194.3001318950939 27.166002914410402 39628422527325052 9 109-110-111-112-113-114-117-118-119 0.7518849806853768 1.0 4 1.1080805400747054 1.0 [-1,-1] 1.0 1.0 1.0 0.0006416626200019751 0.139161677870846 2731.15971338207 -2354.5891062960814 -600.1830097924815 1246.9658677243294
194.81389810278327 27.768097345459935 39628433268935222 10 109-110-111-112-113-114-117-118-119-454 0.636575487774303 1.0 4 0.43557305275364794 1.0 [-1,-1] 1.0 1.0 1.0 0.000833303205902425 0.11070054926254569 2386.8019439562377 -2041.741181237294 -539.9811566478487 1111.996771118633
194.85655794199252 27.931297922512478 39628438616673723 10 109-110-111-112-113-114-117-118-119-454 0.819800470745517 1.0 4 0.284678737770733 1.0 [-1,-1] 1.0 1.0 1.0 0.0006627118749498285 0.13533979738261318 2922.984338076734 -2496.1550467744114 -662.1493171287541 1369.1624099902988
194.25913356651589 27.80364824316692 39628433260546389 10 109-110-111-112-113-114-117-118-119-454 0.49302372461181215 1.0 4 0.587307730289923 1.0 [-1,-1] 1.0 1.0 1.0 0.0005337442823398631 0.16272042362546515 1922.9277657938471 -1648.5254322018006 -418.95187828961537 896.9361267795972
193.2538763690892 27.804597239738666 39628433243772272 10 109-110-111-112-113-114-117-118-119-454 0.4126807499620164 1.0 4 1.3788661845776238 1.0 [-1,-1] 1.0 1.0 1.0 0.0006262316776515472 0.14210347001521706 1645.1952357229595 -1416.484516629025 -333.63897723951044 767.413845758816
194.12053917986924 28.993620127290892 39628459869211440 10 109-110-111-112-113-114-117-118-119-454 0.6248114355140664 1.0 4 0.9670936008280322 1.0 [-1,-1] 1.0 1.0 1.0 0.0007214233604467519 0.12571007283523317 2350.291989712538 -1993.6236398776996 -501.5234715767469 1139.2152680179988
194.81360162178763 27.7664772003536 39628433268935216 10 109-110-111-112-113-114-117-118-119-454 0.6398541176738376 1.0 4 0.4371459345661727 1.0 [-1,-1] 1.0 1.0 1.0 0.000833303205902425 0.11070054926254569 2396.9307048077985 -2050.438956573681 -542.2701129939126 1116.6557274151298
194.88868937249654 27.8142681669931 39628433268936495 10 109-110-111-112-113-114-117-118-119-454 0.7569584127673673 1.0 4 0.4047002491266148 1.0 [-1,-1] 1.0 1.0 1.0 0.0006416626200019751 0.139161677870846 2745.7636093185633 -2346.9977592434884 -623.9917269459721 1281.192273262344
196.01491095867163 28.006707005421706 39628438633450571 10 109-110-111-112-113-114-117-118-119-454 0.6763447043352859 1.0 4 1.132390053083388 1.0 [-1,-1] 1.0 1.0 1.0 0.0007209928471550773 0.12577569469930108 2508.307276305926 -2128.6185482456003 -610.9711029827471 1177.8381806318257
194.31322372953676 28.08895637326577 39628438608284488 9 109-110-111-112-113-114-117-118-454 0.6113395913199279 1.0 4 0.40082078377335023 1.0 [-1,-1] 1.0 1.0 1.0 0.0007214233604467519 0.12571007283523317 2308.1593103050295 -1973.089484475754 -503.41920341645226 1086.7779872773178
194.4909544378482 28.70128143192716 39628454576001579 9 109-110-111-112-113-114-117-118-454 0.9702650014153017 1.0 4 0.5505970235288307 1.0 [-1,-1] 1.0 1.0 1.0 0.0003578035202613049 0.22475091060875194 3321.086283643751 -2820.370261646875 -728.9223172196284 1594.9288216355505
194.01276769116686 28.093037907261593 39628438604089884 9 109-110-111-112-113-114-117-118-454 0.6686466444699737 1.0 4 0.6587903542042465 1.0 [-1,-1] 1.0 1.0 1.0 0.000700708733790897 0.12894715825466588 2485.0168146938267 -2127.005103486627 -530.8254051518092 1170.2060708688505
194.37562396396132 28.923848497312825 39628459873405184 9 109-110-111-112-113-114-117-118-454 1.0027513159129067 1.0 4 0.7950302008752999 1.0 [-1,-1] 1.0 1.0 1.0 0.0002622817504223413 0.28340640119267335 3402.466548527238 -2884.8078544082255 -739.3846796463367 1645.5918547731542
195.54683093257145 26.958908059395114 39628417162808746 8 109-110-111-112-113-114-117-119 0.8668890781041856 1.0 4 1.4279751398704628 1.0 [-1,-1] 1.0 1.0 1.0 0.0006812235016579503 0.1321480675826358 3051.4446667951424 -2620.3352713828085 -728.9902682702285 1383.3765968914618
196.12377447368107 28.641553761117553 39628454601165570 9 109-110-111-112-113-114-117-119-454 0.718946493037672 1.0 4 1.2863482209495993 1.0 [-1,-1] 1.0 1.0 1.0 0.0006167714992318164 0.14396928707710532 2635.24442072632 -2221.8085707879172 -642.2909407297414 1263.1477265937888
195.65708419778704 27.46709706039852 39628427921198178 9 109-110-111-112-113-114-117-119-454 0.7303251121790598 1.0 4 1.0865352209415045 1.0 [-1,-1] 1.0 1.0 1.0 0.0007126833197713517 0.12705585074725267 2668.595566377656 -2279.921930873458 -639.0149017067124 1230.8607725528846
196.24153502557763 28.359966322037213 39628443972797567 9 109-110-111-112-113-114-117-119-454 0.4036601278633021 1.0 4 1.3232056441240325 1.0 [-1,-1] 1.0 1.0 1.0 0.0003379611466139912 0.2348475370676925 1613.1714479827413 -1362.9067731838109 -397.03264230029566 766.2717071277469
195.79347889654034 27.777282885372443 39628433281519645 8 109-110-111-112-113-114-118-119 0.7334411168513688 1.0 4 1.0137645708871783 1.0 [-1,-1] 1.0 1.0 1.0 0.0007126833197713517 0.12705585074725267 2677.6885455198 -2279.6903286365196 -644.8071107109394 1247.8989311261023
195.58639493116954 26.91505153361997 39628417162809609 8 109-110-111-112-113-114-118-119 0.45929052756228506 1.0 4 1.4835348491302673 1.0 [-1,-1] 1.0 1.0 1.0 0.0005635091211985168 0.1554616369400361 1807.945523327702 -1552.8234504229092 -433.15865692810894 818.400833983938
194.2928826872797 27.707131217369444 39628433260546954 9 109-110-111-112-113-114-118-119-454 0.5812556175724396 1.0 4 0.6371494723019614 1.0 [-1,-1] 1.0 1.0 1.0 0.0006621615122706149 0.13543705131792066 2212.816073429772 -1898.4444795368297 -483.6562899249322 1028.8537924123818
195.8041469204189 28.111781486375016 39628438629257317 9 109-110-111-112-113-114-118-119-454 0.8677345476296678 1.0 4 0.9335808878931242 1.0 [-1,-1] 1.0 1.0 1.0 0.0006812235016579503 0.1321480675826358 3053.718106565407 -2591.653142541107 -733.566519341157 1438.8913874312814
194.72399802221082 26.84286836296933 39628411752156327 9 109-110-111-112-113-114-118-119-454 0.933853301418804 1.0 4 1.3573275130319122 1.0 [-1,-1] 1.0 1.0 1.0 0.0004445766401596716 0.18918261239264766 3227.9972906078065 -2785.5938926352414 -732.0340453572024 1457.5868172848407
194.72952910685427 26.841704224654922 39628411752156438 9 109-110-111-112-113-114-118-119-454 0.7963350484647355 1.0 4 1.3584170824262083 1.0 [-1,-1] 1.0 1.0 1.0 0.0007229154976227362 0.12548315978664992 2857.596061298116 -2465.9196676025185 -648.2804528881298 1290.282099728874
194.22815200059136 28.61763399910889 39628449266008681 8 109-110-111-112-113-114-118-454 0.7412551870783026 1.0 4 0.620565340978314 1.0 [-1,-1] 1.0 1.0 1.0 0.0007126833197713517 0.12705585074725267 2700.4156630367042 -2297.8045825626477 -582.6354000399305 1293.3966306390198
194.59803406609234 27.486292950482433 39628427904423116 8 109-110-111-112-113-114-118-454 0.4029096356322128 1.0 4 0.726246074660483 1.0 [-1,-1] 1.0 1.0 1.0 0.0003379611466139912 0.2348475370676925 1610.499412424752 -1382.5864697963812 -360.08614253067566 743.3040971996787
193.85016744967365 27.418843435892104 39628427896030344 8 109-110-111-112-113-114-118-454 0.9360239358228166 1.0 4 1.1151908708528984 1.0 [-1,-1] 1.0 1.0 1.0 0.0004445766401596716 0.18918261239264766 3233.603164991922 -2786.897706809198 -687.1156787947682 1489.047562833979
193.90823742287108 29.479456966599006 39628470422081033 9 109-110-111-112-113-115-116-117-118 0.9368108130284577 1.0 4 1.4767077112295302 1.0 [-1,-1] 1.0 1.0 1.0 0.0004445766401596716 0.18918261239264766 3235.633567985382 -2734.1423164130915 -677.0489939297215 1592.2923851139333
193.9193886492326 28.41568274994502 39628449261813905 9 109-110-111-112-113-115-116-117-118 0.9268271755215163 1.0 4 0.7624218353810044 1.0 [-1,-1] 1.0 1.0 1.0 0.0004951280553168204 0.17321314004730964 3209.8019819621313 -2740.180397111011 -679.1102279224924 1527.4323071834076
195.93925840799886 27.682229486739253 39628433285712319 9 109-110-111-112-113-115-116-117-118 0.5796448351368473 1.0 4 1.1712723704886994 1.0 [-1,-1] 1.0 1.0 1.0 0.0006621615122706149 0.13543705131792066 2207.661731080344 -1879.805890804016 -536.8696023863263 1025.6077036609704
195.9431838523089 27.67064124060338 39628433285712398 9 109-110-111-112-113-115-116-117-118 0.6718667075739926 1.0 4 1.1795891529672198 1.0 [-1,-1] 1.0 1.0 1.0 0.0007209928471550773 0.12577569469930108 2494.772391585749 -2124.462046393803 -606.9004413262003 1158.5431168363123
195.94168522938946 27.676719089887268 39628433285712363 9 109-110-111-112-113-115-116-117-118 0.6729501000296361 1.0 4 1.1756620298109295 1.0 [-1,-1] 1.0 1.0 1.0 0.0007209928471550773 0.12577569469930108 2498.0503639939757 -2127.1510113516733 -607.6084271183952 1160.3000453549487
195.25661225468383 27.865899744504084 39628433277321637 9 109-110-111-112-113-115-116-117-118 0.43682533205128 1.0 4 0.558200072396287 1.0 [-1,-1] 1.0 1.0 1.0 0.0005288673958748294 0.16397488484989944 1730.0683998026377 -1475.55383766402 -402.4650989915295 808.6404542467438
195.0804602780575 26.792385517077232 39628411756351968 10 109-110-111-112-113-115-116-117-118-119 0.7255770898167059 1.0 4 1.4378097955424014 1.0 [-1,-1] 1.0 1.0 1.0 0.0006167714992318164 0.14396928707710532 2654.7069711591334 -2288.1032886976263 -616.5405987367578 1196.6328313569397
195.31948036553493 27.47133764526068 39628427917002927 10 109-110-111-112-113-115-116-117-118-119 0.6981369982394281 1.0 4 0.8857431959748368 1.0 [-1,-1] 1.0 1.0 1.0 0.0005843703162771602 0.15074849413407446 2573.6510417822656 -2202.314187328967 -603.2898774935013 1187.23764633302
195.96104485242668 27.672200395262394 39628433285712717 10 109-110-111-112-113-115-116-117-118-119 0.579600027321298 1.0 4 1.193014006416406 1.0 [-1,-1] 1.0 1.0 1.0 0.0006621615122706149 0.13543705131792066 2207.5182783631867 -1879.6520395208984 -537.5987732251522 1025.1988678589662
195.96393062184356 27.68418103823252 39628433285712778 10 109-110-111-112-113-115-116-117-118-119 0.6733497080163151 1.0 4 1.1900059577548399 1.0 [-1,-1] 1.0 1.0 1.0 0.0007209928471550773 0.12577569469930108 2499.2588943287083 -2127.7985497350865 -608.6870270806025 1161.1496267450627
195.2656503085178 28.58302537547592 39628449278594731 10 109-110-111-112-113-115-116-117-118-119 0.5137565310035229 1.0 4 0.5937040415318627 1.0 [-1,-1] 1.0 1.0 1.0 0.0006865842838717192 0.13125169390769817 1992.4453031717624 -1687.8811320447007 -460.6645625390609 953.249039359291
195.30843358515932 27.45657318688889 39628427917002788 10 109-110-111-112-113-115-116-117-118-119 0.727419498044451 1.0 4 0.8925052477494986 1.0 [-1,-1] 1.0 1.0 1.0 0.0006167714992318164 0.14396928707710532 2660.101017095848 -2276.715907439746 -623.1992054854501 1226.5092124592798
193.91061321827684 29.47618578055145 39628470422081098 10 109-110-111-112-113-115-116-117-118-119 0.7181911779808717 1.0 4 1.4728402525167055 1.0 [-1,-1] 1.0 1.0 1.0 0.0006167714992318164 0.14396928707710532 2633.0223914285402 -2224.978878470985 -551.064011587801 1295.6096477160188
194.55375449695265 26.82487365434824 39628411752153462 10 109-110-111-112-113-115-116-117-118-119 0.630805876169679 1.0 4 1.386096676116525 1.0 [-1,-1] 1.0 1.0 1.0 0.000833303205902425 0.11070054926254569 2368.928534665008 -2046.1744876390999 -531.2253031568688 1069.014520841912
194.78605976807313 29.213061186421832 39628465162423765 10 109-110-111-112-113-115-116-117-118-119 0.5660490515157955 1.0 4 1.013554749466006 1.0 [-1,-1] 1.0 1.0 1.0 0.000677088223595666 0.13284793461577618 2163.9548673581744 -1826.1791627971047 -482.02204655970803 1056.136866111202
194.99044765797188 28.70051753770214 39628454584388041 10 109-110-111-112-113-115-116-117-118-119 1.0095519777169597 1.0 4 0.5433332667247857 1.0 [-1,-1] 1.0 1.0 1.0 0.0002622817504223413 0.28340640119267335 3419.3066956981893 -2897.1504569671865 -775.7714572845965 1642.0585114434334
195.35630846394085 28.88303019686456 39628459885990768 10 109-110-111-112-113-115-116-117-118-119 0.9823662492930499 1.0 4 0.8661478810573209 1.0 [-1,-1] 1.0 1.0 1.0 0.0003578035202613049 0.22475091060875194 3351.5828323812457 -2829.896752350662 -777.1622236506701 1618.8918220431576
195.31718690453602 27.468649046819717 39628427917002901 10 109-110-111-112-113-115-116-117-118-119 0.8978819897376034 1.0 4 0.8868112118705467 1.0 [-1,-1] 1.0 1.0 1.0 0.0005275616701708153 0.16431404058018498 3134.0359308761294 -2681.9392956619363 -734.5603423806162 1445.6154169794386
193.8591377119336 27.025565581367264 39628417137642060 10 109-110-111-112-113-115-116-117-118-119 0.44571052587211524 1.0 4 1.4150602381874597 1.0 [-1,-1] 1.0 1.0 1.0 0.0005288673958748294 0.16397488484989944 1760.9948779071608 -1523.0323269848514 -375.7598774197792 800.1749842977084
194.10396049922798 26.960661970931284 39628417141835297 10 109-110-111-112-113-115-116-117-118-119 1.0448533483251754 1.0 4 1.3652232099197563 1.0 [-1,-1] 1.0 1.0 1.0 0.00017111768859933566 0.3774092623312036 3505.6522783517144 -3030.458963446 -761.4213752535544 1589.3878874866716
195.67621505214655 27.051172106934402 39628417162811498 10 109-110-111-112-113-115-116-117-118-119 0.4390862688179889 1.0 4 1.4118016921387766 1.0 [-1,-1] 1.0 1.0 1.0 0.0005288673958748294 0.16397488484989944 1737.9535898931904 -1490.2498661618374 -418.222903655622 790.3971279585434
195.53717595618193 27.438975736176268 39628427921196120 10 109-110-111-112-113-115-116-117-118-119 0.4426585811064936 1.0 4 1.0314223247604277 1.0 [-1,-1] 1.0 1.0 1.0 0.0005288673958748294 0.16397488484989944 1750.390585163363 -1496.706490579108 -416.1194490770285 806.5863163894744
193.38669950566543 27.995768700467305 39628438595700627 10 109-110-111-112-113-115-116-117-118-119 0.98255364022937 1.0 4 1.219838446809802 1.0 [-1,-1] 1.0 1.0 1.0 0.0003578035202613049 0.22475091060875194 3352.053370137493 -2879.384760307605 -685.2598993371505 1573.475156689446
195.88275823257305 28.917441923880347 39628459894377951 11 109-110-111-112-113-115-116-117-118-119-454 0.5147518380444007 0.9696969696969697 4 1.2266142363212413 1.0 [-1,-1] 1.0 1.0 1.0 0.0006865842838717192 0.13125169390769817 1995.760721471522 -1680.2329355232096 -478.08033564046934 965.0478394491562
193.50307024720092 28.101752839428233 39628438595702384 11 109-110-111-112-113-115-116-117-118-119-454 0.643924590663679 0.9696969696969697 4 1.1038042800724113 1.0 [-1,-1] 1.0 1.0 1.0 0.000833303205902425 0.11070054926254569 2409.4776155689096 -2066.677820320189 -496.28257595532466 1134.9576078988057
193.90505263813776 29.466904529491355 39628470422080980 11 109-110-111-112-113-115-116-117-118-119-454 0.5280724998232718 0.9696969696969697 4 1.4672733679376884 1.0 [-1,-1] 1.0 1.0 1.0 0.0006865842838717192 0.13125169390769817 2039.9408036066575 -1724.00729178086 -426.81001756220695 1003.4891872931911
195.27091460216872 29.205024036516633 39628465170811535 11 109-110-111-112-113-115-116-117-118-119-454 0.8753196199191403 0.9696969696969697 4 1.1040050156859111 1.0 [-1,-1] 1.0 1.0 1.0 0.0005690156306133545 0.15418916366201427 3074.0626666865337 -2588.542180589769 -706.7328236664474 1499.946457036362
