data_rosette/LRG_16_clustering_data.ecsv
# %ECSV 1.0
# ---
# datatype:
# - {name: RA, unit: deg, datatype: float64}
# - {name: DEC, unit: deg, datatype: float64}
# - {name: TARGETID, datatype: int64}
# - {name: NTILE, datatype: int64}
# - {name: TILES, datatype: string}
# - {name: Z, datatype: float64}
# - {name: COMP_TILE, datatype: float64}
# - {name: ROSETTE_NUMBER, datatype: int32}
# - {name: ROSETTE_R, unit: deg, datatype: float64}
# - {name: FRACZ_TILELOCID, datatype: float64}
# - {name: BITWEIGHTS, datatype: string, subtype: 'int64[2]'}
# - {name: PROB_OBS, datatype: float64}
# - {name: WEIGHT_ZFAIL, datatype: float64}
# - {name: WEIGHT, datatype: float64}
# - {name: NZ, unit: h3 / Mpc3, datatype: float64}
# - {name: WEIGHT_FKP, datatype: float64}
# - {name: theta, unit: deg, datatype: float64}
# - {name: phi, unit: deg, datatype: float64}
# - {name: rho, unit: Mpc, datatype: float64}
# - {name: r, unit: Mpc, datatype: float64}
# - {name: x, unit: Mpc, datatype: float64}
# - {name: y, unit: Mpc, datatype: float64}
# - {name: z, unit: Mpc, datatype: float64}
# meta: !!omap
# - {EXTNAME: LSS}
# - {DESIDR: edr}
# - comments: ['Visit https://desidatamodel.readthedocs.io/en/latest/ for a more complet', e description]
# schema: astropy-2.0
RA DEC TARGETID NTILE TILES Z COMP_TILE ROSETTE_NUMBER ROSETTE_R FRACZ_TILELOCID BITWEIGHTS PROB_OBS WEIGHT_ZFAIL WEIGHT NZ WEIGHT_FKP theta phi rho r x y z
[from data line 141]
194.7394936511646 23.4686178043085 39628340553843351 11 481-482-483-484-485-486-487-488-489-490-491 0.7978009827455459 1.0 16 1.2314195497321097 1.0 [-1,-1] 1.0 1.0 1.0 0.0007229154976227362 0.12548315978664992 66.53138219569149 165.2605063488354 2861.708195124181 2861.708195124181 486.4983231043862 -1434.8614912050439 -2427.728501442111
194.76411516296466 23.480876588047096 39628340553843732 11 481-482-483-484-485-486-487-488-489-490-491 0.8432906581499469 1.0 16 1.2191915052544835 1.0 [-1,-1] 1.0 1.0 1.0 0.0006232532477076302 0.14268566385842998 66.5191234119529 165.23588483703534 2987.5215636152616 2987.5215636152616 461.57091899494975 -1480.220475305082 -2553.6610433438364
194.78467722303395 23.439674629388634 39628340553844029 11 481-482-483-484-485-486-487-488-489-490-491 0.8011479002362595 1.0 16 1.2607229900707269 1.0 [-1,-1] 1.0 1.0 1.0 0.0007229154976227362 0.12548315978664992 66.56032537061137 165.21532277696605 2871.083087665592 2871.083087665592 441.98957551138886 -1527.2356151112972 -2390.672434139455
194.78831805467243 23.575341868140743 39628340553844090 11 481-482-483-484-485-486-487-488-489-490-491 0.63415043001648 1.0 16 1.1252015788896732 1.0 [-1,-1] 1.0 1.0 1.0 0.000833303205902425 0.11070054926254569 66.42465813185926 165.21168194532757 2379.2971224425396 2379.2971224425396 284.79416158898766 -997.655836865217 -2141.174890931831
195.00256595108866 25.480183388193158 39628384594035909 11 481-482-483-484-485-486-487-488-489-490-491 0.7894821868611137 1.0 16 0.8130216329008365 1.0 [-1,-1] 1.0 1.0 1.0 0.0007324854237337303 0.12404708914385561 64.51981661180685 164.99743404891134 2838.324498689516 2838.324498689516 -179.77707819450984 2813.1256854866583 -331.7981911827674
195.0015391044691 25.494847344214364 39628384594035889 11 481-482-483-484-485-486-487-488-489-490-491 0.9653620193942954 1.0 16 0.8268431152249472 1.0 [-1,-1] 1.0 1.0 1.0 0.00041974738576830407 0.19815580287489248 64.50515265578564 164.9984608955309 3308.668051760077 3308.668051760077 -213.2800907968305 3284.383647404849 -338.55566199244004
194.75089654972186 24.057249745983142 39628351626805310 11 481-482-483-484-485-486-487-488-489-490-491 0.6891452398678288 1.0 16 0.6427507727580776 1.0 [-1,-1] 1.0 1.0 1.0 0.0007209928471550773 0.12577569469930108 65.94275025401686 165.24910345027814 2546.794418895633 2546.794418895633 -24.252464753477753 74.30503383088985 -2545.5947030151356
194.82360725868253 23.50871567274622 39628340553844649 11 481-482-483-484-485-486-487-488-489-490-491 0.8692603247541825 1.0 16 1.1931774557751325 1.0 [-1,-1] 1.0 1.0 1.0 0.0006812235016579503 0.1321480675826358 66.49128432725378 165.17639274131747 3057.817955858946 3057.817955858946 363.87738295278695 -1469.2408721916163 -2656.9108304251445
194.80751131220129 23.512625452841053 39628340553844393 11 481-482-483-484-485-486-487-488-489-490-491 0.9344142798476043 1.0 16 1.1885343731815947 1.0 [-1,-1] 1.0 1.0 1.0 0.0004445766401596716 0.18918261239264766 66.48737454715895 165.19248868779871 3229.446764526634 3229.446764526634 406.4147534223302 -1534.7026007680272 -2812.2662356732985
194.81673024958064 23.516854413593354 39628340553844532 11 481-482-483-484-485-486-487-488-489-490-491 0.6369751071640091 1.0 16 1.184712307808521 1.0 [-1,-1] 1.0 1.0 1.0 0.000833303205902425 0.11070054926254569 66.48314558640665 165.18326975041936 2388.0375817795007 2388.0375817795007 287.8761961631239 -1129.0372809602663 -2084.4964873742974
194.81506675447733 25.55610193155603 39628384589842892 11 481-482-483-484-485-486-487-488-489-490-491 0.6581160041939219 1.0 16 0.8581262545644689 1.0 [-1,-1] 1.0 1.0 1.0 0.000700708733790897 0.12894715825466588 64.44389806844397 165.18493324552267 2452.979037167848 2452.979037167848 -609.4920528373331 2373.898392408651 -101.15343213485254
194.87461092316522 23.387799307860078 39628340553845489 11 481-482-483-484-485-486-487-488-489-490-491 0.8252996723633546 1.0 16 1.3171256339721276 1.0 [-1,-1] 1.0 1.0 1.0 0.0006627118749498285 0.13533979738261318 66.61220069213992 165.12538907683478 2938.1748733297695 2938.1748733297695 333.88205973437107 -1719.6155558049124 -2358.880390500481
194.86936685265098 24.06686843110514 39628351626807310 11 481-482-483-484-485-486-487-488-489-490-491 1.0438996727967675 1.0 16 0.6423981323649022 1.0 [-1,-1] 1.0 1.0 1.0 0.00017111768859933566 0.3774092623312036 65.93313156889486 165.13063314734902 3503.3429545679924 3503.3429545679924 -27.6386649066398 138.46455270993508 -3500.496468954969
195.2746057390118 25.505219627726152 39628384598230190 11 481-482-483-484-485-486-487-488-489-490-491 0.8641674858725317 1.0 16 0.9349068602976618 1.0 [-1,-1] 1.0 1.0 1.0 0.0006812235016579503 0.1321480675826358 64.49478037227385 164.7253942609882 3044.118562615279 3044.118562615279 626.607516891659 2965.735434982777 -280.0610160684655
194.69865099105718 23.39556449161613 39628340549653163 11 481-482-483-484-485-486-487-488-489-490-491 0.8028661343785494 1.0 16 1.305278025587719 1.0 [-1,-1] 1.0 1.0 1.0 0.0007229154976227362 0.12548315978664992 66.60443550838387 165.30134900894282 2875.888593518338 2875.888593518338 609.9369445563387 -1583.1853006859951 -2322.1189525271866
194.84897146422185 24.010707998089217 39628351626807012 11 481-482-483-484-485-486-487-488-489-490-491 0.9567694370692661 1.0 16 0.6951638416915404 1.0 [-1,-1] 1.0 1.0 1.0 0.00041974738576830407 0.19815580287489248 65.98929200191078 165.15102853577815 3286.8178295039547 3286.8178295039547 11.234294170585942 -50.855563390222976 -3286.40517079861
195.0240443838319 23.43671040368231 39628340558037857 11 481-482-483-484-485-486-487-488-489-490-491 0.9075452089789355 1.0 16 1.2878299577511472 1.0 [-1,-1] 1.0 1.0 1.0 0.0005275616701708153 0.16431404058018498 66.56328959631769 164.9759556161681 3159.475574109632 3159.475574109632 74.38833764898352 -1755.824064588506 -2625.611192242505
193.8120650265975 25.49427413733681 39628384573069789 11 481-482-483-484-485-486-487-488-489-490-491 0.628517986235688 1.0 16 1.1628858171153849 1.0 [-1,-1] 1.0 1.0 1.0 0.0007214233604467519 0.12571007283523317 64.50572586266318 166.1879349734025 2361.8235777848868 2361.8235777848868 -2232.61782279571 731.1434453609065 -243.01755537683067
194.64581471213035 23.59278380854323 39628340549652189 11 481-482-483-484-485-486-487-488-489-490-491 0.9050066172540925 1.0 16 1.111289987770409 1.0 [-1,-1] 1.0 1.0 1.0 0.0005275616701708153 0.16431404058018498 66.40721619145677 165.35418528786965 3152.806610045072 3152.806610045072 541.0178162711572 -1209.6336894587944 -2860.81729233927
194.75865533346732 25.602595909219218 39628384589842035 11 481-482-483-484-485-486-487-488-489-490-491 0.6323995797991921 1.0 16 0.9026299108179772 1.0 [-1,-1] 1.0 1.0 1.0 0.000833303205902425 0.11070054926254569 64.39740409078078 165.24134466653268 2373.8718747380162 2373.8718747380162 -719.0273335008319 2262.324540869787 12.451631586786954
195.00044275128383 23.51040129663883 39628340558037386 11 481-482-483-484-485-486-487-488-489-490-491 1.0916031185193154 1.0 16 1.2113635208857623 1.0 [-1,-1] 1.0 1.0 1.0 4.689797466212482e-05 0.6886505109163528 66.48959870336117 164.99955724871617 3617.3019041361044 3617.3019041361044 117.64102118113342 -1781.3955621902248 -3146.0552294597624
194.64730696548025 23.95469288282523 39628351622614011 11 481-482-483-484-485-486-487-488-489-490-491 0.9676696878323401 1.0 16 0.7511582408349979 1.0 [-1,-1] 1.0 1.0 1.0 0.00041974738576830407 0.19815580287489248 66.04530711717477 165.35269303451975 3314.51737617824 3314.51737617824 96.83896000210524 -217.38702086109123 -3305.9628757707387
194.64995641674676 23.95527949338856 39628351622614062 11 481-482-483-484-485-486-487-488-489-490-491 0.9630521302298797 1.0 16 0.7502790294615672 1.0 [-1,-1] 1.0 1.0 1.0 0.00041974738576830407 0.19815580287489248 66.04472050661144 165.35004358325324 3302.805103507358 3302.805103507358 95.14081638390304 -215.1064113910584 -3294.419373514932
195.38883169740342 25.37988335666676 39628384598232419 11 481-482-483-484-485-486-487-488-489-490-491 0.8506035302957986 1.0 16 0.8928784224125139 1.0 [-1,-1] 1.0 1.0 1.0 0.0006812235016579503 0.1321480675826358 64.62011664333323 164.61116830259658 3007.427546731828 3007.427546731828 930.5697201493352 2785.2509263337156 -648.8741959269065
194.64965087962847 23.459253749360688 39628340549652270 11 481-482-483-484-485-486-487-488-489-490-491 0.7982988328551811 1.0 16 1.2441239278986227 1.0 [-1,-1] 1.0 1.0 1.0 0.0007229154976227362 0.12548315978664992 66.54074625063932 165.35034912037153 2863.1039001325003 2863.1039001325003 622.7532883395166 -1406.837419601041 -2414.6119273346053
195.36030975202252 25.398599236907266 39628384598231852 11 481-482-483-484-485-486-487-488-489-490-491 0.4190936955602734 1.0 16 0.8909206092943462 1.0 [-1,-1] 1.0 1.0 1.0 0.0006262316776515472 0.14210347001521706 64.60140076309273 164.63969024797748 1667.857344267208 1667.857344267208 473.68308594475 1564.9047397968807 -329.31081105420685
195.35308873279956 25.4016748969567 39628384598231701 11 481-482-483-484-485-486-487-488-489-490-491 0.6276984908935856 1.0 16 0.8892961688089265 1.0 [-1,-1] 1.0 1.0 1.0 0.0007214233604467519 0.12571007283523317 64.5983251030433 164.64691126720044 2359.2762563486144 2359.2762563486144 654.4508382913536 2219.7885636043766 -458.7126408998287
194.6504885777863 23.462231023329736 39628340549652285 11 481-482-483-484-485-486-487-488-489-490-491 0.7961584250480349 1.0 16 1.2410984636491598 1.0 [-1,-1] 1.0 1.0 1.0 0.0007229154976227362 0.12548315978664992 66.53776897667026 165.3495114222137 2857.100363984436 2857.100363984436 617.3701361587003 -1397.839008936059 -2414.1090923891657
194.65990372357567 23.919621554553864 39628351622614268 11 481-482-483-484-485-486-487-488-489-490-491 0.9632491078913481 1.0 16 0.7846859390331679 1.0 [-1,-1] 1.0 1.0 1.0 0.00041974738576830407 0.19815580287489248 66.08037844544614 165.34009627642433 3303.305383461249 3303.305383461249 139.39477615905153 -323.83126668693853 -3284.4373739652233
194.6955471844522 23.53183566268538 39628340549653100 11 481-482-483-484-485-486-487-488-489-490-491 0.7910375349027224 1.0 16 1.1692210625029633 1.0 [-1,-1] 1.0 1.0 1.0 0.0007229154976227362 0.12548315978664992 66.46816433731462 165.3044528155478 2842.7054433284925 2842.7054433284925 489.1168491958604 -1257.9256070976303 -2501.8717218055394
194.20916876853653 25.48962351048697 39628384581453847 11 481-482-483-484-485-486-487-488-489-490-491 1.038199722260299 1.0 16 0.9291844644248936 1.0 [-1,-1] 1.0 1.0 1.0 0.00017111768859933566 0.3774092623312036 64.51037648951302 165.79083123146347 3489.5137267316236 3489.5137267316236 -2622.862313485706 2270.8000633370375 -375.1884938178925
194.89193238261808 23.393401968332647 39628340553845776 11 481-482-483-484-485-486-487-488-489-490-491 0.6372922713835044 1.0 16 1.3130107360313386 1.0 [-1,-1] 1.0 1.0 1.0 0.000833303205902425 0.11070054926254569 66.60659803166735 165.10806761738192 2389.0180511328927 2389.0180511328927 245.3505219579172 -1392.1000991184185 -1925.9459192947947
195.32218689153012 25.48873425061805 39628384598231082 11 481-482-483-484-485-486-487-488-489-490-491 0.4250932181921239 1.0 16 0.9437177538135205 1.0 [-1,-1] 1.0 1.0 1.0 0.0006262316776515472 0.14210347001521706 64.51126574938195 164.67781310846988 1688.980258507138 1688.980258507138 424.8285020056043 1624.3931089310247 -183.09037431802102
194.87901909260623 23.439069685607727 39628340553845561 11 481-482-483-484-485-486-487-488-489-490-491 0.5369899931481618 1.0 16 1.2664207218523087 1.0 [-1,-1] 1.0 1.0 1.0 0.0007045118177349687 0.128340413101622 66.56093031439227 165.12098090739377 2069.318486823933 2069.318486823933 213.6466654004435 -1126.885426232732 -1722.371428704865
195.30739053020648 25.435639424058174 39628384598230799 11 481-482-483-484-485-486-487-488-489-490-491 0.6110540351702942 1.0 16 0.892228271497428 1.0 [-1,-1] 1.0 1.0 1.0 0.0007214233604467519 0.12571007283523317 64.56436057594183 164.69260946979352 2307.262498194919 2307.262498194919 543.5092791208999 2211.3470970979447 -371.48609024111676
195.98217583953013 25.16845823300211 39628379141443588 11 481-482-483-484-485-486-487-488-489-490-491 0.5838080258574601 1.0 16 1.211550264069001 1.0 [-1,-1] 1.0 1.0 1.0 0.0006621615122706149 0.13543705131792066 64.83154176699789 164.01782416046987 2220.9731904050886 2220.9731904050886 1601.800786152007 1230.397546229341 -923.6222345817507
195.57290489352297 24.268620788895525 39628357159096942 11 481-482-483-484-485-486-487-488-489-490-491 0.6121658324590877 1.0 16 0.8642573527031661 1.0 [-1,-1] 1.0 1.0 1.0 0.0007214233604467519 0.12571007283523317 65.73137921110447 164.42709510647703 2310.753309077147 2310.753309077147 268.72158909391055 484.35958901783613 -2243.3825691335624
195.95960495640472 25.230758140293066 39628379141443203 11 481-482-483-484-485-486-487-488-489-490-491 0.8883874243339116 1.0 16 1.218267834249951 1.0 [-1,-1] 1.0 1.0 1.0 0.0005690156306133545 0.15418916366201427 64.76924185970694 164.04039504359528 3108.8969087347314 3108.8969087347314 2261.1828063205085 1819.4874672468334 -1114.3418066610357
193.6358410607874 24.974002288555052 39628373630126550 11 481-482-483-484-485-486-487-488-489-490-491 0.6488052802945204 1.0 16 1.0475707520827073 1.0 [-1,-1] 1.0 1.0 1.0 0.000833303205902425 0.11070054926254569 65.02599771144494 166.3641589392126 2424.481000307533 2424.481000307533 -1949.1759426751794 275.18193791777446 -1415.307799170329
193.63075681664202 25.038287707315423 39628373630126464 11 481-482-483-484-485-486-487-488-489-490-491 0.9446826027243361 1.0 16 1.0703175608150082 1.0 [-1,-1] 1.0 1.0 1.0 0.0004445766401596716 0.18918261239264766 64.96171229268458 166.36924318335798 3255.8932785312145 3255.8932785312145 -2735.015402772677 371.95306456069574 -1726.8997381275087
193.6228958020404 24.9945017865576 39628373630126323 11 481-482-483-484-485-486-487-488-489-490-491 0.5056158949523692 1.0 16 1.064320989042924 1.0 [-1,-1] 1.0 1.0 1.0 0.0005337442823398631 0.16272042362546515 65.0054982134424 166.3771041979596 1965.2533830020275 1965.2533830020275 -1605.725409129429 205.53073142469634 -1114.2817813807562
193.58128739818474 25.051430539116698 39628373630125666 11 481-482-483-484-485-486-487-488-489-490-491 0.6310292968388111 1.0 16 1.1170000681815215 1.0 [-1,-1] 1.0 1.0 1.0 0.000833303205902425 0.11070054926254569 64.9485694608833 166.41871260181526 2369.621828744066 2369.621828744066 -2017.7650525740473 173.3430676748736 -1230.318651716005
193.5806300641886 24.987344456438027 39628373630125655 11 481-482-483-484-485-486-487-488-489-490-491 0.8007027867570612 1.0 16 1.0993647459265736 1.0 [-1,-1] 1.0 1.0 1.0 0.0007229154976227362 0.12548315978664992 65.01265554356198 166.4193699358114 2869.837393971709 2869.837393971709 -2343.745923016586 199.7956722431211 -1644.0509133035932
193.53373972246104 24.97789009520807 39628373630124902 11 481-482-483-484-485-486-487-488-489-490-491 0.8031647286391298 1.0 16 1.1381861053126034 1.0 [-1,-1] 1.0 1.0 1.0 0.0007229154976227362 0.12548315978664992 65.02210990479193 166.46626027753896 2876.7231844690186 2876.7231844690186 -2340.5001622954637 89.3342748725723 -1670.2139556624093
193.52556726729927 24.94075043897131 39628373630124749 11 481-482-483-484-485-486-487-488-489-490-491 0.8100851909998109 1.0 16 1.1371030369234945 1.0 [-1,-1] 1.0 1.0 1.0 0.0006627118749498285 0.13533979738261318 65.0592495610287 166.47443273270073 2896.024239755127 2896.024239755127 -2292.8295333207143 68.75482911157523 -1767.812745133209
193.49855080544648 24.891829904818884 39628373630124242 11 481-482-483-484-485-486-487-488-489-490-491 0.8082390458315776 1.0 16 1.152151769388611 1.0 [-1,-1] 1.0 1.0 1.0 0.0007229154976227362 0.12548315978664992 65.10817009518112 166.50144919455352 2890.8832557150663 2890.8832557150663 -2200.744665580885 6.517404891751101 -1874.5363262749797
