data_rosette/LRG_12_clustering_data.ecsv
# %ECSV 1.0
# ---
# datatype:
# - {name: RA, unit: deg, datatype: float64}
# - {name: DEC, unit: deg, datatype: float64}
# - {name: TARGETID, datatype: int64}
# - {name: NTILE, datatype: int64}
# - {name: TILES, datatype: string}
# - {name: Z, datatype: float64}
# - {name: COMP_TILE, datatype: float64}
# - {name: ROSETTE_NUMBER, datatype: int32}
# - {name: ROSETTE_R, unit: deg, datatype: float64}
# - {name: FRACZ_TILELOCID, datatype: float64}
# - {name: BITWEIGHTS, datatype: string, subtype: 'int64[2]'}
# - {name: PROB_OBS, datatype: float64}
# - {name: WEIGHT_ZFAIL, datatype: float64}
# - {name: WEIGHT, datatype: float64}
# - {name: NZ, unit: h3 / Mpc3, datatype: float64}
# - {name: WEIGHT_FKP, datatype: float64}
# - {name: theta, unit: deg, datatype: float64}
# - {name: phi, unit: deg, datatype: float64}
# - {name: rho, unit: Mpc, datatype: float64}
# - {name: r, unit: Mpc, datatype: float64}
# - {name: x, unit: Mpc, datatype: float64}
# - {name: y, unit: Mpc, datatype: float64}
# - {name: z, unit: Mpc, datatype: float64}
# meta: !!omap
# - {EXTNAME: LSS}
# - {DESIDR: edr}
# - comments: ['Visit https://desidatamodel.readthedocs.io/en/latest/ for a more complet', e description]
# schema: astropy-2.0
RA DEC TARGETID NTILE TILES Z COMP_TILE ROSETTE_NUMBER ROSETTE_R FRACZ_TILELOCID BITWEIGHTS PROB_OBS WEIGHT_ZFAIL WEIGHT NZ WEIGHT_FKP theta phi rho r x y z
[from data line 2489]
240.42076148043407 42.26690997551099 39633118717544920 9 325-327-328-329-330-332-333-335-478 0.6226704898592683 1.0 12 1.269814869807833 1.0 [-1,-1] 1.0 1.0 1.0 0.0007056687116799521 0.12786279395313782 47.73309002448901 -240.42076148043407 2343.6193435968175 2343.6193435968175 119.09342495912877 1335.7479081576737 -1922.016105464541
240.9162810949341 42.85224322804806 39633127647217374 9 325-327-328-329-330-332-333-335-478 0.9874690579907841 1.0 12 0.6056647660711073 1.0 [-1,-1] 1.0 1.0 1.0 0.00030269805442075816 0.25472307248715254 47.14775677195194 -240.9162810949341 3364.377425326555 3364.377425326555 44.298728871029994 66.96331186240458 -3363.4192420112854
239.189487046602 43.83214658573024 39633145263295111 9 325-327-328-329-330-332-334-335-478 0.7195746272321698 1.0 12 1.3995562511886699 1.0 [-1,-1] 1.0 1.0 1.0 0.0005823912580269674 0.15084542533972659 46.16785341426976 -239.189487046602 2637.091525225482 2637.091525225482 1959.5528028025678 -895.0076105087157 -1520.9753129410547
241.61503030642896 43.14707171034532 39633136509780171 9 325-327-328-329-330-332-334-335-478 0.750074944662958 1.0 12 0.510752662800573 1.0 [-1,-1] 1.0 1.0 1.0 0.0007242712797402853 0.12498917450484462 46.85292828965468 -241.61503030642896 2725.9386302431467 2725.9386302431467 -699.6510701034039 -206.96049707566152 -2626.479992043579
241.84830531865117 43.71045750241823 39633145296848305 9 325-327-328-329-330-332-334-335-478 0.8804917238640474 1.0 12 0.634243253379626 1.0 [-1,-1] 1.0 1.0 1.0 0.0005346154933450218 0.1621399955636538 46.28954249758177 -241.84830531865117 3087.8822892526896 3087.8822892526896 -2284.307783423412 -124.22642329425041 -2074.011277362581
239.8507071916876 42.57159539766056 39633123180285849 9 325-327-328-329-330-332-334-335-478 0.9669766756044975 1.0 12 1.241198570811197 1.0 [-1,-1] 1.0 1.0 1.0 0.0003767415448896098 0.21544643941305056 47.42840460233944 -239.8507071916876 3312.7616128082213 3312.7616128082213 -459.6657191900701 880.5030355058738 -3160.349875308452
240.5459588324797 44.68942173999257 39633162627713766 9 325-327-328-329-330-332-334-335-478 0.731240496929463 1.0 12 1.2912394835203047 1.0 [-1,-1] 1.0 1.0 1.0 0.0006073340474539246 0.1455520198534496 45.31057826000743 -240.5459588324797 2671.2685849212316 2671.2685849212316 -551.0035807378803 -2533.882237236921 641.4917884247093
240.22049657773596 42.288283142077866 39633118713352489 8 325-327-328-329-330-332-334-478 0.9909694093601384 1.0 12 1.3111605293937851 1.0 [-1,-1] 1.0 1.0 1.0 0.00023297360745577845 0.30751381291380364 47.711716857922134 -240.22049657773596 3373.131869736373 3373.131869736373 -207.84344443959682 1859.0014206995916 -2806.9437883704736
241.01702597757685 43.7382816162246 39633145284268052 7 325-327-328-329-330-332-335 0.9188420187328052 1.0 12 0.2892690732542132 1.0 [-1,-1] 1.0 1.0 1.0 0.00042618922305278896 0.1953324009783564 46.2617183837754 -241.01702597757685 3189.0305982964533 3189.0305982964533 -1532.2406838050917 -1874.8092593184926 -2075.3902970133554
241.2161980865198 44.350311320177404 39633154000030715 8 325-327-328-329-330-333-334-335 0.9811843345601913 1.0 12 0.908240249480414 1.0 [-1,-1] 1.0 1.0 1.0 0.00030269805442075816 0.25472307248715254 45.649688679822596 -241.2161980865198 3348.6138521864023 3348.6138521864023 -2578.110249706822 -2112.406420029389 -322.95725418374684
240.23760346405183 44.53811803563532 39633158315967846 8 325-327-328-329-330-333-334-335 0.5538650328727891 1.0 12 1.2351267975558353 1.0 [-1,-1] 1.0 1.0 1.0 0.0006724560872077301 0.13333590500666823 45.46188196436468 -240.23760346405183 2124.478448934244 2124.478448934244 199.07209723148245 -2106.260551752187 193.50831564168945
241.23824984750172 44.2702403529793 39633154000030955 9 325-327-328-329-330-333-334-335-478 0.4287360059662601 1.0 12 0.831394542759875 1.0 [-1,-1] 1.0 1.0 1.0 0.0005613841910631427 0.1556117057517016 45.7297596470207 -241.23824984750172 1701.768833834697 1701.768833834697 -1318.942731428185 -1032.9357597348496 -299.0835189121132
242.12172770402242 43.95789899010726 39633149667313590 9 325-327-328-329-330-333-334-335-478 0.5493582910084532 1.0 12 0.9263969659012604 1.0 [-1,-1] 1.0 1.0 1.0 0.0006094867785671962 0.14511252611805409 46.04210100989274 -242.12172770402242 2109.8023659506243 2109.8023659506243 -1818.0084586233372 404.8116813201683 -991.0795984236521
242.02435491254957 44.507255550635264 39633158336939793 9 325-327-328-329-330-333-334-335-478 0.6429610486906828 1.0 12 1.2685955028514542 1.0 [-1,-1] 1.0 1.0 1.0 0.0007982518636535506 0.11473445525619816 45.492744449364736 -242.02435491254957 2406.5103834225706 2406.5103834225706 -2384.3565552248206 291.6671393895277 145.14242273506284
241.23055138436303 44.24772400090709 39633154000030879 8 325-327-328-329-330-333-334-478 0.8033121697442135 1.0 12 0.8082800969758815 1.0 [-1,-1] 1.0 1.0 1.0 0.0008239664519383997 0.11155322342262282 45.75227599909291 -241.23055138436303 2877.135236722683 2877.135236722683 -2206.9206522692766 -1755.9366797353664 -569.2932300129495
241.228746487951 44.24794028154566 39633154000030855 8 325-327-328-329-330-333-334-478 0.8027182579247787 1.0 12 0.8082849208142667 1.0 [-1,-1] 1.0 1.0 1.0 0.0008239664519383997 0.11155322342262282 45.75205971845434 -241.228746487951 2875.4752131960554 2875.4752131960554 -2202.572381656265 -1758.9784089201917 -568.3551374119371
242.97509491640625 42.85319077354553 39633127672383324 7 325-327-328-329-330-333-335 0.7798076312544696 1.0 12 1.5259422972422896 1.0 [-1,-1] 1.0 1.0 1.0 0.0007064174578981374 0.12774458208408304 47.14680922645447 -242.97509491640625 2810.9814516262804 2810.9814516262804 30.790669462887383 -56.58556941357672 -2810.2431797613453
239.81938319037806 42.55754124561307 39633123180285458 7 325-327-328-329-330-333-335 0.8481327446156609 1.0 12 1.2674141791528202 1.0 [-1,-1] 1.0 1.0 1.0 0.0006366829495309179 0.1397804201853648 47.44245875438693 -239.81938319037806 3000.711736466542 3000.711736466542 -460.82380518298555 819.1170443419988 -2849.7297439604954
242.52951271222838 44.41784243738135 39633158341136024 8 325-327-328-329-330-333-335-478 0.721999549859351 1.0 12 1.4393696590236444 1.0 [-1,-1] 1.0 1.0 1.0 0.0005823912580269674 0.15084542533972659 45.58215756261865 -242.52951271222838 2644.215690609454 2644.215690609454 -2140.5471282256403 1550.4934981005597 -76.84089183557717
240.17624116832326 44.36413610776299 39633153987448033 7 325-327-328-329-330-335-478 0.6774150123570739 1.0 12 1.109908179353684 1.0 [-1,-1] 1.0 1.0 1.0 0.0008053318504768218 0.11384060807160488 45.63586389223701 -240.17624116832326 2511.5368550631993 2511.5368550631993 387.8797592677628 -2472.7011090287046 -207.64366616717092
240.36943836071126 42.98996417576756 39633132076401019 8 325-327-328-329-331-332-333-334 0.9315265722709608 1.0 12 0.6764531009224131 1.0 [-1,-1] 1.0 1.0 1.0 0.0003671239319408774 0.21984967794317842 47.01003582423244 -240.36943836071126 3221.980254604627 3221.980254604627 -13.760115780417424 -365.784533571012 -3201.119975145581
241.03124728524173 43.96922892462655 39633149654729943 8 325-327-328-329-331-332-333-334 0.6520750552849545 1.0 12 0.519405834526153 1.0 [-1,-1] 1.0 1.0 1.0 0.0006371005092682059 0.1397016056866948 46.03077107537345 -241.03124728524173 2434.5074649390217 2434.5074649390217 -1391.822106978138 -1654.4118713329735 -1119.1868384515997
241.02983935123498 43.96639409403752 39633149654729933 8 325-327-328-329-331-332-333-334 0.7898303386805909 1.0 12 0.5165996919284812 1.0 [-1,-1] 1.0 1.0 1.0 0.0007064174578981374 0.12774458208408304 46.03360590596248 -241.02983935123498 2839.3054949582784 2839.3054949582784 -1618.1446725180942 -1928.9403001540024 -1312.4225047382304
239.7843356306275 43.63420311882637 39633145271682495 8 325-327-328-329-331-332-333-334 0.6597559043574437 1.0 12 0.9357393459624597 1.0 [-1,-1] 1.0 1.0 1.0 0.0006371005092682059 0.1397016056866948 46.36579688117363 -239.7843356306275 2457.9816863722135 2457.9816863722135 879.7170003542808 -1442.9302160324871 -1784.8597596139864
242.82340636078433 42.877401596896064 39633132105761890 8 325-327-328-329-331-332-333-334 0.6784867906254246 1.0 12 1.414555199452508 1.0 [-1,-1] 1.0 1.0 1.0 0.0008053318504768218 0.11384060807160488 47.122598403103936 -242.82340636078433 2514.768762017636 2514.768762017636 -1.965450043620686 2.5852927797516143 -2514.7666650580295
242.11221745451067 42.975355615582934 39633132097372968 9 325-327-328-329-331-332-333-334-335 0.8638143316739698 1.0 12 0.9080715765351195 1.0 [-1,-1] 1.0 1.0 1.0 0.0006576102792991648 0.1359368301360722 47.024644384417066 -242.11221745451067 3043.1670494240234 3043.1670494240234 -294.9267873710573 62.73289566349398 -3028.1922766879875
240.6300108636897 43.625312277632794 39633145280073030 9 325-327-328-329-331-332-333-334-335 0.8751777726707008 1.0 12 0.35132518564303455 1.0 [-1,-1] 1.0 1.0 1.0 0.0005346154933450218 0.1621399955636538 46.374687722367206 -240.6300108636897 3073.683054024869 3073.683054024869 -614.9711133012553 -2000.9771147336855 -2250.6507131753506
240.1680569703093 43.654226783305795 39633145275877330 9 325-327-328-329-331-332-333-334-335 0.5559339970041169 1.0 12 0.6710159706396795 1.0 [-1,-1] 1.0 1.0 1.0 0.0006724560872077301 0.13333590500666823 46.345773216694205 -240.1680569703093 2131.2025362870304 2131.2025362870304 243.918361257741 -1475.9552945579926 -1517.9209637474007
240.43004972505065 42.709023767785844 39633127638831172 9 325-327-328-329-331-332-333-334-335 0.8324522949370671 1.0 12 0.8683758341434189 1.0 [-1,-1] 1.0 1.0 1.0 0.0006366829495309179 0.1397804201853648 47.290976232214156 -240.43004972505065 2957.8575191853865 2957.8575191853865 48.23482724862057 489.55095250550977 -2916.6649396430116
241.4504860997179 42.496469038430476 39633123201256091 10 325-327-328-329-331-332-333-334-335-478 0.5693049772780485 1.0 12 0.9975356524178559 1.0 [-1,-1] 1.0 1.0 1.0 0.0006724560872077301 0.13333590500666823 47.503530961569524 -241.4504860997179 2174.4547309512755 2174.4547309512755 724.8482299335491 352.0640916060603 -2019.6285044334722
240.15711710986122 43.631278270971926 39633145275877223 10 325-327-328-329-331-332-333-334-335-478 0.4862259258433003 1.0 12 0.6721412481693837 1.0 [-1,-1] 1.0 1.0 1.0 0.000668512811805897 0.13401699399284683 46.368721729028074 -240.15711710986122 1899.944502816139 1899.944502816139 226.3731734539325 -1282.4164569862128 -1383.4566603159603
240.6981139519861 43.570429741600925 39633140897024999 10 325-327-328-329-331-332-333-334-335-478 0.416582810309732 1.0 12 0.28219355913079863 1.0 [-1,-1] 1.0 1.0 1.0 0.0005613841910631427 0.1556117057517016 46.429570258399075 -240.6981139519861 1658.9946662155573 1658.9946662155573 -380.17686278491556 -991.1149473987728 -1274.9196118098646
240.80326478285107 43.24580449080844 39633136497199985 10 325-327-328-329-331-332-333-334-335-478 0.958940984900543 1.0 12 0.27182570775414006 1.0 [-1,-1] 1.0 1.0 1.0 0.0003767415448896098 0.21544643941305056 46.75419550919156 -240.80326478285107 3292.350386193262 3292.350386193262 -540.2781688549226 -1059.8632800488629 -3069.9121149195394
239.80837010839718 42.6506207411904 39633127634633148 10 325-327-328-329-331-332-333-334-335-478 0.597754989220249 1.0 12 1.2092086847362316 1.0 [-1,-1] 1.0 1.0 1.0 0.0006106036532175123 0.14488555312656437 47.3493792588096 -239.80837010839718 2265.3225857160314 2265.3225857160314 -253.18691091581437 438.66517641838374 -2207.9754682726666
239.80904504948037 42.652070775050426 39633127634633158 10 325-327-328-329-331-332-333-334-335-478 0.45786919545172017 1.0 12 1.2078723178840967 1.0 [-1,-1] 1.0 1.0 1.0 0.0005330850268982689 0.1625298359500762 47.347929224949574 -239.80904504948037 1803.0493995436916 1803.0493995436916 -200.01202762448187 347.076594330673 -1757.9875322846383
241.2993314236611 42.62075209100238 39633123201254206 10 325-327-328-329-331-332-333-334-335-478 0.6260038961317763 1.0 12 0.8490365176426753 1.0 [-1,-1] 1.0 1.0 1.0 0.0007056687116799521 0.12786279395313782 47.37924790899762 -241.2993314236611 2354.00473906376 2354.00473906376 489.6350944285505 337.3569208064316 -2277.6711996736026
240.5712359321799 43.74855381635805 39633145280072350 10 325-327-328-329-331-332-333-334-335-478 0.8377323660396249 1.0 12 0.45753906186169974 1.0 [-1,-1] 1.0 1.0 1.0 0.0006366829495309179 0.1397804201853648 46.25144618364195 -240.5712359321799 2972.33297118446 2972.33297118446 -539.8026045918634 -2211.592666240483 -1911.0819758182513
240.14523306587066 43.65922802570327 39633145275877102 10 325-327-328-329-331-332-333-334-335-478 0.7690929979001117 1.0 12 0.6882687612073268 1.0 [-1,-1] 1.0 1.0 1.0 0.0007242712797402853 0.12498917450484462 46.34077197429673 -240.14523306587066 2780.5113935778195 2780.5113935778195 363.92912733144607 -1927.5755860195234 -1970.5967523258864
241.72855299875917 44.121027506408545 39633149663118408 10 325-327-328-329-331-332-333-334-335-478 0.9020450506537672 1.0 12 0.8308069301135743 1.0 [-1,-1] 1.0 1.0 1.0 0.0005723615213970424 0.15308410280969617 45.878972493591455 -241.72855299875917 3145.0137024595538 3145.0137024595538 -2934.4588253235156 -516.0579770959885 -1006.84991702581
240.1208558717272 42.87173098999986 39633127638827113 10 325-327-328-329-331-332-333-334-335-478 0.7359903845069289 1.0 12 0.8909112381861269 1.0 [-1,-1] 1.0 1.0 1.0 0.0006073340474539246 0.1455520198534496 47.12826901000014 -240.1208558717272 2685.114911151923 2685.114911151923 -2.4624972877902733 11.497894779435294 -2685.0891643692485
242.0421122437814 42.594020828729285 39633123209643538 10 325-327-328-329-331-332-333-334-335-478 1.0202186091105787 1.0 12 1.1219426013663607 1.0 [-1,-1] 1.0 1.0 1.0 0.00020130102782971312 0.3394727840281335 47.405979171270715 -242.0421122437814 3445.5850420849474 3445.5850420849474 949.8092105045911 -133.34322444809268 -3309.401506371501
240.78050030539015 43.23935283010061 39633136497199715 10 325-327-328-329-331-332-333-334-335-478 0.5422063987618889 1.0 12 0.2877225362282049 1.0 [-1,-1] 1.0 1.0 1.0 0.0006094867785671962 0.14511252611805409 46.76064716989939 -240.78050030539015 2086.4298612406237 2086.4298612406237 -321.5569171234873 -667.9532865791894 -1950.2894969400481
241.63235115805637 43.24268439535805 39633136509780358 10 325-327-328-329-331-332-333-334-335-478 0.6187381624713902 1.0 12 0.4715159497025282 1.0 [-1,-1] 1.0 1.0 1.0 0.0007056687116799521 0.12786279395313782 46.75731560464195 -241.63235115805637 2331.3408425777543 2331.3408425777543 -805.261566535759 -223.10819944737023 -2176.4481765185405
239.80990991154763 42.60334098072418 39633123180285346 10 325-327-328-329-331-332-333-334-335-478 0.8517920667004928 1.0 12 1.2404018230365743 1.0 [-1,-1] 1.0 1.0 1.0 0.0006576102792991648 0.1359368301360722 47.39665901927582 -239.80990991154763 3010.654542086727 3010.654542086727 -404.36004693979646 703.0822277254915 -2899.346323791424
239.9249248491749 42.491446366105514 39633123184476612 9 325-327-328-329-331-332-333-334-478 0.557546253393056 1.0 12 1.2635065886995551 1.0 [-1,-1] 1.0 1.0 1.0 0.0006724560872077301 0.13333590500666823 47.508553633894486 -239.9249248491749 2136.4364797665085 2136.4364797665085 -317.29101193228547 736.2318785179572 -1980.3155977969818
241.9324721285135 44.184458593989554 39633154008419302 9 325-327-328-329-331-332-333-334-478 0.7648487019026589 1.0 12 0.9720363829583797 1.0 [-1,-1] 1.0 1.0 1.0 0.0007242712797402853 0.12498917450484462 45.815541406010446 -241.9324721285135 2768.386762224428 2768.386762224428 -2672.4009681368875 79.76224324967056 -718.2453030213687
