data_rosette/LRG_9_clustering_data.ecsv
# %ECSV 1.0
# ---
# datatype:
# - {name: RA, unit: deg, datatype: float64}
# - {name: DEC, unit: deg, datatype: float64}
# - {name: TARGETID, datatype: int64}
# - {name: NTILE, datatype: int64}
# - {name: TILES, datatype: string}
# - {name: Z, datatype: float64}
# - {name: COMP_TILE, datatype: float64}
# - {name: ROSETTE_NUMBER, datatype: int32}
# - {name: ROSETTE_R, unit: deg, datatype: float64}
# - {name: FRACZ_TILELOCID, datatype: float64}
# - {name: BITWEIGHTS, datatype: string, subtype: 'int64[2]'}
# - {name: PROB_OBS, datatype: float64}
# - {name: WEIGHT_ZFAIL, datatype: float64}
# - {name: WEIGHT, datatype: float64}
# - {name: NZ, unit: h3 / Mpc3, datatype: float64}
# - {name: WEIGHT_FKP, datatype: float64}
# - {name: theta, unit: deg, datatype: float64}
# - {name: phi, unit: deg, datatype: float64}
# - {name: rho, unit: Mpc, datatype: float64}
# - {name: r, unit: Mpc, datatype: float64}
# - {name: x, unit: Mpc, datatype: float64}
# - {name: y, unit: Mpc, datatype: float64}
# - {name: z, unit: Mpc, datatype: float64}
# meta: !!omap
# - {EXTNAME: LSS}
# - {DESIDR: edr}
# - comments: ['Visit https://desidatamodel.readthedocs.io/en/latest/ for a more complet', e description]
# schema: astropy-2.0
RA DEC TARGETID NTILE TILES Z COMP_TILE ROSETTE_NUMBER ROSETTE_R FRACZ_TILELOCID BITWEIGHTS PROB_OBS WEIGHT_ZFAIL WEIGHT NZ WEIGHT_FKP theta phi rho r x y z
[from data line 361]
220.314551010889 -0.7239966624373138 39627770304661131 11 244-245-246-247-248-249-250-251-252-253-469 0.956427665337669 1.0 9 0.5292470767841798 1.0 [-1,-1] 1.0 1.0 1.0 0.00041974738576830407 0.19815580287489248 90.72399666243732 139.685448989111 3285.94643350176 3285.94643350176 141.13899889228773 1217.3511562288622 -3048.865347840549
219.67266393039853 0.35201742166942956 39627794451271477 11 244-245-246-247-248-249-250-251-252-253-469 0.9945899113483496 1.0 9 0.9604952872320941 1.0 [-1,-1] 1.0 1.0 1.0 0.0002622817504223413 0.28340640119267335 89.64798257833057 140.32733606960147 3382.1678605618936 3382.1678605618936 -1688.7057270824437 2905.672346579925 -380.00081402213186
220.17617839584517 0.4011323634462318 39627800499457945 11 244-245-246-247-248-249-250-251-252-253-469 0.8388100134295668 1.0 9 1.0694728458701017 1.0 [-1,-1] 1.0 1.0 1.0 0.0006232532477076302 0.14268566385842998 89.59886763655376 139.82382160415483 2975.2817213594644 2975.2817213594644 -68.13481784098363 2968.507705904813 -188.7351796493102
218.61693412754343 -0.32365101786193734 39627782354897720 11 244-245-246-247-248-249-250-251-252-253-469 0.8271234609275775 1.0 9 1.2148744663802007 1.0 [-1,-1] 1.0 1.0 1.0 0.0006627118749498285 0.13533979738261318 90.32365101786193 141.38306587245657 2943.201647762717 2943.201647762717 -2075.057819552864 -23.649339200953285 -2087.106057118575
219.6793297006357 0.34031386246856854 39627794451271647 11 244-245-246-247-248-249-250-251-252-253-469 0.7875963788984898 1.0 9 0.9480248306264999 1.0 [-1,-1] 1.0 1.0 1.0 0.0007324854237337303 0.12404708914385561 89.65968613753144 140.3206702993643 2833.0072183520524 2833.0072183520524 -1396.3104997596988 2439.8542033084564 -351.22407960404945
220.33108328812997 -0.7325076007459346 39627770304661548 11 244-245-246-247-248-249-250-251-252-253-469 0.798887329752126 1.0 9 0.5473293896311667 1.0 [-1,-1] 1.0 1.0 1.0 0.0007229154976227362 0.12548315978664992 90.73250760074593 139.66891671187003 2864.7531887583414 2864.7531887583414 137.59445055188053 1036.6676391670896 -2667.0580806540647
220.3661573850301 -0.8060860524573726 39627770304662575 11 244-245-246-247-248-249-250-251-252-253-469 0.5393530596126294 1.0 9 0.602459161577251 1.0 [-1,-1] 1.0 1.0 1.0 0.0007045118177349687 0.128340413101622 90.80608605245737 139.6338426149699 2077.0767610959806 2077.0767610959806 102.08355275402417 605.4729618112389 -1984.2452752262286
219.77690954639775 -1.4374940430564365 39627752176878347 11 244-245-246-247-248-249-250-251-252-253-469 0.4931955908873008 1.0 9 0.8378121884780849 1.0 [-1,-1] 1.0 1.0 1.0 0.0005337442823398631 0.16272042362546515 91.43749404305643 140.22309045360225 1923.5076225704684 1923.5076225704684 256.39258613397243 -570.7318523585731 -1818.903397260443
218.85482757713328 -1.4175109771791536 39627752160102723 11 244-245-246-247-248-249-250-251-252-253-469 0.7429877284863045 1.0 9 1.249553139030841 1.0 [-1,-1] 1.0 1.0 1.0 0.0007126833197713517 0.12705585074725267 91.41751097717915 141.14517242286672 2705.440149369624 2705.440149369624 807.561947959752 -186.10371541433938 -2575.386477625749
219.99238670686668 -0.8925490935919369 39627764256479123 11 244-245-246-247-248-249-250-251-252-253-469 0.9717469577497163 1.0 9 0.35013034413297384 1.0 [-1,-1] 1.0 1.0 1.0 0.0003578035202613049 0.22475091060875194 90.89254909359194 140.00761329313332 3324.8326978735254 3324.8326978735254 -144.69920894273076 689.9081575213497 -3249.2462729017307
219.5302442167516 -1.0060449681311538 39627764252279513 11 244-245-246-247-248-249-250-251-252-253-469 0.8862502305938377 1.0 9 0.4874690770152505 1.0 [-1,-1] 1.0 1.0 1.0 0.0005690156306133545 0.15418916366201427 91.00604496813115 140.4697557832484 3103.218503652024 3103.218503652024 -192.38493069328604 243.39053580887597 -3087.67131782661
220.95842091843275 -0.9863877029214931 39627764273255785 11 244-245-246-247-248-249-250-251-252-253-469 0.5618934285905279 1.0 9 1.2210537317648462 1.0 [-1,-1] 1.0 1.0 1.0 0.000677088223595666 0.13284793461577618 90.98638770292149 139.04157908156725 2150.5234027826364 2150.5234027826364 176.93177642947526 186.41889561297683 -2135.109844425752
220.31911611150687 -0.738993199049308 39627770304661236 11 244-245-246-247-248-249-250-251-252-253-469 0.813630577996123 1.0 9 0.5373673990308869 1.0 [-1,-1] 1.0 1.0 1.0 0.0006627118749498285 0.13533979738261318 90.7389931990493 139.68088388849313 2905.881075862182 2905.881075862182 124.87312904416322 1035.7038286012134 -2712.170552918356
220.99622423241047 -0.7125756855633495 39627770313053940 11 244-245-246-247-248-249-250-251-252-253-469 0.5745225417259736 1.0 9 1.201431435825218 1.0 [-1,-1] 1.0 1.0 1.0 0.0006621615122706149 0.13543705131792066 90.71257568556335 139.00377576758953 2191.237307943331 2191.237307943331 601.1614840306546 587.2573549441843 -2023.6735430658666
220.96930375355495 -0.9974898220472284 39627764273256104 11 244-245-246-247-248-249-250-251-252-253-469 0.50884668286334 1.0 9 1.2349081860184916 1.0 [-1,-1] 1.0 1.0 1.0 0.0005337442823398631 0.16272042362546515 90.99748982204723 139.03069624644505 1976.061108296743 1976.061108296743 149.25734868196673 153.87173132738602 -1964.398950795305
220.23675514414867 0.2941311162134152 39627794459662077 11 244-245-246-247-248-249-250-251-252-253-469 0.8066600728460028 1.0 9 0.9950981250697184 1.0 [-1,-1] 1.0 1.0 1.0 0.0007229154976227362 0.12548315978664992 89.70586888378658 139.76324485585133 2886.48172150481 2886.48172150481 107.01345271088609 2842.624935787402 -489.7022809421396
219.78430326015328 0.5673286624236056 39627800495260432 11 244-245-246-247-248-249-250-251-252-253-469 0.7843598875730464 1.0 9 1.1674341888148967 1.0 [-1,-1] 1.0 1.0 1.0 0.0007324854237337303 0.12404708914385561 89.4326713375764 140.21569673984672 2823.8673613070955 2823.8673613070955 -1132.1002540782051 2570.7456724806184 289.5558260400461
218.63358490230203 -0.9728392342733947 39627764235504970 11 244-245-246-247-248-249-250-251-252-253-469 0.6560777806771968 1.0 9 1.224447698683972 1.0 [-1,-1] 1.0 1.0 1.0 0.000700708733790897 0.12894715825466588 90.9728392342734 141.36641509769797 2446.754301655538 2446.754301655538 -325.2985440776336 1.7092363726221627 -2425.032896354578
220.37719095019156 -0.913567114141123 39627764264865040 11 244-245-246-247-248-249-250-251-252-253-469 0.5275117966776114 1.0 9 0.6568217243560945 1.0 [-1,-1] 1.0 1.0 1.0 0.0006865842838717192 0.13125169390769817 90.91356711414112 139.62280904980844 2038.0883192502063 2038.0883192502063 69.10570342835025 383.9842298123211 -2000.3960882968258
219.81284208783424 0.5460088959295154 39627800495261033 11 244-245-246-247-248-249-250-251-252-253-469 1.0590688972414166 1.0 9 1.146080844981999 1.0 [-1,-1] 1.0 1.0 1.0 0.0001568149373683449 0.39812733398474315 89.45399110407048 140.18715791216576 3539.92360245202 3539.92360245202 -1329.2488960192225 3268.22740621437 287.82999304772585
219.01060331098637 -1.0127126658300352 39627764243890461 11 244-245-246-247-248-249-250-251-252-253-469 0.7497377340654682 1.0 9 0.8907035219277144 1.0 [-1,-1] 1.0 1.0 1.0 0.0007126833197713517 0.12705585074725267 91.01271266583004 140.98939668901363 2724.9653061823783 2724.9653061823783 -235.9847270773508 94.87775663092204 -2713.0693577165575
220.7902745679375 -1.69616556735779 39627746153857976 11 244-245-246-247-248-249-250-251-252-253-469 0.5959156529797178 1.0 9 1.4770914106784399 1.0 [-1,-1] 1.0 1.0 1.0 0.0007756247847600315 0.11796159141779075 91.6961655673578 139.2097254320625 2259.495277290681 2259.495277290681 -700.5746837769638 -1043.7347646829267 -1877.5334248800934
220.38619554473263 -0.9106507064162008 39627764264865288 11 244-245-246-247-248-249-250-251-252-253-469 0.5458528162767377 1.0 9 0.6633766053718007 1.0 [-1,-1152921504606846977] 0.9921875 1.0 1.0078125 0.0007045118177349687 0.128340413101622 90.9106507064162 139.61380445526737 2098.3590898392627 2098.3590898392627 75.82301615052182 400.58281721925647 -2058.3719650931853
220.40030781814986 -0.8002579562807681 39627770304663556 11 244-245-246-247-248-249-250-251-252-253-469 0.5360901723229601 1.0 9 0.6327863393880667 1.0 [-1,-1] 1.0 1.0 1.0 0.0007045118177349687 0.128340413101622 90.80025795628077 139.59969218185014 2066.361326586218 2066.361326586218 124.36105437350882 609.7930851701093 -1970.4151474866876
220.3873569904947 -0.7776303242109627 39627770304663220 11 244-245-246-247-248-249-250-251-252-253-469 0.8972428316495643 1.0 9 0.6135883233352442 1.0 [-1,-1] 1.0 1.0 1.0 0.0005275616701708153 0.16431404058018498 90.77763032421096 139.6126430095053 3132.3480872979662 3132.3480872979662 189.12969882939157 992.884625998383 -2964.795881081189
220.78367931121298 -1.690117243672425 39627746153857807 11 244-245-246-247-248-249-250-251-252-253-469 0.9073195093614451 1.0 9 1.4681842356330466 1.0 [-1,-1] 1.0 1.0 1.0 0.0005275616701708153 0.16431404058018498 91.69011724367242 139.21632068878702 3158.883062638843 3158.883062638843 -961.0135746172034 -1452.3524775449403 -2635.463411583833
220.39059829284255 -0.912145295520801 39627764264865408 11 244-245-246-247-248-249-250-251-252-253-469 1.0120923700875777 1.0 9 0.6679666385327366 1.0 [-1,-1073741825] 0.9921875 1.0 1.0078125 0.00020304675497218746 0.33812883710054276 90.9121452955208 139.60940170715745 3425.5801269518174 3425.5801269518174 125.70348095228923 648.4706192170745 -3361.291968433556
220.9466091878513 -1.005926367610328 39627764273255466 11 244-245-246-247-248-249-250-251-252-253-469 0.44726465151497635 1.0 9 1.2162339989635746 1.0 [-1,-1] 1.0 1.0 1.0 0.0005288673958748294 0.16397488484989944 91.00592636761033 139.0533908121487 1766.3874025366028 1766.3874025366028 120.189337745734 129.66742173378114 -1757.5168103529372
219.77163668241755 -1.823213008560238 39627746137080449 11 244-245-246-247-248-249-250-251-252-253-469 0.7753032079846117 1.0 9 1.2235416428641461 1.0 [-1,-1] 1.0 1.0 1.0 0.0007324854237337303 0.12404708914385561 91.82321300856024 140.22836331758245 2798.195945144151 2798.195945144151 762.3543486556681 -1673.345796614552 -2109.17762160027
220.38717783952407 -0.7980892996959166 39627770304663216 11 244-245-246-247-248-249-250-251-252-253-469 0.8149019357752065 1.0 9 0.6196495157855573 1.0 [-1,-1] 1.0 1.0 1.0 0.0006627118749498285 0.13533979738261318 90.79808929969592 139.61282216047593 2909.4105539694165 2909.4105539694165 164.93524411675662 866.7143528595952 -2772.4127339456413
220.38180420330534 -0.7830791963039714 39627770304663042 11 244-245-246-247-248-249-250-251-252-253-469 0.8966039377116115 1.0 9 0.6098889457295993 1.0 [-1,-1] 1.0 1.0 1.0 0.0005275616701708153 0.16431404058018498 90.78307919630397 139.61819579669466 3130.660297289925 3130.660297289925 180.5787425614942 977.4918610284906 -2968.6587672525466
220.23711862790074 0.2901736311638013 39627794459662092 11 244-245-246-247-248-249-250-251-252-253-469 0.8061058323420017 1.0 9 0.9917038611185338 1.0 [-1,-1] 1.0 1.0 1.0 0.0007229154976227362 0.12548315978664992 89.7098263688362 139.76288137209926 2884.9357293090593 2884.9357293090593 107.9144082115508 2839.1055720575596 -500.6877204965803
220.10967688845875 -0.8932644773689216 39627764260670174 11 244-245-246-247-248-249-250-251-252-253-469 0.8467309187356518 1.0 9 0.42648251482258936 1.0 [-1,-1] 1.0 1.0 1.0 0.0006232532477076302 0.14268566385842998 90.89326447736892 139.89032311154125 2996.89701546151 2996.89701546151 -56.57284165778846 630.7642106854989 -2929.219647856263
219.38894299603965 -0.5543088214893367 39627776327683311 10 244-245-246-247-248-249-250-251-252-254 0.6387131314229179 1.0 9 0.41356787911519094 1.0 [-1,-1] 1.0 1.0 1.0 0.000833303205902425 0.11070054926254569 90.55430882148934 140.61105700396035 2393.4081193718953 2393.4081193718953 -909.0191864553694 865.038811534245 -2038.085964592944
218.82959704198896 -1.1100952764801002 39627764239697878 10 244-245-246-247-248-249-250-251-252-254 0.769465695819842 1.0 9 1.0962039773809928 1.0 [-1,-1] 1.0 1.0 1.0 0.0006416626200019751 0.139161677870846 91.1100952764801 141.17040295801104 2781.574587004062 2781.574587004062 10.651817244557797 -2.1732782210903245 -2781.553342777733
219.96140049994037 -1.4898745856044688 39627752176883273 10 244-245-246-247-248-249-250-251-252-254 0.9340146190187346 1.0 9 0.9043880317162725 1.0 [-1,-1] 1.0 1.0 1.0 0.0004445766401596716 0.18918261239264766 91.48987458560447 140.03859950005963 3228.4141576317975 3228.4141576317975 284.6017023334908 -1174.543775047529 -2993.6777990831624
220.2024468549548 -1.4133039067963562 39627752181077163 10 244-245-246-247-248-249-250-251-252-254 0.7850688593756533 1.0 9 0.9073995834941657 1.0 [-1,-1] 1.0 1.0 1.0 0.0007324854237337303 0.12404708914385561 91.41330390679636 139.7975531450452 2825.871029885551 2825.871029885551 -2.836199407787458 -854.2893074484189 -2693.6460073102858
221.09490660319457 -0.2498832504287358 39627782396839920 10 244-245-246-247-248-249-250-251-252-254 0.820758804316033 1.0 9 1.3413677329466822 1.0 [-1,-1] 1.0 1.0 1.0 0.0006627118749498285 0.13533979738261318 90.24988325042874 138.90509339680543 2925.6351830856997 2925.6351830856997 1725.4176611241785 1381.1144356328155 -1916.9762739471541
219.00353426997415 0.020350840874315154 39627788403081379 10 244-245-246-247-248-249-250-251-252-254 1.0142536042090415 1.0 9 1.0095396950428888 1.0 [-1,-1] 1.0 1.0 1.0 0.00020304675497218746 0.33812883710054276 89.97964915912569 140.99646573002585 3430.909885525002 3430.909885525002 -2882.360522879034 1135.2518049684368 -1474.565630298493
219.0106009367201 -0.007521787268019117 39627788403081603 10 244-245-246-247-248-249-250-251-252-254 0.7816828867464306 1.0 9 0.9869945518398661 1.0 [-1,-1] 1.0 1.0 1.0 0.0007324854237337303 0.12404708914385561 90.00752178726802 140.9893990632799 2816.2939706229818 2816.2939706229818 -2327.15331706187 935.6265303585724 -1280.8091831121749
219.007147924243 0.007602912159699459 39627788403081498 10 244-245-246-247-248-249-250-251-252-254 0.7372216320131266 1.0 9 0.9988858901233708 1.0 [-1,-1] 1.0 1.0 1.0 0.0007126833197713517 0.12705585074725267 89.9923970878403 140.992852075757 2688.697588417704 2688.697588417704 -2241.717161770989 892.29765655325 -1186.4247893120648
219.89131441082938 0.6040059190723244 39627800495262836 10 244-245-246-247-248-249-250-251-252-254 0.7819858930776931 1.0 9 1.2074635679537526 1.0 [-1,-1] 1.0 1.0 1.0 0.0007324854237337303 0.12404708914385561 89.39599408092768 140.10868558917062 2817.151808981817 2817.151808981817 -845.2464967987795 2658.6998134599717 391.4306789290079
219.25425590759227 0.019801647703715543 39627788407275665 10 244-245-246-247-248-249-250-251-252-254 0.8747912677654255 1.0 9 0.8258208988899599 1.0 [-1,-1] 1.0 1.0 1.0 0.0005690156306133545 0.15418916366201427 89.98019835229628 140.74574409240773 3072.6485230291646 3072.6485230291646 -2247.8330054621756 1624.9413194581075 -1322.1124891422571
220.18909573018774 -1.9361798766576004 39627740101480967 11 244-245-246-247-248-249-250-251-252-254-469 0.5013116691887199 1.0 9 1.3916505071117524 1.0 [-1,-1] 1.0 1.0 1.0 0.0005337442823398631 0.16272042362546515 91.9361798766576 139.81090426981226 1950.8219375114913 1950.8219375114913 14.44028459432664 -1439.4909620121891 -1316.5726263074691
221.19757840690636 -1.113009234401596 39627764277450194 11 244-245-246-247-248-249-250-251-252-254-469 0.9474728728265308 1.0 9 1.488608192837007 1.0 [-1,-1] 1.0 1.0 1.0 0.0004445766401596716 0.18918261239264766 91.1130092344016 138.80242159309364 3263.0519488021996 3263.0519488021996 -18.713575533487017 -12.05681474786283 -3262.9760121537397
220.63751765360496 0.32459884000597083 39627794468047883 11 244-245-246-247-248-249-250-251-252-254-469 0.8261559815134576 1.0 9 1.2475173591264193 1.0 [-1,-1] 1.0 1.0 1.0 0.0006627118749498285 0.13533979738261318 89.67540115999402 139.36248234639504 2940.5357432576866 2940.5357432576866 1235.9929350301873 2636.4132451181936 -410.362185023005
