data_rosette/LRG_14_clustering_data.ecsv
# %ECSV 1.0
# ---
# datatype:
# - {name: RA, unit: deg, datatype: float64}
# - {name: DEC, unit: deg, datatype: float64}
# - {name: TARGETID, datatype: int64}
# - {name: NTILE, datatype: int64}
# - {name: TILES, datatype: string}
# - {name: Z, datatype: float64}
# - {name: COMP_TILE, datatype: float64}
# - {name: ROSETTE_NUMBER, datatype: int32}
# - {name: ROSETTE_R, unit: deg, datatype: float64}
# - {name: FRACZ_TILELOCID, datatype: float64}
# - {name: BITWEIGHTS, datatype: string, subtype: 'int64[2]'}
# - {name: PROB_OBS, datatype: float64}
# - {name: WEIGHT_ZFAIL, datatype: float64}
# - {name: WEIGHT, datatype: float64}
# - {name: NZ, unit: h3 / Mpc3, datatype: float64}
# - {name: WEIGHT_FKP, datatype: float64}
# - {name: distance, unit: Mpc, datatype: float64}
# - {name: x, unit: Mpc, datatype: float64}
# - {name: y, unit: Mpc, datatype: float64}
# - {name: z, unit: Mpc, datatype: float64}
# meta: !!omap
# - {EXTNAME: LSS}
# - {DESIDR: edr}
# - comments: ['Visit https://desidatamodel.readthedocs.io/en/latest/ for a more complet', e description]
# schema: astropy-2.0
RA DEC TARGETID NTILE TILES Z COMP_TILE ROSETTE_NUMBER ROSETTE_R FRACZ_TILELOCID BITWEIGHTS PROB_OBS WEIGHT_ZFAIL WEIGHT NZ WEIGHT_FKP distance x y z
[from data line 5422]
254.13908880537005 33.70566989117518 39632956897100394 3 384-387-389 0.8099967179597533 1.0 14 1.5725438093400628 1.0 [-1,-1] 1.0 1.0 1.0 0.0008239664519383997 0.11155322342262282 2895.777998419644 -658.3857460320332 -2317.2801319497917 1606.9446834362034
254.12177937986897 33.70908517054422 39632956897100129 3 384-387-389 0.6243610927006875 1.0 14 1.5584321955467562 1.0 [-144138318626422978,-36035394276426022] 0.8203125 1.0 1.2169811320754718 0.0007056687116799521 0.12786279395313782 2348.889136999729 -534.5913511823894 -1879.4086655138644 1303.5778968468726
253.4401199524857 33.06888733860724 39632941730500402 3 384-387-389 0.9078862218613605 1.0 14 1.6305027766956843 1.0 [-1,-1] 1.0 1.0 1.0 0.0005723615213970424 0.15308410280969617 3160.3706571784596 -754.850658352104 -2538.5875392931885 1724.4467169748552
254.10380791724958 33.71764836867242 39632956897099853 3 384-387-389 0.6192802021420541 1.0 14 1.5412076390832283 1.0 [-72699781398397331,-2459248539420389385] 0.734375 1.0 1.3578947368421053 0.0007056687116799521 0.12786279395313782 2333.0350828047603 -531.5155596578227 -1866.3706411493433 1295.0693175638264
254.11058242825806 33.706816069883416 39632956897099975 3 384-387-389 1.0048068690774326 1.0 14 1.5516251645574346 1.0 [-4650164527658386433,-6052886372323257601] 0.75 1.0 1.3298969072164948 0.00023297360745577845 0.30751381291380364 3407.563705107992 -776.0918627171416 -2726.4027622126787 1891.004971752486
251.82639874169786 33.01475209228529 39632941709526799 4 384-387-389-437 0.48313750218718116 1.0 14 1.5873101846645254 1.0 [-1,-1] 1.0 1.0 1.0 0.000668512811805897 0.13401699399284683 1889.4714213488005 -494.1633768406012 -1505.343666877043 1029.4878598975938
254.1764485007086 35.3266017030771 39632986810879728 3 384-387-436 0.8165056363747214 1.0 14 1.6040572686178682 1.0 [-137438953473,-9] 0.984375 1.0 1.015748031496063 0.000762533893525711 0.11946670068019369 2913.8588060242264 -648.2395967115153 -2287.2412062881667 1684.8994720628514
254.01873870923166 35.504974383695995 39632991743381811 2 384-388 0.7253298599588108 1.0 14 1.5992127496537276 1.0 [-1,-1] 1.0 1.0 1.0 0.0005823912580269674 0.15084542533972659 2653.9826930044683 -594.8392943058326 -2077.0146635938713 1541.3631745740602
254.33296615490545 34.84082432509091 39632976903934177 2 384-388 0.8669534797676454 1.0 14 1.5455228900820126 1.0 [-1,-1] 1.0 1.0 1.0 0.0006576102792991648 0.1359368301360722 3051.6178813061692 -676.3563154422035 -2411.5396486796913 1743.384739784891
254.03593770200436 35.56510610695361 39632991743382153 2 384-436 0.5759190308157588 1.0 14 1.6480383133622 1.0 [-1,-1] 1.0 1.0 1.0 0.0005369919189708607 0.1615383650856205 2195.7201663906058 -491.2443405899634 -1717.2370436238925 1277.0916110203664
254.39002931227284 34.67451378348514 39632976908124588 2 384-436 0.9562308624621825 1.0 14 1.5657222876026218 1.0 [-1,-1] 1.0 1.0 1.0 0.0003767415448896098 0.21544643941305056 3285.44457638813 -727.0581839817722 -2602.2813411087814 1869.1346348886664
254.37809193137662 34.6837903782599 39632976908124361 2 384-436 0.7452014713462124 1.0 14 1.5569386104031935 1.0 [-1,-1] 1.0 1.0 1.0 0.0006073340474539246 0.1455520198534496 2711.8524679494694 -600.5043518259099 -2147.5941883256264 1543.1712586851033
254.19700065929322 35.515045404478606 39632991747573680 1 385 0.6305706991896727 0.6923076923076923 14 1.7210963977580582 0.16666666666666666 [594633909044543496,6825770601415044] 0.171875 1.0 5.608695652173913 0.0007982518636535506 0.11473445525619816 2368.198657786806 -524.951602799557 -1854.7690306208547 1375.726186605162
254.42743711109733 35.14297051991841 39632986815072860 1 385 0.8168639694215478 0.6923076923076923 14 1.7079068130802508 1.0 [-1,-1] 1.0 1.0 1.0 0.000762533893525711 0.11946670068019369 2914.8521415217747 -639.8784412674473 -2296.0314173896454 1677.8433531456133
252.98514388876467 36.14285901575799 39633006440223017 1 385 0.521084417102699 0.6923076923076923 14 1.6898660490015414 1.0 [-1,-1] 1.0 1.0 1.0 0.0006888416087567301 0.1305783864573065 2016.8081568986222 -476.5812166545595 -1557.3825433107434 1189.514648693255
254.33380734153494 34.77181079835007 39632976903934188 1 385 0.4328127232205036 0.6923076923076923 14 1.5330843855101255 1.0 [-1,-1] 1.0 1.0 1.0 0.0006285113834356281 0.1413409039925048 1716.0478492029677 -380.6411320277696 -1357.2476428145922 978.6783871308199
254.41559540173978 35.115661545723576 39632981869987531 1 385 0.8506855020001501 0.6923076923076923 14 1.6890032788978135 0.5 [3390199312525865368,-8085513031864918182] 0.46875 1.0 2.1147540983606556 0.0006576102792991648 0.1359368301360722 3007.6501821084958 -660.9610324416187 -2369.786567885765 1730.08720999815
254.43528670120543 34.75488734342768 39632976908125381 1 385 0.7973803213834497 0.6923076923076923 14 1.6127202817015125 1.0 [-1,-1] 1.0 1.0 1.0 0.0008239664519383997 0.11155322342262282 2860.528558682879 -630.6226061402756 -2264.018715611632 1630.6924967710663
254.1135412772466 35.43837902137218 39632991747572345 1 385 0.7310872192429683 0.6923076923076923 14 1.6213331638457318 1.0 [-1,-1] 1.0 1.0 1.0 0.0006073340474539246 0.1455520198534496 2670.821101754605 -595.6471255466132 -2092.9126986290744 1548.6143145802653
254.44765523973297 35.068191270952916 39632981869988050 1 385 0.8241083582157038 0.6923076923076923 14 1.6975001893532737 1.0 [-5780405308388679729,-23942974333389313] 0.8125 1.0 1.2285714285714286 0.000762533893525711 0.11946670068019369 2934.8883575917016 -644.0516653759098 -2314.1633455292645 1686.2429048220292
251.42873255048207 35.86093434233093 39632996629744056 4 385-386-388-436 1.0489586196181973 1.0 14 1.6182413399676112 1.0 [-1,-1] 1.0 1.0 1.0 0.00017557006270178804 0.37077784677498654 3515.5785471599706 -907.4149793303142 -2700.808604448929 2059.4959234417056
252.60098791956034 34.429730796633045 39632971900129983 5 385-386-389-436-437 0.4965541177286019 1.0 14 0.10895087821637627 1.0 [-1,-1] 1.0 1.0 1.0 0.0007365189099627642 0.12316671624379881 1934.8268369293721 -477.2082500328315 -1522.8653950526302 1093.9415722761057
251.78684709826592 36.01622554733462 39633001537081256 3 385-386-436 0.9207178715484076 1.0 14 1.6241919707984627 1.0 [-1,-1] 1.0 1.0 1.0 0.00042618922305278896 0.1953324009783564 3193.9190323292014 -807.4503343103524 -2453.975381688896 1878.0701714157647
251.80213181486263 35.98490580712875 39633001537081514 3 385-386-436 0.8481341441347907 1.0 14 1.5905201299032987 1.0 [-1,-1] 1.0 1.0 1.0 0.0006366829495309179 0.1397804201853648 3000.715543304479 -758.2928558507274 -2306.6500727105426 1763.1367385030844
251.79586577450726 36.002244226761015 39633001537081412 3 385-386-436 0.7450387890293615 1.0 14 1.6085191665900547 1.0 [-1,-1] 1.0 1.0 1.0 0.0006073340474539246 0.1455520198534496 2711.3815362595583 -685.2542845212982 -2083.706004949823 1593.7959987559557
250.97356207247685 35.295460806913674 39632986768933810 5 385-388-389-436-437 0.9451418499811031 1.0 14 1.4832508951227177 1.0 [-1,-1] 1.0 1.0 1.0 0.0003671239319408774 0.21984967794317842 3257.0723299517185 -866.6397754088117 -2513.1369482765226 1881.913478729521
251.64099469559255 35.93324958817593 39633001537079180 3 385-388-436 0.8216212335467747 0.6666666666666666 14 1.5958207224600196 1.0 [-1,-1] 1.0 1.0 1.0 0.000762533893525711 0.11946670068019369 2928.019438263157 -746.7375667395684 -2250.1499614317113 1718.2857702767699
254.2575499446086 35.139188930582435 39632986810880985 3 385-388-436 0.8086094994280192 0.6666666666666666 14 1.5780758314003045 1.0 [-1,-1] 1.0 1.0 1.0 0.0008239664519383997 0.11155322342262282 2891.915322090889 -641.6246473711494 -2276.1774296022672 1664.4844099597667
251.71764571435898 35.961675434359194 39633001537080316 2 385-436 0.42873820540782304 0.6 14 1.595251605109655 1.0 [-1,-1] 1.0 1.0 1.0 0.0005613841910631427 0.1556117057517016 1701.776546922679 -432.1013895021324 -1307.9049414922342 999.358028369512
251.7351766152449 35.99541603151441 39633001537080569 2 385-436 0.43247747314138374 0.6 14 1.620599357105365 1.0 [-1,-1] 1.0 1.0 1.0 0.0006285113834356281 0.1413409039925048 1714.8749215747243 -434.8380019385114 -1317.541513027569 1007.8671887530938
253.04794567271242 35.96812330172167 39633001558048807 2 385-436 0.8558951871814877 0.6 14 1.534819513764088 0.3333333333333333 [6756764881865009504,6537758313687573310] 0.515625 1.0 1.9253731343283582 0.0006576102792991648 0.1359368301360722 3021.777236219879 -713.0835101419881 -2339.390887253499 1774.795720508565
253.05546790351906 35.97488149078292 39633001558048924 2 385-436 0.8555555560254089 0.6 14 1.543074751481854 1.0 [-4161565332903160417,-2141368502063228507] 0.515625 1.0 1.9253731343283582 0.0006576102792991648 0.1359368301360722 3020.8576078926035 -712.4984507774948 -2338.5722933595284 1774.5439621303976
252.64532617138028 36.20301009326563 39633006436028442 2 385-436 0.6402114510965379 0.6 14 1.7071292526929644 1.0 [-1,-1] 1.0 1.0 1.0 0.0007982518636535506 0.11473445525619816 2398.033402790708 -577.1959761837359 -1846.9536174771538 1416.3937802974644
253.77271583554477 35.89583550105765 39633001566439224 2 385-436 0.9806510650590888 0.6 14 1.7406464421955525 0.5 [-1,-1] 1.0 1.0 1.0 0.00030269805442075816 0.25472307248715254 3347.2735971937154 -757.7448223693849 -2603.5465120120653 1962.5516243993059
254.4382535361687 34.53555697980994 39632971929485786 2 385-436 0.7032599523743693 0.6 14 1.5973960406461203 1.0 [-1,-1] 1.0 1.0 1.0 0.0005639081233901963 0.1550231922816235 2588.8867262079016 -572.1427123298137 -2054.4797035965416 1467.6853700208424
254.0238345987186 35.351715476488344 39632986810877265 2 385-436 0.6244222267041303 0.6 14 1.5120430543606271 0.3333333333333333 [-1,-1] 1.0 1.0 1.0 0.0007056687116799521 0.12786279395313782 2349.079596722673 -527.3401423940919 -1841.945177520539 1359.163451895086
250.43764798367465 34.70070199132507 39632976853598437 1 386 0.6263109396007707 0.5555555555555556 14 1.70938142111539 1.0 [-1,-1] 1.0 1.0 1.0 0.0007056687116799521 0.12786279395313782 2354.960288430516 -648.2692297547159 -1824.3439278319038 1340.6543920119116
250.86287587670955 35.440679751287355 39632991701436550 1 386 0.7543048343634364 0.5555555555555556 14 1.6384341952883317 1.0 [-1,-1] 1.0 1.0 1.0 0.0007242712797402853 0.12498917450484462 2738.130877950893 -731.3233405304514 -2107.518497335813 1587.7319231441131
250.70470021460662 35.21054082931779 39632986764740463 1 386 0.5984557141914363 0.5555555555555556 14 1.6355790834890183 0.5 [-2839151108183306512,-3741384430152358392] 0.5 1.0 1.9846153846153847 0.0006106036532175123 0.14488555312656437 2267.5408779032005 -612.1903137284895 -1748.6009554878078 1307.4247019259487
252.01586341381224 33.0044790035807 39632941713719542 1 386 0.995191835096573 0.5555555555555556 14 1.5487398518763753 1.0 [-578818107425444101,-5814859679789103203] 0.75 1.0 1.3298969072164948 0.00023297360745577845 0.30751381291380364 3383.6682674597905 -876.1314139738681 -2698.9976578911565 1843.0996533992788
251.26212981607148 33.61272398491187 39632951817799384 6 386-387-388-389-436-437 0.4929526617161163 1.0 14 1.3560856501940548 1.0 [-1,-1] 1.0 1.0 1.0 0.0007365189099627642 0.12316671624379881 1922.687990294386 -514.371510113769 -1516.3441895043068 1064.3549016009995
251.26332679090854 35.795259000288375 39632996629741614 3 386-388-436 1.0995805041351479 1.0 14 1.6431933559092362 1.0 [-1,-1] 1.0 1.0 1.0 5.9370222311395755e-05 0.6353792046182113 3636.053756234023 -947.3549767500754 -2792.951868190324 2126.693520049983
251.29508005251594 35.813025907701714 39632996629742049 3 386-388-436 0.7128505759885443 1.0 14 1.6414575884064502 1.0 [-1,-1] 1.0 1.0 1.0 0.0005823912580269674 0.15084542533972659 2617.2819554261077 -680.6527258719581 -2010.3334066718116 1531.4817318471323
251.29531763893212 35.82492535629631 39632996629742053 3 386-388-436 0.8641046912490854 1.0 14 1.6508321295900568 1.0 [-1,-1] 1.0 1.0 1.0 0.0006576102792991648 0.1359368301360722 3043.9493880463187 -791.4839057964937 -2337.7093746413357 1781.6554053931702
250.76171662069768 35.16334400165331 39632986764741283 4 386-388-436-437 1.0254518895762168 1.0 14 1.5734659059811877 1.0 [-1,-1] 1.0 1.0 1.0 0.00020130102782971312 0.3394727840281335 3458.4178643618566 -931.58960369819 -2669.4166014938046 1991.7354097590223
250.63763753703006 34.903857810125494 39632981815464220 4 386-388-436-437 0.48619840774729284 1.0 14 1.5834332803910638 1.0 [-1,-1] 1.0 1.0 1.0 0.000668512811805897 0.13401699399284683 1899.8512729046429 -516.572555683245 -1469.9686446018525 1087.0969771642572
250.63708673211698 34.90976298645226 39632981815464212 4 386-388-436-437 0.5694690722346092 1.0 14 1.5853340893862755 1.0 [-16385,-536870913] 0.984375 1.0 1.015748031496063 0.0006724560872077301 0.13333590500666823 2174.9833623422423 -591.3550521216024 -1682.7194149979027 1244.7116931984447
252.6932748202942 34.56470907695343 39632971904320908 3 386-388-437 0.8605518213931087 0.5 14 0.17186790401653607 1.0 [-1,-1] 1.0 1.0 1.0 0.0006576102792991648 0.1359368301360722 3034.367236791433 -743.3481211120866 -2385.6297643927883 1721.5076897288657
252.06722298493278 32.97404775796575 39632941713720324 2 386-389 0.8649794052502877 1.0 14 1.5678127564011177 1.0 [-1,-1] 1.0 1.0 1.0 0.0006576102792991648 0.1359368301360722 3046.3053753732447 -786.8710055734755 -2431.442921613421 1657.9794267576738
252.0490588782894 32.98223193827116 39632941713720045 2 386-389 0.41679749380247044 1.0 14 1.5633977252478795 1.0 [-1,-1] 1.0 1.0 1.0 0.0005613841910631427 0.1556117057517016 1659.752953276876 -429.09999715383873 -1324.4917538744762 903.5345329717077
251.1313671542259 33.30614776877287 39632946763662601 3 386-389-437 0.7774854219166927 1.0 14 1.647882381507837 1.0 [-1,-1] 1.0 1.0 1.0 0.0007064174578981374 0.12774458208408304 2804.394368649176 -757.9733022764021 -2217.820107467267 1539.9279914532679
251.18661994514477 33.20548983479622 39632946763663449 3 386-389-437 0.8636602371251589 1.0 14 1.6927206832646096 1.0 [-1,-1] 1.0 1.0 1.0 0.0006576102792991648 0.1359368301360722 3042.7518050210274 -821.0211142752908 -2409.8888168461513 1666.3429320859304
251.14911295803014 33.2593243339246 39632946763662872 3 386-389-437 0.8601798806614861 1.0 14 1.6724084339312535 1.0 [-1,-1] 1.0 1.0 1.0 0.0006576102792991648 0.1359368301360722 3033.3629245335687 -819.5555646008211 -2400.4382321752632 1663.5851652313966
252.18154626372447 32.94481386406734 39632941713722217 3 386-389-437 0.8564389684586253 1.0 14 1.5775771919250121 1.0 [-1,-1] 1.0 1.0 1.0 0.0006576102792991648 0.1359368301360722 3023.2492568071543 -776.3559997714722 -2415.3927489687976 1644.1366423241113
251.34179019836873 35.845654751193344 39632996629742757 2 386-436 0.9313741002931032 1.0 14 1.6452944819888484 1.0 [9149792718715600829,-18032060488769793] 0.859375 1.0 1.162162162162162 0.0003671239319408774 0.21984967794317842 3221.585664094243 -835.4473167481475 -2474.163582459369 1886.57269652343
250.98161054889596 35.65345873402332 39632996625547661 2 386-436 0.7539125006117854 1.0 14 1.6954124290319883 0.5 [-1,-1] 1.0 1.0 1.0 0.0007242712797402853 0.12498917450484462 2737.0013296324746 -724.7287856661824 -2102.5727550325814 1595.3470705246102
250.48957935481164 34.72910294709831 39632976853599091 2 386-437 1.094285618685298 0.8181818181818182 14 1.6703169303573175 0.5 [-1,-1] 1.0 1.0 1.0 5.9370222311395755e-05 0.6353792046182113 3623.6170969423647 -994.6164255387512 -2807.087530489847 2064.36397649977
250.51025384082536 33.96631376511547 39632961867351369 2 386-437 1.0712886053851591 0.8181818181818182 14 1.7293991534543323 0.3333333333333333 [7700590746681237707,-230305378097530730] 0.5234375 1.0 1.8970588235294117 0.00012850791192818028 0.44600300211103894 3569.157771865586 -987.6152544087885 -2790.5264569398864 1994.1076708257506
