data_rosette/LRG_8_clustering_data.ecsv
# %ECSV 1.0
# ---
# datatype:
# - {name: RA, unit: deg, datatype: float64}
# - {name: DEC, unit: deg, datatype: float64}
# - {name: TARGETID, datatype: int64}
# - {name: NTILE, datatype: int64}
# - {name: TILES, datatype: string}
# - {name: Z, datatype: float64}
# - {name: COMP_TILE, datatype: float64}
# - {name: ROSETTE_NUMBER, datatype: int32}
# - {name: ROSETTE_R, unit: deg, datatype: float64}
# - {name: FRACZ_TILELOCID, datatype: float64}
# - {name: BITWEIGHTS, datatype: string, subtype: 'int64[2]'}
# - {name: PROB_OBS, datatype: float64}
# - {name: WEIGHT_ZFAIL, datatype: float64}
# - {name: WEIGHT, datatype: float64}
# - {name: NZ, unit: h3 / Mpc3, datatype: float64}
# - {name: WEIGHT_FKP, datatype: float64}
# - {name: theta, unit: deg, datatype: float64}
# - {name: phi, unit: deg, datatype: float64}
# - {name: rho, unit: Mpc, datatype: float64}
# - {name: r, unit: Mpc, datatype: float64}
# - {name: x, unit: Mpc, datatype: float64}
# - {name: y, unit: Mpc, datatype: float64}
# - {name: z, unit: Mpc, datatype: float64}
# meta: !!omap
# - {EXTNAME: LSS}
# - {DESIDR: edr}
# - comments: ['Visit https://desidatamodel.readthedocs.io/en/latest/ for a more complet', e description]
# schema: astropy-2.0
RA DEC TARGETID NTILE TILES Z COMP_TILE ROSETTE_NUMBER ROSETTE_R FRACZ_TILELOCID BITWEIGHTS PROB_OBS WEIGHT_ZFAIL WEIGHT NZ WEIGHT_FKP theta phi rho r x y z
[from data line 3678]
216.19498627006766 -0.5453360214097257 39627776273158377 7 217-219-222-223-224-225-227 0.6181168172683252 1.0 8 0.11838467618730013 1.0 [-1,-1] 1.0 1.0 1.0 0.0007214233604467519 0.12571007283523317 90.54533602140972 143.80501372993234 2329.3980308776017 2329.3980308776017 941.0410975322987 -805.9899036587229 -1972.5407763115716
215.59732171800042 0.566874429156314 39627800423958943 8 217-219-222-223-224-226-227-466 0.632936086860741 1.0 8 1.362107042000709 1.0 [-1,-1] 1.0 1.0 1.0 0.000833303205902425 0.11070054926254569 89.43312557084369 144.40267828199958 2375.534929736823 2375.534929736823 2348.6895766689063 -260.7908973553346 242.51099501499777
216.94020594238128 -1.5003423210053484 39627752126550696 8 217-219-222-223-224-226-227-466 0.9756235992666438 1.0 8 1.1046872065203928 1.0 [-1,-1] 1.0 1.0 1.0 0.0003578035202613049 0.22475091060875194 91.50034232100535 143.05979405761872 3334.6174358478434 3334.6174358478434 -149.90475385905538 1271.783854048873 -3078.923161888178
215.90938762690294 -1.2592346047148044 39627758149570395 8 217-219-222-223-224-226-227-466 0.5109292924401594 1.0 8 0.7662417657826021 1.0 [-1,-1] 1.0 1.0 1.0 0.0006865842838717192 0.13125169390769817 91.2592346047148 144.09061237309706 1983.0167319816383 1983.0167319816383 -275.71070274984623 124.00211025269158 -1959.8373515068035
217.50471411778366 0.2087781700349781 39627794417713287 7 217-219-222-223-224-226-466 0.4677786770302012 0.6666666666666666 8 1.451005588213073 1.0 [-1,-1] 1.0 1.0 1.0 0.0005635091211985168 0.1554616369400361 89.79122182996502 142.49528588221634 1837.098163886023 1837.098163886023 -768.5508016526154 -1602.5444353218027 -464.87703949715984
215.47375982280593 -1.4188385142495408 39627752101385003 7 217-219-222-223-224-226-466 0.6815949525632298 0.6666666666666666 8 1.1631620026394516 1.0 [-17179869185,-4294967297] 0.984375 1.0 1.015748031496063 0.0007209928471550773 0.12577569469930108 91.41883851424954 144.52624017719407 2524.1293904752933 2524.1293904752933 -776.3132285316995 -10.075645767692343 -2401.762984232672
217.49405845482178 0.19430998048203446 39627794413524339 6 217-219-222-223-224-466 0.7403182808873238 1.0 8 1.4341071200002986 1.0 [-1,-1] 1.0 1.0 1.0 0.0007126833197713517 0.12705585074725267 89.80569001951797 142.50594154517822 2697.6963699049275 2697.6963699049275 -1099.1520912268838 -2355.9589112420585 -720.338804375362
217.49986552848634 0.19333068697518302 39627794413524481 6 217-219-222-223-224-466 0.7265418073873483 1.0 8 1.4384052735723305 1.0 [-1,-1] 1.0 1.0 1.0 0.0006167714992318164 0.14396928707710532 89.80666931302481 142.50013447151366 2657.5321422320862 2657.5321422320862 -1095.948757265439 -2313.926515341324 -712.1218224751703
216.66080232710846 0.80190069899725 39627806480535819 5 217-219-222-223-225 0.5904056111003567 0.875 8 1.4475831549007154 0.5 [-342560983715422467,-2356795767106209816] 0.6796875 1.0 1.4659090909090908 0.0007756247847600315 0.11796159141779075 89.19809930100276 143.33919767289154 2241.9995025366006 2241.9995025366006 817.5091039332752 -1951.3459194611753 741.9499558344883
217.37565678644583 0.5148858144990933 39627800453319406 5 217-219-222-223-225 1.050900197096767 0.875 8 1.549183899766374 1.0 [-1,-1] 1.0 1.0 1.0 0.0001568149373683449 0.39812733398474315 89.4851141855009 142.62434321355417 3520.264889717371 3520.264889717371 -1099.6906538409246 -3339.408265007775 176.91184027513975
217.50664179698362 -1.5394202860588646 39627752139129017 5 217-219-222-223-225 0.8445576915390233 0.875 8 1.5290372103992778 1.0 [-1,-1] 1.0 1.0 1.0 0.0006232532477076302 0.14268566385842998 91.53942028605887 142.49335820301638 2990.9767588972227 2990.9767588972227 545.1485914578801 1131.1196876588965 -2714.649744936769
216.67132961708228 0.8336663577862639 39627806480536200 5 217-219-222-223-225 0.7145751685452464 0.875 8 1.4809716885179725 1.0 [-1,-1] 1.0 1.0 1.0 0.0006167714992318164 0.14396928707710532 89.16633364221373 143.32867038291772 2622.3704611036082 2622.3704611036082 921.2728361530912 -2265.6562371069117 945.9836213665338
216.66785676689028 0.8078830868581278 39627806480536069 5 217-219-222-223-225 0.7412167960432704 0.875 8 1.4551447120651033 1.0 [-4686646323306828369,-3170534140102615213] 0.7890625 1.0 1.2647058823529411 0.0007126833197713517 0.12705585074725267 89.19211691314187 143.33214323310972 2700.3042666033903 2700.3042666033903 965.9704237274807 -2352.1359808901075 908.8457515565316
217.79053100640664 0.06883502775995365 39627788382110626 5 217-219-222-223-225 0.7137328937892761 0.875 8 1.6336921399584792 1.0 [-1,-1] 1.0 1.0 1.0 0.0006167714992318164 0.14396928707710532 89.93116497224004 142.20946899359336 2619.885949473316 2619.885949473316 -1617.4578432523792 -1796.5189982044074 -1010.0257435529511
217.43005823199627 0.2955020024039554 39627794413522882 6 217-219-222-223-225-226 0.6761438541699781 1.0 8 1.4418461880272364 1.0 [-1,-1] 1.0 1.0 1.0 0.0007209928471550773 0.12577569469930108 89.70449799759605 142.56994176800373 2507.7009905795617 2507.7009905795617 -899.7019051498397 -2302.3840939201236 -422.05239495479225
216.05162666169406 -0.07896247602617304 39627788352750876 8 217-219-222-223-225-226-227-466 0.9200454695526923 1.0 8 0.577206051372924 1.0 [-1,-1] 1.0 1.0 1.0 0.0004951280553168204 0.17321314004730964 90.07896247602618 143.94837333830594 3192.1673940845562 3192.1673940845562 2307.638005600833 -1462.5367653489727 -1650.9772006196088
215.47174600037638 -1.4047331020349807 39627752101384951 7 217-219-222-223-225-226-466 0.6827148738131558 1.0 8 1.1547202378457997 1.0 [-1,-1] 1.0 1.0 1.0 0.0007209928471550773 0.12577569469930108 91.40473310203498 144.52825399962362 2527.497838658827 2527.497838658827 -743.3318656471461 -11.144817611623145 -2415.6942801147206
216.44358516722946 0.9181068626130834 39627812516139301 7 217-219-222-223-225-226-466 0.6617175565035498 1.0 8 1.5248815631100379 1.0 [-1,-1] 1.0 1.0 1.0 0.000700708733790897 0.12894715825466588 89.08189313738691 143.55641483277054 2463.9593068835993 2463.9593068835993 1276.0053283282157 -1810.4159717996806 1079.4905636961016
215.4712982788589 -1.402539405698738 39627752101384938 7 217-219-222-223-225-226-466 0.6789684269671766 1.0 8 1.153514237687086 1.0 [-1,-1] 1.0 1.0 1.0 0.0007209928471550773 0.12577569469930108 91.40253940569873 144.5287017211411 2516.2204316050897 2516.2204316050897 -734.7333596057534 -11.344931825696314 -2406.533490984744
217.53354261398158 -1.2224361685017788 39627758178927332 6 217-219-222-223-225-227 0.6058700575700804 1.0 8 1.3815405694540805 1.0 [-1,-1] 1.0 1.0 1.0 0.0007756247847600315 0.11796159141779075 91.22243616850177 142.46645738601842 2290.9546606711756 2290.9546606711756 121.76321556475828 236.1821981806938 -2275.492242537611
217.84261489997226 -0.7489033392672301 39627770262718661 6 217-219-222-223-225-227 0.9445903522679742 1.0 8 1.549677982604411 1.0 [-1,-1] 1.0 1.0 1.0 0.0004445766401596716 0.18918261239264766 90.74890333926723 142.15738510002774 3255.6563999948994 3255.6563999948994 -804.8581671750699 -805.369454862208 -3050.0626168546582
217.4043872890693 0.4535818288788594 39627800453319908 7 217-219-222-223-225-227-466 0.9214440805595216 1.0 8 1.5263255205485706 0.5 [-1,-1] 1.0 1.0 1.0 0.0004951280553168204 0.17321314004730964 89.54641817112115 142.5956127109307 3195.810053111635 3195.810053111635 -1086.317404134569 -3005.3077129270523 -35.24122110394466
217.79172099559855 -0.6251628065646677 39627770262717425 5 217-219-222-223-226 1.0287473000865994 1.0 8 1.4918479446562989 1.0 [-1,-1] 1.0 1.0 1.0 0.00020304675497218746 0.33812883710054276 90.62516280656467 142.20827900440145 3466.4785915824377 3466.4785915824377 -1074.5839155797412 -1190.693533040182 -3073.107896682601
215.65587632557487 0.6735227714788169 39627806463758080 7 217-219-222-223-226-227-466 0.7182475012850901 1.0 8 1.427143407287371 1.0 [-1,-1] 1.0 1.0 1.0 0.0006167714992318164 0.14396928707710532 89.32647722852118 144.34412367442513 2633.1881217698883 2633.1881217698883 2539.1761732250834 -433.6150023354555 546.1154417389018
216.7708869043115 0.6744203518694712 39627806484726451 6 217-219-222-223-226-466 0.8850284565584453 1.0 8 1.35862889505823 1.0 [-1,-1] 1.0 1.0 1.0 0.0005690156306133545 0.15418916366201427 89.32557964813053 143.2291130956885 3099.969055733912 3099.969055733912 857.2580521592309 -2908.2740308168563 645.6461416226647
216.63227409724263 0.7192504836030047 39627806480534894 6 217-219-222-223-226-466 0.632238155147239 1.0 8 1.3604495274709527 1.0 [-1,-1] 1.0 1.0 1.0 0.000833303205902425 0.11070054926254569 89.280749516397 143.36772590275737 2373.371387122598 2373.371387122598 947.5788524520665 -2092.262916406826 597.8477634203152
216.75752668515491 0.6816291193944389 39627806484726042 6 217-219-222-223-226-466 0.7347318795493986 1.0 8 1.3608435004310575 1.0 [-1,-1] 1.0 1.0 1.0 0.0007126833197713517 0.12705585074725267 89.31837088060556 143.24247331484509 2681.4501508971616 2681.4501508971616 773.8541882360722 -2501.593079360562 577.3704810528865
217.82778570591952 -0.29329140343978866 39627782342313646 5 217-219-222-223-227 1.0655857093169245 1.0 8 1.5582207494434395 1.0 [-1,-1] 1.0 1.0 1.0 0.0001568149373683449 0.39812733398474315 90.2932914034398 142.17221429408048 3555.540091968544 3555.540091968544 -1798.1099255442161 -1853.4228977468429 -2444.0723400428947
216.78845412273193 -1.9474284319667863 39627740046951451 6 217-219-222-224-225-227 0.5862951482440287 1.0 8 1.4331859308031294 1.0 [-1,-1] 1.0 1.0 1.0 0.0006621615122706149 0.13543705131792066 91.94742843196678 143.21154587726807 2228.909489531765 2228.909489531765 -441.7244578111305 1601.796967272466 -1485.6525473787424
216.78900512162386 -1.9500110038424692 39627740046951461 6 217-219-222-224-225-227 0.5847283797682896 1.0 8 1.4358016051879379 1.0 [-1,-1] 1.0 1.0 1.0 0.0006621615122706149 0.13543705131792066 91.95001100384246 143.21099487837614 2223.9113992610355 2223.9113992610355 -440.86746772300603 1602.1333826264806 -1478.0346450406746
215.58402234309725 -0.6428846490403652 39627770224969966 7 217-219-222-224-226-227-466 0.4972744831463208 1.0 8 0.7172187746227243 1.0 [-1,-1] 1.0 1.0 1.0 0.0005337442823398631 0.16272042362546515 90.64288464904037 144.41597765690275 1937.2516908283399 1937.2516908283399 861.6732339458398 -84.09283021389268 -1733.0296441276464
215.46413072008545 -1.436091973347785 39627752101384751 6 217-219-222-224-226-466 0.6836599691896244 1.0 8 1.1821566199674096 1.0 [-2305843009750564929,-281474976710657] 0.96875 1.0 1.032 0.0007209928471550773 0.12577569469930108 91.43609197334779 144.53586927991455 2530.338667392911 2530.338667392911 -819.5017726871928 -18.5298094750143 -2393.885390411809
217.39902586821498 0.5246613326958859 39627800453319806 4 217-219-222-225 0.6604658078291656 0.875 8 1.5724762851641767 1.0 [-1,-1] 1.0 1.0 1.0 0.000700708733790897 0.12894715825466588 89.47533866730411 142.60097413178502 2460.145755665597 2460.145755665597 -822.4003270572274 -2313.909023667178 147.64779499614352
217.5404578760044 -1.5955233989483135 39627752139129795 4 217-219-222-225 0.5920323937069031 0.875 8 1.5903455707059209 1.0 [-1,-1] 1.0 1.0 1.0 0.0007756247847600315 0.11796159141779075 91.59552339894832 142.4595421239956 2247.1710527971936 2247.1710527971936 490.4963620364922 935.468098860208 -1983.454182826889
217.4302388639747 0.5113426194421857 39627800453320405 4 217-219-222-225 0.6428587827789757 0.875 8 1.585080910082955 1.0 [-1,-1] 1.0 1.0 1.0 0.000833303205902425 0.11070054926254569 89.48865738055781 142.5697611360253 2406.1953528189542 2406.1953528189542 -875.2249688467296 -2238.5534799869365 112.40839414005927
217.56898628411 -1.5627582739547956 39627752139130513 4 217-219-222-225 0.621281246303982 0.875 8 1.5926764236297317 1.0 [-1,-1] 1.0 1.0 1.0 0.0007214233604467519 0.12571007283523317 91.5627582739548 142.43101371589 2339.2848568604163 2339.2848568604163 504.7773074527909 899.3539016802855 -2099.6704672280403
217.87903203668608 -0.7154044955129429 39627770262719678 4 217-219-222-225 0.6605057177784002 0.875 8 1.5831395944809201 1.0 [-1,-1] 1.0 1.0 1.0 0.000700708733790897 0.12894715825466588 90.71540449551294 142.12096796331392 2460.267389352792 2460.267389352792 -686.1467527617474 -638.3134727156367 -2274.7910170688247
217.80876155100407 -1.1808667534376216 39627758183122428 4 217-219-222-225 0.8387929309699141 0.875 8 1.6165389931457772 1.0 [-1,-1] 1.0 1.0 1.0 0.0006232532477076302 0.14268566385842998 91.18086675343763 142.19123844899593 2975.2349937974236 2975.2349937974236 151.51177099287156 162.23701604475022 -2966.9422984264884
217.89692109477517 -0.7114822069969503 39627770262720196 4 217-219-222-225 0.856005411941734 0.875 8 1.6007031026540743 1.0 [3189661066858889525,-5245269501168873810] 0.515625 1.0 1.9253731343283582 0.0006812235016579503 0.1321480675826358 90.71148220699695 142.10307890522483 3022.075654431384 3022.075654431384 -864.8709030174698 -776.1862294319257 -2789.7086800346865
217.57274375857236 -1.5549637513851609 39627752139130598 4 217-219-222-225 0.9464184528967076 0.875 8 1.5909814857086373 1.0 [-1,-1] 1.0 1.0 1.0 0.0004445766401596716 0.18918261239264766 91.55496375138516 142.42725624142764 3260.348138561794 3260.348138561794 696.9715665714753 1230.9239437755189 -2937.5035088752456
217.9164739547267 -0.7073769283321903 39627770262720702 4 217-219-222-225 0.7637838056704781 0.875 8 1.6199311581012898 0.5 [-1,-1] 1.0 1.0 1.0 0.0006416626200019751 0.139161677870846 90.7073769283322 142.0835260452733 2765.339788709796 2765.339788709796 -813.0601181142745 -701.4774746646501 -2548.3262632346837
217.78818613637938 -0.028185924058026637 39627788382110589 4 217-219-222-225 0.6766402297638127 0.875 8 1.5942347291321537 1.0 [-1,-1] 1.0 1.0 1.0 0.0007209928471550773 0.12577569469930108 90.02818592405802 142.21181386362062 2509.1992137181933 2509.1992137181933 -1475.2817643213518 -1646.3504853352003 -1187.0781311360377
217.90321762704457 -0.7192359913909888 39627770262720363 4 217-219-222-225 0.8584768898353707 0.875 8 1.6075392323270878 0.5 [-3293208735690638182,5775959431316009140] 0.390625 1.0 2.5294117647058822 0.0006812235016579503 0.1321480675826358 90.71923599139099 142.09678237295543 3028.7616540445615 3028.7616540445615 -855.4143342679325 -758.0295404335014 -2804.827033806162
217.92826578563364 -0.886692673578183 39627764222922879 5 217-219-222-225-227 0.9176332979932194 0.9166666666666666 8 1.653175840423592 1.0 [-1,-1] 1.0 1.0 1.0 0.0004951280553168204 0.17321314004730964 90.88669267357818 142.07173421436636 3185.8778034557995 3185.8778034557995 -530.5271475706984 -446.9156254241505 -3109.4412276154358
216.80335848560992 -2.0157061906851172 39627740046951837 5 217-219-222-225-227 0.5844150889174545 0.9166666666666666 8 1.5024809100180267 1.0 [-1,-1] 1.0 1.0 1.0 0.0006621615122706149 0.13543705131792066 92.01570619068512 143.19664151439008 2222.9114100379284 2222.9114100379284 -441.12504040066267 1697.9753257922139 -1365.1460099964215
217.83145065750773 -1.1026250404698046 39627764222920624 5 217-219-222-225-227 0.7661920982933957 0.9166666666666666 8 1.611657604816911 1.0 [-1,-1] 1.0 1.0 1.0 0.0006416626200019751 0.139161677870846 91.1026250404698 142.16854934249227 2772.2278005940084 2772.2278005940084 -6.9016386647655 -7.06197264982011 -2772.2102146684924
216.70153616328076 -2.0580576501691326 39627740042760965 5 217-219-222-225-227 0.5788385614695948 0.9166666666666666 8 1.5123055100219331 1.0 [-1,-1] 1.0 1.0 1.0 0.0006621615122706149 0.13543705131792066 92.05805765016913 143.29846383671924 2205.079839224942 2205.079839224942 -625.9675915677196 1683.428961499775 -1279.3000442613118
