data_rosette/LRG_19_clustering_data.ecsv
# %ECSV 1.0
# ---
# datatype:
# - {name: RA, unit: deg, datatype: float64}
# - {name: DEC, unit: deg, datatype: float64}
# - {name: TARGETID, datatype: int64}
# - {name: NTILE, datatype: int64}
# - {name: TILES, datatype: string}
# - {name: Z, datatype: float64}
# - {name: COMP_TILE, datatype: float64}
# - {name: ROSETTE_NUMBER, datatype: int32}
# - {name: ROSETTE_R, unit: deg, datatype: float64}
# - {name: FRACZ_TILELOCID, datatype: float64}
# - {name: BITWEIGHTS, datatype: string, subtype: 'int64[2]'}
# - {name: PROB_OBS, datatype: float64}
# - {name: WEIGHT_ZFAIL, datatype: float64}
# - {name: WEIGHT, datatype: float64}
# - {name: NZ, unit: h3 / Mpc3, datatype: float64}
# - {name: WEIGHT_FKP, datatype: float64}
# - {name: theta, unit: deg, datatype: float64}
# - {name: phi, unit: deg, datatype: float64}
# - {name: rho, unit: Mpc, datatype: float64}
# - {name: r, unit: Mpc, datatype: float64}
# - {name: x, unit: Mpc, datatype: float64}
# - {name: y, unit: Mpc, datatype: float64}
# - {name: z, unit: Mpc, datatype: float64}
# meta: !!omap
# - {EXTNAME: LSS}
# - {DESIDR: edr}
# - comments: ['Visit https://desidatamodel.readthedocs.io/en/latest/ for a more complet', e description]
# schema: astropy-2.0
RA DEC TARGETID NTILE TILES Z COMP_TILE ROSETTE_NUMBER ROSETTE_R FRACZ_TILELOCID BITWEIGHTS PROB_OBS WEIGHT_ZFAIL WEIGHT NZ WEIGHT_FKP theta phi rho r x y z
[from data line 1035]
236.34810687741634 43.96326018630637 39633149596011378 10 571-572-573-574-575-577-578-579-580-581 0.6786625639069266 1.0 19 0.5436936552740905 1.0 [-1,-1] 1.0 1.0 1.0 0.0008053318504768218 0.11384060807160488 46.03673981369363 123.65189312258366 2515.2985984580423 2515.2985984580423 -950.5328322860089 -2013.7419748702846 -1169.639958618402
237.70675929392226 43.09408173265567 39633132042847144 10 571-572-573-574-575-577-578-579-580-581 0.7218606313199923 1.0 19 1.2228122225572955 1.0 [-1,-1] 1.0 1.0 1.0 0.0005823912580269674 0.15084542533972659 46.90591826734433 122.29324070607774 2643.8078461453647 2643.8078461453647 -556.8134531546568 129.71228978254175 -2581.2503612794226
235.05931290555017 42.58441044280474 39633123121564823 10 571-572-573-574-575-577-578-579-580-581 0.7451043604265769 1.0 19 1.152459388926835 1.0 [-1,-1] 1.0 1.0 1.0 0.0006073340474539246 0.1455520198534496 47.41558955719526 124.94068709444983 2711.5713574981623 2711.5713574981623 -584.6995467615366 515.9526464495547 -2597.024938933583
237.17724092282106 43.844343830507704 39633145238129600 10 571-572-573-574-575-577-578-579-580-581 0.5848672965896172 1.0 19 0.8735577231041833 1.0 [-1,-1] 1.0 1.0 1.0 0.0005369919189708607 0.1615383650856205 46.155656169492296 122.82275907717894 2224.3547451745167 2224.3547451745167 -1750.4135174095388 -542.7047774870927 -1260.6657268852198
234.4356408444909 43.25918187900282 39633136421699839 10 571-572-573-574-575-577-578-579-580-581 0.9332491416090224 1.0 19 1.2251167122480204 1.0 [-1,-1] 1.0 1.0 1.0 0.0003671239319408774 0.21984967794317842 46.74081812099718 125.5643591555091 3226.4357029757193 3226.4357029757193 1200.002638065747 -119.61041821288157 -2992.5865671566817
235.65680532912972 43.683838556519696 39633145221351636 10 571-572-573-574-575-577-578-579-580-581 0.5042212428832217 1.0 19 0.39724211066269227 1.0 [-1,-1] 1.0 1.0 1.0 0.0007365189099627642 0.12316671624379881 46.316161443480304 124.34319467087028 1960.5814266415803 1960.5814266415803 350.94997269247534 -1372.8000357758838 -1355.0401134035912
235.5213959460625 43.94028235499392 39633149587621482 10 571-572-573-574-575-577-578-579-580-581 1.0376625570725655 1.0 19 0.6445037956195083 1.0 [-1,-1] 1.0 1.0 1.0 0.00017557006270178804 0.37077784677498654 46.05971764500608 124.47860405393749 3488.2080833186455 3488.2080833186455 1147.4346968997852 -2825.9816364949543 -1692.5770408088767
237.34633031766933 44.18389243852152 39633153953892931 10 571-572-573-574-575-577-578-579-580-581 0.8160854104600639 1.0 19 1.1607219198403775 1.0 [-1,-1] 1.0 1.0 1.0 0.000762533893525711 0.11946670068019369 45.81610756147848 122.65366968233067 2912.6936236775146 2912.6936236775146 -2788.225032083698 -368.9391422146132 -757.2775087215114
236.1360036943971 44.535467833619904 39633158265637211 10 571-572-573-574-575-577-578-579-580-581 0.7248439375347714 1.0 19 1.0857767995503216 1.0 [-1,-1] 1.0 1.0 1.0 0.0005823912580269674 0.15084542533972659 45.464532166380096 123.86399630560291 2652.558830189153 2652.558830189153 -599.5584457308225 -2573.2387203360436 234.60713103102293
236.38127076478347 43.96953579807828 39633149596011696 10 571-572-573-574-575-577-578-579-580-581 0.8646470796206986 1.0 19 0.5579013359197427 1.0 [-1,-1] 1.0 1.0 1.0 0.0006576102792991648 0.1359368301360722 46.03046420192172 123.61872923521653 3045.4104227198945 3045.4104227198945 -1235.1069392182053 -2406.506833945764 -1399.1998962544062
236.650160797835 44.196881999237796 39633153945504652 10 571-572-573-574-575-577-578-579-580-581 0.7649782075656019 1.0 19 0.8457989519078778 1.0 [-1,-1] 1.0 1.0 1.0 0.0007242712797402853 0.12498917450484462 45.803118000762204 123.34983920216499 2768.757180969139 2768.757180969139 -1814.9640911399915 -1975.5010756148463 -685.0672779261482
237.0346462907919 43.770902060085966 39633145238127978 10 571-572-573-574-575-577-578-579-580-581 0.9042781885850834 1.0 19 0.7489514188230719 1.0 [-1,-1] 1.0 1.0 1.0 0.0005723615213970424 0.15308410280969617 46.229097939914034 122.9653537092081 3150.8911386359514 3150.8911386359514 -2220.4245952207084 -1054.1353668771967 -1971.4533250300888
237.93059209702415 43.045819068269296 39633132042849439 10 571-572-573-574-575-577-578-579-580-581 0.74313256413432 1.0 19 1.3932727356105137 1.0 [-1,-1] 1.0 1.0 1.0 0.0006073340474539246 0.1455520198534496 46.954180931730704 122.06940790297585 2705.859943182513 2705.859943182513 -410.97159410297417 199.89508550564148 -2666.987501986244
237.4595295850766 44.09939557875882 39633149608595436 10 571-572-573-574-575-577-578-579-580-581 1.022265205087854 1.0 19 1.1770003883697004 1.0 [-1,-1] 1.0 1.0 1.0 0.00020130102782971312 0.3394727840281335 45.90060442124118 122.54047041492339 3450.608295546213 3450.608295546213 -3243.7956789181135 -59.55280319093652 -1175.1343184319906
236.8277566253935 42.57400541968271 39633123142536934 10 571-572-573-574-575-577-578-579-580-581 0.9625683549662714 1.0 19 1.0249495284564318 1.0 [-1,-1] 1.0 1.0 1.0 0.0003767415448896098 0.21544643941305056 47.42599458031729 123.1722433746065 3301.5761733940303 3301.5761733940303 781.9310328783995 594.5876807196872 -3152.0556115781446
236.31897510475878 44.43198172788096 39633158269829687 10 571-572-573-574-575-577-578-579-580-581 0.9329062748632118 1.0 19 0.9945586521894161 1.0 [-1,-1] 1.0 1.0 1.0 0.0003671239319408774 0.21984967794317842 45.56801827211904 123.68102489524122 3225.54923703376 3225.54923703376 -1291.1639195532118 -2955.4604145833664 -48.13887414317343
235.3713010226681 42.52284540720311 39633123125758752 10 571-572-573-574-575-577-578-579-580-581 0.8888383993275638 1.0 19 1.0694571239974915 1.0 [-1,-1] 1.0 1.0 1.0 0.0005346154933450218 0.1621399955636538 47.47715459279689 124.62869897733191 3110.0941973164927 3110.0941973164927 -549.3075233619542 925.196041920779 -2918.0403432738553
237.92388901118548 43.050026059135725 39633132042849374 10 571-572-573-574-575-577-578-579-580-581 0.8736752799207441 1.0 19 1.3873388025169975 1.0 [-1,-1] 1.0 1.0 1.0 0.0005346154933450218 0.1621399955636538 46.949973940864275 122.07611098881452 3069.6600908044634 3069.6600908044634 -479.21510621568336 229.1291590310699 -3023.353400370865
235.25970034692068 44.53054062694067 39633158257246591 10 571-572-573-574-575-577-578-579-580-581 0.6080050320148074 1.0 19 1.2381505087989977 1.0 [-1,-1] 1.0 1.0 1.0 0.0006106036532175123 0.14488555312656437 45.46945937305933 124.74029965307932 2297.677130960857 2297.677130960857 1380.9002872988503 -1826.3607377471897 191.94022583608867
235.825791840754 42.9148928899901 39633132017683179 10 571-572-573-574-575-577-578-579-580-581 0.8349604330291628 1.0 19 0.5712417924155789 1.0 [-1,-1] 1.0 1.0 1.0 0.0006366829495309179 0.1397804201853648 47.0851071100099 124.174208159246 2964.73938153562 2964.73938153562 9.335096209237102 -114.57208517865024 -2962.5100326758034
235.33214332067362 42.52311427839952 39633123125758252 10 571-572-573-574-575-577-578-579-580-581 0.7981692479593124 1.0 19 1.0837870686277558 1.0 [-1,-1] 1.0 1.0 1.0 0.0008239664519383997 0.11155322342262282 47.47688572160048 124.66785667932638 2862.7406539241265 2862.7406539241265 -538.1780865685981 830.5601340521555 -2686.2275150274527
235.56812382375284 42.338933909288585 39633118658822798 10 571-572-573-574-575-577-578-579-580-581 0.7414013978476832 1.0 19 1.17740516053663 1.0 [-1,-1] 1.0 1.0 1.0 0.0006073340474539246 0.1455520198534496 47.661066090711415 124.43187617624716 2700.8398882658907 2700.8398882658907 -459.5495690681319 1303.4119026103551 -2320.445583880617
235.2495765076619 42.48999465602233 39633123125757174 10 571-572-573-574-575-577-578-579-580-581 0.7439807291213558 1.0 19 1.1440221986256518 1.0 [-1,-1] 1.0 1.0 1.0 0.0006073340474539246 0.1455520198534496 47.51000534397767 124.75042349233809 2708.317536576283 2708.317536576283 -623.332752803931 807.2913215712192 -2508.9282333945494
235.2774189191244 44.67022964603507 39633162564798741 10 571-572-573-574-575-577-578-579-580-581 0.7189493858516559 1.0 19 1.3558483169416304 1.0 [-1,-1] 1.0 1.0 1.0 0.0005823912580269674 0.15084542533972659 45.32977035396493 124.72258108087561 2635.252929011982 2635.252929011982 1513.3081730409483 -2076.9758283529995 583.6332595997842
234.36440385801143 42.85363784866524 39633127567524196 10 571-572-573-574-575-577-578-579-580-581 0.9860848823171111 1.0 19 1.3995658350280786 1.0 [-1,-1] 1.0 1.0 1.0 0.00030269805442075816 0.25472307248715254 47.14636215133476 125.63559614198857 3360.9105950154203 3360.9105950154203 -75.49135853563389 2.1226213176931603 -3360.0619900460306
235.70973355741674 42.45188689452597 39633123129953191 10 571-572-573-574-575-577-578-579-580-581 0.7639070234718467 1.0 19 1.0381803580112725 1.0 [-1,-1] 1.0 1.0 1.0 0.0007242712797402853 0.12498917450484462 47.54811310547403 124.29026644258326 2765.692450791154 2765.692450791154 -223.21418924261883 1116.296946729403 -2520.537895927485
236.1109966741135 44.49896405006294 39633158265636942 10 571-572-573-574-575-577-578-579-580-581 1.004727342435959 1.0 19 1.0489938984936917 1.0 [-1,-1] 1.0 1.0 1.0 0.00023297360745577845 0.30751381291380364 45.50103594993706 123.8890033258865 3407.366617218851 3407.366617218851 -689.0448567526423 -3332.2559209856377 177.29897511357805
236.55758073761191 44.00342253597026 39633149600204148 10 571-572-573-574-575-577-578-579-580-581 0.8131054067105127 1.0 19 0.6446818189093129 1.0 [-1,-1] 1.0 1.0 1.0 0.000762533893525711 0.11946670068019369 45.99657746402974 123.44241926238809 2904.422332022927 2904.422332022927 -1588.7035851402784 -2087.7108697791427 -1246.2557223627668
236.54962636011606 43.9965208391061 39633149600204055 10 571-572-573-574-575-577-578-579-580-581 0.47095122014797436 1.0 19 0.6358200154354452 1.0 [-1,-1] 1.0 1.0 1.0 0.000668512811805897 0.13401699399284683 46.0034791608939 123.45037363988394 1847.9561709908457 1847.9561709908457 -996.9212542307453 -1331.9038962800096 -804.4389559440012
235.70767493378165 43.811312941745356 39633145221352289 10 571-572-573-574-575-577-578-579-580-581 1.018083462457954 1.0 19 0.4595460461944753 1.0 [-1,-1] 1.0 1.0 1.0 0.00020130102782971312 0.3394727840281335 46.188687058254644 124.29232506621835 3440.338026880578 3440.338026880578 548.4307118668728 -2713.6422856501717 -2042.3748527175553
236.728535328968 44.14556357332746 39633153945505580 10 571-572-573-574-575-577-578-579-580-581 0.7657903893638012 1.0 19 0.8304296687044457 1.0 [-1,-1] 1.0 1.0 1.0 0.0007242712797402853 0.12498917450484462 45.85443642667254 123.27146467103199 2771.079562301087 2771.079562301087 -1937.3732432584245 -1802.5035495094858 -822.4644739530224
235.9814968169901 42.542635942786816 39633123134146536 10 571-572-573-574-575-577-578-579-580-581 0.5356623381158497 1.0 19 0.9114939178457401 1.0 [-1,-1] 1.0 1.0 1.0 0.0006094867785671962 0.14511252611805409 47.457364057213184 124.0185031830099 2064.954731403286 2064.954731403286 50.24633059468565 674.0470137723463 -1951.1980863641625
237.1365138856806 42.288093061197614 39633118675602642 10 571-572-573-574-575-577-578-579-580-581 0.7383506133761039 1.0 19 1.388182635047734 1.0 [-1,-1] 1.0 1.0 1.0 0.0006073340474539246 0.1455520198534496 47.711906938802386 122.86348611431939 2691.9803389821623 2691.9803389821623 1407.10669207919 499.9196934800205 -2239.8413342563617
235.81697322390556 44.307927518866954 39633153937114487 10 571-572-573-574-575-577-578-579-580-581 0.7532869859541662 1.0 19 0.8818478496372665 1.0 [-1,-1] 1.0 1.0 1.0 0.0007242712797402853 0.12498917450484462 45.692072481133046 124.18302677609444 2735.199885935127 2735.199885935127 243.7809757732336 -2697.835120208894 -378.9128079625236
234.58925477459704 42.64470292521229 39633127567527268 10 571-572-573-574-575-577-578-579-580-581 0.4812374172752948 1.0 19 1.3664904321625373 1.0 [-1,-1] 1.0 1.0 1.0 0.000668512811805897 0.13401699399284683 47.35529707478771 125.41074522540296 1883.018395559919 1883.018395559919 -418.1217310011101 108.08375053878619 -1832.8257961277054
237.9694518329814 43.31636612424714 39633136463644192 10 571-572-573-574-575-577-578-579-580-581 1.0608987410275121 1.0 19 1.365199912431891 1.0 [-1,-1] 1.0 1.0 1.0 0.00014839258087788972 0.41078905010633954 46.68363387575286 122.0305481670186 3544.314499498118 3544.314499498118 -1331.6353434988368 712.958215905021 -3206.3379680986313
235.93593735451313 44.107733504342505 39633149591816487 10 571-572-573-574-575-577-578-579-580-581 0.9743268733713262 1.0 19 0.6683147077820599 1.0 [-1,-1] 1.0 1.0 1.0 0.00030269805442075816 0.25472307248715254 45.892266495657495 124.06406264548687 3331.3469594712155 3331.3469594712155 -90.61256705014185 -3140.253509978569 -1108.3635775944529
235.1501584572215 42.62749898495111 39633127575914093 10 571-572-573-574-575-577-578-579-580-581 0.6729988818316329 1.0 19 1.0763042009199864 1.0 [-1,-1] 1.0 1.0 1.0 0.0008053318504768218 0.11384060807160488 47.37250101504889 124.8498415427785 2498.1979100552326 2498.1979100552326 -422.11219944003255 446.85529193383604 -2421.391012818656
234.61467716164307 42.650569450070456 39633127567527621 10 571-572-573-574-575-577-578-579-580-581 0.6351904783217746 1.0 19 1.3479975735912892 1.0 [-1,-1] 1.0 1.0 1.0 0.0007982518636535506 0.11473445525619816 47.349430549929544 125.38532283835693 2382.517115573097 2382.517115573097 -512.2978211165105 146.41715702693986 -2322.17586857804
236.22937534656234 42.76496719593047 39633127588497787 10 571-572-573-574-575-577-578-579-580-581 0.7429733143098537 1.0 19 0.6915135643029706 1.0 [-1,-1] 1.0 1.0 1.0 0.0006073340474539246 0.1455520198534496 47.23503280406953 123.77062465343766 2705.3983690853256 2705.3983690853256 95.04182381306552 284.61818288563677 -2688.7059856270457
235.19505522096955 43.01369730236053 39633132009295655 10 571-572-573-574-575-577-578-579-580-581 0.7001806531455105 1.0 19 0.7906115965818981 1.0 [-1,-1] 1.0 1.0 1.0 0.0005639081233901963 0.1550231922816235 46.98630269763947 124.80494477903045 2579.7345725671285 2579.7345725671285 231.17700389565346 -267.85328628015054 -2555.355606328962
234.27754046414626 43.28119789075561 39633136417507393 10 571-572-573-574-575-577-578-579-580-581 0.9198018382038651 1.0 19 1.3355866537817536 1.0 [-1,-1] 1.0 1.0 1.0 0.00042618922305278896 0.1953324009783564 46.71880210924439 125.72245953585374 3191.5325501267575 3191.5325501267575 1255.6106517817093 73.85638784215189 -2933.234928134094
235.1055780662951 42.67906841225392 39633127575913570 10 571-572-573-574-575-577-578-579-580-581 1.0313699154677085 1.0 19 1.0593002565496776 1.0 [-1,-1] 1.0 1.0 1.0 0.00017557006270178804 0.37077784677498654 47.32093158774608 124.8944219337049 3472.882543287625 3472.882543287625 -488.4342679174354 472.94136468440547 -3405.6822504406273
235.66523682542996 42.193448863983456 39633118658823924 10 571-572-573-574-575-577-578-579-580-581 0.6754426181527455 1.0 19 1.2963775228977912 1.0 [-1,-1] 1.0 1.0 1.0 0.0008053318504768218 0.11384060807160488 47.806551136016544 124.33476317457004 2505.583660177238 2505.583660177238 -378.5750489750547 1534.6686575299846 -1944.0736925424958
234.3277620017301 43.68208729153816 39633145204574348 10 571-572-573-574-575-577-578-579-580-581 0.8894027055738742 1.0 19 1.304906485011523 1.0 [-1,-1] 1.0 1.0 1.0 0.0005346154933450218 0.1621399955636538 46.31791270846184 125.6722379982699 3111.5919131607716 3111.5919131607716 2244.9552994212704 19.154097134409152 -2154.486727322967
237.35451580084774 43.69887452758393 39633145242322100 10 571-572-573-574-575-577-578-579-580-581 0.6936967207836288 1.0 19 0.9423186324270073 1.0 [-1,-1] 1.0 1.0 1.0 0.0005639081233901963 0.1550231922816235 46.30112547241607 122.64548419915226 2560.407167923949 2560.407167923949 -1862.5874473670026 -230.96169616754014 -1741.5824876733875
