data_rosette/LRG_19_clustering_data.ecsv
# %ECSV 1.0
# ---
# datatype:
# - {name: RA, unit: deg, datatype: float64}
# - {name: DEC, unit: deg, datatype: float64}
# - {name: TARGETID, datatype: int64}
# - {name: NTILE, datatype: int64}
# - {name: TILES, datatype: string}
# - {name: Z, datatype: float64}
# - {name: COMP_TILE, datatype: float64}
# - {name: ROSETTE_NUMBER, datatype: int32}
# - {name: ROSETTE_R, unit: deg, datatype: float64}
# - {name: FRACZ_TILELOCID, datatype: float64}
# - {name: BITWEIGHTS, datatype: string, subtype: 'int64[2]'}
# - {name: PROB_OBS, datatype: float64}
# - {name: WEIGHT_ZFAIL, datatype: float64}
# - {name: WEIGHT, datatype: float64}
# - {name: NZ, unit: h3 / Mpc3, datatype: float64}
# - {name: WEIGHT_FKP, datatype: float64}
# - {name: theta, unit: deg, datatype: float64}
# - {name: phi, unit: deg, datatype: float64}
# - {name: rho, unit: Mpc, datatype: float64}
# - {name: r, unit: Mpc, datatype: float64}
# - {name: x, unit: Mpc, datatype: float64}
# - {name: y, unit: Mpc, datatype: float64}
# - {name: z, unit: Mpc, datatype: float64}
# meta: !!omap
# - {EXTNAME: LSS}
# - {DESIDR: edr}
# - comments: ['Visit https://desidatamodel.readthedocs.io/en/latest/ for a more complet', e description]
# schema: astropy-2.0
RA DEC TARGETID NTILE TILES Z COMP_TILE ROSETTE_NUMBER ROSETTE_R FRACZ_TILELOCID BITWEIGHTS PROB_OBS WEIGHT_ZFAIL WEIGHT NZ WEIGHT_FKP theta phi rho r x y z
[from data line 3129]
235.24269534785424 43.51126698096271 39633140829916170 9 571-573-575-576-577-578-579-580-581 0.7888723792099032 0.9666666666666667 19 0.6250732082833386 1.0 [-1,-1] 1.0 1.0 1.0 0.0007064174578981374 0.12774458208408304 46.48873301903729 -235.24269534785424 2836.6057302912554 2836.6057302912554 -1564.9318443712073 -619.17055116384 -2283.40715164107
237.21345526897517 44.02551574075615 39633149608592522 9 571-573-575-576-577-578-579-580-581 0.600969970651139 0.9666666666666667 19 0.9891326932805612 1.0 [-1,-1] 1.0 1.0 1.0 0.0006106036532175123 0.14488555312656437 45.97448425924385 -237.21345526897517 2275.4925020229166 2275.4925020229166 48.18955977634038 2075.8753198403683 -930.7446210259425
234.85073178741393 44.584847209732146 39633158248861044 9 571-573-575-576-577-578-579-580-581 0.6125420831032309 0.9666666666666667 19 1.447362079380241 1.0 [-1,-1] 1.0 1.0 1.0 0.0007056687116799521 0.12786279395313782 45.415152790267854 -234.85073178741393 2311.9341222971984 2311.9341222971984 -1646.0400712347175 -1592.0211826100583 317.89939265842264
235.02405794899968 44.6302630693952 39633162560605351 9 571-573-575-576-577-578-579-580-581 0.6087823971001066 0.9666666666666667 19 1.4110804052900376 1.0 [-1,-1] 1.0 1.0 1.0 0.0006106036532175123 0.14488555312656437 45.3697369306048 -235.02405794899968 2300.1226789515144 2300.1226789515144 -1872.416822798683 -1268.3600271500381 419.3833824265483
237.2866765594914 44.072953362835314 39633149608593368 9 571-573-575-576-577-578-579-580-581 0.4808188473604543 0.9666666666666667 19 1.0595104752348263 1.0 [-1,-1] 1.0 1.0 1.0 0.000668512811805897 0.13401699399284683 45.927046637164686 -237.2866765594914 1881.5958645920418 1881.5958645920418 168.64338378976285 1743.4222417668298 -687.3436503427773
236.85969464168943 44.22045996022399 39633153949697079 9 571-573-575-576-577-578-579-580-581 0.7285896196226096 0.9666666666666667 19 0.9454558584208814 1.0 [-1,-1] 1.0 1.0 1.0 0.0005823912580269674 0.15084542533972659 45.77954003977601 -236.85969464168943 2663.5236655399676 2663.5236655399676 -842.4138428210778 2455.0128521606634 -598.0042893164348
235.74064823599477 43.90711941680763 39633149591814288 9 571-573-575-576-577-578-579-580-581 0.6516104460414448 0.9666666666666667 19 0.5258334138938888 1.0 [-1,-1] 1.0 1.0 1.0 0.0006371005092682059 0.1397016056866948 46.09288058319237 -235.74064823599477 2433.084000185455 2433.084000185455 -2071.8330074523724 252.3413176735269 -1250.491743508969
235.46965766530457 42.75738955354478 39633127580108240 9 571-573-575-576-577-578-579-580-581 0.945344511902696 0.9666666666666667 19 0.831568032239419 1.0 [-1,-1] 1.0 1.0 1.0 0.0003671239319408774 0.21984967794317842 47.24261044645522 -235.46965766530457 3257.592533251326 3257.592533251326 381.5151242252497 57.578954178338385 -3234.66226779828
235.7917553103663 43.78949433567695 39633145221353303 9 571-573-575-576-577-578-579-580-581 0.763141619327407 0.9666666666666667 19 0.40626495693127057 1.0 [-1,-1] 1.0 1.0 1.0 0.0007242712797402853 0.12498917450484462 46.21050566432305 -235.7917553103663 2763.5013586398154 2763.5013586398154 -2155.129041349506 375.06144998129497 -1688.694017006631
236.67317342512683 43.96995653880829 39633149600205329 9 571-573-575-576-577-578-579-580-581 0.7397773959958566 0.9666666666666667 19 0.6648367795237512 1.0 [-1,-1] 1.0 1.0 1.0 0.0006073340474539246 0.1455520198534496 46.03004346119171 -236.67317342512683 2696.1257916553304 2696.1257916553304 -1184.0537389701044 2082.1077284280336 -1237.7150055163147
237.4709268432946 44.47390366325131 39633158282413560 9 571-573-575-576-577-578-579-580-581 0.94722960139204 0.9666666666666667 19 1.4219779706959217 1.0 [-1,-1] 1.0 1.0 1.0 0.0003671239319408774 0.21984967794317842 45.52609633674869 -237.4709268432946 3262.4282867767456 3262.4282867767456 903.3977059419374 3133.616979259366 88.06553558177353
234.19450332995058 43.577209812328924 39633140817333175 9 571-573-575-576-577-578-579-580-581 0.6639758309510768 0.9666666666666667 19 1.3876986509693607 1.0 [-1,-1] 1.0 1.0 1.0 0.0006371005092682059 0.1397016056866948 46.422790187671076 -234.19450332995058 2470.831969109251 2470.831969109251 -231.63793799368526 -1576.9084655243 -1888.045067420831
235.09146906240665 43.43650243037725 39633140829914462 9 571-573-575-576-577-578-579-580-581 0.5649134448623465 0.9666666666666667 19 0.7323696491825996 1.0 [-1,-1] 1.0 1.0 1.0 0.0006724560872077301 0.13333590500666823 46.56349756962275 -235.09146906240665 2160.287819538212 2160.287819538212 -991.8740146104617 -578.4675662383034 -1829.8646608959966
234.28969268393664 42.92214315330816 39633132000904170 9 571-573-575-576-577-578-579-580-581 0.6887560277826519 0.9666666666666667 19 1.4215521074916786 1.0 [-1,-1] 1.0 1.0 1.0 0.0008053318504768218 0.11384060807160488 47.07785684669184 -234.28969268393664 2545.6285969428263 2545.6285969428263 -27.96314499687358 -113.75490026406196 -2542.9319375006676
235.22997077206793 44.225476822007366 39633153928726649 9 571-573-575-576-577-578-579-580-581 0.9290187622983963 0.9666666666666667 19 0.9975791771750228 1.0 [-1,-1] 1.0 1.0 1.0 0.00042618922305278896 0.1953324009783564 45.774523177992634 -235.22997077206793 3215.4856125640695 3215.4856125640695 -2902.0410199868875 -1191.1286167107282 -706.1998735292885
236.60649932967496 42.7975078438962 39633127592692758 9 571-573-575-576-577-578-579-580-581 0.6512708998941923 0.9666666666666667 19 0.7499372625584928 1.0 [-1,-1] 1.0 1.0 1.0 0.0006371005092682059 0.1397016056866948 47.2024921561038 -236.60649932967496 2432.043447589961 2432.043447589961 105.25243139664259 -159.3440649562051 -2424.53433170446
236.82964644603067 42.50496745862902 39633123142536955 9 571-573-575-576-577-578-579-580-581 1.0130078734307753 0.9666666666666667 19 1.0853712313870454 1.0 [-1,-1] 1.0 1.0 1.0 0.00020130102782971312 0.3394727840281335 47.49503254137098 -236.82964644603067 3427.838648330682 3427.838648330682 438.6478059878494 -1163.2543367037983 -3194.449130825434
237.4453670679055 43.61817771854634 39633140859274220 9 571-573-575-576-577-578-579-580-581 0.7320303660521208 0.9666666666666667 19 0.9897250477365781 1.0 [-1,-1] 1.0 1.0 1.0 0.0006073340474539246 0.1455520198534496 46.38182228145366 -237.4453670679055 2673.5738905125327 2673.5738905125327 455.9790812213619 1748.3540784086968 -1970.6187967312499
236.60127923274447 42.80032388429098 39633127592692706 9 571-573-575-576-577-578-579-580-581 0.9359037580929469 0.9666666666666667 19 0.7456074377156041 1.0 [-1,-1] 1.0 1.0 1.0 0.0003671239319408774 0.21984967794317842 47.19967611570902 -236.60127923274447 3233.2929832536047 3233.2929832536047 135.9894931552727 -203.55901575977705 -3224.0121123239096
235.68492495345924 43.214236356592416 39633136434285303 9 571-573-575-576-577-578-579-580-581 0.7824055797040277 0.9666666666666667 19 0.3830664932906145 1.0 [-1,-1] 1.0 1.0 1.0 0.0007064174578981374 0.12774458208408304 46.785763643407584 -235.68492495345924 2818.3397200268405 2818.3397200268405 -932.8961865679569 61.16968782514343 -2658.7594385087395
237.41198936798529 43.48777862490874 39633140859273840 9 571-573-575-576-577-578-579-580-581 0.6953742380862674 0.9666666666666667 19 0.952912957910116 1.0 [-1,-1] 1.0 1.0 1.0 0.0005639081233901963 0.1550231922816235 46.51222137509126 -237.41198936798529 2565.414851375481 2565.414851375481 323.99152087955355 1437.07940133216 -2100.282278248054
235.23238182432388 43.504247561866435 39633140829916026 9 571-573-575-576-577-578-579-580-581 0.7409228994325623 0.9666666666666667 19 0.6319162336981995 1.0 [-1,-1] 1.0 1.0 1.0 0.0006073340474539246 0.1455520198534496 46.495752438133565 -235.23238182432388 2699.4514024790583 2699.4514024790583 -1468.9475823839052 -598.7881070944117 -2184.1894783550547
235.650860248417 44.103848183289806 39633149587623146 9 571-573-575-576-577-578-579-580-581 0.6887557288132128 0.9666666666666667 19 0.7298500187654199 1.0 [-1,-1] 1.0 1.0 1.0 0.0008053318504768218 0.11384060807160488 45.896151816710194 -235.650860248417 2545.6277013219947 2545.6277013219947 -2396.1122774420414 75.28959540020703 -856.2697147826085
235.30158487231924 43.03123263552514 39633132013487043 9 571-573-575-576-577-578-579-580-581 0.8335271775669356 0.9666666666666667 19 0.7166964525774158 1.0 [-1,-1] 1.0 1.0 1.0 0.0006366829495309179 0.1397804201853648 46.96876736447486 -235.30158487231924 2960.8080687727843 2960.8080687727843 -434.5322104669853 -142.97007815983716 -2925.256524636373
236.54410941462118 43.49599595644084 39633140846692675 9 571-573-575-576-577-578-579-580-581 0.5018259408896357 0.9666666666666667 19 0.32555485227139214 1.0 [-1,-1] 1.0 1.0 1.0 0.0007365189099627642 0.12316671624379881 46.50400404355916 -236.54410941462118 1952.5481909084915 1952.5481909084915 -682.9791763110429 905.657698062806 -1589.266502662499
237.73528990544307 44.01283282699238 39633149612788840 8 571-573-575-576-577-578-579-581 0.7476984178009616 1.0 19 1.3088045647231388 1.0 [-1,-1] 1.0 1.0 1.0 0.0006073340474539246 0.1455520198534496 45.98716717300762 -237.73528990544307 2719.074781702767 2719.074781702767 1278.9836321572998 2109.4632004250457 -1143.5617793622664
237.2132617658701 44.05178502775675 39633149608592521 8 571-573-575-576-577-578-579-581 0.8603891383928483 1.0 19 1.0043902003962732 1.0 [-1,-1] 1.0 1.0 1.0 0.0006576102792991648 0.1359368301360722 45.94821497224325 -237.2132617658701 3033.9279886571185 3033.9279886571185 64.44404261215543 2799.4215778290168 -1167.8205492772122
234.99373127217154 43.90211552993106 39633149579234148 8 571-573-575-576-577-578-579-581 0.7498563508194894 1.0 19 0.9190054299980367 1.0 [-1,-1] 1.0 1.0 1.0 0.0006073340474539246 0.1455520198534496 46.09788447006894 -234.99373127217154 2725.3077040709136 2725.3077040709136 -1889.1975103405478 -1365.089478480938 -1412.361697488286
235.48505081341187 44.40523731840924 39633158257249112 8 571-573-575-576-577-578-579-581 1.0846464662351993 1.0 19 1.0529091821187897 1.0 [-1,-1] 1.0 1.0 1.0 0.00012850791192818028 0.44600300211103894 45.59476268159076 -235.48505081341187 3600.878745635979 3600.878745635979 -3565.309047746392 -482.0772077112174 -150.00233543518783
235.3015844179558 44.30584935174017 39633153928727374 8 571-573-575-576-577-578-579-581 0.6731619242774699 1.0 19 1.0313422948820383 1.0 [-1,-1] 1.0 1.0 1.0 0.0008053318504768218 0.11384060807160488 45.69415064825983 -235.3015844179558 2498.691018517838 2498.691018517838 -2349.945061563569 -773.1816772589998 -351.2906312523369
234.5454317292771 43.4494859157339 39633140821527112 8 571-573-575-576-577-578-579-581 0.9011409481542784 1.0 19 1.1285659256095342 1.0 [-1,-1] 1.0 1.0 1.0 0.0005723615213970424 0.15308410280969617 46.5505140842661 -234.5454317292771 3142.631950385753 3142.631950385753 -812.4951801267192 -1498.7158367659947 -2640.0450750854643
235.20174818109223 44.219798850839844 39633153928726366 8 571-573-575-576-577-578-579-581 0.6249709443684177 1.0 19 1.0061775699823734 1.0 [-1,-1] 1.0 1.0 1.0 0.0007056687116799521 0.12786279395313782 45.780201149160156 -235.20174818109223 2350.788779868229 2350.788779868229 -2093.503073783158 -929.1337046122028 -529.304568814998
237.58509254444022 44.46457404865905 39633158282414569 8 571-573-575-576-577-578-579-581 0.6391588453329539 1.0 19 1.4738028947054678 1.0 [-1,-1] 1.0 1.0 1.0 0.0007982518636535506 0.11473445525619816 45.53542595134095 -237.58509254444022 2394.784470568373 2394.784470568373 921.0511468770047 2210.1736362903025 42.30771512735059
237.21311022878592 44.066174548630656 39633149608592518 8 571-573-575-576-577-578-579-581 0.859885751758723 1.0 19 1.0129131149744404 1.0 [-1,-1] 1.0 1.0 1.0 0.0006576102792991648 0.1359368301360722 45.933825451369344 -237.21311022878592 3032.568560586059 3032.568560586059 64.36852641282627 2814.6791460577288 -1126.9028672472973
235.10046591966673 43.43685942029061 39633140829914566 8 571-573-575-576-577-578-579-581 0.5645971536722759 1.0 19 0.7258299755455417 1.0 [-1,-1] 1.0 1.0 1.0 0.0006724560872077301 0.13333590500666823 46.56314057970939 -235.10046591966673 2159.266016196481 2159.266016196481 -997.1334937561679 -569.5749638455832 -1828.5893155355968
237.67871094039072 43.707224669575915 39633145246516320 7 571-573-575-576-577-578-580 0.7729938177365453 1.0 19 1.1722138071557913 1.0 [-1,-1] 1.0 1.0 1.0 0.0007064174578981374 0.12774458208408304 46.292775330424085 -237.67871094039072 2791.627359900894 2791.627359900894 967.6977586751519 1820.9700964133046 -1881.704618788731
237.42100792978033 43.36324533780433 39633136455256945 8 571-573-575-576-577-578-580-581 0.4387728895837381 1.0 19 0.9636088575382202 1.0 [-1,-1] 1.0 1.0 1.0 0.0006285113834356281 0.1413409039925048 46.63675466219567 -237.42100792978033 1736.861292226232 1736.861292226232 185.95348363826977 791.4668993082441 -1534.8252661641855
237.2439468258891 43.53444864358438 39633140855081449 8 571-573-575-576-577-578-580-581 0.6974491712744914 1.0 19 0.8341753921775119 1.0 [-1,-1] 1.0 1.0 1.0 0.0005639081233901963 0.1550231922816235 46.46555135641562 -237.2439468258891 2571.601823629606 2571.601823629606 84.4487255365638 1571.0466643176658 -2034.1624149970671
234.97969823981532 42.52514024891118 39633123121563747 8 571-573-575-576-577-578-580-581 1.0294999987405518 1.0 19 1.235672888672342 1.0 [-1,-1] 1.0 1.0 1.0 0.00020130102782971312 0.3394727840281335 47.47485975108882 -234.97969823981532 3468.3175497618936 3468.3175497618936 956.6269488569843 711.880180424852 -3256.8877959526335
237.59576001611305 43.77273924284974 39633145246515359 8 571-573-575-576-577-578-580-581 0.6293084784473381 1.0 19 1.130030399642251 1.0 [-1,-1] 1.0 1.0 1.0 0.0007056687116799521 0.12786279395313782 46.22726075715026 -237.59576001611305 2364.2795413823455 2364.2795413823455 728.6416809388722 1697.243296893921 -1475.8943870569947
234.4948945893476 43.48387614685803 39633140821526624 8 571-573-575-576-577-578-580-581 0.8691239915534097 1.0 19 1.1654140610264088 1.0 [-1,-1] 1.0 1.0 1.0 0.0006576102792991648 0.1359368301360722 46.51612385314197 -234.4948945893476 3057.451773401059 3057.451773401059 -753.4979315444909 -1574.9439344806376 -2509.940998723696
234.49991475943963 43.4901105221055 39633140821526670 8 571-573-575-576-577-578-580-581 0.8740156357460408 1.0 19 1.1619108979287072 1.0 [-1,-1] 1.0 1.0 1.0 0.0005346154933450218 0.1621399955636538 46.5098894778945 -234.49991475943963 3070.5717195808284 3070.5717195808284 -771.5005991702328 -1591.9945883408107 -2509.73120896703
235.28645071968546 42.95664500489718 39633132013486865 8 571-573-575-576-577-578-580-581 0.642269467806323 1.0 19 0.7714017846454364 1.0 [-1,-1] 1.0 1.0 1.0 0.0007982518636535506 0.11473445525619816 47.04335499510282 -235.28645071968546 2404.3795829687824 2404.3795829687824 -182.80138223409716 -63.22704805535043 -2396.586567191898
237.78391249286398 44.00267351322342 39633149612789389 7 571-573-575-576-577-578-581 0.6111629839781796 1.0 19 1.3364682600875697 1.0 [-1,-1] 1.0 1.0 1.0 0.0007056687116799521 0.12786279395313782 45.99732648677658 -237.78391249286398 2307.604679106781 2307.604679106781 1165.5918262529417 1727.110032136771 -991.7287867660011
237.56579837257024 44.39654722850006 39633158282414385 7 571-573-575-576-577-578-581 0.48846730631848967 1.0 19 1.4179126090457201 1.0 [-1,-1] 1.0 1.0 1.0 0.000668512811805897 0.13401699399284683 45.60345277149994 -237.56579837257024 1907.5329942016838 1907.5329942016838 698.7714350432638 1772.3375787005232 -96.0214177232627
