data_rosette/LRG_1_clustering_data.ecsv
# %ECSV 1.0
# ---
# datatype:
# - {name: RA, unit: deg, datatype: float64}
# - {name: DEC, unit: deg, datatype: float64}
# - {name: TARGETID, datatype: int64}
# - {name: NTILE, datatype: int64}
# - {name: TILES, datatype: string}
# - {name: Z, datatype: float64}
# - {name: COMP_TILE, datatype: float64}
# - {name: ROSETTE_NUMBER, datatype: int32}
# - {name: ROSETTE_R, unit: deg, datatype: float64}
# - {name: FRACZ_TILELOCID, datatype: float64}
# - {name: BITWEIGHTS, datatype: string, subtype: 'int64[2]'}
# - {name: PROB_OBS, datatype: float64}
# - {name: WEIGHT_ZFAIL, datatype: float64}
# - {name: WEIGHT, datatype: float64}
# - {name: NZ, unit: h3 / Mpc3, datatype: float64}
# - {name: WEIGHT_FKP, datatype: float64}
# - {name: distance, unit: Mpc, datatype: float64}
# - {name: x, unit: Mpc, datatype: float64}
# - {name: y, unit: Mpc, datatype: float64}
# - {name: z, unit: Mpc, datatype: float64}
# meta: !!omap
# - {EXTNAME: LSS}
# - {DESIDR: edr}
# - comments: ['Visit https://desidatamodel.readthedocs.io/en/latest/ for a more complet', e description]
# schema: astropy-2.0
RA DEC TARGETID NTILE TILES Z COMP_TILE ROSETTE_NUMBER ROSETTE_R FRACZ_TILELOCID BITWEIGHTS PROB_OBS WEIGHT_ZFAIL WEIGHT NZ WEIGHT_FKP distance x y z
[from data line 725]
179.17455464828828 0.7196196824041639 39627805851389376 11 28-29-30-31-32-33-34-36-37-38-445 0.8567181352261634 1.0 1 0.8359705239233134 1.0 [-1,-1] 1.0 1.0 1.0 0.0006812235016579503 0.1321480675826358 3024.004776961965 -3023.452474258366 43.56110503196216 37.97969349725124
179.9215168042009 -0.27929503607080425 39627781704781393 11 28-29-30-31-32-33-34-36-37-38-445 0.6991053508357076 1.0 1 0.4258849067225716 1.0 [-1,-1] 1.0 1.0 1.0 0.0005843703162771602 0.15074849413407446 2576.5345667059205 -2576.501537908627 3.5292686977434378 -12.559571943483942
178.26818800765074 0.1319998468098428 39627793759207882 11 28-29-30-31-32-33-34-36-37-38-445 0.4672604779266376 1.0 1 1.3383362822227969 1.0 [-1,-1] 1.0 1.0 1.0 0.0005635091211985168 0.1554616369400361 1835.3226622228706 -1834.479482016282 55.46554112733569 4.228271227165582
179.92078894999653 -0.28056888841100586 39627781704781378 11 28-29-30-31-32-33-34-36-37-38-445 0.7003922960386605 1.0 1 0.4261732383102624 1.0 [-1,-1] 1.0 1.0 1.0 0.0005843703162771602 0.15074849413407446 2580.364156823586 -2580.33075353731 3.5672930937943756 -12.635607997097221
179.52735442271668 0.7966799337611008 39627805859775102 11 28-29-30-31-32-33-34-36-37-38-445 0.450179893817873 1.0 1 0.7999849727598156 1.0 [-1,-1] 1.0 1.0 1.0 0.0005635091211985168 0.1554616369400361 1776.4892133819499 -1776.2570440751256 14.653070210821719 24.700732161474527
179.9119844902232 -0.2798034668128754 39627781704781191 11 28-29-30-31-32-33-34-36-37-38-445 0.6998135414649833 1.0 1 0.4190746096089336 1.0 [-1,-1] 1.0 1.0 1.0 0.0005843703162771602 0.15074849413407446 2578.642315580091 -2578.6085247873802 3.961159517801404 -12.59272843255986
179.69203194673818 0.8542947338810748 39627805859779236 11 28-29-30-31-32-33-34-36-37-38-445 0.6901249858303007 1.0 1 0.8592373035928726 1.0 [-1,-1] 1.0 1.0 1.0 0.0005843703162771602 0.15074849413407446 2549.727867461176 -2549.407622197343 13.703342031856197 38.015686332945656
179.90997257826763 -1.1508978134722654 39627757545590316 11 28-29-30-31-32-33-34-36-37-38-445 0.8356887478024091 1.0 1 1.1919042970185771 1.0 [-1,-1] 1.0 1.0 1.0 0.0006232532477076302 0.14268566385842998 2966.735795288727 -2966.1336359614843 4.660615245814326 -59.58868458750569
179.05990139309114 -0.7446947753859061 39627769612600646 11 28-29-30-31-32-33-34-36-37-38-445 0.5062039640056926 1.0 1 0.9199241203617569 1.0 [-1,-1] 1.0 1.0 1.0 0.0005337442823398631 0.16272042362546515 1967.2221802937254 -1966.7912435093174 32.27364505282086 -25.568005977718197
179.69495545188335 0.8468830238714306 39627805859779291 11 28-29-30-31-32-33-34-36-37-38-445 0.6863434298255932 1.0 1 0.8521893787913364 1.0 [-1,-1] 1.0 1.0 1.0 0.0007209928471550773 0.12577569469930108 2538.395884317822 -2538.0826296475097 13.512960129942341 37.51840230828087
179.0695119436227 -0.7556824029662496 39627769612600852 11 28-29-30-31-32-33-34-36-37-38-445 0.726824028774081 1.0 1 0.9232860629105514 1.0 [-1,-1] 1.0 1.0 1.0 0.0006167714992318164 0.14396928707710532 2658.3583132486096 -2657.776581346141 43.166299888817754 -35.06045949387757
179.70170125207432 0.8372567877288056 39627805859779441 11 28-29-30-31-32-33-34-36-37-38-445 0.6897009253899016 1.0 1 0.8434105388528685 1.0 [-1,-1] 1.0 1.0 1.0 0.0007209928471550773 0.12577569469930108 2548.458406612883 -2548.151782161778 13.266550527897369 37.23901097933425
179.91103446200646 -0.33448233903627955 39627781704781162 11 28-29-30-31-32-33-34-36-37-38-445 0.4534381984832686 1.0 1 0.4567491353906822 1.0 [-1,-1] 1.0 1.0 1.0 0.0005635091211985168 0.1554616369400361 1787.758922558113 -1787.7263040132116 2.7758791588811564 -10.436552127131492
179.90725482732338 -0.2681718031436714 39627781704781078 11 28-29-30-31-32-33-34-36-37-38-445 0.43327897029915585 1.0 1 0.40782466273465035 1.0 [-1,-1] 1.0 1.0 1.0 0.0005288673958748294 0.16397488484989944 1717.6787009095192 -1717.6576361137802 2.7803896648604263 -8.039533042756897
180.45072129705568 1.134847908945996 39627817951956950 11 28-29-30-31-32-33-34-36-37-38-445 0.42439226692488413 1.0 1 1.4182777781327607 1.0 [-1,-1] 1.0 1.0 1.0 0.0006262316776515472 0.14210347001521706 1686.51626946743 -1686.133288383119 -13.264360239341825 33.4023611756348
179.9936266241404 0.7293922636064866 39627805863974018 11 28-29-30-31-32-33-34-36-37-38-445 0.8994172366311678 1.0 1 0.8288224317299641 1.0 [-1,-1] 1.0 1.0 1.0 0.0005275616701708153 0.16431404058018498 3138.087471590944 -3137.8331756781135 0.34904124641900447 39.94770506621774
180.5031484944729 0.8531428871913992 39627805876551777 11 28-29-30-31-32-33-34-36-37-38-445 0.44099651751685404 1.0 1 1.2423645616626442 1.0 [-1,-1] 1.0 1.0 1.0 0.0005288673958748294 0.16397488484989944 1744.607422454053 -1744.3467606959853 -15.318545544808982 25.976510419800057
180.03034995395436 -0.5179126708385251 39627775669175129 11 28-29-30-31-32-33-34-36-37-38-445 1.0517629105741446 1.0 1 0.6733717942288219 1.0 [-1,-1] 1.0 1.0 1.0 0.0001568149373683449 0.39812733398474315 3522.3455029031993 -3522.201106764763 -1.8657334329844262 -31.83903839988782
180.69397417101135 0.16186444370449748 39627793796960411 11 28-29-30-31-32-33-34-36-37-38-445 0.7851556458570704 1.0 1 1.1058826343975916 1.0 [-1,-1] 1.0 1.0 1.0 0.0007324854237337303 0.12404708914385561 2826.1162434317444 -2825.8976681859044 -34.229325688687645 7.983958486870939
178.78712215660488 1.1006465092293563 39627811886990110 11 28-29-30-31-32-33-34-36-37-38-445 0.42288306354926536 1.0 1 1.3682513819485906 1.0 [-1,-1] 1.0 1.0 1.0 0.0006262316776515472 0.14210347001521706 1681.2076091813844 -1680.5208156395497 35.57977556783166 32.29385300814237
180.05564506047534 0.5221662486511449 39627799828366674 10 28-29-30-31-32-33-34-36-37-445 0.8584067625315908 1.0 1 0.6930110132408615 1.0 [-1,-1] 1.0 1.0 1.0 0.0006812235016579503 0.1321480675826358 3028.5720779025405 -3028.444879621389 -2.9411948469412703 27.6005709863411
179.70849337647277 1.4864762761562713 39627823979171589 10 28-29-30-31-32-33-34-36-37-445 0.7032442321585268 1.0 1 1.4904294318319866 1.0 [-1,-1] 1.0 1.0 1.0 0.0005843703162771602 0.15074849413407446 2588.8400468191844 -2587.9353444274607 13.166882620463 67.15708659504492
179.3155197605841 -1.243032437775222 39627757537199447 10 28-29-30-31-32-33-34-36-37-445 0.4407136799531208 1.0 1 1.2751650679483773 1.0 [-1,-1] 1.0 1.0 1.0 0.0005288673958748294 0.16397488484989944 1743.62271418233 -1743.0880000696368 20.824676164559936 -37.82494267583259
180.20605929375947 -0.4244276462849721 39627775669179636 10 28-29-30-31-32-33-34-36-37-445 0.5737991037189124 1.0 1 0.7398918677269501 1.0 [-1,-1] 1.0 1.0 1.0 0.0006621615122706149 0.13543705131792066 2188.913508284377 -2188.8392964636396 -7.8720043255735055 -16.21457844891744
180.04781450305592 -0.2150533318863301 39627781708973177 10 28-29-30-31-32-33-34-36-37-445 0.8128409771698621 1.0 1 0.49677441860194266 1.0 [-1,-1] 1.0 1.0 1.0 0.0006627118749498285 0.13533979738261318 2903.687663412118 -2903.6661988741016 -2.4231695554057553 -10.898642899811927
178.82510312890457 0.8539004297461844 39627805847193169 10 28-29-30-31-32-33-34-36-37-445 0.4818631230809665 1.0 1 1.1530683618085553 1.0 [-1,-1] 1.0 1.0 1.0 0.00048380039118235755 0.17655271186088778 1885.1442194878057 -1884.5385852184545 38.64942406330253 28.093969293944152
178.84240654575544 0.847151841376096 39627805847193572 10 28-29-30-31-32-33-34-36-37-445 1.0077044221705729 1.0 1 1.1364736067715642 1.0 [-1,-1] 1.0 1.0 1.0 0.0002622817504223413 0.28340640119267335 3414.7383315005377 -3413.6682457575266 68.97851493646363 50.4870775839497
179.57216762228921 1.173863332266091 39627817939371548 10 28-29-30-31-32-33-34-36-37-445 0.976097427866198 1.0 1 1.1741931935164873 1.0 [-1,-1] 1.0 1.0 1.0 0.0003578035202613049 0.22475091060875194 3335.8118563121843 -3335.0188006862463 24.9033271674553 68.33859874331606
179.71381102093198 -0.4607938147112286 39627775660790610 10 28-29-30-31-32-33-34-36-37-445 0.8521957238081934 1.0 1 0.4746405049047927 1.0 [-1,-1] 1.0 1.0 1.0 0.0006812235016579503 0.1321480675826358 3011.7499874858295 -3011.61501904098 15.042961330428213 -24.221344349664456
180.03182866593377 -0.1988672898577474 39627781708972770 10 28-29-30-31-32-33-34-36-37-445 0.4642740604873054 1.0 1 0.4754192327459701 1.0 [-1,-1] 1.0 1.0 1.0 0.0005635091211985168 0.1554616369400361 1825.079538194147 -1825.0682631691357 -1.0138529316436702 -6.334635742384333
180.00441776584475 -0.27902799464412065 39627781708972139 10 28-29-30-31-32-33-34-36-37-445 0.43287673097387797 1.0 1 0.4913339578600945 1.0 [-1,-1] 1.0 1.0 1.0 0.0005288673958748294 0.16397488484989944 1716.2717641658116 -1716.2514071391113 -0.13233080912621256 -8.358137017574375
179.57614462338404 1.1685219624028924 39627817939371645 10 28-29-30-31-32-33-34-36-37-445 0.7898123338910141 1.0 1 1.1687654070464484 1.0 [-1,-1] 1.0 1.0 1.0 0.0007324854237337303 0.12404708914385561 2839.2547674674834 -2838.586637724984 20.99931560021837 57.901325203540544
179.76536019988134 -0.6388796845998829 39627769625182673 10 28-29-30-31-32-33-34-36-37-445 0.8516115702432971 1.0 1 0.659931900895326 1.0 [-1,-1] 1.0 1.0 1.0 0.0006812235016579503 0.1321480675826358 3010.1646245153115 -3009.952252182458 12.326536946317535 -33.56430771022281
179.75804966558348 -0.20928905546693527 39627781704777952 10 28-29-30-31-32-33-34-36-37-445 0.8644459141011394 1.0 1 0.2622622626861643 1.0 [-1,-1] 1.0 1.0 1.0 0.0006812235016579503 0.1321480675826358 3044.8685974567975 -3044.8211356329884 12.857838348421874 -11.122219839977909
178.5162841581785 0.6072488897798578 39627799803199919 9 28-29-30-31-32-33-34-36-38 1.0083434820314934 1.0 1 1.2422347863395693 1.0 [-1,-1] 1.0 1.0 1.0 0.0002622817504223413 0.28340640119267335 3416.3190651433224 -3414.9818486559725 88.45320909987251 36.20715415378655
179.1085939368844 -0.1331439463805875 39627781692197439 10 28-29-30-31-32-33-34-36-38-445 0.5272930084578775 1.0 1 0.5091235553911465 1.0 [-1,-1] 1.0 1.0 1.0 0.0006865842838717192 0.13125169390769817 2037.3653030325634 -2037.1132351406577 31.695905552231505 -4.7344257261399845
179.8710801131689 1.306012204029756 39627817943566622 10 28-29-30-31-32-33-34-36-38-445 0.8492821636045225 1.0 1 1.3338439104528141 1.0 [-1,-1] 1.0 1.0 1.0 0.0006232532477076302 0.14268566385842998 3003.837197616647 -3003.049268322994 6.7571019798779135 68.46417590969429
179.93382971435176 0.5679981838125694 39627799824175199 10 28-29-30-31-32-33-34-36-38-445 0.8002363760306056 1.0 1 0.6588327285858682 1.0 [-1,-1] 1.0 1.0 1.0 0.0007229154976227362 0.12548315978664992 2868.5317383983 -2868.3888723786513 3.3126732375864627 28.43654706047157
179.34397828879776 0.5205289854296856 39627799815784390 10 28-29-30-31-32-33-34-36-38-445 0.8202462311484204 1.0 1 0.5800825268262348 1.0 [-1,-1] 1.0 1.0 1.0 0.0006627118749498285 0.13533979738261318 2924.217545765623 -2923.905202298659 33.4794139398444 26.565989095210295
178.38960036620153 -0.10015875341541104 39627787719413219 10 28-29-30-31-32-33-34-36-38-445 0.556827744789588 1.0 1 1.214535943065287 1.0 [-1,-1] 1.0 1.0 1.0 0.000677088223595666 0.13284793461577618 2134.104584657056 -2133.2584191350024 59.974810302125896 -3.7306263709034204
178.39020178352197 -0.10046117723943895 39627787719413245 10 28-29-30-31-32-33-34-36-38-445 0.5610118582249927 1.0 1 1.2139615615011983 1.0 [-1,-1] 1.0 1.0 1.0 0.000677088223595666 0.13284793461577618 2147.66970023413 -2146.8187697709495 60.33349609112488 -3.7656755469390313
178.39033833519053 -0.0935542897633541 39627787719413251 10 28-29-30-31-32-33-34-36-38-445 0.7974345090904899 1.0 1 1.2132734431975065 1.0 [-1,-1] 1.0 1.0 1.0 0.0007229154976227362 0.12548315978664992 2860.6805309770593 -2859.547872901049 80.35698239561778 -4.671004019272312
179.27729813408376 -1.0490404006892091 39627763576996484 10 28-29-30-31-32-33-34-36-38-445 1.0577050171257194 1.0 1 1.0975475478537517 1.0 [-1,-1] 1.0 1.0 1.0 0.0001568149373683449 0.39812733398474315 3536.6477938565345 -3535.77372893479 44.60094302284422 -64.74960576200948
180.73067710304198 0.7638765436244828 39627805876557600 10 28-29-30-31-32-33-34-36-38-445 0.7307075209754994 1.0 1 1.3645007646926761 1.0 [-1,-1] 1.0 1.0 1.0 0.0007126833197713517 0.12705585074725267 2669.7124205504215 -2669.258090066699 -34.04214974537549 35.59198077350193
179.22188875419508 -0.6453262412277202 39627769612604234 10 28-29-30-31-32-33-34-36-38-445 0.8073663265779719 1.0 1 0.7479358436826906 1.0 [-1152991873486290946,-5764607797912403969] 0.9296875 1.0 1.075 0.0007229154976227362 0.12548315978664992 2888.4509881952345 -2888.001438923044 39.223212921293154 -32.53213107964223
180.14739841683854 -0.1795000644486266 39627781708975833 10 28-29-30-31-32-33-34-36-38-445 0.9475516198062736 1.0 1 0.5760766611863403 1.0 [-1,-1] 1.0 1.0 1.0 0.0004445766401596716 0.18918261239264766 3263.2538089758837 -3263.226996418796 -8.394956107665616 -10.223323878642349
179.1862294522293 -0.6432556570296846 39627769612603429 10 28-29-30-31-32-33-34-36-38-445 0.8210186813075315 1.0 1 0.764837703866285 1.0 [-1,-1] 1.0 1.0 1.0 0.0006627118749498285 0.13533979738261318 2926.3537644874705 -2925.8742067703965 41.55891394570096 -32.85327620414728
179.55284066456002 1.4615438529838076 39627823979168806 10 28-29-30-31-32-33-34-36-38-445 0.9092308467968804 1.0 1 1.462304330400963 0.5 [-1,-1] 1.0 1.0 1.0 0.0005275616701708153 0.16431404058018498 3163.8982258410433 -3162.772590357049 24.68405205439731 80.69834409973471
179.4933193558711 -0.39683845319841354 39627775656596383 10 28-29-30-31-32-33-34-36-38-445 0.8573427284856308 1.0 1 0.41092740938672945 1.0 [-1,-1] 1.0 1.0 1.0 0.0006812235016579503 0.1321480675826358 3025.6946800775645 -3025.503801411735 26.755970334765202 -20.95621015981661
179.94361471349157 -1.006897435028276 39627763585389578 9 28-29-30-31-32-33-34-36-445 0.6086444877961603 1.0 1 1.063908530337595 1.0 [-1,-1] 1.0 1.0 1.0 0.0007756247847600315 0.11796159141779075 2299.6889082844064 -2299.332692863185 2.262794495871521 -40.41190638821093
178.40699572005295 0.0028502829496464604 39627787719413719 9 28-29-30-31-32-33-34-36-445 0.4655368345270326 1.0 1 1.1930076843468642 0.5 [-1,-1] 1.0 1.0 1.0 0.0005635091211985168 0.1554616369400361 1829.4129749703116 -1828.7059352815052 50.8569265052295 0.0910074817479113
179.41644936471937 1.479879878748971 39627823974977000 9 28-29-30-31-32-33-34-37-38 0.9684414238116064 1.0 1 1.4912168852624095 1.0 [-1,-1] 1.0 1.0 1.0 0.00041974738576830407 0.19815580287489248 3316.4717422779104 -3315.193599127959 33.766016321912566 85.65088306982754
178.26544404764604 -0.6808736907776713 39627769600016710 9 28-29-30-31-32-33-34-37-38 0.6330802694637183 1.0 1 1.4981804734676407 1.0 [-1,-1] 1.0 1.0 1.0 0.000833303205902425 0.11070054926254569 2375.9817717509122 -2374.7253780367773 71.91372412086778 -28.2342856073095
179.84646819645516 0.7772527083315329 39627805863970904 9 28-29-30-31-32-33-34-37-38 0.7159769216413925 1.0 1 0.8153923093243987 1.0 [-1,-1] 1.0 1.0 1.0 0.0006167714992318164 0.14396928707710532 2626.5024821103216 -2626.2513845663566 7.0374132291660345 35.62903885900225
180.1855528420915 -0.48931903906469676 39627775669179084 10 28-29-30-31-32-33-34-37-38-445 0.9356097401345361 1.0 1 0.763083820378736 1.0 [-1,-1] 1.0 1.0 1.0 0.0004445766401596716 0.18918261239264766 3232.534022190177 -3232.399188995166 -10.46818732931068 -27.606243033765693
179.0074337297443 1.0117361604969672 39627811891183769 10 28-29-30-31-32-33-34-37-38-445 0.9165172687723692 1.0 1 1.1724795718336343 1.0 [-1,-1] 1.0 1.0 1.0 0.0004951280553168204 0.17321314004730964 3182.964767196149 -3181.991014835449 55.128893663360486 56.202275772069335
180.06699473405527 1.0518294384759181 39627811907962256 10 28-29-30-31-32-33-34-37-38-445 0.788469319779118 1.0 1 1.1508278540405088 1.0 [-1,-1] 1.0 1.0 1.0 0.0007324854237337303 0.12404708914385561 2835.4693424042543 -2834.9896241929664 -3.3148944668231435 52.05030170241102
