data_rosette/LRG_11_clustering_data.ecsv
# %ECSV 1.0
# ---
# datatype:
# - {name: RA, unit: deg, datatype: float64}
# - {name: DEC, unit: deg, datatype: float64}
# - {name: TARGETID, datatype: int64}
# - {name: NTILE, datatype: int64}
# - {name: TILES, datatype: string}
# - {name: Z, datatype: float64}
# - {name: COMP_TILE, datatype: float64}
# - {name: ROSETTE_NUMBER, datatype: int32}
# - {name: ROSETTE_R, unit: deg, datatype: float64}
# - {name: FRACZ_TILELOCID, datatype: float64}
# - {name: BITWEIGHTS, datatype: string, subtype: 'int64[2]'}
# - {name: PROB_OBS, datatype: float64}
# - {name: WEIGHT_ZFAIL, datatype: float64}
# - {name: WEIGHT, datatype: float64}
# - {name: NZ, unit: h3 / Mpc3, datatype: float64}
# - {name: WEIGHT_FKP, datatype: float64}
# - {name: theta, unit: deg, datatype: float64}
# - {name: phi, unit: deg, datatype: float64}
# - {name: rho, unit: Mpc, datatype: float64}
# - {name: r, unit: Mpc, datatype: float64}
# - {name: x, unit: Mpc, datatype: float64}
# - {name: y, unit: Mpc, datatype: float64}
# - {name: z, unit: Mpc, datatype: float64}
# meta: !!omap
# - {EXTNAME: LSS}
# - {DESIDR: edr}
# - comments: ['Visit https://desidatamodel.readthedocs.io/en/latest/ for a more complet', e description]
# schema: astropy-2.0
RA DEC TARGETID NTILE TILES Z COMP_TILE ROSETTE_NUMBER ROSETTE_R FRACZ_TILELOCID BITWEIGHTS PROB_OBS WEIGHT_ZFAIL WEIGHT NZ WEIGHT_FKP theta phi rho r x y z
[from data line 4952]
243.8337208126472 53.536082831748274 39633301253654448 2 300-308 1.0163424907879346 0.9090909090909091 11 1.576541974348852 1.0 [-1,-1] 1.0 1.0 1.0 0.00020130102782971312 0.3394727840281335 36.463917168251726 -243.8337208126472 3436.0548179184802 3436.0548179184802 -1143.7873019538931 -3036.0594634110107 1131.6210736206172
240.65922231613357 53.98833577126637 39633308392358968 2 300-308 0.7266731326956883 0.9090909090909091 11 1.5678862352130236 1.0 [-1,-1] 1.0 1.0 1.0 0.0005823912580269674 0.15084542533972659 36.01166422873363 -240.65922231613357 2657.9165997620753 2657.9165997620753 848.8906861980286 2499.641948483968 -309.3467044535994
242.79165352779162 53.27313984146456 39633297629774084 2 300-308 0.9275267589182198 0.9090909090909091 11 1.7070345909836597 1.0 [-108108399543058449,-2308167379213108225] 0.8671875 1.0 1.1517857142857142 0.00042618922305278896 0.1953324009783564 36.72686015853544 -242.79165352779162 3211.6170765510096 3211.6170765510096 1672.0392795617172 -2060.1642155558216 1809.5558291857292
241.23137775937425 53.531899483602245 39633301228487788 2 300-308 0.585497258719111 0.9090909090909091 11 1.6981383202353764 1.0 [6808804910066670769,6592141716805910435] 0.7109375 1.0 1.4021739130434783 0.0005369919189708607 0.1615383650856205 36.468100516397755 -241.23137775937425 2226.364766894823 2226.364766894823 1643.6615103617821 1305.5627805639974 742.0126283506685
240.50424579190334 53.98510221490607 39633308388167339 2 300-308 0.7682897768074555 0.9090909090909091 11 1.6405955690207208 1.0 [-1,-1] 1.0 1.0 1.0 0.0007242712797402853 0.12498917450484462 36.01489778509393 -240.50424579190334 2778.219232570357 2778.219232570357 473.55501540864407 2719.4457469506433 -314.42420548869865
245.1037958811226 54.15269995756769 39633311982685033 2 300-308 0.6993447423644542 0.9090909090909091 11 1.5957003051712124 1.0 [-1405123083739594756,-4683746094965325825] 0.8984375 1.0 1.1120689655172413 0.0005639081233901963 0.1550231922816235 35.84730004243231 -245.1037958811226 2577.247156174054 2577.247156174054 -2471.7609022344323 147.41448654378442 -714.7516459229076
245.54687385111373 55.09847301544213 39633322510385729 2 300-475 0.7491894018428285 0.3333333333333333 11 1.606915984742457 0.3333333333333333 [1211830933533634127,4883072979223972101] 0.359375 1.0 2.74468085106383 0.0006073340474539246 0.1455520198534496 34.90152698455787 -245.54687385111373 2723.382175809082 2723.382175809082 -804.8871911806928 442.482141467388 -2563.8207112569903
240.27634777747974 55.819940774725985 39633332790625358 1 301 1.0827183388169408 0.75 11 1.636482074077648 1.0 [-3462084645281462318,-4767428949806657890] 0.53125 1.0 1.8695652173913044 0.00012850791192818028 0.44600300211103894 34.180059225274015 -240.27634777747974 3596.3151480603933 3596.3151480603933 73.51230088606711 -1323.4193412743487 -3343.1481918886057
245.08045051857903 55.99890305282787 39633336234148148 1 301 0.5996441080995716 0.75 11 1.6676174605418903 1.0 [-1,-1] 1.0 1.0 1.0 0.0006106036532175123 0.14488555312656437 34.00109694717213 -245.08045051857903 2271.3008263970823 2271.3008263970823 1198.8040768613898 -43.443928959026664 -1928.67541445656
243.0943584492154 53.533780851735834 39633301245266760 8 301-302-303-304-305-306-307-308 0.9629317546592009 1.0 11 1.460136833369241 1.0 [-1,-1] 1.0 1.0 1.0 0.0003767415448896098 0.21544643941305056 36.466219148264166 -243.0943584492154 3302.4993473389027 3302.4993473389027 1153.0098868587017 -2894.55657927351 1094.8115588375915
242.41079322224928 55.02855872892534 39633322476834223 8 301-302-303-304-305-306-307-308 0.8991282892386443 1.0 11 0.2005087853208015 1.0 [-1,-1] 1.0 1.0 1.0 0.0005723615213970424 0.15308410280969617 34.97144127107466 -242.41079322224928 3137.3252185578363 3137.3252185578363 1102.3983517442805 -613.9741992032274 -2872.379341901627
242.34754374636805 54.18006330949747 39633311957516946 8 301-302-303-304-305-306-307-308 0.5500940804439618 1.0 11 0.8332453615649693 1.0 [-1,-1] 1.0 1.0 1.0 0.0006724560872077301 0.13333590500666823 35.81993669050253 -242.34754374636805 2112.201187855235 2112.201187855235 1816.6384348790132 -866.1586462034769 -641.0833444290647
242.13101965125088 55.96528991313718 39633336204789380 9 301-302-303-304-305-306-307-308-475 0.8482574273782397 1.0 11 1.0458777797115602 1.0 [-1,-1] 1.0 1.0 1.0 0.0006366829495309179 0.1397804201853648 34.03471008686282 -242.13101965125088 3001.050874014975 3001.050874014975 -1459.5621340941939 339.26180157794795 -2600.1704088644906
244.45389014698674 54.8748827464391 39633319012336895 9 301-302-303-304-305-306-307-308-475 0.47050867857138484 1.0 11 0.9846797225226556 1.0 [-1,-1] 1.0 1.0 1.0 0.000668512811805897 0.13401699399284683 35.1251172535609 -244.45389014698674 1846.4428185435763 1846.4428185435763 -824.6579848658004 -552.5567988479065 -1556.9108112525835
241.572888210498 54.12692968586397 39633311949129038 9 301-302-303-304-305-306-307-308-475 0.5412933231457302 1.0 11 1.092556698080471 1.0 [-1,-1] 1.0 1.0 1.0 0.0006094867785671962 0.14511252611805409 35.87307031413603 -241.572888210498 2083.4386070897285 2083.4386070897285 1907.3286358704972 652.7664823169981 -526.0321509792618
242.60476740228884 55.656315235289256 39633332811597893 9 301-302-303-304-305-306-307-308-475 0.7554430914980996 1.0 11 0.6813450704496806 1.0 [-1,-1] 1.0 1.0 1.0 0.0007242712797402853 0.12498917450484462 34.343684764710744 -242.60476740228884 2741.406455990993 2741.406455990993 -444.14641320858533 375.721809763883 -2678.9692872914384
242.379996037614 54.85799493521261 39633318991365948 8 301-302-303-304-305-306-307-475 0.9419224664030861 1.0 11 0.24516660540169583 1.0 [-1,-1] 1.0 1.0 1.0 0.0003671239319408774 0.21984967794317842 35.14200506478739 -242.379996037614 3248.800255706737 3248.800255706737 1592.1990309972364 -823.5841776172985 -2709.4860120602316
243.30999729924977 54.45597429704778 39633315493317658 8 301-302-303-304-305-306-307-475 0.7638995401371589 1.0 11 0.615808865068167 1.0 [-1,-1] 1.0 1.0 1.0 0.0007242712797402853 0.12498917450484462 35.54402570295222 -243.30999729924977 2765.6710334650884 2765.6710334650884 375.34129436101534 -2276.1172857037373 -1525.5639219042578
243.81872951788856 54.48786647196313 39633315497513356 8 301-302-303-304-305-306-307-475 1.0021773308475608 1.0 11 0.78925964037639 1.0 [-1,-1] 1.0 1.0 1.0 0.00023297360745577845 0.30751381291380364 35.51213352803687 -243.81872951788856 3401.04213811569 3401.04213811569 -939.4656307027565 -2611.7303519691945 -1965.542297323993
244.23374280303136 54.41998758247615 39633315501706892 7 301-302-303-304-305-306-308 0.864774696310472 1.0 11 1.0240444784792877 1.0 [-1,-1] 1.0 1.0 1.0 0.0006576102792991648 0.1359368301360722 35.58001241752385 -244.23374280303136 3045.754115461344 3045.754115461344 -1791.2862088265272 -1883.491063941381 -1587.5683487555943
242.15390799323785 54.3176598906256 39633311953324939 7 301-302-303-304-305-306-308 0.9704289674356154 1.0 11 0.7467489859724572 1.0 [-1,-1] 1.0 1.0 1.0 0.00030269805442075816 0.25472307248715254 35.6823401093744 -242.15390799323785 3321.5009542281605 3321.5009542281605 2902.5216840113712 -745.0746244525253 -1432.689871109341
242.03163062262826 55.97788851636447 39633336204788607 7 301-302-303-304-305-306-475 0.849130479029078 1.0 11 1.0777220929840239 1.0 [-1,-1] 1.0 1.0 1.0 0.0006366829495309179 0.1397804201853648 34.02211148363553 -242.03163062262826 3003.4248657061303 3003.4248657061303 -1519.5912501997125 197.1161986112165 -2583.127670190427
244.74674593120434 54.91800040867382 39633322501997651 6 301-302-303-304-305-307 0.7648916253501713 0.7142857142857143 11 1.1483774434765002 1.0 [-1,-1] 1.0 1.0 1.0 0.0007242712797402853 0.12498917450484462 35.08199959132618 -244.74674593120434 2768.509537293295 2768.509537293295 -1325.4757648430748 -406.362246896261 -2396.378262961635
244.42346901864283 54.232437645920015 39633311978488010 6 301-302-303-304-305-307 0.7959936990575303 0.7142857142857143 11 1.2240014337180172 0.5 [-67653368180575425,-4264111823901469018] 0.6171875 1.0 1.6125 0.0008239664519383997 0.11155322342262282 35.767562354079985 -244.42346901864283 2856.6380093552016 2856.6380093552016 -2174.1238736412456 -1554.6157439383242 -1008.33327191714
244.74582250460753 54.914613245227194 39633322501997644 6 301-302-303-304-305-307 0.49924959043583034 0.7142857142857143 11 1.1480840494278157 1.0 [-1,-1] 1.0 1.0 1.0 0.0007365189099627642 0.12316671624379881 35.085386754772806 -244.74582250460753 1943.8947789817826 1943.8947789817826 -935.8541806879376 -287.8583691436145 -1679.2978960135456
244.73970526102127 54.91712697218043 39633322501997583 6 301-302-303-304-305-307 0.7901713374627891 0.7142857142857143 11 1.1444003177638553 1.0 [-1,-1] 1.0 1.0 1.0 0.0008239664519383997 0.11155322342262282 35.08287302781957 -244.73970526102127 2840.2661357320203 2840.2661357320203 -1358.9097007086584 -427.10208529362507 -2457.246417403807
244.41712000225752 54.23977253626053 39633311978487941 6 301-302-303-304-305-307 0.5432431778532104 0.7142857142857143 11 1.2165471210000527 1.0 [-1,-1] 1.0 1.0 1.0 0.0006094867785671962 0.14511252611805409 35.76022746373947 -244.41712000225752 2089.8243622196146 2089.8243622196146 -1578.8424774071716 -1144.1761970331474 -751.9861212842752
244.42625811408868 54.21934397318759 39633311978488031 7 301-302-303-304-305-307-308 0.4756933760050067 0.6666666666666666 11 1.2334346684190398 1.0 [-2253449115729926,-653021946002276481] 0.90625 1.0 1.1025641025641026 0.000668512811805897 0.13401699399284683 35.78065602681241 -244.42625811408868 1864.1475787246354 1864.1475787246354 -1428.485621891265 -1015.4348733238108 -635.1118337369435
243.205024920146 55.04429482970544 39633322485222473 7 301-302-303-304-305-307-308 0.49207376049745 0.6666666666666666 11 0.26871711634379675 1.0 [-1,-1] 1.0 1.0 1.0 0.0007365189099627642 0.12316671624379881 34.95570517029456 -243.205024920146 1919.72161257975 1919.72161257975 197.40185392432446 -717.7139739616524 -1769.5339017530034
241.93633880853614 55.73224576431891 39633332807401702 8 301-302-303-304-305-307-308-475 0.4094856431196791 1.0 11 0.8830611058694708 1.0 [-1,-1] 1.0 1.0 1.0 0.00024055914515870672 0.3007331513712552 34.26775423568109 -241.93633880853614 1633.8720314028349 1633.8720314028349 -466.5761915081763 15.731666372773578 -1565.7576399913517
244.79003420133415 55.01118580301536 39633322501998062 8 301-302-303-304-305-307-308-475 0.5767597977291801 1.0 11 1.1706179795501794 1.0 [-1,-1] 1.0 1.0 1.0 0.0005369919189708607 0.1615383650856205 34.98881419698464 -244.79003420133415 2198.4172703278477 2198.4172703278477 -889.5110198677783 -231.10641961630114 -1997.0975095927752
241.62788637579052 55.55790243113557 39633329380656887 8 301-302-303-304-305-307-308-475 0.8019324593263707 1.0 11 0.8617638077690839 1.0 [-1,-1] 1.0 1.0 1.0 0.0008239664519383997 0.11155322342262282 34.44209756886443 -241.62788637579052 2873.277937826451 2873.277937826451 -318.49157106022767 -89.77529578934879 -2854.1600556783333
244.57374514759687 54.41817237507823 39633315505900442 8 301-302-303-304-305-307-308-475 0.7783765501975876 1.0 11 1.1942391812890374 1.0 [-1,-1] 1.0 1.0 1.0 0.0007064174578981374 0.12774458208408304 35.58182762492177 -244.57374514759687 2806.9232012354973 2806.9232012354973 -2137.5542561444463 -1087.1006811394577 -1458.7295049936513
240.47178194395454 54.8385141476436 39633318974587292 7 301-302-303-304-305-307-475 1.055588937486893 1.0 11 1.3172466225404529 1.0 [-1,-1] 1.0 1.0 1.0 0.00014839258087788972 0.41078905010633954 35.1614858523564 -240.47178194395454 3531.5601850478997 3531.5601850478997 279.75842071734564 1986.0076224553034 -2906.7896879896084
244.16798053746837 55.592247957917145 39633329405821619 8 301-302-303-304-306-307-308-475 0.7977665750011387 1.0 11 1.0133369771983036 1.0 [-1,-1] 1.0 1.0 1.0 0.0008239664519383997 0.11155322342262282 34.407752042082855 -244.16798053746837 2861.6117187276755 2861.6117187276755 273.2809652494222 328.06280749670447 -2829.578402718201
242.8333330799011 55.53082014208768 39633329393238638 8 301-302-303-304-306-307-308-475 0.8746089678116673 1.0 11 0.5528637259128111 1.0 [-1,-1] 1.0 1.0 1.0 0.0005346154933450218 0.1621399955636538 34.46917985791232 -242.8333330799011 3072.160490195571 3072.160490195571 -161.8849195197169 217.38404544806855 -3060.1809631352553
242.82286649194265 55.54399413744191 39633329393238515 7 301-302-303-304-306-307-475 0.44642868975675304 1.0 11 0.5655203711234269 1.0 [-1,-1] 1.0 1.0 1.0 0.0006285113834356281 0.1413409039925048 34.45600586255809 -242.82286649194265 1763.4873958636372 1763.4873958636372 -108.23321033149548 142.20723242264864 -1754.408866427077
245.33071982194735 54.85317019550566 39633319020725783 7 301-302-303-304-306-307-475 0.8358442785788955 1.0 11 1.48864277626184 1.0 [-1,-1] 1.0 1.0 1.0 0.0006366829495309179 0.1397804201853648 35.14682980449434 -245.33071982194735 2967.162013743177 2967.162013743177 -1581.8967617471212 466.02250380994496 -2466.6730786460425
243.15713892318792 56.004779753721955 39633336213179756 6 301-302-303-304-306-308 0.6564263748173033 1.0 11 1.0504107127292996 1.0 [-1,-1] 1.0 1.0 1.0 0.0006371005092682059 0.1397016056866948 33.995220246278045 -243.15713892318792 2447.819456169121 2447.819456169121 -405.91675139789834 1240.2776803156655 -2070.932871110375
244.5774576712568 54.44270461493777 39633315505900490 6 301-302-303-304-307-308 0.8530197171219784 1.0 11 1.1845252512952944 1.0 [-1,-1] 1.0 1.0 1.0 0.0006576102792991648 0.1359368301360722 35.55729538506223 -244.5774576712568 3013.9853176744246 3013.9853176744246 -2264.5521689647567 -1141.126492303479 -1629.0307847788438
241.7669293299787 53.8215182593657 39633304827202729 7 301-302-303-305-306-307-308 0.9739519920961925 1.0 11 1.2920823243837174 1.0 [-1,-1] 1.0 1.0 1.0 0.00030269805442075816 0.25472307248715254 36.1784817406343 -241.7669293299787 3330.4010038165675 3330.4010038165675 3295.6306331353685 449.9993134037128 167.0035751065222
242.64750194852604 56.10714425769556 39633336208984299 7 301-302-303-305-306-308-475 0.6873744506690309 1.0 11 1.1286347354587931 1.0 [-1,-1] 1.0 1.0 1.0 0.0008053318504768218 0.11384060807160488 33.89285574230444 -242.64750194852604 2541.488075007656 2541.488075007656 -1152.4462821563197 1062.6192834016922 -2000.4673105784734
241.88584618294922 54.40007881452283 39633315480733311 5 301-302-303-305-307 0.8930258600610981 1.0 11 0.7653569806554582 1.0 [-1,-1] 1.0 1.0 1.0 0.0005723615213970424 0.15308410280969617 35.59992118547717 -241.88584618294922 3121.19604161336 3121.19604161336 2695.140229545977 45.25065208589375 -1573.5425802155999
243.18494854583292 55.033551289319014 39633322485222268 6 301-302-303-305-307-308 0.8777268578951885 1.0 11 0.25511738228933506 1.0 [-1,-1] 1.0 1.0 1.0 0.0005346154933450218 0.1621399955636538 34.966448710680986 -243.18494854583292 3080.500019644498 3080.500019644498 348.47829570075754 -1174.2746356714736 -2826.5035518240334
241.8040491244746 54.92440507584105 39633322472638528 7 301-302-303-305-307-308-475 0.4461667293572035 1.0 11 0.5460545660959341 1.0 [-1,-1] 1.0 1.0 1.0 0.0006285113834356281 0.1413409039925048 35.07559492415895 -241.8040491244746 1762.5783390211457 1762.5783390211457 868.6070182426147 85.9103007429947 -1531.2817080055725
244.87270482585473 54.560972070822615 39633315510093231 7 301-302-303-305-307-308-475 0.7204464242719607 1.0 11 1.2941392461956716 1.0 [-1,-1] 1.0 1.0 1.0 0.0005823912580269674 0.15084542533972659 35.439027929177385 -244.87270482585473 2639.653981406731 2639.653981406731 -2007.1281130549214 -347.683239898722 -1678.7871348192195
245.19602636910702 55.430313969230355 39633329414211661 7 301-302-303-306-307-308-475 0.6815549735892653 1.0 11 1.466549503203897 1.0 [-1,-1] 1.0 1.0 1.0 0.0008053318504768218 0.11384060807160488 34.569686030769645 -245.19602636910702 2524.0091010779497 2524.0091010779497 -30.355330990406284 4.643643524386474 -2523.822286291093
