data_rosette/LRG_12_clustering_data.ecsv
# %ECSV 1.0
# ---
# datatype:
# - {name: RA, unit: deg, datatype: float64}
# - {name: DEC, unit: deg, datatype: float64}
# - {name: TARGETID, datatype: int64}
# - {name: NTILE, datatype: int64}
# - {name: TILES, datatype: string}
# - {name: Z, datatype: float64}
# - {name: COMP_TILE, datatype: float64}
# - {name: ROSETTE_NUMBER, datatype: int32}
# - {name: ROSETTE_R, unit: deg, datatype: float64}
# - {name: FRACZ_TILELOCID, datatype: float64}
# - {name: BITWEIGHTS, datatype: string, subtype: 'int64[2]'}
# - {name: PROB_OBS, datatype: float64}
# - {name: WEIGHT_ZFAIL, datatype: float64}
# - {name: WEIGHT, datatype: float64}
# - {name: NZ, unit: h3 / Mpc3, datatype: float64}
# - {name: WEIGHT_FKP, datatype: float64}
# - {name: theta, unit: deg, datatype: float64}
# - {name: phi, unit: deg, datatype: float64}
# - {name: rho, unit: Mpc, datatype: float64}
# - {name: r, unit: Mpc, datatype: float64}
# - {name: x, unit: Mpc, datatype: float64}
# - {name: y, unit: Mpc, datatype: float64}
# - {name: z, unit: Mpc, datatype: float64}
# meta: !!omap
# - {EXTNAME: LSS}
# - {DESIDR: edr}
# - comments: ['Visit https://desidatamodel.readthedocs.io/en/latest/ for a more complet', e description]
# schema: astropy-2.0
RA DEC TARGETID NTILE TILES Z COMP_TILE ROSETTE_NUMBER ROSETTE_R FRACZ_TILELOCID BITWEIGHTS PROB_OBS WEIGHT_ZFAIL WEIGHT NZ WEIGHT_FKP theta phi rho r x y z
[from data line 416]
242.2949013351289 44.47846659208097 39633158341133349 11 325-326-327-328-329-330-331-332-334-335-478 0.8783775300566383 1.0 12 1.3640184553398778 1.0 [-1,-1] 1.0 1.0 1.0 0.0005346154933450218 0.1621399955636538 45.52153340791903 117.70509866487109 3082.238432214541 3082.238432214541 -321.7334809161618 -3063.857357630731 97.2595104344758
241.74967185927335 43.400121225299245 39633140909608052 11 325-326-327-328-329-330-331-332-334-335-478 0.489389507370406 1.0 12 0.5105940942101921 1.0 [-1,-1] 1.0 1.0 1.0 0.000668512811805897 0.13401699399284683 46.599878774700755 118.25032814072665 1910.6522513864893 1910.6522513864893 407.7236533307163 -864.7040423433206 -1654.2794103167805
241.95041438102106 44.356716013477595 39633154008419485 11 325-326-327-328-329-330-331-332-334-335-478 0.6190919922025311 1.0 12 1.1148916989826514 1.0 [-1,-1] 1.0 1.0 1.0 0.0007056687116799521 0.12786279395313782 45.643283986522405 118.04958561897894 2332.4468629495586 2332.4468629495586 551.8619246162989 -2256.462583792182 -210.0794911169148
241.28426661850563 44.26801057127612 39633154004222061 11 325-326-327-328-329-330-331-332-334-335-478 0.5931142147601335 1.0 12 0.8352679134095395 1.0 [-1,-1] 1.0 1.0 1.0 0.0006106036532175123 0.14488555312656437 45.73198942872388 118.71573338149437 2250.6073343850367 2250.6073343850367 1743.0666313533604 -1366.2238280156105 -400.48039154562895
240.3253889681638 43.75102123769761 39633145275879123 11 325-326-327-328-329-330-331-332-334-335-478 0.9099730771459082 1.0 12 0.6049463957000337 1.0 [-1,-1] 1.0 1.0 1.0 0.0005723615213970424 0.15308410280969617 46.24897876230239 119.6746110318362 3165.844225884542 3165.844225884542 2325.4247002193315 704.3076184182717 -2029.5123564083833
241.39589557262727 44.273324554210134 39633154004223208 11 325-326-327-328-329-330-331-332-334-335-478 0.6130323529651541 1.0 12 0.8602659438775888 1.0 [-1,-1] 1.0 1.0 1.0 0.0007056687116799521 0.12786279395313782 45.726675445789866 118.60410442737273 2313.472363995045 2313.472363995045 1625.6958448195587 -1596.751833018485 -399.5634903958926
242.40527623989647 43.44550284052452 39633140917996367 11 325-326-327-328-329-330-331-332-334-335-478 0.9989153054134837 1.0 12 0.9839323995511372 1.0 [-1,-1] 1.0 1.0 1.0 0.00023297360745577845 0.30751381291380364 46.55449715947548 117.59472376010353 3392.937917068374 3392.937917068374 -390.25704833522025 -1787.087643476378 -2857.6292446430143
240.76532424492711 44.24038701672291 39633153995835287 11 325-326-327-328-329-330-331-332-334-335-478 0.776137388095016 1.0 12 0.8166162854579725 1.0 [-1,-1] 1.0 1.0 1.0 0.0007064174578981374 0.12774458208408304 45.75961298327709 119.23467575507289 2800.566341433331 2800.566341433331 2711.9552283302555 -398.35377706998355 -574.2690489618475
239.64192736727247 43.845704105335976 39633145267490313 11 325-326-327-328-329-330-331-332-334-335-478 0.7206039621468471 1.0 12 1.0929996391603232 1.0 [-1,-1] 1.0 1.0 1.0 0.0005823912580269674 0.15084542533972659 46.154295894664024 120.35807263272753 2640.1168846015357 2640.1168846015357 1217.1661324839692 1805.1748225699587 -1493.3410964182476
240.0377785949616 43.516774534459614 39633140888636477 11 325-326-327-328-329-330-331-332-334-335-478 0.8750168785306353 1.0 12 0.7374660851046801 1.0 [-1,-1] 1.0 1.0 1.0 0.0005346154933450218 0.1621399955636538 46.483225465540386 119.9622214050384 3073.2524288875484 3073.2524288875484 1534.8422351816785 1009.3148516029352 -2463.82291066129
241.6031937782438 44.3362796389103 39633154004225406 11 325-326-327-328-329-330-331-332-334-335-478 0.7653449383119132 1.0 12 0.9718030209728145 1.0 [-1,-1] 1.0 1.0 1.0 0.0007242712797402853 0.12498917450484462 45.6637203610897 118.39680622175621 2769.805965363441 2769.805965363441 1524.909979606361 -2291.935182328301 -305.79038550217507
239.7715227140921 43.50806739555691 39633140888633385 11 325-326-327-328-329-330-331-332-334-335-478 0.8750438947371803 1.0 12 0.929502922091123 1.0 [-1,-1] 1.0 1.0 1.0 0.0005346154933450218 0.1621399955636538 46.49193260444309 120.2284772859079 3073.324739315537 3073.324739315537 1200.9776234705848 1361.4906957514586 -2479.782407106331
241.66109838990965 44.30502706981026 39633154008416660 11 325-326-327-328-329-330-331-332-334-335-478 0.6251069247402915 1.0 12 0.9618168667694863 1.0 [-1,-1] 1.0 1.0 1.0 0.0007056687116799521 0.12786279395313782 45.69497293018974 118.33890161009035 2351.212252483892 2351.212252483892 1175.0199565537557 -2009.226323836317 -332.47065665105714
239.76172803824815 43.510304039451164 39633140884443280 11 325-326-327-328-329-330-331-332-334-335-478 0.875976121041539 1.0 12 0.9367202568577092 1.0 [-1,-1] 1.0 1.0 1.0 0.0005346154933450218 0.1621399955636538 46.489695960548836 120.23827196175185 3075.8191798713624 3075.8191798713624 1192.1768480995327 1378.498030724799 -2477.7249987453924
240.4608284010331 43.7311106864756 39633145280071064 11 325-326-327-328-329-330-331-332-334-335-478 0.7767541580783597 1.0 12 0.510997336592027 1.0 [-1,-1] 1.0 1.0 1.0 0.0007064174578981374 0.12774458208408304 46.2688893135244 119.5391715989669 2802.318178000328 2802.318178000328 2087.9928043439027 334.06921298638923 -1838.9320217707386
241.4137844066506 42.87293905284761 39633127651413583 11 325-326-327-328-329-330-331-332-334-335-478 0.7483858898061958 1.0 12 0.6351458449861681 1.0 [-1,-1] 1.0 1.0 1.0 0.0006073340474539246 0.1455520198534496 47.12706094715239 118.58621559334941 2721.0613453766437 2721.0613453766437 -6.0469380372968615 6.155630158757266 -2721.04766368777
240.86874012504134 43.89169520987882 39633149650537797 11 325-326-327-328-329-330-331-332-334-335-478 0.6041855732169555 1.0 12 0.4607426698661352 1.0 [-1,-1] 1.0 1.0 1.0 0.0006106036532175123 0.14488555312656437 46.10830479012118 119.13125987495866 2285.6444945261487 2285.6444945261487 1882.2884416326426 -479.14564460745515 -1204.8155166279844
240.6867640093268 43.613749699602515 39633140897024856 11 325-326-327-328-329-330-331-332-334-335-478 0.4204342917242898 1.0 12 0.310101889287322 1.0 [-1,-1] 1.0 1.0 1.0 0.0005613841910631427 0.1556117057517016 46.386250300397485 119.3132359906732 1672.583824838427 1672.583824838427 1122.3389902185527 -75.63057313486729 -1237.8092981366854
241.04944450781264 42.753120617405614 39633127647219294 11 325-326-327-328-329-330-331-332-334-335-478 0.5372580266702839 1.0 12 0.6968795006168855 1.0 [-1,-1] 1.0 1.0 1.0 0.0006094867785671962 0.14511252611805409 47.246879382594386 118.95055549218736 2070.1990370895155 2070.1990370895155 -230.85505945816115 105.86530057544991 -2054.561396703198
241.92520913604594 42.69610772089068 39633127659799794 11 325-326-327-328-329-330-331-332-334-335-478 0.8936812762241758 1.0 12 0.988466522222348 1.0 [-1,-1] 1.0 1.0 1.0 0.0005723615213970424 0.15308410280969617 47.30389227910932 118.07479086395406 3122.9311752468116 3122.9311752468116 -146.470491089971 539.5779787869022 -3072.4747558566755
240.4952273582184 43.7344603346448 39633145280071467 11 325-326-327-328-329-330-331-332-334-335-478 0.6440235874374652 1.0 12 0.4923019297953026 1.0 [-1,-1] 1.0 1.0 1.0 0.0007982518636535506 0.11473445525619816 46.2655396653552 119.50477264178161 2409.782377969678 2409.782377969678 1809.5801678382606 226.00787669449122 -1575.2432082099879
242.0329054749917 44.3235766091662 39633154012611275 11 325-326-327-328-329-330-331-332-334-335-478 0.8029401845514139 1.0 12 1.1246826028544652 1.0 [-1,-1] 1.0 1.0 1.0 0.0008239664519383997 0.11155322342262282 45.6764233908338 117.96709452500829 2876.0955827449266 2876.0955827449266 447.32170523643015 -2818.979869572923 -353.81010168150516
242.0312611205738 44.335509577304954 39633154012611258 11 325-326-327-328-329-330-331-332-334-335-478 0.8593425863845828 1.0 12 1.1331916897421808 1.0 [-1,-1] 1.0 1.0 1.0 0.0006576102792991648 0.1359368301360722 45.664490422695046 117.96873887942621 3031.101246725579 3031.101246725579 476.98509418279525 -2974.309940792436 -336.95751057378834
242.0291471180308 44.34578400337509 39633154012611229 11 325-326-327-328-329-330-331-332-334-335-478 0.9716177153968731 1.0 12 1.1402571595242101 1.0 [-1,-1] 1.0 1.0 1.0 0.00030269805442075816 0.25472307248715254 45.65421599662491 117.9708528819692 3324.5061011766325 3324.5061011766325 530.6327083452638 -3264.6800495953253 -335.6097724576672
241.4763452986884 42.732512345898044 39633127655604318 11 325-326-327-328-329-330-331-332-334-335-478 0.7377496116411416 1.0 12 0.7821252339572277 1.0 [-1,-1] 1.0 1.0 1.0 0.0006073340474539246 0.1455520198534496 47.267487654101956 118.52365470131161 2690.2330802610886 2690.2330802610886 -252.09200153522224 290.96973657729626 -2662.543945419337
240.15553722231914 44.3299571492827 39633153987447804 11 325-326-327-328-329-330-331-332-334-335-478 0.5489354280842857 1.0 12 1.0907876481583014 1.0 [-1,-1] 1.0 1.0 1.0 0.0006094867785671962 0.14511252611805409 45.6700428507173 119.84446277768086 2108.423262683974 2108.423262683974 1872.6736695329262 937.0259215568644 -246.0170815116848
239.7159259061592 44.059764103241214 39633149637953155 11 325-326-327-328-329-330-331-332-334-335-478 0.6328398860347165 1.0 12 1.1403072185242193 1.0 [-1,-1] 1.0 1.0 1.0 0.0007982518636535506 0.11473445525619816 45.940235896758786 120.28407409384079 2375.2367681209685 2375.2367681209685 1361.0692731913746 1727.7351334959244 -896.7560686674314
242.35310785504498 44.33035025680116 39633154016805244 11 325-326-327-328-329-330-331-332-334-335-478 0.8401142483360264 1.0 12 1.2871914255318064 1.0 [-1,-1] 1.0 1.0 1.0 0.0006366829495309179 0.1397804201853648 45.66964974319884 117.64689214495502 2978.8479232392397 2978.8479232392397 -479.63565504459314 -2919.4998392541424 -346.41777782283566
242.52837791680935 43.97081513006453 39633149671508291 11 325-326-327-328-329-330-331-332-334-335-478 0.8292530803231599 1.0 12 1.1887663597481941 1.0 [-1,-1] 1.0 1.0 1.0 0.000762533893525711 0.11946670068019369 46.02918486993547 117.47162208319065 2949.0643753147056 2949.0643753147056 -869.4150723756643 -2472.715968232217 -1351.581984981208
240.66952480413426 42.362882077148846 39633118721738073 11 325-326-327-328-329-330-331-332-334-335-478 1.00192552445724 1.0 12 1.122266619512167 1.0 [-1,-1] 1.0 1.0 1.0 0.00023297360745577845 0.30751381291380364 47.637117922851154 119.33047519586574 3400.417099840869 3400.417099840869 -1667.4873184121254 83.52020989465547 -2962.3211963533054
242.54950745934266 44.11070049436129 39633149671508535 11 325-326-327-328-329-330-331-332-334-335-478 0.6766725267157334 1.0 12 1.2682883270639616 1.0 [-1,-1] 1.0 1.0 1.0 0.0008053318504768218 0.11384060807160488 45.88929950563871 117.45049254065734 2509.2966807454563 2509.2966807454563 -832.7674277054234 -2217.60104858496 -827.8368394000962
240.52093688691602 42.49714208609015 39633123188674651 11 325-326-327-328-329-330-331-332-334-335-478 0.8955679309592834 1.0 12 1.0284797694578551 1.0 [-1,-1] 1.0 1.0 1.0 0.0005723615213970424 0.15308410280969617 47.50285791390985 119.47906311308398 3127.922070228006 3127.922070228006 -1151.5982250145182 -113.84986577964396 -2905.98627209848
242.28228864999159 42.46921069416955 39633123213836610 10 325-326-327-328-329-330-331-332-334-478 0.5807318610741977 1.0 12 1.3323516830839128 1.0 [-1,-1] 1.0 1.0 1.0 0.0005369919189708607 0.1615383650856205 47.53078930583045 117.71771135000841 2211.140659115815 2211.140659115815 80.40618976271897 871.387792310167 -2030.6061101197781
239.9995668520625 42.67106773436343 39633127634635394 10 325-326-327-328-329-330-331-332-334-478 0.6851757053742802 1.0 12 1.093490656646346 1.0 [-1,-1] 1.0 1.0 1.0 0.0008053318504768218 0.11384060807160488 47.32893226563657 120.00043314793751 2534.8913540535955 2534.8913540535955 -420.0901398893837 -299.8505262918017 -2481.791311352733
240.48863398465846 43.76265478960574 39633145280071378 10 325-326-327-328-329-330-331-332-334-478 0.5348074423939941 1.0 12 0.5128148423478058 1.0 [-1,-1] 1.0 1.0 1.0 0.0006094867785671962 0.14511252611805409 46.23734521039426 119.51136601534154 2062.1429882350035 2062.1429882350035 1584.2793777710515 208.48647370255037 -1303.46689539061
241.18171243611812 42.14906640606747 39633118725933828 10 325-326-327-328-329-330-331-332-334-478 0.47057661647064447 1.0 12 1.3045177160517931 1.0 [-1,-1] 1.0 1.0 1.0 0.000668512811805897 0.13401699399284683 47.85093359393253 118.81828756388188 1846.6751708805616 1846.6751708805616 -1038.4776818670296 654.308438287833 -1379.7295961876623
240.49474070630404 43.76348314123869 39633145280071462 10 325-326-327-328-329-330-331-332-334-478 0.5370237434776252 1.0 12 0.5098237849240165 1.0 [-1,-1] 1.0 1.0 1.0 0.0006094867785671962 0.14511252611805409 46.23651685876131 119.50525929369596 2069.4293721057884 2069.4293721057884 1592.1998704485839 199.64510271391543 -1306.7437895930561
242.15349740026332 44.42859430263499 39633158336941281 10 325-326-327-328-329-330-331-332-334-478 0.8854490570954744 1.0 12 1.2605437371233168 1.0 [-1,-1] 1.0 1.0 1.0 0.0005346154933450218 0.1621399955636538 45.57140569736501 117.84650259973668 3101.0879590635614 3101.0879590635614 114.00726436985076 -3098.4712971196773 -56.784632123614
242.30668186802046 42.477241280189766 39633123213836868 10 325-326-327-328-329-330-331-332-334-478 0.6406660923202296 1.0 12 1.3386100754364776 1.0 [-1,-1] 1.0 1.0 1.0 0.0007982518636535506 0.11473445525619816 47.522758719810234 117.69331813197954 2399.4360367758486 2399.4360367758486 108.23243029429415 925.5774849365858 -2211.082394437088
239.71295563208918 44.0018402583201 39633149637953132 10 325-326-327-328-329-330-331-332-334-478 0.726905472166775 1.0 12 1.112683123397746 1.0 [-1,-1] 1.0 1.0 1.0 0.0005823912580269674 0.15084542533972659 45.9981597416799 120.28704436791082 2658.596703180012 2658.596703180012 1479.3227046200966 1889.3632825232953 -1144.5729126656408
240.96626872116502 42.679618504597 39633127647218126 10 325-326-327-328-329-330-331-332-334-478 0.8842319732794961 1.0 12 0.7728062659721778 1.0 [-1,-1] 1.0 1.0 1.0 0.0005346154933450218 0.1621399955636538 47.320381495403 119.03373127883498 3097.8494381771593 3097.8494381771593 -568.7882785453355 205.55696725470932 -3038.239188908112
240.4662304706256 44.64771540115315 39633162627712593 10 325-326-327-328-329-330-331-332-334-478 0.6782757957143083 1.0 12 1.269073159632179 1.0 [-1,-1] 1.0 1.0 1.0 0.0008053318504768218 0.11384060807160488 45.35228459884685 119.53376952937441 2514.132681525443 2514.132681525443 2434.739990686606 376.069357572143 501.4739837329311
241.25413647024453 42.765768910345976 39633127651411477 10 325-326-327-328-329-330-331-332-334-478 0.4039089557705411 1.0 12 0.700272957944107 1.0 [-1,-1] 1.0 1.0 1.0 0.00024055914515870672 0.3007331513712552 47.234231089654024 118.74586352975547 1614.0571065052773 1614.0571065052773 -143.12631365306015 105.37993375433659 -1604.2413381290876
240.9581926401828 42.69550909998354 39633127647218000 10 325-326-327-328-329-330-331-332-334-478 0.6733600042977055 1.0 12 0.7574654281664508 1.0 [-1,-1] 1.0 1.0 1.0 0.0008053318504768218 0.11384060807160488 47.30449090001646 119.0418073598172 2499.29002938111 2499.29002938111 -423.41819495950193 149.1660085598855 -2458.6413290741248
240.9560852015816 42.69668750641622 39633127647217962 10 325-326-327-328-329-330-331-332-334-478 0.6718755027636747 1.0 12 0.7564296552945905 1.0 [-1,-1] 1.0 1.0 1.0 0.0008053318504768218 0.11384060807160488 47.30331249358378 119.0439147984184 2494.7990115075013 2494.7990115075013 -420.24013630751716 147.051602960685 -2454.74971468004
240.48116864252373 43.76167410754366 39633145280071294 10 325-326-327-328-329-330-331-332-334-478 0.7858788311535433 1.0 12 0.516520376934763 1.0 [-1,-1] 1.0 1.0 1.0 0.0007064174578981374 0.12774458208408304 46.23832589245634 119.51883135747627 2828.1590891119517 2828.1590891119517 2168.8528375311453 301.9027387146165 -1789.8089112573607
