data_rosette/LRG_17_clustering_data.ecsv
# %ECSV 1.0
# ---
# datatype:
# - {name: RA, unit: deg, datatype: float64}
# - {name: DEC, unit: deg, datatype: float64}
# - {name: TARGETID, datatype: int64}
# - {name: NTILE, datatype: int64}
# - {name: TILES, datatype: string}
# - {name: Z, datatype: float64}
# - {name: COMP_TILE, datatype: float64}
# - {name: ROSETTE_NUMBER, datatype: int32}
# - {name: ROSETTE_R, unit: deg, datatype: float64}
# - {name: FRACZ_TILELOCID, datatype: float64}
# - {name: BITWEIGHTS, datatype: string, subtype: 'int64[2]'}
# - {name: PROB_OBS, datatype: float64}
# - {name: WEIGHT_ZFAIL, datatype: float64}
# - {name: WEIGHT, datatype: float64}
# - {name: NZ, unit: h3 / Mpc3, datatype: float64}
# - {name: WEIGHT_FKP, datatype: float64}
# - {name: distance, unit: Mpc, datatype: float64}
# - {name: x, unit: Mpc, datatype: float64}
# - {name: y, unit: Mpc, datatype: float64}
# - {name: z, unit: Mpc, datatype: float64}
# meta: !!omap
# - {EXTNAME: LSS}
# - {DESIDR: edr}
# - comments: ['Visit https://desidatamodel.readthedocs.io/en/latest/ for a more complet', e description]
# schema: astropy-2.0
RA DEC TARGETID NTILE TILES Z COMP_TILE ROSETTE_NUMBER ROSETTE_R FRACZ_TILELOCID BITWEIGHTS PROB_OBS WEIGHT_ZFAIL WEIGHT NZ WEIGHT_FKP distance x y z
[from data line 4386]
213.09170110257855 -2.1505384698334744 39627733944240179 6 512-513-515-518-520-521 0.7455640903864216 1.0 17 1.5777214159201975 1.0 [-1,-1] 1.0 1.0 1.0 0.0007126833197713517 0.12705585074725267 2712.902007826621 -2271.2625362125164 -1480.1486848373354 -101.80209448485755
212.73980303388794 -2.1503365942231962 39627733935854210 6 512-513-515-518-520-521 0.8349473697890505 1.0 17 1.5515040836940595 1.0 [-1,-1] 1.0 1.0 1.0 0.0006232532477076302 0.14268566385842998 2964.7035653573585 -2491.960717837697 -1602.2560816007308 -111.24055092427372
213.1554139728421 -2.14654521763244 39627733944241733 6 512-513-515-518-520-521 0.7458041838181195 1.0 17 1.586833630484303 1.0 [-1,-1] 1.0 1.0 1.0 0.0007126833197713517 0.12705585074725267 2713.5967908380067 -2270.2023997120036 -1483.057006955862 -101.6391740782515
213.1601378144906 -2.154322465423891 39627733944241845 6 512-513-515-518-520-521 0.5899773361646742 1.0 17 1.5954731873825256 1.0 [-1,-1] 1.0 1.0 1.0 0.0006621615122706149 0.13543705131792066 2240.6371628548663 -1874.4125764207604 -1224.7195626728335 -84.22815282585391
212.97675590151903 -2.1543873201990222 39627733940048375 6 512-513-515-518-520-521 0.7428498162725505 1.0 17 1.5643984864175693 1.0 [-1,-1] 1.0 1.0 1.0 0.0007126833197713517 0.12705585074725267 2705.0403882391875 -2267.6312710158113 -1471.3093948230282 -101.68866909308639
212.8603688593554 -2.172432225660383 39627733940045776 6 512-513-515-518-520-521 0.6905598065768588 1.0 17 1.5735898899098073 1.0 [-1,-1] 1.0 1.0 1.0 0.0005843703162771602 0.15074849413407446 2551.0292000368167 -2141.312596776048 -1383.177171038467 -96.70189163983858
213.0102297267286 -2.199141211367054 39627733944238305 6 512-513-515-518-520-521 0.7756134810564298 1.0 17 1.6128917859699754 1.0 [-1,-1] 1.0 1.0 1.0 0.0007324854237337303 0.12404708914385561 2799.07775326456 -2345.503150225677 -1523.7830051850608 -107.4085388187977
211.54047492550188 -1.3963974851024605 39627752038466508 6 512-513-515-518-520-521 1.042149805683817 1.0 17 1.490015212269852 1.0 [-1,-1] 1.0 1.0 1.0 0.00017111768859933566 0.3774092623312036 3499.102313627947 -2981.297258717406 -1829.8394891210287 -85.27074793751292
211.52854331179782 -1.439098991490563 39627752038466248 6 512-513-515-518-520-521 0.6862997485201657 1.0 17 1.5232033550113158 1.0 [-1,-1] 1.0 1.0 1.0 0.0007209928471550773 0.12577569469930108 2538.2648344853224 -2162.8831554913318 -1326.8990745412755 -63.74693450014733
212.97181615185428 -2.150381150079607 39627733940048249 6 512-513-515-518-520-521 0.7472803003684777 1.0 17 1.5598665629466264 1.0 [-1,-1] 1.0 1.0 1.0 0.0007126833197713517 0.12705585074725267 2717.8661571245643 -2278.5165231585383 -1478.092958566748 -101.98091768546942
212.66260943936416 -2.1700304894113054 39627733935852768 6 512-513-515-518-520-521 0.8969891073800071 1.0 17 1.5760265522450534 1.0 [-1,-1] 1.0 1.0 1.0 0.0005275616701708153 0.16431404058018498 3131.677891497764 -2634.553535355466 -1688.9264473755377 -118.581367833823
212.24439754909343 -2.043032318509419 39627739967263850 5 512-513-515-518-521 0.8605656847571856 1.0 17 1.546239253073087 1.0 [-1,-1] 1.0 1.0 1.0 0.0006812235016579503 0.1321480675826358 3034.4046662353276 -2564.8073651838354 -1617.9223224163632 -108.17678399880339
213.14044183899082 -2.177875362288409 39627733944241394 5 512-513-515-518-521 0.5906565869661846 1.0 17 1.6141610436643845 1.0 [-1,-1] 1.0 1.0 1.0 0.0007756247847600315 0.11796159141779075 2242.7976901072666 -1876.6120985563025 -1225.236402970909 -85.23067016930989
212.25444711809573 -2.0566868822516025 39627739971453071 5 512-513-515-518-521 0.4913164981306453 1.0 17 1.5554384025978827 1.0 [-1,-1] 1.0 1.0 1.0 0.0005337442823398631 0.16272042362546515 1917.164516025971 -1620.2755217130089 -1022.4935545391259 -68.80367848215145
213.0015705072086 -2.2147207003877263 39627733944238139 5 512-513-515-518-521 0.9167436423375678 1.0 17 1.6272450361807598 1.0 [-1,-1] 1.0 1.0 1.0 0.0004951280553168204 0.17321314004730964 3183.5557992997947 -2667.912657084587 -1732.6667088849676 -123.02705940137534
212.6419334015029 -2.167911083532975 39627733935852361 5 512-513-515-518-521 0.8168313432390655 1.0 17 1.5758534449183046 1.0 [-1,-1] 1.0 1.0 1.0 0.0006627118749498285 0.13533979738261318 2914.7617073230067 -2452.641286872841 -1571.0599115684404 -110.26006831952847
213.64547011532528 -1.9183668272905043 39627739992427593 5 512-513-515-518-521 0.902954811651971 1.0 17 1.566056844623199 1.0 [-1,-1] 1.0 1.0 1.0 0.0005275616701708153 0.16431404058018498 3147.409064343747 -2618.6922744572385 -1742.8521420713582 -105.36128742775517
213.5804843466113 -1.94018692664396 39627739992426268 6 512-513-515-519-520-521 0.6486652691172358 1.0 17 1.5507835838265527 1.0 [-1,-1] 1.0 1.0 1.0 0.000833303205902425 0.11070054926254569 2424.051222900837 -2018.3428004612774 -1339.99303431469 -82.06911149318728
214.02287659977267 -1.3187014595289097 39627758120206830 6 512-513-515-519-520-521 0.7656542991212721 1.0 17 1.4182806910018468 1.0 [-1,-1] 1.0 1.0 1.0 0.0006416626200019751 0.139161677870846 2770.690500766726 -2295.7795354604655 -1549.8568855996446 -63.763702521647275
212.24986395305368 -2.0323299906406485 39627739967263965 5 512-513-515-519-521 0.7008828059607635 1.0 17 1.534289222005589 1.0 [-1,-1] 1.0 1.0 1.0 0.0005843703162771602 0.15074849413407446 2581.8229885806154 -2182.1493138112637 -1376.8264366675764 -91.5602527827224
213.75720258973698 -1.806071528407717 39627746036416710 5 512-513-515-519-521 0.809071357223144 1.0 17 1.539612800251847 1.0 [-1,-1] 1.0 1.0 1.0 0.0007229154976227362 0.12548315978664992 2893.2017130895024 -2404.212282860637 -1606.8804908700695 -91.18409744708708
212.91744023421293 -0.2528622306693382 39627782258429145 5 512-513-515-520-521 0.9908426889999425 1.0 17 0.366464232006015 1.0 [-1,-1] 1.0 1.0 1.0 0.0002622817504223413 0.28340640119267335 3372.815254313422 -2831.29733307161 -1832.8711314587486 -14.885124656127985
214.11799034867298 -1.3964287673018645 39627752080410822 4 512-513-515-521 0.6979582148090074 1.0 17 1.5397539157152098 1.0 [-1,-1] 1.0 1.0 1.0 0.0005843703162771602 0.15074849413407446 2573.1184812168976 -2129.611625587244 -1442.830873838601 -62.70655501420797
214.14721271732466 0.02120669495967359 39627788319198703 6 512-513-516-517-518-519 0.7885271493536662 1.0 17 1.4835146705607674 1.0 [-1,-1] 1.0 1.0 1.0 0.0007324854237337303 0.12404708914385561 2835.632404434331 -2346.76376503318 -1591.7003055426612 1.049543099974202
213.08102183763546 0.46427138007366564 39627800382015222 7 512-513-516-517-518-519-520 0.7686555321650383 1.0 17 1.1007472290056497 1.0 [-1,-1] 1.0 1.0 1.0 0.0006416626200019751 0.139161677870846 2779.2631310402194 -2328.666893883449 -1516.9399740685174 22.52030114585005
213.47109756654118 -1.2670267297942988 39627758107628403 8 512-513-516-517-518-519-520-521 0.42205650545289286 1.0 17 0.9461352794859974 1.0 [-1,-1] 1.0 1.0 1.0 0.0006262316776515472 0.14210347001521706 1678.298145433247 -1399.633829326011 -925.3824178154133 -37.11050483330616
213.47762311580342 -1.2724028946938635 39627758107628576 8 512-513-516-517-518-519-520-521 0.42126622649415435 1.0 17 0.9545527132471251 1.0 [-1,-1] 1.0 1.0 1.0 0.0006262316776515472 0.14210347001521706 1675.5150425019708 -1397.204698259612 -924.0050820994107 -37.20614285449144
213.48217223845688 -1.2655702354922513 39627758107628684 8 512-513-516-517-518-519-520-521 1.0246978229134656 1.0 17 0.9530026937842266 1.0 [-1,-1] 1.0 1.0 1.0 0.00020304675497218746 0.33812883710054276 3456.5711971919004 -2882.2759272846474 -1906.447361832449 -76.34380665234202
214.00058720091508 -0.11589645787745989 39627788319195205 8 512-513-516-517-518-519-520-521 0.6809918392434935 1.0 17 1.294488714351362 1.0 [-1,-1] 1.0 1.0 1.0 0.0007209928471550773 0.12577569469930108 2522.314422069027 -2091.0746924076843 -1410.4788702514768 -5.102070524334579
213.75722279849103 -1.312531609343994 39627758116012218 8 512-513-516-517-518-519-520-521 0.5728916096308507 1.0 17 1.1931930894810503 1.0 [-1,-1] 1.0 1.0 1.0 0.0006621615122706149 0.13543705131792066 2185.9970451696545 -1816.9601493848145 -1214.3852964133482 -50.07243645997833
211.77476354953382 -0.5306065196495042 39627776201851325 8 512-513-516-517-518-519-520-521 0.7716021340784229 1.0 17 1.0275323767738607 1.0 [-1,-1] 1.0 1.0 1.0 0.0007324854237337303 0.12404708914385561 2787.664563678509 -2369.7609147325425 -1467.869365833422 -25.815720843338454
212.19727302870322 -0.5250597874634795 39627776206049365 7 512-513-516-517-518-520-521 0.805750880730522 0.75 17 0.6073390887470146 1.0 [-1,-1] 1.0 1.0 1.0 0.0007229154976227362 0.12548315978664992 2883.945359496264 -2440.3455218471754 -1536.6053893060114 -26.428168990499184
212.3560990641589 0.13433452404075708 39627794329635046 7 512-513-516-517-518-520-521 1.0196121930478659 0.75 17 0.8580730054221213 1.0 [-1,-1] 1.0 1.0 1.0 0.00020304675497218746 0.33812883710054276 3444.0954721396574 -2909.35113940857 -1843.2049164518537 8.074949080963092
214.0675465685716 -0.6902059857067236 39627770199803684 7 512-513-516-517-519-520-521 0.7593426306645871 1.0 17 1.2706720329427257 1.0 [-1,-1] 1.0 1.0 1.0 0.0006416626200019751 0.139161677870846 2752.611086906037 -2280.036358447517 -1541.8179322652127 -33.158161300727954
214.0621663156493 -0.6827292383472626 39627770199803554 7 512-513-516-517-519-520-521 0.5913876194655558 1.0 17 1.264795652065373 1.0 [-1,-1] 1.0 1.0 1.0 0.0007756247847600315 0.11796159141779075 2245.1219245589186 -1859.7951142840145 -1257.3857490565676 -26.75195488008831
213.30437142631126 -1.3853233108620573 39627752067826895 7 512-513-516-517-519-520-521 0.8018506088225684 1.0 17 0.9332967918724215 1.0 [-1,-1] 1.0 1.0 1.0 0.0007229154976227362 0.12548315978664992 2873.049004828399 -2400.4933219251516 -1577.0915722525742 -69.4591122035849
211.50208395612995 -0.9934312261843858 39627764118061126 7 512-513-516-517-519-520-521 0.6331093910275359 1.0 17 1.3561127697616564 1.0 [-1,-1] 1.0 1.0 1.0 0.000833303205902425 0.11070054926254569 2376.0720187792094 -2025.5847672320785 -1241.3812849703997 -41.19580692391626
212.61413159876614 -0.6030801548620175 39627776214436488 6 512-513-516-517-519-521 1.0602369344369778 1.0 17 0.18588367888446078 1.0 [-1,-1] 1.0 1.0 1.0 0.0001568149373683449 0.39812733398474315 3542.7269659544486 -2983.9426571413314 -1909.3480814513448 -37.289114379560914
212.38279307480965 0.0907337896260473 39627788289837830 5 512-513-516-517-520 1.053560688073496 1.0 17 0.806950581193099 1.0 [-1,-1] 1.0 1.0 1.0 0.0001568149373683449 0.39812733398474315 3526.6778622665297 -2978.2362411824524 -1888.7917951126256 5.584856619605477
212.59651303865164 -0.9083731905790632 39627764134840587 5 512-513-516-518-519 0.7411471794889356 1.0 17 0.3694505300106243 1.0 [-1,-1] 1.0 1.0 1.0 0.0007126833197713517 0.12705585074725267 2700.102258762509 -2274.510267619049 -1454.4149699020604 -42.805906072812725
211.80988235837538 -0.46594548878530967 39627776201852021 7 512-513-516-518-519-520-521 0.8794127059785678 1.0 17 0.9991087435588349 1.0 [-1,-1] 1.0 1.0 1.0 0.0005690156306133545 0.15418916366201427 3085.0027350211535 -2621.554160639321 -1626.0585039542395 -25.087838503261352
214.00749476849364 -1.2921757709646826 39627758120206532 7 512-513-516-518-519-520-521 0.9251199290709301 1.0 17 1.3916664995221972 1.0 [-1,-1] 1.0 1.0 1.0 0.0004951280553168204 0.17321314004730964 3205.3692977356136 -2656.4613805872673 -1792.3114513966848 -72.28367386071673
213.9414760121314 -1.6393279142671697 39627746036420593 6 512-513-516-518-519-521 0.6767122563098593 1.0 17 1.5435791879952183 1.0 [-1,-1] 1.0 1.0 1.0 0.0007209928471550773 0.12577569469930108 2509.416575667364 -2080.9808044199253 -1400.548753069911 -71.78880235968245
213.95357685730337 -1.631496045224343 39627746036420836 6 512-513-516-518-519-521 0.46250192045520616 1.0 17 1.5473148018401601 1.0 [-1,-1] 1.0 1.0 1.0 0.0005635091211985168 0.1554616369400361 1818.9925726480346 -1508.2251789627624 -1015.5337078639415 -51.78877372147038
213.95248608786056 -1.6289447983223426 39627746036420813 6 512-513-516-518-519-521 0.6763850145734812 1.0 17 1.5448020487205132 1.0 [-1,-1] 1.0 1.0 1.0 0.0007209928471550773 0.12577569469930108 2508.428947741077 -2079.9034836109654 -1400.4044832475504 -71.30615701703852
214.28626372074302 -0.9327772769424536 39627764164199302 5 512-513-516-519-521 0.7863592194690207 1.0 17 1.5229310975405599 1.0 [-1,-1] 1.0 1.0 1.0 0.0007324854237337303 0.12404708914385561 2829.515590670537 -2337.5304054007306 -1593.7340809130674 -46.06257711977176
213.021123949584 0.446955073711458 39627800382013995 4 512-513-516-521 0.7936007975544519 1.0 17 1.0700510640672238 1.0 [-1,-1] 1.0 1.0 1.0 0.0007229154976227362 0.12548315978664992 2849.9163942942564 -2389.4958726713894 -1553.0095585455313 22.231509615497803
213.06739520833648 -1.6566550569154046 39627746023835216 7 512-513-517-518-519-520-521 0.7781844860292089 1.0 17 1.0899497021934954 1.0 [-1,-1] 1.0 1.0 1.0 0.0007324854237337303 0.12404708914385561 2806.3782792864977 -2350.8443308332003 -1530.5905680963606 -81.13255508675425
213.7568660357275 -1.3090728934580595 39627758116012209 7 512-513-517-518-519-520-521 0.5760026054839354 1.0 17 1.1908447346123474 1.0 [-1,-1] 1.0 1.0 1.0 0.0006621615122706149 0.13543705131792066 2195.9883280636095 -1825.2748355243596 -1219.9260659838994 -50.168768433913726
213.09331478645817 -0.253937959851442 39627782262622038 6 512-513-517-518-520-521 0.8287755354767161 1.0 17 0.45363802797820696 1.0 [-1,-1] 1.0 1.0 1.0 0.0006627118749498285 0.13533979738261318 2947.750374147849 -2469.5492151390645 -1609.46831592604 -13.064544577280001
212.9418020054242 -0.3536848453143243 39627782258429572 5 512-513-517-518-521 0.8345219734643405 1.0 17 0.28421389918732326 1.0 [-1,-1] 1.0 1.0 1.0 0.0006232532477076302 0.14268566385842998 2963.5370797621954 -2487.0221319467582 -1611.5018706372584 -18.293694680384455
213.06364162208052 -1.6502675148608927 39627746023835123 6 512-513-517-519-520-521 0.8813692580435175 1.0 17 1.0828388660459949 1.0 [-1,-1] 1.0 1.0 1.0 0.0005690156306133545 0.15418916366201427 3090.22277687484 -2588.7336638289075 -1685.2343664261764 -88.99414975812752
212.9353703705025 -0.7176115635070264 39627770178834267 5 512-513-518-519-520 0.6515066223399264 1.0 17 0.17931867709376997 1.0 [-1,-1] 1.0 1.0 1.0 0.000700708733790897 0.12894715825466588 2432.7658511869445 -2041.6222533398554 -1322.573216073783 -30.468828219659446
214.10102719379594 -1.302432443128494 39627758120208517 6 512-513-518-519-520-521 0.7093018635994418 1.0 17 1.4783759228374134 1.0 [-1,-1] 1.0 1.0 1.0 0.0005843703162771602 0.15074849413407446 2606.794481342657 -2157.999235616632 -1461.1317478316694 -59.25185663701793
214.10779108476785 -1.3250970108131566 39627758120208692 6 512-513-518-519-520-521 0.7280298642818736 1.0 17 1.495184831976783 1.0 [-1,-1] 1.0 1.0 1.0 0.0006167714992318164 0.14396928707710532 2661.8866642604453 -2203.410407747169 -1492.2580042908412 -61.5567789034735
212.6601558254628 -2.1117352969153393 39627739975650410 6 512-513-518-519-520-521 0.8192532375004803 1.0 17 1.5181857316246807 1.0 [-1,-1] 1.0 1.0 1.0 0.0006627118749498285 0.13533979738261318 2921.4699498578634 -2457.8750760144185 -1575.5151351041907 -107.65146393454006
214.12296389493815 -1.3118925776617338 39627758120209039 5 512-513-518-519-521 0.8031934836340212 1.0 17 1.5021700277097454 1.0 [-1,-1] 1.0 1.0 1.0 0.0007229154976227362 0.12548315978664992 2876.803548659986 -2380.89604818993 -1613.3798693558876 -65.86396931132839
212.55321003768427 -0.5070184601867691 39627776214435062 5 512-513-518-519-521 0.773528844743192 1.0 17 0.26371415391234965 1.0 [-1,-1] 1.0 1.0 1.0 0.0007324854237337303 0.12404708914385561 2793.149951801041 -2354.231840950581 -1502.88661554651 -24.716656565028487
