data_rosette/LRG_4_clustering_data.ecsv
# %ECSV 1.0
# ---
# datatype:
# - {name: RA, unit: deg, datatype: float64}
# - {name: DEC, unit: deg, datatype: float64}
# - {name: TARGETID, datatype: int64}
# - {name: NTILE, datatype: int64}
# - {name: TILES, datatype: string}
# - {name: Z, datatype: float64}
# - {name: COMP_TILE, datatype: float64}
# - {name: ROSETTE_NUMBER, datatype: int32}
# - {name: ROSETTE_R, unit: deg, datatype: float64}
# - {name: FRACZ_TILELOCID, datatype: float64}
# - {name: BITWEIGHTS, datatype: string, subtype: 'int64[2]'}
# - {name: PROB_OBS, datatype: float64}
# - {name: WEIGHT_ZFAIL, datatype: float64}
# - {name: WEIGHT, datatype: float64}
# - {name: NZ, unit: h3 / Mpc3, datatype: float64}
# - {name: WEIGHT_FKP, datatype: float64}
# - {name: distance, unit: Mpc, datatype: float64}
# - {name: x, unit: Mpc, datatype: float64}
# - {name: y, unit: Mpc, datatype: float64}
# - {name: z, unit: Mpc, datatype: float64}
# meta: !!omap
# - {EXTNAME: LSS}
# - {DESIDR: edr}
# - comments: ['Visit https://desidatamodel.readthedocs.io/en/latest/ for a more complet', e description]
# schema: astropy-2.0
RA DEC TARGETID NTILE TILES Z COMP_TILE ROSETTE_NUMBER ROSETTE_R FRACZ_TILELOCID BITWEIGHTS PROB_OBS WEIGHT_ZFAIL WEIGHT NZ WEIGHT_FKP distance x y z
[from data line 2001]
194.01706059110174 29.471201334522494 39628470422083855 9 109-110-112-113-114-117-118-119-454 0.6970095042751875 1.0 4 1.424135004571736 1.0 [-1,-1] 1.0 1.0 1.0 0.0005843703162771602 0.15074849413407446 2570.291490169831 -2171.073068515004 -541.9960167119285 1264.5475054250426
194.30133620034954 27.718118942684708 39628433260547112 8 109-110-112-113-114-117-118-454 0.5845474717586053 1.0 4 0.6239060860392593 1.0 [-1,-1] 1.0 1.0 1.0 0.0006621615122706149 0.13543705131792066 2223.333984455344 -1907.2042720273666 -486.1876412676016 1034.1215831193558
194.21975735043947 28.86765092326287 39628454571807067 8 109-110-112-113-114-117-118-454 0.4685979675827724 1.0 4 0.8140987367404245 1.0 [-1,-1] 1.0 1.0 1.0 0.0005635091211985168 0.1554616369400361 1839.904164494419 -1561.9043485092893 -395.79568792157846 888.2836900756214
193.75924512446517 28.12910321771821 39628443935050273 8 109-110-112-113-114-117-118-454 0.5248145797799797 1.0 4 0.8763152562817316 1.0 [-1,-1] 1.0 1.0 1.0 0.0006865842838717192 0.13125169390769817 2029.168294687515 -1738.1461932157495 -425.61893628551206 956.6714693403504
195.21828435490767 26.992717749512074 39628417158612807 8 109-110-112-113-114-117-119-454 0.9638821440931714 1.0 4 1.2766170721067793 1.0 [-1,-1] 1.0 1.0 1.0 0.00041974738576830407 0.19815580287489248 3304.912761810913 -2841.620405304199 -773.0250248945247 1500.0247152051372
195.2053455253219 27.000930852373983 39628417158612575 7 109-110-112-113-114-119-454 0.566487539860829 1.0 4 1.2651442438176754 1.0 [-1,-1] 1.0 1.0 1.0 0.000677088223595666 0.13284793461577618 2165.370136289629 -1861.8005649538188 -506.0265453048835 983.0888153770303
193.2198162818611 28.81110969707459 39628454559222561 5 109-110-112-113-115 0.9615338844035544 1.0 4 1.4770121338367097 1.0 [-1,-1] 1.0 1.0 1.0 0.00041974738576830407 0.19815580287489248 3298.947136882174 -2813.980411076078 -661.040012266496 1589.8404197295756
193.20949059926838 28.80171940755738 39628454559222336 5 109-110-112-113-115 0.42841021923523087 1.0 4 1.4814939745807245 1.0 [-1,-2199040032769] 0.984375 1.0 1.015748031496063 0.0006262316776515472 0.14210347001521706 1700.6262402965053 -1450.8152377115243 -340.5391884320158 819.3276611656314
193.21144064276888 28.80016228231668 39628454559222380 5 109-110-112-113-115 0.7402938092328777 1.0 4 1.4793049345924822 1.0 [-18014398526259201,-8796093022209] 0.9765625 1.0 1.0238095238095237 0.0007126833197713517 0.12705585074725267 2697.6253222122596 -2301.377597606803 -540.2680770579628 1299.5976058713054
195.25927299008907 28.030046781080287 39628438625058858 9 109-110-112-113-115-116-117-118-119 0.6316187840766492 1.0 4 0.48025683308643785 1.0 [-1,-1] 1.0 1.0 1.0 0.000833303205902425 0.11070054926254569 2371.450606950717 -2019.4832551602765 -550.9254793234884 1114.426524974331
194.05110989249636 27.17352209728748 39628422527320291 9 109-110-112-113-115-116-117-118-119 1.0250380512454738 1.0 4 1.1985969408827606 1.0 [-1,-1] 1.0 1.0 1.0 0.00020304675497218746 0.33812883710054276 3457.4044982365212 -2983.7727491620344 -746.7658214950961 1578.9511878556987
195.06250033283558 26.78093490419545 39628411756351636 9 109-110-112-113-115-116-117-118-119 0.6856475014907248 1.0 4 1.4458861795309208 1.0 [-1,-1] 1.0 1.0 1.0 0.0007209928471550773 0.12577569469930108 2536.307590542206 -2186.4594789971093 -588.4171104221313 1142.810765047377
194.8250774197494 27.59098371215416 39628427908615785 9 109-110-112-113-115-116-117-118-119 0.9443045521912982 1.0 4 0.612620244198155 1.0 [-1,-1] 1.0 1.0 1.0 0.0004445766401596716 0.18918261239264766 3254.922447060823 -2788.731793478683 -738.1206614703715 1507.5387257155699
193.66778438852634 28.996135725270904 39628459860824850 10 109-110-112-113-115-116-117-118-119-454 0.6138156641060257 1.0 4 1.239616378436046 1.0 [-1,-1] 1.0 1.0 1.0 0.0007214233604467519 0.12571007283523317 2315.9290819070175 -1968.2713322200839 -478.6405279893341 1122.6480838398775
194.04410193197833 27.217418668253078 39628422527320172 10 109-110-112-113-115-116-117-118-119-454 1.001134623337803 1.0 4 1.164477230639106 1.0 [-1,-1] 1.0 1.0 1.0 0.0002622817504223413 0.28340640119267335 3398.4533097849094 -2931.832686205997 -733.3854372751863 1554.3448135065833
194.3014315323229 28.528699181408932 39628449266010011 10 109-110-112-113-115-116-117-118-119-454 0.5498261342886217 1.0 4 0.5136558461885121 1.0 [-1,-1] 1.0 1.0 1.0 0.0007045118177349687 0.128340413101622 2111.3277534069334 -1797.4798901503673 -458.2197069714259 1008.3678034102503
193.26441611916795 28.110529160406397 39628438591509799 10 109-110-112-113-115-116-117-118-119-454 0.8344157297571305 1.0 4 1.3128417949886637 1.0 [-1,-1] 1.0 1.0 1.0 0.0006232532477076302 0.14268566385842998 2963.245700690503 -2543.972610981918 -599.7016498546719 1396.2042717296688
193.26338090077468 28.109769087108333 39628438591509781 10 109-110-112-113-115-116-117-118-119-454 0.640538548213623 1.0 4 1.3138090005292347 1.0 [-1,-1] 1.0 1.0 1.0 0.000833303205902425 0.11070054926254569 2399.0425839428653 -2059.622618174022 -485.4844533678051 1130.3383722653186
193.77829155607918 27.63930443558331 39628433252159532 10 109-110-112-113-115-116-117-118-119-454 0.5242247192628384 1.0 4 1.025460849646204 1.0 [-1,-1] 1.0 1.0 1.0 0.0006865842838717192 0.13125169390769817 2027.2156113701421 -1744.2038050957333 -427.71689012989486 940.4331359379015
195.281627763136 28.854078908267574 39628454588583392 10 109-110-112-113-115-116-117-118-119-454 0.7227979476068055 1.0 4 0.8037298531690875 1.0 [-1,-1] 1.0 1.0 1.0 0.0006167714992318164 0.14396928707710532 2646.5590018279727 -2236.033258340619 -610.9388887097904 1277.1779406227452
194.2734713290114 28.537094205118755 39628449266009522 10 109-110-112-113-115-116-117-118-119-454 0.848411388806836 1.0 4 0.5380014808788797 1.0 [-1,-1] 1.0 1.0 1.0 0.0006232532477076302 0.14268566385842998 3001.4696145727194 -2555.416587905253 -650.1076042182965 1433.8849369456148
194.04403277287736 27.21677269167666 39628422527320169 10 109-110-112-113-115-116-117-118-119-454 1.0007824764286055 1.0 4 1.1650561814389258 1.0 [-1,-1] 1.0 1.0 1.0 0.0002622817504223413 0.28340640119267335 3397.5786431664005 -2931.095995622705 -733.1973978965996 1553.9107042113587
194.83374736745745 27.581027695650224 39628427908615942 10 109-110-112-113-115-116-117-118-119-454 0.4279219719010799 1.0 4 0.6233823115899975 1.0 [-1,-1] 1.0 1.0 1.0 0.0006262316776515472 0.14210347001521706 1698.9134517038253 -1455.6581194898242 -385.51884652101774 786.6012805231495
195.14361270691128 29.0820759507476 39628459885986336 10 109-110-112-113-115-116-117-118-119-454 0.613955534453007 1.0 4 0.9473063168639766 1.0 [-1,-1] 1.0 1.0 1.0 0.0007214233604467519 0.12571007283523317 2316.3676374152574 -1954.033253080169 -528.8346311449666 1125.8983126479231
194.83144088307634 27.584109700828474 39628427908615895 10 109-110-112-113-115-116-117-118-119-454 0.4372781130580643 1.0 4 0.6200821558101036 1.0 [-1,-1] 1.0 1.0 1.0 0.0005288673958748294 0.16397488484989944 1731.6483620912766 -1483.6800753618481 -392.8763112960479 801.840188522671
195.4056029022709 27.585288973449774 39628427917004276 10 109-110-112-113-115-116-117-118-119-454 0.5153245131424903 1.0 4 0.8447556528563759 1.0 [-1,-1] 1.0 1.0 1.0 0.0006865842838717192 0.13125169390769817 1997.6674266459609 -1706.9597354788712 -470.35463631938563 925.0568225947289
194.2773632753533 29.54239916209924 39628470426276556 9 109-110-112-113-115-116-117-118-454 1.0093539078998535 1.0 4 1.4047513777747656 1.0 [-1,-1] 1.0 1.0 1.0 0.0002622817504223413 0.28340640119267335 3418.817174654148 -2882.4726506028 -733.5203727870155 1685.7076125305466
194.01940032299416 27.353224705855713 39628422523130815 9 109-110-112-113-115-116-117-118-454 0.7840872455818089 1.0 4 1.0652998578092576 1.0 [-1,-1] 1.0 1.0 1.0 0.0007324854237337303 0.12404708914385561 2823.0966022562393 -2432.760927360149 -607.430435809233 1297.1418432974542
194.44507008947207 27.169060857175932 39628422531516794 9 109-110-112-113-115-116-117-118-454 0.45982497007380585 1.0 4 1.0657126103739945 1.0 [-1,-1] 1.0 1.0 1.0 0.0005635091211985168 0.1554616369400361 1809.7854598785236 -1559.1996038440757 -401.6420351679357 826.3798652837299
195.9187366266627 28.697524058937883 39628454596972158 9 109-110-112-113-115-116-117-119-454 0.717767091543283 1.0 4 1.1417002586051364 1.0 [-1,-1] 1.0 1.0 1.0 0.0006167714992318164 0.14396928707710532 2631.774342248934 -2219.978052450198 -633.162332217375 1263.7401221059217
195.91739074163587 28.69972252024534 39628454596972139 9 109-110-112-113-115-116-117-119-454 0.7228434469236361 1.0 4 1.141586304307209 1.0 [-1,-1] 1.0 1.0 1.0 0.0006167714992318164 0.14396928707710532 2646.6925088694557 -2232.5300188272668 -636.6855840956276 1270.9926902014925
196.15558049805477 28.542873397823975 39628449291177859 9 109-110-112-113-115-116-117-119-454 0.9536593908095182 1.0 4 1.283388816898103 1.0 [-1,-1] 1.0 1.0 1.0 0.00041974738576830407 0.19815580287489248 3278.881820003311 -2766.619380180962 -801.4518487251825 1566.7029485292749
195.16823200758108 28.93317515758266 39628459885986798 9 109-110-112-113-115-116-117-119-454 0.7276683694638866 1.0 4 0.8200391292401159 1.0 [-1,-1] 1.0 1.0 1.0 0.0006167714992318164 0.14396928707710532 2660.8291788445576 -2247.5881090787875 -609.3181957397404 1287.2804462348947
194.0147984858227 27.232405320497833 39628422523130700 9 109-110-112-113-115-116-117-119-454 0.8083117148646974 1.0 4 1.1661133743141783 1.0 [-1,-1] 1.0 1.0 1.0 0.0007229154976227362 0.12548315978664992 2891.085726436139 -2494.1117135800678 -622.53616681261 1322.963400399171
195.91187103517598 28.693436997173606 39628454596972053 8 109-110-112-113-115-116-117-454 0.7206447873623207 1.0 4 1.134504454732058 1.0 [-1,-1] 1.0 1.0 1.0 0.0006167714992318164 0.14396928707710532 2640.2368366034157 -2227.2794751946617 -634.9561899659014 1267.6384853570007
193.08921905166002 27.765738183184457 39628433243768890 7 109-110-112-113-115-116-118 0.931658812098215 1.0 4 1.529539948184707 1.0 [-1,-1] 1.0 1.0 1.0 0.0004445766401596716 0.18918261239264766 3222.322456286126 -2777.2224475262847 -645.7290631333933 1501.1433863115262
193.07930081462402 27.78590064374848 39628433243768681 7 109-110-112-113-115-116-118 0.5099645569464214 1.0 4 1.5322365994013103 1.0 [-1,-1] 1.0 1.0 1.0 0.0005337442823398631 0.16272042362546515 1979.7957398685103 -1706.0785871771238 -396.36724800186147 922.9192980367466
194.3827286701843 29.41497584311432 39628470430467037 7 109-110-112-113-115-116-118 0.5047017143971012 1.0 4 1.2568716753747329 1.0 [-1,-1] 1.0 1.0 1.0 0.0005337442823398631 0.16272042362546515 1962.1914067323758 -1655.665677001424 -424.57074621366843 963.6939161960939
193.23085901071823 28.091356965044735 39628438591509183 7 109-110-112-113-115-116-118 0.9608167819242108 1.0 4 1.3438937559515183 1.0 [-1,-1] 1.0 1.0 1.0 0.00041974738576830407 0.19815580287489248 3297.1237256053964 -2831.5060466141 -665.7328713093428 1552.5456882153317
193.0649024081327 27.784313879976462 39628433243768373 7 109-110-112-113-115-116-118 0.6425834505073758 1.0 4 1.5449175399439252 1.0 [-1,-1] 1.0 1.0 1.0 0.000833303205902425 0.11070054926254569 2405.3470929670834 -2072.9464326407888 -481.0513503317321 1121.2391909806952
195.01271251209104 28.725340924719866 39628454584388381 8 109-110-112-113-115-116-118-119 0.8960267735832721 1.0 4 0.5738674956263385 1.0 [-1,-1] 1.0 1.0 1.0 0.0005275616701708153 0.16431404058018498 3129.135027437462 -2650.3852334734142 -710.798895587114 1503.8979566959529
193.0649271199178 27.848230903534947 39628433243768374 9 109-110-112-113-115-116-118-119-454 0.5122844988362385 1.0 4 1.528510244189626 1.0 [-1,-1] 1.0 1.0 1.0 0.0006865842838717192 0.13125169390769817 1987.5382282659884 -1711.8675434872878 -397.2595689700727 928.4409282421874
194.3586061310241 29.55309126888225 39628470430466579 9 109-110-112-113-115-116-118-119-454 0.783195206091955 1.0 4 1.3958182187950874 1.0 [-1,-1] 1.0 1.0 1.0 0.0007324854237337303 0.12404708914385561 2820.5739173999004 -2376.969930659401 -608.47201460223 1391.191208893862
195.15179226632034 28.942201930836514 39628459885986520 9 109-110-112-113-115-116-118-119-454 1.0029228498866336 1.0 4 0.8218108753004969 1.0 [-1,-1] 1.0 1.0 1.0 0.0002622817504223413 0.28340640119267335 3402.8921367653397 -2874.377785354685 -778.3547736650271 1646.7516776465538
195.02763290268769 28.064125455595345 39628438620865769 9 109-110-112-113-115-116-118-119-454 0.8230413632403718 1.0 4 0.2800100208454599 1.0 [-1,-1] 1.0 1.0 1.0 0.0006627118749498285 0.13533979738261318 2931.942801289103 -2498.7294090492524 -670.8243166319678 1379.360238153406
194.34624991797804 29.54532794516261 39628470430466364 9 109-110-112-113-115-116-118-119-454 0.7825396632657182 1.0 4 1.391007625778923 1.0 [-1,-1] 1.0 1.0 1.0 0.0007324854237337303 0.12404708914385561 2818.7191761430227 -2375.720452298135 -607.6062823063015 1389.9441471478845
195.89029694635542 28.85672469750343 39628454596971740 9 109-110-112-113-115-116-118-119-454 0.7192544612225608 1.0 4 1.197893339608599 1.0 [-1,-1] 1.0 1.0 1.0 0.0006167714992318164 0.14396928707710532 2636.1501265090624 -2220.5922679015266 -632.1457942259018 1272.2614369979956
195.47748143187584 27.41060456068468 39628427921195163 9 109-110-112-113-115-116-118-119-454 0.6083733627064395 1.0 4 1.018432454766639 1.0 [-1,-1] 1.0 1.0 1.0 0.0007756247847600315 0.11796159141779075 2298.836023432955 -1966.739326139972 -544.5927548955602 1058.3015718417855
195.89632756775092 27.42940932318782 39628427925391883 8 109-110-112-113-115-116-118-454 0.851806942165271 1.0 4 1.2734721974894145 1.0 [-1,-1] 1.0 1.0 1.0 0.0006812235016579503 0.1321480675826358 3010.694915864767 -2570.0406484950986 -731.9172440148618 1386.892962492254
195.24634270437738 29.203912348060143 39628465170810948 8 109-110-112-113-115-116-119-454 1.0036232571890191 1.0 4 1.094242296015227 1.0 [-1,-1] 1.0 1.0 1.0 0.0002622817504223413 0.28340640119267335 3404.6294532748634 -2867.2654393638195 -781.5096576893974 1661.184297203263
195.01938120671946 28.070915647584215 39628438620865610 8 109-110-112-113-115-116-119-454 0.7989211032867642 1.0 4 0.27035647869078827 1.0 [-1,-1] 1.0 1.0 1.0 0.0007229154976227362 0.12548315978664992 2864.847822792022 -2441.488230956611 -655.0800471789153 1348.0943578416966
193.11529566380702 28.45829264135547 39628449249231793 7 109-110-112-113-115-117-118 0.5677133810380691 1.0 4 1.4619111225886623 1.0 [-1,-1] 1.0 1.0 1.0 0.000677088223595666 0.13284793461577618 2169.324671928541 -1857.4443218415308 -432.7635811899402 1033.7242409328449
194.63573665015824 29.07189771950655 39628459877598797 8 109-110-112-113-115-117-118-119 0.8022320254246939 1.0 4 0.8776461329772361 1.0 [-1,-1] 1.0 1.0 1.0 0.0007229154976227362 0.12548315978664992 2874.1157172181906 -2430.4975307030227 -634.716262321226 1396.552245908515
194.08768339456887 29.40453321114557 39628470426272718 9 109-110-112-113-115-117-118-119-454 0.6590105894698429 1.0 4 1.3370551561765938 1.0 [-1,-1] 1.0 1.0 1.0 0.000700708733790897 0.12894715825466588 2455.708661893923 -2075.0095412953174 -520.7321991348823 1205.685868051205
193.6037714861591 27.285740138304657 39628422518934321 6 109-110-112-113-115-118 0.8206354617974492 1.0 4 1.3656360638833434 1.0 [-1,-1] 1.0 1.0 1.0 0.0006627118749498285 0.13533979738261318 2925.2940914080423 -2526.864527620957 -611.4889338987255 1341.037830934356
195.6870629820378 28.478381020886733 39628449286980613 7 109-110-112-113-115-118-119 0.6553592070521964 1.0 4 0.8704693782115347 1.0 [-1,-1] 1.0 1.0 1.0 0.000700708733790897 0.12894715825466588 2444.557934480808 -2068.7240961450525 -580.9881398534787 1165.6315414450241
194.5240442554546 27.993265980980016 39628438612477980 8 109-110-112-113-115-118-119-454 0.538973064005594 1.0 4 0.28717672200399563 0.5 [-1,-1] 1.0 1.0 1.0 0.0007045118177349687 0.128340413101622 2075.829933005126 -1774.3866039475658 -459.68209008459553 974.327699774027
