data_rosette/LRG_18_clustering_data.ecsv
# %ECSV 1.0
# ---
# datatype:
# - {name: RA, unit: deg, datatype: float64}
# - {name: DEC, unit: deg, datatype: float64}
# - {name: TARGETID, datatype: int64}
# - {name: NTILE, datatype: int64}
# - {name: TILES, datatype: string}
# - {name: Z, datatype: float64}
# - {name: COMP_TILE, datatype: float64}
# - {name: ROSETTE_NUMBER, datatype: int32}
# - {name: ROSETTE_R, unit: deg, datatype: float64}
# - {name: FRACZ_TILELOCID, datatype: float64}
# - {name: BITWEIGHTS, datatype: string, subtype: 'int64[2]'}
# - {name: PROB_OBS, datatype: float64}
# - {name: WEIGHT_ZFAIL, datatype: float64}
# - {name: WEIGHT, datatype: float64}
# - {name: NZ, unit: h3 / Mpc3, datatype: float64}
# - {name: WEIGHT_FKP, datatype: float64}
# - {name: theta, unit: deg, datatype: float64}
# - {name: phi, unit: deg, datatype: float64}
# - {name: rho, unit: Mpc, datatype: float64}
# - {name: r, unit: Mpc, datatype: float64}
# - {name: x, unit: Mpc, datatype: float64}
# - {name: y, unit: Mpc, datatype: float64}
# - {name: z, unit: Mpc, datatype: float64}
# meta: !!omap
# - {EXTNAME: LSS}
# - {DESIDR: edr}
# - comments: ['Visit https://desidatamodel.readthedocs.io/en/latest/ for a more complet', e description]
# schema: astropy-2.0
RA DEC TARGETID NTILE TILES Z COMP_TILE ROSETTE_NUMBER ROSETTE_R FRACZ_TILELOCID BITWEIGHTS PROB_OBS WEIGHT_ZFAIL WEIGHT NZ WEIGHT_FKP theta phi rho r x y z
[from data line 3688]
267.0330424056417 62.029093672288056 39633411303802505 8 542-543-544-545-548-549-550-551 1.0272053518483821 0.9411764705882353 18 1.347207929419122 1.0 [-1,-1] 1.0 1.0 1.0 0.00020130102782971312 0.3394727840281335 27.970906327711944 92.96695759435829 3462.7088480566345 3462.7088480566345 295.8301221169018 -991.4382682195885 -3304.5252708320672
270.18904895138155 61.01643277528012 39633399761079757 8 542-543-544-545-548-549-550-551 0.9224321498880197 0.9411764705882353 18 1.519156584503263 1.0 [-1,-1] 1.0 1.0 1.0 0.00042618922305278896 0.1953324009783564 28.983567224719877 89.81095104861845 3198.381636201426 3198.381636201426 566.7428868455503 -2004.3691517638497 -2427.1283226187174
267.6021310296966 62.599620716877254 39633416949336482 7 542-543-544-545-548-549-551 0.8032310752821223 1.0 18 0.9837517663209929 1.0 [-1,-1] 1.0 1.0 1.0 0.0008239664519383997 0.11155322342262282 27.400379283122746 92.39786897030342 2876.9086073417884 2876.9086073417884 -607.8241543949142 -2120.8422577073125 -1846.39677487108
267.1813123823921 61.69559222820475 39633408447480374 7 542-543-544-545-548-549-551 0.5559615001736515 1.0 18 1.449399267842463 1.0 [-1,-1] 1.0 1.0 1.0 0.0006724560872077301 0.13333590500666823 28.304407771795248 92.8186876176079 2131.291864088714 2131.291864088714 -9.05098362413251 63.444217508929626 -2130.3281251701255
270.09973819038487 60.989199089445236 39633399761079091 7 542-543-544-545-548-549-551 0.6535316941301827 1.0 18 1.5407621376397973 1.0 [-1,-1] 1.0 1.0 1.0 0.0006371005092682059 0.1397016056866948 29.010800910554764 89.90026180961513 2438.9676889103735 2438.9676889103735 584.5546829115495 -1530.3502645790097 -1806.899908112771
272.3263980590786 62.513292791136955 39633416987083993 7 542-543-544-545-548-549-551 0.6977082366176813 1.0 18 1.19815211740201 1.0 [-1,-1] 1.0 1.0 1.0 0.0005639081233901963 0.1550231922816235 27.486707208863045 87.6736019409214 2572.3737483709947 2572.3737483709947 1746.352689849847 -523.021866900428 -1814.8848753313353
269.87240295972856 60.98935134766254 39633399761077267 7 542-543-544-545-548-549-551 0.8095604569006886 1.0 18 1.532130504594492 1.0 [-1,-1] 1.0 1.0 1.0 0.0008239664519383997 0.11155322342262282 29.01064865233746 90.12759704027144 2894.5635887079115 2894.5635887079115 1085.0595879803534 -1612.8576919541854 -2144.722388820928
270.1632594215143 62.86182523345527 39633419759518953 6 542-543-544-545-548-550 0.7400809341767364 1.0 18 0.3954169015695044 1.0 [-1,-1] 1.0 1.0 1.0 0.0006073340474539246 0.1455520198534496 27.13817476654473 89.83674057848572 2697.007245028118 2697.007245028118 -726.0696516581511 2336.011220139085 -1135.6595088579486
267.26646860084065 61.57684747713594 39633405565994104 7 542-543-544-545-548-550-551 0.7389074358427191 1.0 18 1.4907722404338044 1.0 [-1,-1] 1.0 1.0 1.0 0.0006073340474539246 0.1455520198534496 28.423152522864058 92.73353139915935 2693.5985888698606 2693.5985888698606 -22.57213545103812 398.74131010167605 -2663.8260499291773
267.4067997833855 61.626285022519006 39633408447482050 7 542-543-544-545-548-550-551 0.9049353780920006 1.0 18 1.4079018059234312 1.0 [-1,-1] 1.0 1.0 1.0 0.0005723615213970424 0.15308410280969617 28.373714977480994 92.59320021661449 3152.6193167159363 3152.6193167159363 26.17629692331779 311.69806694695365 -3137.063542976357
270.89873094503463 61.221537907623066 39633402692897968 7 542-543-544-545-548-550-551 0.93541046495307 1.0 18 1.410482371637349 1.0 [-1,-1] 1.0 1.0 1.0 0.0003671239319408774 0.21984967794317842 28.778462092376934 89.10126905496537 3232.0195493398296 3232.0195493398296 -656.6655923109008 -1416.390673224589 -2829.9431315827187
268.97757287119 61.16656717512042 39633402680311935 7 542-543-544-545-548-550-551 0.876698400055076 1.0 18 1.3992064248761882 1.0 [-1,-1] 1.0 1.0 1.0 0.0005346154933450218 0.1621399955636538 28.83343282487958 91.02242712881002 3077.750888510417 3077.750888510417 1626.7852412143704 -136.57879608144864 -2609.1122135996193
270.36164210629465 61.497786349729175 39633405591159722 7 542-543-544-545-548-550-551 0.46736884857046734 1.0 18 1.0643196990043677 1.0 [-1,-1] 1.0 1.0 1.0 0.0005330850268982689 0.1625298359500762 28.502213650270825 89.63835789370535 1835.6940174823765 1835.6940174823765 42.62577301518137 -412.5099633120718 -1788.2368689476568
268.9974022857981 61.139549002844525 39633402680312093 7 542-543-544-545-548-550-551 0.5019469643467122 1.0 18 1.4230925458518258 1.0 [-1,-1] 1.0 1.0 1.0 0.0007365189099627642 0.12316671624379881 28.860450997155475 91.0025977142019 1952.9543518272756 1952.9543518272756 1074.4477090758462 -111.70105225122732 -1626.9959113988973
267.1579630517306 61.66001197750417 39633408447480215 6 542-543-544-545-548-551 0.740186264269765 1.0 18 1.4793636482447783 1.0 [-1,-1] 1.0 1.0 1.0 0.0006073340474539246 0.1455520198534496 28.33998802249583 92.84203694826942 2697.3130781951145 2697.3130781951145 -29.075883552522985 174.55757215219677 -2691.501827753861
268.9221029743998 61.168058416502745 39633402676121638 7 542-543-544-545-549-550-551 0.4918120778304559 1.0 18 1.4046349655717567 1.0 [-1,-1] 1.0 1.0 1.0 0.0007365189099627642 0.12316671624379881 28.831941583497255 91.07789702560018 1918.8381039848205 1918.8381039848205 1014.9618525229132 -28.72086061106014 -1628.179111582346
269.0234180135609 63.96387705757864 39633433336480901 7 542-543-544-545-549-550-551 0.6965078994681912 1.0 18 1.4784829573199312 1.0 [-1,-1] 1.0 1.0 1.0 0.0005639081233901963 0.1550231922816235 26.036122942421358 90.9765819864391 2568.796136169114 2568.796136169114 -2000.6739859345976 260.7589531459658 1589.9754587905313
269.0120731306647 63.9535789786695 39633433336480827 7 542-543-544-545-549-550-551 0.9978737259313342 1.0 18 1.4695548281336974 1.0 [-1,-1] 1.0 1.0 1.0 0.00023297360745577845 0.30751381291380364 26.046421021330502 90.9879268693353 3390.346928967506 3390.346928967506 -2665.5814778378863 316.7097123108038 2070.9472812930308
268.855290459624 61.06442479187439 39633399752688790 6 542-543-544-545-549-551 0.5567650237794011 1.0 18 1.5131199482733946 1.0 [-211106232532993,-5192650508136874113] 0.921875 1.0 1.084033613445378 0.0006724560872077301 0.13333590500666823 28.935575208125613 91.14470954037603 2133.900977466256 2133.900977466256 1309.450018777948 50.46836863308321 -1684.139831997744
269.14233058523604 63.23092785813738 39633425258252400 6 542-543-544-545-550-551 0.9592744207866654 1.0 18 0.7597335059723515 1.0 [-1,-1] 1.0 1.0 1.0 0.0003767415448896098 0.21544643941305056 26.769072141862623 90.85766941476396 3293.1992674075423 3293.1992674075423 -3185.173931262922 808.2805703376156 -215.66400272501278
271.83081867630074 63.05292564725344 39633422536150649 6 542-543-544-546-547-548 0.7987256032918141 1.0 18 1.098558712570821 1.0 [-1,-1] 1.0 1.0 1.0 0.0008239664519383997 0.11155322342262282 26.94707435274656 88.16918132369926 2864.3000016268174 2864.3000016268174 2721.805579171883 564.7475045000555 -690.6874435438616
270.587006733537 62.6554442856119 39633419763712388 6 542-543-544-546-547-548 0.45525490363420773 1.0 18 0.4171540346829962 1.0 [-1,-1] 1.0 1.0 1.0 0.0005330850268982689 0.1625298359500762 27.3445557143881 89.41299326646299 1794.0329226798588 1794.0329226798588 175.55540190093456 1427.1374157736839 -1072.8528440664397
269.94978974145465 62.3741905001487 39633414160123904 7 542-543-544-546-547-548-549 0.5042759145260924 1.0 18 0.17775440931235434 1.0 [-1,-1] 1.0 1.0 1.0 0.0007365189099627642 0.12316671624379881 27.6258094998513 90.05021025854535 1960.7646457899211 1960.7646457899211 -583.1346680856127 1030.8132992183964 -1562.682276475561
269.9757138468136 63.897731013679035 39633433340678226 8 542-543-544-546-547-548-549-550 0.5042061606895418 1.0 18 1.382172707810276 1.0 [-1,-1] 1.0 1.0 1.0 0.0007365189099627642 0.12316671624379881 26.102268986320965 90.02428615318638 1960.530881152591 1960.530881152591 -759.2803828816558 1427.2984973737643 1109.0507813074362
269.93000272579525 63.90229796073147 39633433340677846 8 542-543-544-546-547-548-549-550 0.5115000571914592 1.0 18 1.385232180123883 1.0 [-1,-1] 1.0 1.0 1.0 0.0006888416087567301 0.1305783864573065 26.097702039268533 90.06999727420475 1984.9214772167447 1984.9214772167447 -831.3341403512069 1403.9915264852648 1130.3117319396451
268.5131285814464 61.199211907311835 39633402676118111 8 542-543-544-546-547-548-549-550 0.4655641050736071 1.0 18 1.4400296329025701 1.0 [-1,-1] 1.0 1.0 1.0 0.0005330850268982689 0.1625298359500762 28.800788092688165 91.48687141855362 1829.5065224962468 1829.5065224962468 853.4633648099839 341.5616680671264 -1581.7806509408101
269.9864625401347 63.902497533436666 39633433340678321 8 542-543-544-546-547-548-549-550 0.5032623591618005 1.0 18 1.387318196881895 1.0 [-1,-1] 1.0 1.0 1.0 0.0007365189099627642 0.12316671624379881 26.097502466563334 90.01353745986529 1957.3669691702426 1957.3669691702426 -740.2578048256871 1428.3586096570825 1114.9419341884322
270.5843243204826 62.69256321667276 39633419763712367 8 542-543-544-546-547-548-549-550 0.8367424270768657 1.0 18 0.4292827570697733 1.0 [-1,-1] 1.0 1.0 1.0 0.0006366829495309179 0.1397804201853648 27.30743678332724 89.41567567951739 2969.6225306512933 2969.6225306512933 291.93016839381613 2426.8833923069287 -1686.3189945790698
268.93022032357743 63.68868291432149 39633430664708512 9 542-543-544-546-547-548-549-550-551 0.954709898098455 1.0 18 1.223378737240667 1.0 [-1,-1] 1.0 1.0 1.0 0.0003767415448896098 0.21544643941305056 26.31131708567851 91.06977967642257 3281.5640691251606 3281.5640691251606 -3030.3611054394055 110.37596996063162 1254.3490166889742
269.6544765320878 62.089174232612166 39633411324774176 9 542-543-544-546-547-548-549-550-551 0.8875889226700437 1.0 18 0.43225323827681206 1.0 [-1,-1] 1.0 1.0 1.0 0.0005346154933450218 0.1621399955636538 27.910825767387834 90.34552346791219 3106.776183322427 3106.776183322427 -800.1710287087869 761.5348581284716 -2903.764666416657
267.9460421800696 63.27810213673131 39633425249862751 9 542-543-544-546-547-548-549-550-551 0.6938623326878587 1.0 18 1.1113219801525787 1.0 [-1,-1] 1.0 1.0 1.0 0.0005639081233901963 0.1550231922816235 26.721897863268687 92.05395781993042 2560.9017759640537 2560.9017759640537 -1494.0211572722128 -2079.400912523163 -47.016303094584835
269.3004188011685 63.553816481678844 39633427976160298 9 542-543-544-546-547-548-549-550-551 0.6491776008816037 1.0 18 1.0519992128896862 1.0 [-1,-1] 1.0 1.0 1.0 0.0007982518636535506 0.11473445525619816 26.446183518321156 90.69958119883148 2425.623694874555 2425.623694874555 -2154.488511330859 927.7264189077182 617.3761052558539
269.9577611790222 63.880566524709835 39633433340678072 9 542-543-544-546-547-548-549-550-551 0.5090034465724536 1.0 18 1.3644341162498395 1.0 [-1,-1] 1.0 1.0 1.0 0.0007365189099627642 0.12316671624379881 26.119433475290165 90.04223882097779 1976.5849819948558 1976.5849819948558 -800.4060960857651 1441.5808408595344 1089.9921796339033
266.8286633145115 62.67269165391304 39633419734352692 9 542-543-544-546-547-548-549-550-551 0.5737843339873815 1.0 18 1.3439437147052888 1.0 [-1,-1] 1.0 1.0 1.0 0.0005369919189708607 0.1615383650856205 27.32730834608696 93.17133668548848 2188.8660548749035 2188.8660548749035 842.9598767114414 -1563.9528333254382 -1278.5166356256732
267.5874400462509 62.36712960287731 39633414139154178 9 542-543-544-546-547-548-549-550-551 0.4106003028093998 1.0 18 1.0028663724391194 1.0 [-1,-1] 1.0 1.0 1.0 0.0005613841910631427 0.1556117057517016 27.632870397122687 92.41255995374911 1637.8247402596558 1637.8247402596558 -256.13163676504746 -945.9606994830536 -1312.259432996463
269.6648787384652 63.79281821408969 39633430668904501 9 542-543-544-546-547-548-549-550-551 0.7347543611742854 1.0 18 1.273157673885794 1.0 [-1,-1] 1.0 1.0 1.0 0.0006073340474539246 0.1455520198534496 26.207181785910308 90.33512126153482 2681.5156418520132 2681.5156418520132 -1691.026210329537 1643.2347400428616 1277.002773133954
268.40494839988315 62.62444359881077 39633416957722896 9 542-543-544-546-547-548-549-550-551 1.0495742419400227 1.0 18 0.6192187949077123 1.0 [-1,-1] 1.0 1.0 1.0 0.00017557006270178804 0.37077784677498654 27.37555640118923 91.59505160011685 3517.065034775991 3517.065034775991 -2429.94637036963 -1292.5629841711143 -2189.609103909181
266.8142381864886 62.66279149397743 39633419734352524 9 542-543-544-546-547-548-549-550-551 0.6786231766875119 1.0 18 1.3496780108217634 1.0 [-1,-1] 1.0 1.0 1.0 0.0008053318504768218 0.11384060807160488 27.33720850602257 93.18576181351142 2515.1798778108814 2515.1798778108814 987.3158397025579 -1770.1567424880309 -1489.2556387139703
270.89684404042896 61.29877320164781 39633402692897950 9 542-543-544-546-547-548-549-550-551 0.664100957659962 1.0 18 1.3390769080627383 1.0 [-1,-1] 1.0 1.0 1.0 0.0006371005092682059 0.1397016056866948 28.701226798352188 89.10315595957104 2471.2124940058916 2471.2124940058916 -428.6161877175996 -929.0910749195585 -2249.437513838086
270.89421507869577 61.28271952432147 39633402692897934 9 542-543-544-546-547-548-549-550-551 0.7834865057532906 1.0 18 1.3532890628271204 1.0 [-1,-1] 1.0 1.0 1.0 0.0007064174578981374 0.12774458208408304 28.71728047567853 89.10578492130423 2821.397861649633 2821.397861649633 -503.67222041711085 -1099.3756318307517 -2549.112278468321
267.59704648525525 62.367694793633106 39633414143344687 9 542-543-544-546-547-548-549-550-551 0.4140478471299541 1.0 18 0.9983794348918973 1.0 [-1,-1] 1.0 1.0 1.0 0.0005613841910631427 0.1556117057517016 27.632305206366894 92.40295351474475 1650.0335498064837 1650.0335498064837 -267.3860813886004 -951.2085430609502 -1321.4831465344155
270.1157960598884 61.31785835878595 39633402688701398 9 542-543-544-546-547-548-549-550-551 0.5933248451086163 1.0 18 1.2157753840123509 1.0 [-1,-1] 1.0 1.0 1.0 0.0006106036532175123 0.14488555312656437 28.682141641214052 89.8842039401116 2251.2761146811526 2251.2761146811526 305.16120632178 -839.0827786767267 -2066.654512302007
267.9967220649747 63.2942157319671 39633425249863124 9 542-543-544-546-547-548-549-550-551 0.6558202047075916 1.0 18 1.1056210304703173 1.0 [-1,-1] 1.0 1.0 1.0 0.0006371005092682059 0.1397016056866948 26.7057842680329 92.00327793502532 2445.9671144217473 2445.9671144217473 -1526.0009047200829 -1911.5559537772692 -5.495380315452206
269.412095600534 61.231906638974706 39633402680315583 9 542-543-544-546-547-548-549-550-551 0.8098329326674559 1.0 18 1.2967767479607826 1.0 [-1,-1] 1.0 1.0 1.0 0.0008239664519383997 0.11155322342262282 28.768093361025294 90.58790439946603 2895.322110620613 2895.322110620613 1191.9976528321986 -679.776710132842 -2549.497076729467
269.26462467906174 63.57645626622913 39633427976160063 9 542-543-544-546-547-548-549-550-551 0.7104327526606153 1.0 18 1.0772993573839436 1.0 [-1,-1] 1.0 1.0 1.0 0.0005823912580269674 0.15084542533972659 26.42354373377087 90.73537532093826 2610.1390436522197 2610.1390436522197 -2337.9994036946578 909.0075969637315 721.3111701501444
269.3918276857842 63.62563352132142 39633430664711939 9 542-543-544-546-547-548-549-550-551 0.8011818433489571 1.0 18 1.1161851593561214 1.0 [-1,-1] 1.0 1.0 1.0 0.0008239664519383997 0.11155322342262282 26.37436647867858 90.60817231421578 2871.178067048168 2871.178067048168 -2386.9963640114797 1297.8753165862563 928.1333489809286
269.2765548867119 63.56102410262831 39633427976160130 9 542-543-544-546-547-548-549-550-551 0.8014299102334966 1.0 18 1.0611206588968938 1.0 [-1,-1] 1.0 1.0 1.0 0.0008239664519383997 0.11155322342262282 26.43897589737169 90.72344511328811 2871.872146960786 2871.872146960786 -2571.384767174352 1035.2278410071713 750.9549419482429
