data_rosette/LRG_2_clustering_data.ecsv
# %ECSV 1.0
# ---
# datatype:
# - {name: RA, unit: deg, datatype: float64}
# - {name: DEC, unit: deg, datatype: float64}
# - {name: TARGETID, datatype: int64}
# - {name: NTILE, datatype: int64}
# - {name: TILES, datatype: string}
# - {name: Z, datatype: float64}
# - {name: COMP_TILE, datatype: float64}
# - {name: ROSETTE_NUMBER, datatype: int32}
# - {name: ROSETTE_R, unit: deg, datatype: float64}
# - {name: FRACZ_TILELOCID, datatype: float64}
# - {name: BITWEIGHTS, datatype: string, subtype: 'int64[2]'}
# - {name: PROB_OBS, datatype: float64}
# - {name: WEIGHT_ZFAIL, datatype: float64}
# - {name: WEIGHT, datatype: float64}
# - {name: NZ, unit: h3 / Mpc3, datatype: float64}
# - {name: WEIGHT_FKP, datatype: float64}
# - {name: distance, unit: Mpc, datatype: float64}
# - {name: x, unit: Mpc, datatype: float64}
# - {name: y, unit: Mpc, datatype: float64}
# - {name: z, unit: Mpc, datatype: float64}
# meta: !!omap
# - {EXTNAME: LSS}
# - {DESIDR: edr}
# - comments: ['Visit https://desidatamodel.readthedocs.io/en/latest/ for a more complet', e description]
# schema: astropy-2.0
RA DEC TARGETID NTILE TILES Z COMP_TILE ROSETTE_NUMBER ROSETTE_R FRACZ_TILELOCID BITWEIGHTS PROB_OBS WEIGHT_ZFAIL WEIGHT NZ WEIGHT_FKP distance x y z
[from data line 4187]
183.79240786791854 0.4647254186464139 39627799891280965 10 56-57-58-59-61-62-63-64-65-448 0.782335083237043 0.9615384615384616 2 0.833899188493837 1.0 [-1,-1] 1.0 1.0 1.0 0.0007324854237337303 0.12404708914385561 2818.1402028665557 -2811.8766593372407 -186.39040587749574 22.85765263563883
182.39375157998523 1.1027357676177498 39627811945712950 10 56-57-58-59-61-62-63-64-65-448 1.016065917114139 0.9615384615384616 2 1.3094851715391531 1.0 [-1,-1] 1.0 1.0 1.0 0.00020304675497218746 0.33812883710054276 3435.3739779718453 -3431.7405439643367 -143.45763838259282 66.11439651960771
184.06321408859355 1.0848929455899652 39627811975070661 10 56-57-58-59-61-62-63-64-65-448 0.8252742025753658 0.9615384615384616 2 1.4507457389895433 1.0 [-1,-1] 1.0 1.0 1.0 0.0006627118749498285 0.13533979738261318 2938.1046337056428 -2930.194289169505 -208.14807064167292 55.62955158130991
182.30658889881298 0.9685561254877971 39627811945710915 9 56-57-58-59-61-62-63-65-448 0.9943343284800379 1.0 2 1.2520152472374855 1.0 [-1,-1] 1.0 1.0 1.0 0.0002622817504223413 0.28340640119267335 3381.530612062882 -3378.308052784188 -136.0759949944269 57.16033938103419
181.91586297115663 -0.8203675952480871 39627769658740461 9 56-57-58-59-61-62-63-65-448 0.9663714409406897 1.0 2 1.4405164597332536 1.0 [-1,-1] 1.0 1.0 1.0 0.00041974738576830407 0.19815580287489248 3311.2276478018553 -3309.037446510634 -110.68923807993238 -47.408920374492794
182.47109948174463 0.5171257958633556 39627799866119724 9 56-57-58-59-61-62-63-65-448 0.9965080590076315 1.0 2 0.8142015787404926 1.0 [-1,-1] 1.0 1.0 1.0 0.0002622817504223413 0.28340640119267335 3386.9473506033532 -3383.6599944174754 -146.02382058542122 30.56864013071722
184.14105250969726 -0.5022109269401275 39627775736286577 9 56-57-58-59-61-62-63-65-448 0.9039631079284777 1.0 2 1.1558453126191086 1.0 [-1,-1] 1.0 1.0 1.0 0.0005275616701708153 0.16431404058018498 3150.0623466027614 -3141.7177834109966 -227.46385909560902 -27.610680703702997
183.79598407030218 0.4669758268353623 39627799891281060 9 56-57-58-59-61-62-63-65-448 0.7803629722821217 1.0 2 0.83812261825329 1.0 [-1,-1] 1.0 1.0 1.0 0.0007324854237337303 0.12404708914385561 2812.5553375830464 -2806.291694417133 -186.19612551591678 22.922819529047125
184.23134793204744 0.20525323382833124 39627793855681062 9 56-57-58-59-61-62-63-65-448 0.8848502140715246 1.0 2 1.1498137057469784 1.0 [-1,-1] 1.0 1.0 1.0 0.0005690156306133545 0.15418916366201427 3099.494800903633 -3091.026542325498 -228.69116554096246 11.103435118965479
184.10537448495296 -0.45963173792445344 39627775736285747 9 56-57-58-59-61-62-63-65-448 0.8258140998552891 1.0 2 1.1054490067257285 1.0 [-1,-1] 1.0 1.0 1.0 0.0006627118749498285 0.13533979738261318 2939.593311389692 -2931.956182417492 -210.44167206280255 -23.581420870547728
182.01335247034677 0.8964664381488899 39627811941515530 8 56-57-58-59-61-62-64-65 0.9761270201659898 1.0 2 1.4086726264486942 1.0 [-1,-1] 1.0 1.0 1.0 0.0003578035202613049 0.22475091060875194 3335.886441087493 -3333.4190246298454 -117.18334624785548 52.192120376046546
182.99316512825487 -0.9829073837658906 39627763635722810 8 56-57-58-59-61-62-64-65 0.6862837313082394 1.0 2 0.9886958557635723 1.0 [-1,-1] 1.0 1.0 1.0 0.0007209928471550773 0.12577569469930108 2538.2167798070836 -2534.381099467471 -132.51812790870662 -43.54089723314951
182.0010789070701 0.9186711858309808 39627811941515324 8 56-57-58-59-61-62-64-65 0.6918463246787211 1.0 2 1.4322991393693125 1.0 [-1,-1] 1.0 1.0 1.0 0.0005843703162771602 0.15074849413407446 2554.87747835231 -2552.991234908168 -89.20055113689465 40.962733683186485
182.2292619212592 -0.5206315992628757 39627775702733743 9 56-57-58-59-61-62-64-65-448 0.7083589194898349 1.0 2 1.014505394773103 1.0 [-1,-1] 1.0 1.0 1.0 0.0005843703162771602 0.15074849413407446 2604.0040001521947 -2601.9258173070634 -101.28674214438884 -23.661570222167946
182.05903146608583 0.8623076730312452 39627805901719007 9 56-57-58-59-61-62-64-65-448 0.9554871690702107 1.0 2 1.3517056608167024 1.0 [-1,-1] 1.0 1.0 1.0 0.00041974738576830407 0.19815580287489248 3283.547593306652 -3281.0559134609243 -117.9616929442845 49.41588055195677
182.51830671187858 0.09377911346725186 39627787790713258 9 56-57-58-59-61-62-64-65-448 0.6684094402951641 1.0 2 0.5892039556962136 1.0 [-1,-1] 1.0 1.0 1.0 0.000700708733790897 0.12894715825466588 2484.2974187502978 -2481.8948434457757 -109.15638801822718 4.066182666109743
182.7036205038003 0.40428592637378025 39627799870313228 9 56-57-58-59-61-62-64-65-448 0.7784536625721025 1.0 2 0.5661812498680802 1.0 [-1,-1] 1.0 1.0 1.0 0.0007324854237337303 0.12404708914385561 2807.141965632352 -2803.9475215020707 -132.4083836521249 19.80736770225544
183.8883288568511 -1.1866718981308142 39627757612698360 9 56-57-58-59-61-62-64-65-448 0.6045843364330802 1.0 2 1.4246275709854395 1.0 [-1,-1] 1.0 1.0 1.0 0.0007756247847600315 0.11796159141779075 2286.9020471454764 -2281.1485093394604 -155.04628111906592 -47.36140082047573
182.3167985355863 0.9925963240694217 39627811945711169 9 56-57-58-59-61-62-64-65-448 0.7413811072972539 1.0 2 1.2643538384132837 1.0 [-1,-1] 1.0 1.0 1.0 0.0007126833197713517 0.12705585074725267 2700.781018221955 -2698.1684192739967 -109.1619991529369 46.786189857856435
183.8579013961223 0.5351656084519587 39627799891282543 9 56-57-58-59-61-62-64-65-448 0.7791084556286013 1.0 2 0.9277931072456652 1.0 [-1,-1] 1.0 1.0 1.0 0.0007324854237337303 0.12404708914385561 2808.999173124226 -2802.511682775316 -188.98744101038102 26.23679974389624
182.731497181368 -1.250115105814215 39627757591729710 9 56-57-58-59-61-62-64-65-448 0.9360524258614381 1.0 2 1.3032883625571592 1.0 [-1,-1] 1.0 1.0 1.0 0.0004445766401596716 0.18918261239264766 3233.676695251279 -3229.233888321265 -154.06600385652254 -70.54878017682385
182.30009250295876 0.9813864633274842 39627811945710756 9 56-57-58-59-61-62-64-65-448 0.9967887107533374 1.0 2 1.2660603533403831 1.0 [-1,-1] 1.0 1.0 1.0 0.0002622817504223413 0.28340640119267335 3387.646204691032 -3384.420354561417 -135.9378361860187 58.02220679178874
182.9128389697434 0.6531796498819853 39627805914304484 9 56-57-58-59-61-62-64-65-448 0.4357016828819847 1.0 2 0.6794640452218951 1.0 [-1,-1] 1.0 1.0 1.0 0.0005288673958748294 0.16397488484989944 1726.1456200347573 -1723.8034100093012 -87.71138311287098 19.677867717541442
182.30270234304197 0.9888886109886591 39627811945710819 9 56-57-58-59-61-62-64-65-448 0.9916144182001819 1.0 2 1.2702445104559197 1.0 [-1,-1] 1.0 1.0 1.0 0.0002622817504223413 0.28340640119267335 3374.743081860452 -3371.515755552781 -135.5733346834859 58.243021445842814
181.97824248619744 -0.8621470856449304 39627769658741930 9 56-57-58-59-61-62-64-65-448 0.9519336207717345 1.0 2 1.4147588280354748 1.0 [-1,-1] 1.0 1.0 1.0 0.00041974738576830407 0.19815580287489248 3274.4718059103498 -3272.149768632867 -113.02192200885696 -49.270117546903016
181.98719883483233 -0.8770931706671078 39627763618944261 9 56-57-58-59-61-62-64-65-448 0.5874922368108959 1.0 2 1.4168705408511377 1.0 [-1,-1] 1.0 1.0 1.0 0.0006621615122706149 0.13543705131792066 2232.7250683571974 -2231.120860358497 -77.41337072241367 -34.17758588909524
183.45246216129877 1.043179719016087 39627811962490961 7 56-57-58-59-61-62-65 0.6669175111270228 1.0 2 1.101108429692948 1.0 [-1,-1] 1.0 1.0 1.0 0.000700708733790897 0.12894715825466588 2479.7702933468872 -2474.8595192683283 -149.3079447696071 45.14648692116773
182.1651487380282 0.1340741722475818 39627793822125036 8 56-57-58-59-61-62-65-448 1.0246995087156354 1.0 2 0.9444157826235143 1.0 [-1,-1] 1.0 1.0 1.0 0.00020304675497218746 0.33812883710054276 3456.5753265358794 -3454.0981571259954 -130.58899296493504 8.088502446590324
183.8891251908616 0.1681961342907488 39627793851485448 7 56-57-58-59-61-63-448 0.7709334946857769 1.0 2 0.8068498730478739 1.0 [-1,-1] 1.0 1.0 1.0 0.0007324854237337303 0.12404708914385561 2785.759435745165 -2779.3323303996813 -188.94590406440025 8.177797722090812
183.97359782641334 -0.79765727876099 39627769692296670 8 56-57-58-59-61-63-64-448 0.4852365278498017 1.0 2 1.1829543484299305 1.0 [-1,-1] 1.0 1.0 1.0 0.00048380039118235755 0.17655271186088778 1896.5915006020393 -1891.848913262385 -131.41495541646424 -26.40301188722582
182.8211647295265 -0.8408384569877119 39627769675515740 8 56-57-58-59-61-63-64-448 0.43222643009906736 1.0 2 0.8858627643039699 1.0 [-1,-1] 1.0 1.0 1.0 0.0005288673958748294 0.16397488484989944 1713.9964523100161 -1711.7347879517442 -84.35162678285877 -25.15267990102893
183.7724146133669 0.23002664392640415 39627793851482654 9 56-57-58-59-61-63-64-65-448 0.7725132733637957 1.0 2 0.7106695715697808 1.0 [-1,-1] 1.0 1.0 1.0 0.0007324854237337303 0.12404708914385561 2790.2593952797674 -2784.191192373738 -183.57943924301247 11.202086535110297
182.31711782376334 -1.1380034225685105 39627757587531189 9 56-57-58-59-61-63-64-65-448 0.8830370939955176 1.0 2 1.3812587348266514 1.0 [-1,-1] 1.0 1.0 1.0 0.0005690156306133545 0.15418916366201427 3094.66770623645 -3091.527487312217 -125.09370375740478 -61.46195974775652
182.9761831204949 -1.293828799903066 39627757595924238 9 56-57-58-59-61-63-64-65-448 1.080645953896539 1.0 2 1.2997388111407968 1.0 [-1,-1] 1.0 1.0 1.0 0.0001075182622224553 0.4910338705006151 3591.40443377142 -3585.645956676645 -186.4211886666269 -81.09266734769734
183.98390570695534 -0.7872774176217577 39627769692296929 9 56-57-58-59-61-63-64-65-448 0.5631254831710578 1.0 2 1.1836578304573802 1.0 [-1,-1] 1.0 1.0 1.0 0.000677088223595666 0.13284793461577618 2154.5090864308736 -2149.1000473795143 -149.67309614238363 -29.603279509534403
183.14908386475233 0.754989475855317 39627805918498402 9 56-57-58-59-61-63-64-65-448 0.43212846445937525 1.0 2 0.7565832373159113 1.0 [-1,-1] 1.0 1.0 1.0 0.0005288673958748294 0.16397488484989944 1713.6536076162438 -1710.9174013951888 -94.13004212604848 22.58024952585045
183.7720774519844 0.2396147917822107 39627793851482649 9 56-57-58-59-61-63-64-65-448 0.9034660352135824 1.0 2 0.7135129407271619 1.0 [-1,-1] 1.0 1.0 1.0 0.0005275616701708153 0.16431404058018498 3148.7545235981756 -3141.90573648221 -207.1472658738124 13.168264166500583
184.32904570495188 0.6050520425088334 39627799899670033 7 56-57-58-59-61-63-65 1.049247146570258 1.0 2 1.3698850923291432 1.0 [-1,-1] 1.0 1.0 1.0 0.00017111768859933566 0.3774092623312036 3516.2752934822233 -3506.0478433725984 -265.4085454338435 37.13170540843778
184.02608712897475 0.13942801123293302 39627793855676893 8 56-57-58-59-61-63-65-448 0.6751282853077742 1.0 2 0.9365232767081154 1.0 [-1,-1] 1.0 1.0 1.0 0.0007209928471550773 0.12577569469930108 2504.6342618759063 -2498.445893446196 -175.8515131401946 6.094966021956646
181.78253157269396 0.5746394560087321 39627799857726258 6 56-57-58-59-61-64 0.47831479311643527 1.0 2 1.437315331214961 1.0 [-1,-1] 1.0 1.0 1.0 0.00048380039118235755 0.17655271186088778 1873.0782149676836 -1872.0776564759979 -58.261090274029726 18.785443032843393
182.24668930409987 0.10772087704583415 39627787782329205 8 56-57-58-59-61-64-65-448 0.9045396917821767 1.0 2 0.8600825967048362 1.0 [-1,-1] 1.0 1.0 1.0 0.0005275616701708153 0.16431404058018498 3151.578881561048 -3149.1507069747554 -123.54822183151279 5.925229468652226
182.70639222779064 -0.3819853360711356 39627775711122487 8 56-57-58-59-61-64-65-448 0.9258926335461991 1.0 2 0.5484866269331861 1.0 [-1,-1] 1.0 1.0 1.0 0.0004951280553168204 0.17321314004730964 3207.376100428593 -3203.7274354825204 -151.44217258769163 -21.38310312002838
182.70447733926062 -0.3800867412996004 39627775711122445 8 56-57-58-59-61-64-65-448 0.9151146129451213 1.0 2 0.548545177057036 1.0 [-1,-1] 1.0 1.0 1.0 0.0004951280553168204 0.17321314004730964 3179.300837146119 -3175.689825341962 -150.01044538712782 -21.090580179542
181.99565189104297 -0.9078526246970011 39627763618944429 8 56-57-58-59-61-64-65-448 0.4057933440450138 1.0 2 1.4295730358560248 1.0 [-1,-1] 1.0 1.0 1.0 0.0003379611466139912 0.2348475370676925 1620.7600044256726 -1619.5736390553752 -56.43370064102837 -25.67989592646898
183.63802743101928 -0.22182071598967046 39627781767695068 8 56-57-58-59-61-64-65-448 1.0685771852335306 1.0 2 0.5819591912679444 1.0 [-1,-1] 1.0 1.0 1.0 0.0001568149373683449 0.39812733398474315 3562.6889165616535 -3555.482862177858 -226.0612488830732 -13.792922251051602
182.3156559495031 -1.3355969842117852 39627757587531156 6 56-57-58-59-62-448 0.5059404203543905 1.0 2 1.5488393911349998 1.0 [-1,-1] 1.0 1.0 1.0 0.0005337442823398631 0.16272042362546515 1966.3399486303038 -1964.2004426130068 -79.42802447609203 -45.83234388637735
182.71732004008007 -0.5405347487598757 39627775711122743 7 56-57-58-59-62-63-64 0.9131201857526048 1.0 2 0.6622819804873507 1.0 [-1,-1] 1.0 1.0 1.0 0.0004951280553168204 0.17321314004730964 3174.085844846352 -3170.37577833889 -150.47164985459597 -29.94423427124959
181.77935759241166 -0.21938016670966404 39627781738332818 7 56-57-58-59-62-63-64 0.6100607473085552 1.0 2 1.3387365322698976 1.0 [-1,-1] 1.0 1.0 1.0 0.0007214233604467519 0.12571007283523317 2304.1417827925343 -2303.0138717131 -71.54459137557525 -8.822321253342649
182.4297674704282 0.5320888364196723 39627799866118633 8 56-57-58-59-62-63-64-448 0.6558259120291513 1.0 2 0.855755373681243 1.0 [-1,-1] 1.0 1.0 1.0 0.000700708733790897 0.12894715825466588 2445.984558111418 -2443.6800904536385 -103.69239000111789 22.71480345202329
182.8291908362417 -0.19680741686958692 39627781755111065 8 56-57-58-59-62-63-64-448 0.6152473064002899 1.0 2 0.33476928484787566 1.0 [-1,-1] 1.0 1.0 1.0 0.0007214233604467519 0.12571007283523317 2320.4161498452377 -2317.5741684624463 -114.53188974597353 -7.970468581787407
183.21527701840336 -1.5201149453582599 39627751560320194 8 56-57-58-59-62-63-64-65 0.43933398404987206 1.0 2 1.5244786387343878 1.0 [-1,-1] 1.0 1.0 1.0 0.0005288673958748294 0.16397488484989944 1738.8168677910942 -1735.4687274484359 -97.49195418107468 -46.1271572210255
183.21761872998167 -1.5244287341456106 39627751560320242 8 56-57-58-59-62-63-64-65 1.002981094162873 1.0 2 1.5289584253981658 1.0 [-1,-1] 1.0 1.0 1.0 0.0002622817504223413 0.28340640119267335 3403.0366352919505 -3396.4693966714412 -190.93983349363347 -90.5315337267618
183.20387707507544 -1.5271698940248861 39627751560319905 8 56-57-58-59-62-63-64-65 0.6772826035053094 1.0 2 1.5306978070434474 1.0 [-1,-1] 1.0 1.0 1.0 0.0007209928471550773 0.12577569469930108 2511.137434781294 -2506.321924781542 -140.29527786254985 -66.92429102198165
181.9606758150398 -0.795184464764258 39627769658741546 8 56-57-58-59-62-63-64-65 0.47098305266525936 1.0 2 1.3893504187844088 1.0 [-1,-1] 1.0 1.0 1.0 0.00048380039118235755 0.17655271186088778 1848.0650126182118 -1846.8051770329025 -63.22281259037203 -25.647707815396064
184.0885063414772 -0.49699960195230786 39627775736285353 8 56-57-58-59-62-63-64-65 0.4176594658402829 1.0 2 1.1064035805544123 1.0 [-1,-1] 1.0 1.0 1.0 0.0006262316776515472 0.14210347001521706 1662.796563021755 -1658.502523624792 -118.54853522193734 -14.423381153192745
183.20875134684002 -1.5102400423821634 39627751560320031 9 56-57-58-59-62-63-64-65-448 0.459521793467889 1.0 2 1.514149629960535 1.0 [-1,-1] 1.0 1.0 1.0 0.0005635091211985168 0.1554616369400361 1808.7417798216 -1805.2787656449154 -101.20735468249251 -47.670491312258676
182.6166403094437 0.5068315494598042 39627799870311160 9 56-57-58-59-62-63-64-65-448 0.7781482055283714 1.0 2 0.7003632742609901 1.0 [-1,-1] 1.0 1.0 1.0 0.0007324854237337303 0.12404708914385561 2806.2753376089354 -2803.2397032203544 -128.1101994535741 24.823649150984583
182.91526667098137 -1.2993023891308546 39627757595922799 9 56-57-58-59-62-63-64-65-448 0.4061300427234436 1.0 2 1.3123670413416768 1.0 [-1,-1] 1.0 1.0 1.0 0.0003379611466139912 0.2348475370676925 1621.9568749960888 -1619.4413160389631 -82.46997728924842 -36.77813343523161
