data_rosette/LRG_7_clustering_data.ecsv
# %ECSV 1.0
# ---
# datatype:
# - {name: RA, unit: deg, datatype: float64}
# - {name: DEC, unit: deg, datatype: float64}
# - {name: TARGETID, datatype: int64}
# - {name: NTILE, datatype: int64}
# - {name: TILES, datatype: string}
# - {name: Z, datatype: float64}
# - {name: COMP_TILE, datatype: float64}
# - {name: ROSETTE_NUMBER, datatype: int32}
# - {name: ROSETTE_R, unit: deg, datatype: float64}
# - {name: FRACZ_TILELOCID, datatype: float64}
# - {name: BITWEIGHTS, datatype: string, subtype: 'int64[2]'}
# - {name: PROB_OBS, datatype: float64}
# - {name: WEIGHT_ZFAIL, datatype: float64}
# - {name: WEIGHT, datatype: float64}
# - {name: NZ, unit: h3 / Mpc3, datatype: float64}
# - {name: WEIGHT_FKP, datatype: float64}
# - {name: distance, unit: Mpc, datatype: float64}
# - {name: x, unit: Mpc, datatype: float64}
# - {name: y, unit: Mpc, datatype: float64}
# - {name: z, unit: Mpc, datatype: float64}
# meta: !!omap
# - {EXTNAME: LSS}
# - {DESIDR: edr}
# - comments: ['Visit https://desidatamodel.readthedocs.io/en/latest/ for a more complet', e description]
# schema: astropy-2.0
RA DEC TARGETID NTILE TILES Z COMP_TILE ROSETTE_NUMBER ROSETTE_R FRACZ_TILELOCID BITWEIGHTS PROB_OBS WEIGHT_ZFAIL WEIGHT NZ WEIGHT_FKP distance x y z
[from data line 5607]
219.7160771721094 34.35767722699004 39632966447533203 3 195-196-463 0.5803741358868044 0.7142857142857143 7 1.5819235136211294 1.0 [-1,-1] 1.0 1.0 1.0 0.0005369919189708607 0.1615383650856205 2209.996045957479 -1403.3803817890253 -1165.7742054164412 1247.2275370368657
219.50733541925098 35.28462468524332 39632986336920636 3 195-196-463 0.7935979506206112 0.7142857142857143 7 1.6570876055006591 0.3333333333333333 [-35192962056194,-594756626066457093] 0.90625 1.0 1.1025641025641026 0.0008239664519383997 0.11155322342262282 2849.908391518929 -1794.8864956198731 -1479.976234061693 1646.2170739316216
218.49578963199255 32.90386269125566 39632941239764587 3 195-197-198 1.0635711447653258 1.0 7 1.6043194079132543 1.0 [-1301051679847760457,-2598653985435054217] 0.7265625 1.0 1.372340425531915 0.00014839258087788972 0.41078905010633954 3550.7188235812446 -2333.188346426568 -1855.6218916337937 1928.8607257971887
218.92388963176742 34.519870030919485 39632971434559904 6 195-197-198-199-200-463 0.6733734291755511 1.0 7 0.934387424162513 1.0 [-1,-1] 1.0 1.0 1.0 0.0008053318504768218 0.11384060807160488 2499.3306247417822 -1602.075594998525 -1293.8153204489045 1416.3506897142274
218.4505141374793 32.94521833569329 39632941239763954 4 195-197-198-200 0.6633341660537895 1.0 7 1.5522351383209354 0.5 [-1,-1] 1.0 1.0 1.0 0.0006371005092682059 0.1397016056866948 2468.8801357253888 -1622.5693015690747 -1288.363380448335 1342.6681593397523
219.37864128663642 33.41346989129168 39632951369009831 2 195-198 0.4942533077575959 0.6190476190476191 7 1.6400307836734196 0.3333333333333333 [-1724156339396151162,8203092945040711221] 0.4921875 1.0 2.015625 0.0007365189099627642 0.12316671624379881 1927.07491227229 -1243.3726554875657 -1020.5418143442646 1061.1958171185802
219.85634699642122 34.140766426667284 39632966451725190 2 195-198 0.5371888947274703 0.6190476190476191 7 1.7189707254785644 1.0 [-1,-1] 1.0 1.0 1.0 0.0006094867785671962 0.14511252611805409 2069.9719368406986 -1315.1714797074328 -1097.9525915212394 1161.7262608050096
219.8394733432831 34.23392618641747 39632966451724927 2 195-198 1.0235047652158287 0.6190476190476191 7 1.6926025047429305 1.0 [-1,-1] 1.0 1.0 1.0 0.00020130102782971312 0.3394727840281335 3453.647800935312 -2192.4164469387783 -1829.2129352062232 1942.9290501127139
219.66541979792746 34.94516876419475 39632981391836211 2 195-198 0.9069345308193875 0.6190476190476191 7 1.6281031821709235 0.5 [-1,-1] 1.0 1.0 1.0 0.0005723615213970424 0.15308410280969617 3157.872224676534 -1992.5957528745753 -1652.254367798887 1808.8047592538078
219.4230285468969 33.41604346189267 39632951369010381 2 195-198 0.8658005801520012 0.6190476190476191 7 1.6680693055739457 0.5 [-1230154432292635579,-5514701397635712197] 0.5625 1.0 1.7671232876712328 0.0006576102792991648 0.1359368301360722 3048.5160339157524 -1965.6308383652422 -1615.910891045549 1678.8619384896913
219.81918302599792 34.24331620574422 39632966451724603 2 195-198 0.981083190690405 0.6190476190476191 7 1.6749294481790395 1.0 [-1,-1] 1.0 1.0 1.0 0.00030269805442075816 0.25472307248715254 3348.3596818074398 -2125.96906561807 -1772.496875600682 1884.150449612363
219.34820747394372 33.44680121088403 39632951369009470 2 195-198 0.8532067246248918 0.6190476190476191 7 1.5996454727050662 1.0 [-1,-1] 1.0 1.0 1.0 0.0006576102792991648 0.1359368301360722 3014.4924778594154 -1945.0885528499623 -1594.7713476358476 1661.4751786899437
219.38765630107883 33.44598212382938 39632951369009954 2 195-198 0.8648247383914821 0.6190476190476191 7 1.626534137458927 1.0 [-1,-1] 1.0 1.0 1.0 0.0006576102792991648 0.1359368301360722 3045.8888798382413 -1964.25557615026 -1612.7491478446573 1678.743365142868
219.70574951694795 34.6994676762831 39632976425782446 2 195-198 0.5407410100016304 0.6190476190476191 7 1.597925415638313 0.5 [-1,-1] 1.0 1.0 1.0 0.0006094867785671962 0.14511252611805409 2081.6284137068683 -1316.6479289073156 -1093.325379485045 1185.0125310011415
219.49161601204494 34.921710796419944 39632981387643445 2 195-198 0.5806115522980063 0.6190476190476191 7 1.4859760592758537 1.0 [-1,-1] 1.0 1.0 1.0 0.0005369919189708607 0.1615383650856205 2210.755734958937 -1398.8740965067532 -1152.7990673683362 1265.5617298460547
219.87327781491743 34.247492628222076 39632966451725452 2 195-198 0.40346876267949006 0.6190476190476191 7 1.7189944918392521 1.0 [-1,-1] 1.0 1.0 1.0 0.00024055914515870672 0.3007331513712552 1612.490228769737 -1022.9589158342123 -854.5160885033282 907.4591169205061
219.25461606662236 33.39568095864776 39632951369008192 3 195-198-200 0.9353922402547824 1.0 7 1.570449120607683 1.0 [-1,-1] 1.0 1.0 1.0 0.0003671239319408774 0.21984967794317842 3231.972495221306 -2089.436659556477 -1707.4220830091385 1778.935211305134
219.2432694543249 33.38630962353996 39632951369008046 3 195-198-200 0.6624327200726532 1.0 7 1.5693076295517676 1.0 [-1,-1] 1.0 1.0 1.0 0.0006371005092682059 0.1397016056866948 2466.136804561668 -1594.7617390708513 -1302.6626303034705 1357.068828770374
219.2374023577826 33.379565658323344 39632951369007982 3 195-198-200 0.7102751810836628 1.0 7 1.5700036853309447 1.0 [-1,-1] 1.0 1.0 1.0 0.0005823912580269674 0.15084542533972659 2609.673169481788 -1687.8535853206467 -1378.4154920514786 1435.7977076544732
217.7685580080061 34.59451913147352 39632971417783728 3 195-198-200 0.8617905590199033 1.0 7 0.19623754888383985 1.0 [-1,-1] 1.0 1.0 1.0 0.0006576102792991648 0.1359368301360722 3037.7104531122172 -1976.7142000478957 -1531.560015704571 1724.705681144251
218.43108762828516 32.932552233362884 39632941239763712 3 195-198-200 0.5693176384107993 1.0 7 1.5586038803874398 1.0 [-1,-1] 1.0 1.0 1.0 0.0006724560872077301 0.13333590500666823 2174.4955206281734 -1429.686609113621 -1134.4192158888054 1182.1675057179566
218.35486708411656 32.87043877635198 39632936156268106 3 195-198-200 0.5703388583058804 1.0 7 1.5977939207931804 1.0 [-1,-1] 1.0 1.0 1.0 0.0005369919189708607 0.1615383650856205 2177.7844951802567 -1434.3648372536948 -1135.0250470322733 1181.9733346006976
219.24721017921652 33.36816708718819 39632946314872736 3 195-198-200 0.849885347145996 1.0 7 1.5836631363497249 1.0 [-1,-1] 1.0 1.0 1.0 0.0006366829495309179 0.1397804201853648 3005.476490331028 -1943.8295297847064 -1588.0175169814554 1653.0626300384188
217.92862112594062 34.62475309056459 39632971421976246 4 195-198-200-463 0.8289778769957878 1.0 7 0.248488605382489 1.0 [-1,-1] 1.0 1.0 1.0 0.000762533893525711 0.11946670068019369 2948.307178458899 -1913.6800837458459 -1491.2951738903914 1675.226092191139
219.70055985781246 34.59945488429437 39632971447141349 4 195-198-200-463 0.541438916686352 1.0 7 1.5789298372024947 1.0 [-1,-1] 1.0 1.0 1.0 0.0006094867785671962 0.14511252611805409 2083.91568550728 -1319.785012166333 -1095.7284127161201 1183.322167260886
219.26323346817287 35.46662488638716 39632991269422130 3 195-198-463 0.5071093362923677 1.0 7 1.6051694371102518 1.0 [-1,-1] 1.0 1.0 1.0 0.0007365189099627642 0.12316671624379881 1970.251909786615 -1242.4169620746013 -1015.575841293344 1143.1965670646664
219.52716626465238 35.29076922276892 39632986336920923 3 195-198-463 0.8652434005312093 1.0 7 1.6740878953592548 1.0 [-9007208382070817,-161632504250369] 0.921875 1.0 1.084033613445378 0.0006576102792991648 0.1359368301360722 3047.0161873267875 -1918.3325823876435 -1582.8795783828225 1760.3408731038553
219.47787483795287 35.253244809586484 39632986336920250 3 195-198-463 0.7905711960399728 1.0 7 1.6201738759522613 1.0 [-67108865,-288230376151711745] 0.984375 1.0 1.015748031496063 0.0008239664519383997 0.11155322342262282 2841.3923403906397 -1790.9750868935866 -1475.2047408287017 1640.027329892289
219.53369921432449 35.30003481784229 39632986336921024 3 195-198-463 0.9771206804119312 1.0 7 1.683496416298591 1.0 [-8689136393276154424,-5540386849050736425] 0.5234375 1.0 1.8970588235294117 0.00030269805442075816 0.25472307248715254 3338.390118119533 -2101.3366971790956 -1734.285082405669 1929.1158386140949
219.7024089319696 34.174961698491984 39632966447532981 2 195-200 0.4884258281366955 0.6666666666666666 7 1.5878137029731738 0.5 [-1153730904084584983,-3820329804066998443] 0.6875 1.0 1.449438202247191 0.000668512811805897 0.13401699399284683 1907.3926574305576 -1214.0976445759645 -1008.0495162764028 1071.424207207402
219.5622100493166 33.70122714590937 39632956410563747 2 195-200 0.8591422405472015 0.6666666666666666 7 1.618630486851217 0.5 [-1,-1] 1.0 1.0 1.0 0.0006576102792991648 0.1359368301360722 3030.5599091586832 -1943.7166840680245 -1605.8240940152575 1681.5432775149043
219.7012632269624 33.90828262521988 39632961435340311 2 195-200 0.7116415413609924 0.6666666666666666 7 1.6483679800089162 1.0 [411647170423803741,-6146331689104777879] 0.609375 1.0 1.6329113924050633 0.0005823912580269674 0.15084542533972659 2613.7114489772734 -1668.952391266576 -1385.6531303217776 1458.098370011405
218.24265695623902 35.97317159227431 39633001084092812 2 195-463 0.6225163540542933 0.5 7 1.6142270656537814 1.0 [-1,-1] 1.0 1.0 1.0 0.0007056687116799521 0.12786279395313782 2343.1386155369187 -1489.3340989916246 -1173.7868683027407 1376.3745496779277
219.32798312826924 35.515931296100106 39632991269422929 2 195-463 0.7389048129519677 0.5 7 1.677315705583529 0.5 [-1,-1] 1.0 1.0 1.0 0.0006073340474539246 0.1455520198534496 2693.590967448587 -1695.9346633964544 -1389.4901758066228 1564.7859178647566
219.52363592122705 35.33972118042962 39632986336920869 2 195-463 0.9133653080895406 0.5 7 1.6978722112105094 0.3333333333333333 [-7337811909120851211,-9056283368821980923] 0.390625 1.0 2.5294117647058822 0.00042618922305278896 0.1953324009783564 3174.727120361564 -1997.628643865344 -1648.1024998338498 1836.336091245105
219.43789233353687 35.42228606371777 39632991269424373 1 196 0.4858641986620873 0.4 7 1.687877651670288 1.0 [-1,-1] 1.0 1.0 1.0 0.000668512811805897 0.13401699399284683 1898.7188660298036 -1194.9781607774305 -982.8903627530328 1100.4940082934138
219.37918355118336 35.37886082274443 39632991269423583 1 196 0.5861909868214961 0.4 7 1.6235551625724454 0.5 [2116056255056974813,6917444640047067755] 0.6875 1.0 1.449438202247191 0.0005369919189708607 0.1615383650856205 2228.5773558312762 -1404.515652066297 -1152.827841435186 1290.3025932069568
218.04316030009565 34.50945508236397 39632971421977915 3 196-197-199 1.0470284546769182 1.0 7 0.2284338715094843 1.0 [-1,-1] 1.0 1.0 1.0 0.00017557006270178804 0.37077784677498654 3510.9144955711186 -2278.458126396618 -1782.892216429324 1989.0813221345045
217.8305561748267 34.36579991447492 39632966422365835 4 196-197-199-463 1.0705272869310054 1.0 7 0.04249195525854695 1.0 [-1,-1] 1.0 1.0 1.0 0.00012850791192818028 0.44600300211103894 3567.3424596928794 -2325.77889474195 -1806.0465028311426 2013.6734559287302
216.1412217444052 35.25853194672935 39632986290783586 3 196-197-463 0.8245430872053334 1.0 7 1.6096461633166388 1.0 [-1,-1] 1.0 1.0 1.0 0.000762533893525711 0.11946670068019369 2936.087931518536 -1936.122027099415 -1413.979242884316 1694.906055945741
216.013831890774 34.73656003255924 39632976375450332 3 196-197-463 0.9040830412361214 1.0 7 1.5088128556034637 1.0 [-1,-1] 1.0 1.0 1.0 0.0005723615213970424 0.15308410280969617 3150.377839015034 -2094.112411640135 -1522.2342634053646 1795.0979313916273
217.95044746533955 34.39587059368428 39632971421976522 3 196-197-463 0.5188047247421224 1.0 7 0.12420794779206917 1.0 [-1,-1] 1.0 1.0 1.0 0.0006888416087567301 0.1305783864573065 2009.2404919400026 -1307.3515280411482 -1019.59534860416 1135.035092710591
216.1621131246422 35.24637853265516 39632986290783937 3 196-197-463 0.6455916078717581 1.0 7 1.588743921937406 1.0 [-1,-1] 1.0 1.0 1.0 0.0007982518636535506 0.11473445525619816 2414.6070921535725 -1592.06046626342 -1163.596229994061 1393.4542313197946
217.8294218060115 35.952571107730954 39633001075706686 4 196-198-199-463 0.7240667447843658 1.0 7 1.5527573235479717 1.0 [-1,-1] 1.0 1.0 1.0 0.0005823912580269674 0.15084542533972659 2650.280605140091 -1694.5316776412476 -1315.807766638007 1556.0204371110185
217.99125661616546 35.92536864816117 39633001079899073 3 196-199-463 0.6760532545150723 0.75 7 1.5333600858649499 0.5 [-1,-1] 1.0 1.0 1.0 0.0008053318504768218 0.11384060807160488 2507.4274824583495 -1600.222529029078 -1249.8376541506652 1471.1853301478918
216.0423752184052 35.14470647708701 39632986286592200 3 196-199-463 0.5391355759674001 0.75 7 1.624467398027254 1.0 [-1,-1] 1.0 1.0 1.0 0.0006094867785671962 0.14511252611805409 2076.3631966504245 -1372.8460766634369 -998.9831937051051 1195.2448924337332
216.36970951328945 35.55582967082722 39632991227481558 3 196-199-463 0.5855738565976333 0.75 7 1.645980169635691 1.0 [-1,-1] 1.0 1.0 1.0 0.0005369919189708607 0.1615383650856205 2226.60911541372 -1458.5979986563812 -1074.1813925982622 1294.7642128799846
219.0503433317707 35.76896179969718 39632996189340237 2 196-463 0.9099234010515338 0.875 7 1.7090293031729202 0.5 [-5387689068748914383,-7464101877656950096] 0.4921875 1.0 2.015625 0.0005723615213970424 0.15308410280969617 3165.714010611375 -1994.7551503407615 -1618.2249801952498 1850.4175206266957
218.97865859092468 35.83957874024525 39632996185149004 2 196-463 0.5080581893090779 0.875 7 1.7325457070273564 1.0 [-1,-1] 1.0 1.0 1.0 0.0007365189099627642 0.12316671624379881 1973.425363729772 -1243.6344609527343 -1006.3085738244482 1155.4756803975538
218.8686815372278 35.8898865720837 39633001092481566 2 196-463 0.8595210531939017 0.875 7 1.7272167133618448 0.5 [9142863203411379121,-153354516397013876] 0.5546875 1.0 1.7916666666666667 0.0006576102792991648 0.1359368301360722 3031.583412002123 -1912.2254590223986 -1541.2464103344687 1777.2032186624374
217.31908822867183 36.048716595613875 39633001071509781 2 196-463 1.083515768244749 0.875 7 1.6948675257719106 1.0 [-1,-1] 1.0 1.0 1.0 0.00012850791192818028 0.44600300211103894 3598.2031649972596 -2313.6104928493182 -1763.7172890681366 2117.4451181119134
219.50256489240854 35.10220375952884 39632981387643587 2 196-463 0.5766505666402255 0.875 7 1.5652069166742402 1.0 [-1,-1] 1.0 1.0 1.0 0.0005369919189708607 0.1615383650856205 2198.0669448397193 -1387.560691042832 -1143.921093527053 1263.9692062916831
218.87819551162977 35.84191806368554 39632996185147634 2 196-463 0.8599468196140653 0.875 7 1.6901961750515764 1.0 [-1,-1] 1.0 1.0 1.0 0.0006576102792991648 0.1359368301360722 3032.733500157874 -1913.8529142404082 -1543.0824483292402 1775.8198284993791
218.84806609721915 35.89499196828449 39633001092481231 2 196-463 0.9481937305776654 0.875 7 1.7231647978711602 1.0 [-9187748149738424870,3051564520923140323] 0.5 1.0 1.9846153846153847 0.0003671239319408774 0.21984967794317842 3264.8994454933113 -2059.8579855751673 -1659.015390437159 1914.2156103055333
216.22688541799516 35.18676086094784 39632986290784910 2 196-463 0.586722422705146 0.875 7 1.5125510922290937 1.0 [-1,-1] 1.0 1.0 1.0 0.0005369919189708607 0.1615383650856205 2230.271695480274 -1470.383331959266 -1077.2178294640173 1285.179536345664
218.50836638660746 35.758533387475126 39632996180952296 2 196-463 0.5443083301279444 0.875 7 1.4770312302596398 1.0 [-1,-1] 1.0 1.0 1.0 0.0006094867785671962 0.14511252611805409 2093.309536399659 -1329.256874466178 -1057.6556068994896 1223.2684063852196
218.80293360702183 35.85902352470361 39632996185146715 2 196-463 0.9402684465792738 0.875 7 1.6737586712793953 1.0 [8871518178381346391,8295892409871313918] 0.5859375 1.0 1.6973684210526316 0.0003671239319408774 0.21984967794317842 3244.5441724094785 -2049.243916033882 -1647.8071686069136 1900.6308937829285
218.82497491300552 35.75379756643551 39632996185146965 2 196-463 0.534950617880228 0.875 7 1.5925766270234316 1.0 [-1,-1] 1.0 1.0 1.0 0.0006094867785671962 0.14511252611805409 2062.6139925292687 -1304.0640132435349 -1049.4306122576722 1205.1924832146867
