data_rosette/LRG_5_clustering_data.ecsv
# %ECSV 1.0
# ---
# datatype:
# - {name: RA, unit: deg, datatype: float64}
# - {name: DEC, unit: deg, datatype: float64}
# - {name: TARGETID, datatype: int64}
# - {name: NTILE, datatype: int64}
# - {name: TILES, datatype: string}
# - {name: Z, datatype: float64}
# - {name: COMP_TILE, datatype: float64}
# - {name: ROSETTE_NUMBER, datatype: int32}
# - {name: ROSETTE_R, unit: deg, datatype: float64}
# - {name: FRACZ_TILELOCID, datatype: float64}
# - {name: BITWEIGHTS, datatype: string, subtype: 'int64[2]'}
# - {name: PROB_OBS, datatype: float64}
# - {name: WEIGHT_ZFAIL, datatype: float64}
# - {name: WEIGHT, datatype: float64}
# - {name: NZ, unit: h3 / Mpc3, datatype: float64}
# - {name: WEIGHT_FKP, datatype: float64}
# - {name: theta, unit: deg, datatype: float64}
# - {name: phi, unit: deg, datatype: float64}
# - {name: rho, unit: Mpc, datatype: float64}
# - {name: r, unit: Mpc, datatype: float64}
# - {name: x, unit: Mpc, datatype: float64}
# - {name: y, unit: Mpc, datatype: float64}
# - {name: z, unit: Mpc, datatype: float64}
# meta: !!omap
# - {EXTNAME: LSS}
# - {DESIDR: edr}
# - comments: ['Visit https://desidatamodel.readthedocs.io/en/latest/ for a more complet', e description]
# schema: astropy-2.0
RA DEC TARGETID NTILE TILES Z COMP_TILE ROSETTE_NUMBER ROSETTE_R FRACZ_TILELOCID BITWEIGHTS PROB_OBS WEIGHT_ZFAIL WEIGHT NZ WEIGHT_FKP theta phi rho r x y z
[from data line 5121]
211.5491713151339 4.390337740172564 39627896939090242 4 138-141-144-146 0.5057109636628797 1.0 5 1.6599746985420187 1.0 [-1,-1] 1.0 1.0 1.0 0.0005337442823398631 0.16272042362546515 85.60966225982743 148.4508286848661 1965.5717111073172 1965.5717111073172 973.5640909658256 994.3774282734003 -1388.113339186542
211.55748761451542 4.439584113796967 39627896939090460 4 138-141-144-146 0.6141071243432905 1.0 5 1.6502695162495393 1.0 [-1,-1] 1.0 1.0 1.0 0.0007214233604467519 0.12571007283523317 85.56041588620303 148.44251238548458 2316.8428967087707 2316.8428967087707 1099.0321112007375 1104.0099005146424 -1714.9494354485166
211.50553047495765 4.342203920389442 39627890911875432 4 138-141-144-146 0.9024111230751174 1.0 5 1.6383710924955845 1.0 [-1,-1] 1.0 1.0 1.0 0.0005275616701708153 0.16431404058018498 85.65779607961056 148.49446952504235 3145.9777118866546 3145.9777118866546 1556.9705249089188 1735.6610745838523 -2111.989389752435
211.04059770313393 3.741801542583011 39627878840669754 4 138-141-144-146 0.5324078991569734 1.0 5 1.630819791745933 1.0 [-1,-1] 1.0 1.0 1.0 0.0007045118177349687 0.128340413101622 86.258198457417 148.95940229686607 2054.243125581619 2054.243125581619 535.5390364214293 1963.668665096819 -277.701518153976
211.53655163769707 4.386696516624538 39627896939089985 4 138-141-144-146 0.6802486865182538 1.0 5 1.6496367918704435 1.0 [-1,-1] 1.0 1.0 1.0 0.0007209928471550773 0.12577569469930108 85.61330348337546 148.46344836230293 2520.077111913525 2520.077111913525 1236.4940521730641 1295.2291209975158 -1773.204058491592
211.26758507568343 3.966159014405773 39627884876273118 4 138-141-144-146 0.6030416374528661 1.0 5 1.632708687508009 1.0 [-1,-1] 1.0 1.0 1.0 0.0007756247847600315 0.11796159141779075 86.03384098559422 148.73241492431657 2282.035247119243 2282.035247119243 1011.2484034483736 1881.2098370417602 -803.8103536500475
211.5257174296162 4.4116976570904605 39627896939089719 4 138-141-144-146 0.8989135177022847 1.0 5 1.6304061112751709 1.0 [-1,-1] 1.0 1.0 1.0 0.0005275616701708153 0.16431404058018498 85.58830234290954 148.4742825703838 3136.758558750474 3136.758558750474 1483.3766018214337 1587.9326610465043 -2262.148973220997
210.08135440645933 5.21162175782038 39627914982986172 4 138-141-144-146 0.5096067433243509 1.0 5 0.2266051196472935 1.0 [-1,-1] 1.0 1.0 1.0 0.0005337442823398631 0.16272042362546515 84.78837824217962 149.91864559354067 1978.6006186965146 1978.6006186965146 43.75582360242524 -52.69354664032372 -1977.4147835872898
211.49618018949934 5.128959138111918 39627915008150845 5 138-141-144-146-457 1.0015785673284119 0.5 5 1.4959074446944256 0.5 [6134018527348177651,-3128906111357072986] 0.4453125 1.0 2.2241379310344827 0.0002622817504223413 0.28340640119267335 84.87104086188808 148.50381981050066 3399.555725260685 3399.555725260685 107.86857771311286 122.53434255273395 -3395.6337897349918
211.11696221744592 6.092785329237836 39627933047853826 4 138-141-144-457 0.692410765468041 1.0 5 1.5588748880904422 1.0 [-1,-1] 1.0 1.0 1.0 0.0005843703162771602 0.15074849413407446 83.90721467076216 148.88303778255408 2556.5649028461867 2556.5649028461867 -681.1257320146048 -1909.6276476525452 -1557.3740998788658
211.1171775373257 6.0947419156918725 39627933047853831 4 138-141-144-457 0.6933821820256835 1.0 5 1.5603984458174163 1.0 [-1,-1] 1.0 1.0 1.0 0.0005843703162771602 0.15074849413407446 83.90525808430813 148.8828224626743 2559.4676453128936 2559.4676453128936 -683.3348777959726 -1914.518396397013 -1555.1679594334823
211.42147199275826 5.416133253770751 39627921026974626 3 138-141-146 0.9115607482789718 1.0 5 1.475496744297503 1.0 [-1,-1] 1.0 1.0 1.0 0.0004951280553168204 0.17321314004730964 84.58386674622925 148.57852800724174 3170.0039364868894 3170.0039364868894 -452.6852011468882 -599.0477097540074 -3079.795919771869
211.5564816495911 5.123332089564866 39627908985131865 4 138-141-146-457 0.6791663781107045 1.0 5 1.5553088618908675 1.0 [-1,-1] 1.0 1.0 1.0 0.0007209928471550773 0.12577569469930108 84.87666791043513 148.4435183504089 2516.816940193046 2516.816940193046 95.1495387069886 95.77299239439418 -2513.193508199151
211.25730403474165 5.995477466193467 39627933052045694 2 138-142 0.8923556684232581 0.5 5 1.5991365332121306 1.0 [5006445623492569315,-612551220905972148] 0.609375 1.0 1.6329113924050633 0.0005275616701708153 0.16431404058018498 84.00452253380654 148.74269596525835 3119.4210888852886 3119.4210888852886 -1057.67289350984 -2017.0252657856236 -2131.6015240422485
211.35961399719164 5.820081213696962 39627927037416177 4 138-142-144-146 0.5981804164105851 1.0 5 1.582598598531343 0.5 [-1,-1] 1.0 1.0 1.0 0.0007756247847600315 0.11796159141779075 84.17991878630303 148.64038600280836 2266.6694777422904 2266.6694777422904 -750.8735488842358 -1133.0184625700638 -1813.9042417916853
211.45024831087812 5.343339403552447 39627915008149912 3 138-142-146 1.0875178946269162 1.0 5 1.484589379819957 1.0 [-1,-1] 1.0 1.0 1.0 0.0001075182622224553 0.4910338705006151 84.65666059644755 148.54975168912188 3607.6655741701975 3607.6655741701975 -373.6949859110541 -466.0110460777018 -3557.869679666652
210.79332803220157 3.5839616863193418 39627872809254947 3 138-143-144 0.4669892616312894 0.5 5 1.6220284791290835 1.0 [-1,-1] 1.0 1.0 1.0 0.0005635091211985168 0.1554616369400361 86.41603831368066 149.20667196779843 1834.3931753580573 1834.3931753580573 34.80439110889237 1833.6092310773645 40.794164627207365
211.3408645594412 5.4256900454535835 39627921022784234 6 138-143-144-145-146-457 0.7076647691263531 1.0 5 1.4015274807892848 1.0 [-16385,-67108929] 0.9765625 1.0 1.0238095238095237 0.0005843703162771602 0.15074849413407446 84.57430995454642 148.6591354405588 2601.9487584783265 2601.9487584783265 -343.7176537874005 -540.3825580173167 -2521.900514931636
211.34598439382833 5.415226244413749 39627921022784373 5 138-143-144-145-457 0.42183472365052244 0.75 5 1.4032651301744132 0.5 [-295785811936645,4609434197003591647] 0.8515625 1.0 1.1727272727272726 0.0006262316776515472 0.14210347001521706 84.58477375558626 148.65401560617167 1677.5172350927555 1677.5172350927555 -214.16463854880186 -332.9268717692171 -1630.1402638062982
211.35001692225876 5.40190080233343 39627921022784478 5 138-143-144-145-457 0.7070831820673097 0.75 5 1.4032410098928823 1.0 [-1,-1] 1.0 1.0 1.0 0.0005843703162771602 0.15074849413407446 84.59809919766657 148.64998307774124 2600.226126293797 2600.226126293797 -315.68375400029197 -486.4198465146231 -2534.74168471618
211.3450644147718 5.409067834556571 39627921022784349 5 138-143-144-145-457 0.6998713879955808 0.75 5 1.4005853043677807 1.0 [6616843280621739517,9219887864557338555] 0.75 1.0 1.3298969072164948 0.0005843703162771602 0.15074849413407446 84.59093216544343 148.6549355852282 2578.8144409162587 2578.8144409162587 -320.4165783963127 -499.1080239965759 -2509.6829117140014
211.3340110866582 4.21682178822032 39627890911871851 4 138-143-144-146 0.8774202535156443 1.0 5 1.543190605462386 1.0 [-1,-1] 1.0 1.0 1.0 0.0005690156306133545 0.15418916366201427 85.78317821177968 148.6659889133418 3079.680624385594 3079.680624385594 1339.5455272695522 2138.2131039992364 -1765.812914913166
209.46949371305203 3.590608283054971 39627872784092554 4 138-143-144-146 0.6982437581810217 1.0 5 1.5053998914221243 1.0 [-1,-1] 1.0 1.0 1.0 0.0005843703162771602 0.15074849413407446 86.40939171694502 150.53050628694797 2573.969030960665 2573.969030960665 -2483.180738397465 676.4015666834905 40.13618547547714
209.2889517043997 3.6171971423978038 39627872779899408 4 138-143-145-146 1.0211471573906161 1.0 5 1.5539803347255223 1.0 [-1,-1] 1.0 1.0 1.0 0.00020304675497218746 0.33812883710054276 86.3828028576022 150.7110482956003 3447.864856834137 3447.864856834137 -3435.092203796193 294.0689322343495 -37.90891062857417
209.56803201868897 3.5372010466967905 39627872788283937 3 138-143-146 0.9853976818697756 0.75 5 1.5249042883919595 1.0 [-1,-1] 1.0 1.0 1.0 0.0003578035202613049 0.22475091060875194 86.4627989533032 150.43196798131103 3359.1883707346033 3359.1883707346033 -3131.0529928193773 1194.5767157062774 231.60340353247005
210.07438631282034 3.3560119148594376 39627866765263440 3 138-143-146 1.0159535271835582 0.75 5 1.6456610810277221 1.0 [-1,-1] 1.0 1.0 1.0 0.00020304675497218746 0.33812883710054276 86.64398808514056 149.92561368717966 3435.097276748615 3435.097276748615 -2143.9559327711945 2545.5871696390523 850.489400774631
210.17599299763103 3.372096248792051 39627866765265462 3 138-143-146 0.6138283903754447 0.75 5 1.6373383937057695 0.5 [-877925439108394753,-2810712367198266874] 0.6171875 1.0 1.6125 0.0007214233604467519 0.12571007283523317 86.62790375120795 149.82400700236897 2315.9689859447526 2315.9689859447526 -1268.9648782231532 1861.4001727854293 537.2428486712845
211.52405670614974 4.266304337135659 39627890911875825 2 138-144 0.778638055719869 0.75 5 1.6869706191584057 1.0 [-1,-1] 1.0 1.0 1.0 0.0007324854237337303 0.12404708914385561 85.73369566286433 148.47594329385026 2807.665039435763 2807.665039435763 1511.3032738663683 1623.2233449827042 -1721.6536702756978
211.3465308233378 3.9755159779120444 39627884880463082 2 138-144 0.9321639392373591 0.75 5 1.6886570018369573 1.0 [-1,-1] 1.0 1.0 1.0 0.0004445766401596716 0.18918261239264766 86.02448402208796 148.6534691766622 3223.629344175644 3223.629344175644 1627.8017353618502 2527.4417541030416 -1163.6519404872656
211.6972617882766 4.8114466777432625 39627902966303048 2 138-144 0.5718909363640743 0.75 5 1.7015225661552922 1.0 [-1,-1] 1.0 1.0 1.0 0.0006621615122706149 0.13543705131792066 85.18855332225674 148.3027382117234 2182.7792611466975 2182.7792611466975 622.1553620927552 470.890791042788 -2038.5558298026701
211.6796723200737 4.702388301863339 39627902966302651 2 138-144 0.8975029058869268 0.75 5 1.699907836651887 1.0 [-965919914233742804,8154194345608541101] 0.5546875 1.0 1.7916666666666667 0.0005275616701708153 0.16431404058018498 85.29761169813666 148.3203276799263 3133.0349507300166 3133.0349507300166 1126.2664630090123 884.0200031723662 -2786.7437074098034
211.63647682111935 4.668777540998597 39627902966301733 2 138-144 0.7018639940004915 0.75 5 1.6639516654898017 1.0 [-1,-1] 1.0 1.0 1.0 0.0005843703162771602 0.15074849413407446 85.3312224590014 148.36352317888065 2584.7398463050113 2584.7398463050113 954.9551277703499 818.6028559762655 -2258.058932182566
210.05376831999456 5.120972013923687 39627908959965204 4 138-144-145-146 0.5755343356246145 0.5 5 0.13229801778137282 0.5 [-18016599714861129,-903045540760004641] 0.8203125 1.0 1.2169811320754718 0.0006621615122706149 0.13543705131792066 84.87902798607631 149.94623168000544 2194.485639276153 2194.485639276153 -81.08190618850496 92.33834680707085 -2191.042349017253
210.49117034410563 3.4407970231317435 39627872800870562 3 138-144-146 0.49764678857027006 0.8636363636363636 5 1.6343318449219766 1.0 [-1,-1] 1.0 1.0 1.0 0.0005337442823398631 0.16272042362546515 86.55920297686825 149.50882965589437 1938.5045112530715 1938.5045112530715 -534.2433600086407 1835.8946015034142 319.1782959504119
209.49168460475406 3.587135370051919 39627872784092984 3 138-144-146 0.6975948446478433 0.8636363636363636 5 1.5010361421151472 1.0 [-1,-1] 1.0 1.0 1.0 0.0005843703162771602 0.15074849413407446 86.41286462994807 150.50831539524594 2572.035894658635 2572.035894658635 -2465.559005708144 730.7412609226911 49.037152945788726
211.0552937387344 3.723960461526173 39627878844858643 3 138-144-146 0.7691170827838717 0.8636363636363636 5 1.6539144177982963 1.0 [-1,-1] 1.0 1.0 1.0 0.0006416626200019751 0.139161677870846 86.27603953847382 148.9447062612656 2780.5801076566217 2780.5801076566217 765.6141645836271 2653.0624797896 -326.6805234740573
211.20430351982975 3.8292706415440505 39627878844862269 3 138-144-146 0.7851058419126411 0.8636363636363636 5 1.6769942124124213 1.0 [-1,-1] 1.0 1.0 1.0 0.0007324854237337303 0.12404708914385561 86.17072935845594 148.79569648017025 2825.975524911962 2825.975524911962 1148.7641355365424 2505.1226027873954 -625.1714751251246
211.2118639745865 3.823397718704117 39627878844862481 3 138-144-146 0.7859434600787532 0.8636363636363636 5 1.6864948138923526 1.0 [-1,-1] 1.0 1.0 1.0 0.0007324854237337303 0.12404708914385561 86.17660228129589 148.7881360254135 2828.3416086703414 2828.3416086703414 1170.1853890665448 2501.7414491596096 -609.4851369048234
211.23794384756872 3.851668799956993 39627878844863170 3 138-144-146 1.0609351081792537 0.8636363636363636 5 1.6858206304277 1.0 [-1,-1] 1.0 1.0 1.0 0.0001568149373683449 0.39812733398474315 86.148331200043 148.76205615243128 3544.401718882002 3544.401718882002 1537.4274275976732 3075.260132407499 -861.321988404512
209.48666554131714 3.5642898730604977 39627872784092887 3 138-144-146 0.5939251994883906 0.8636363636363636 5 1.5242351267707055 1.0 [-1,-1] 1.0 1.0 1.0 0.0007756247847600315 0.11796159141779075 86.4357101269395 150.51333445868286 2253.1818520131033 2253.1818520131033 -2161.583895517893 628.8645637838944 94.40805736684464
211.3023870972314 3.9337659566304137 39627884880462068 3 138-144-146 0.8973460411834607 0.8636363636363636 5 1.6800977406291753 0.3333333333333333 [-2378057891379955597,-871165139962182445] 0.640625 1.0 1.5542168674698795 0.0005275616701708153 0.16431404058018498 86.06623404336959 148.6976129027686 3132.620679369556 3132.620679369556 1494.4165995768599 2562.070742605227 -1007.8813708017491
211.31037648273477 3.9189312457563665 39627884880462277 3 138-144-146 0.43875800673610665 0.8636363636363636 5 1.6956896119751075 1.0 [-6145181637997539442,-3292036192351027212] 0.609375 1.0 1.6329113924050633 0.0005288673958748294 0.16397488484989944 86.08106875424363 148.68962351726523 1736.8094122865593 1736.8094122865593 844.0082137098758 1420.7874048979436 -534.3409210240353
211.30585409567 3.9314752147771523 39627884880462167 3 138-144-146 0.8864254206017338 0.8636363636363636 5 1.6842242508152727 1.0 [-882714680647805273,7421931875822842831] 0.703125 1.0 1.4175824175824177 0.0005690156306133545 0.15418916366201427 86.06852478522285 148.69414590433 3103.6842469036683 3103.6842469036683 1490.5596563297568 2535.2212824237895 -991.8371159346599
211.3202318171169 3.927310426677116 39627884880462493 3 138-144-146 0.8908007576606557 0.8636363636363636 5 1.697959234519015 0.5 [-79976092098646145,-4614560700420427361] 0.71875 1.0 1.3870967741935485 0.0005275616701708153 0.16431404058018498 86.07268957332289 148.6797681828831 3115.300284235549 3115.300284235549 1534.708869132073 2526.4582044656026 -983.2464030210793
211.51246819685332 4.28814869875904 39627890911875593 3 138-144-146 0.8976977723443798 0.8636363636363636 5 1.6671129788998245 1.0 [-1,-1] 1.0 1.0 1.0 0.0005275616701708153 0.16431404058018498 85.71185130124096 148.48753180314668 3133.5495286619057 3133.5495286619057 1636.973632264728 1799.5709198571503 -1975.09353708926
211.49977180179275 4.399337588689754 39627896939089173 3 138-144-146 0.8924831914417058 0.8636363636363636 5 1.6108970969647578 1.0 [-1,-1] 1.0 1.0 1.0 0.0005275616701708153 0.16431404058018498 85.60066241131025 148.50022819820725 3119.7588788831135 3119.7588788831135 1452.2086476008567 1637.752571325556 -2223.0051779786395
211.5965633250004 4.601129472117893 39627896943280365 3 138-144-146 0.6729720465276647 0.8636363636363636 5 1.640197616294976 1.0 [-1,-1] 1.0 1.0 1.0 0.0007209928471550773 0.12577569469930108 85.39887052788211 148.4034366749996 2498.116744194486 2498.116744194486 996.6916252335348 925.8779097258633 -2095.2191217378336
211.59446596692231 4.5970321672779875 39627896943280314 3 138-144-146 0.5436380387591538 0.8636363636363636 5 1.63917745128423 1.0 [-1,-1] 1.0 1.0 1.0 0.0007045118177349687 0.128340413101622 85.40296783272201 148.40553403307769 2091.116608322388 2091.116608322388 837.9281547813945 781.6747999067557 -1749.179688944823
