data_rosette/LRG_0_clustering_data.ecsv
# %ECSV 1.0
# ---
# datatype:
# - {name: RA, unit: deg, datatype: float64}
# - {name: DEC, unit: deg, datatype: float64}
# - {name: TARGETID, datatype: int64}
# - {name: NTILE, datatype: int64}
# - {name: TILES, datatype: string}
# - {name: Z, datatype: float64}
# - {name: COMP_TILE, datatype: float64}
# - {name: ROSETTE_NUMBER, datatype: int32}
# - {name: ROSETTE_R, unit: deg, datatype: float64}
# - {name: FRACZ_TILELOCID, datatype: float64}
# - {name: BITWEIGHTS, datatype: string, subtype: 'int64[2]'}
# - {name: PROB_OBS, datatype: float64}
# - {name: WEIGHT_ZFAIL, datatype: float64}
# - {name: WEIGHT, datatype: float64}
# - {name: NZ, unit: h3 / Mpc3, datatype: float64}
# - {name: WEIGHT_FKP, datatype: float64}
# - {name: theta, unit: deg, datatype: float64}
# - {name: phi, unit: deg, datatype: float64}
# - {name: rho, unit: Mpc, datatype: float64}
# - {name: r, unit: Mpc, datatype: float64}
# - {name: x, unit: Mpc, datatype: float64}
# - {name: y, unit: Mpc, datatype: float64}
# - {name: z, unit: Mpc, datatype: float64}
# meta: !!omap
# - {EXTNAME: LSS}
# - {DESIDR: edr}
# - comments: ['Visit https://desidatamodel.readthedocs.io/en/latest/ for a more complet', e description]
# schema: astropy-2.0
RA DEC TARGETID NTILE TILES Z COMP_TILE ROSETTE_NUMBER ROSETTE_R FRACZ_TILELOCID BITWEIGHTS PROB_OBS WEIGHT_ZFAIL WEIGHT NZ WEIGHT_FKP theta phi rho r x y z
[from data line 1125]
150.58180577480493 2.6568274550173765 39627853691619122 9 1-2-3-4-5-9-10-11-442 0.7946921255736205 1.0 0 0.6761530184773384 1.0 [-1,-1] 1.0 1.0 1.0 0.0007229154976227362 0.12548315978664992 87.34317254498262 -150.58180577480493 2852.983119995045 2852.983119995045 -1622.8681997043366 -353.7848595387424 2319.6223318734924
149.58098012186278 1.30144685280323 39627817436055463 9 1-2-3-4-5-9-10-11-442 0.8763741645759825 1.0 0 1.0220084685129591 1.0 [-1,-1] 1.0 1.0 1.0 0.0005690156306133545 0.15418916366201427 88.69855314719678 -149.58098012186278 3076.8838360126424 3076.8838360126424 716.9991845106091 1932.1984382283406 2284.6740478753104
151.12040952630468 1.7642836160048758 39627829540817298 9 1-2-3-4-5-9-10-11-442 0.9348792529257444 1.0 0 1.1020360901373267 1.0 [-1,-1] 1.0 1.0 1.0 0.0004445766401596716 0.18918261239264766 88.23571638399513 -151.12040952630468 3230.647810771423 3230.647810771423 820.2017583560562 -275.4175850930362 3112.635459968504
151.13937220123861 2.726456260168911 39627853700008860 8 1-2-3-4-5-9-10-442 0.9189425286537154 1.0 0 1.172492253753786 1.0 [-1,-1] 1.0 1.0 1.0 0.0004951280553168204 0.17321314004730964 87.27354373983108 -151.13937220123861 3189.2926635220574 3189.2926635220574 -1914.3336687372732 683.4766705131054 2457.595153640817
151.15458546879037 2.7290352993463594 39627853700009187 8 1-2-3-4-5-9-10-442 0.5637267590212398 1.0 0 1.187159696055111 1.0 [-1,-1] 1.0 1.0 1.0 0.000677088223595666 0.13284793461577618 87.27096470065364 -151.15458546879037 2156.4531244188006 2156.4531244188006 -1291.2137608981855 483.273732368562 1658.1627185187012
151.15333062116858 2.7223244636245925 39627853700009161 8 1-2-3-4-5-9-10-442 0.6180470618224926 1.0 0 1.1829693904447918 1.0 [-1,-1] 1.0 1.0 1.0 0.0007214233604467519 0.12571007283523317 87.27767553637541 -151.15333062116858 2329.1798748255733 2329.1798748255733 -1383.9978345030588 516.0217658072937 1800.9304319146922
150.6332127436151 2.4484294308887193 39627847651822619 8 1-2-3-4-6-10-11-442 0.7971602524597163 1.0 0 0.5956810987478679 1.0 [-1,-1] 1.0 1.0 1.0 0.0007229154976227362 0.12548315978664992 87.55157056911128 -150.6332127436151 2859.9113125822696 2859.9113125822696 -1132.6535453162423 -186.5481237314137 2619.4252155102417
150.87799794012125 2.4979575038250386 39627847656016548 6 1-2-3-4-6-442 0.8943371525716177 1.0 0 0.8391062972242156 1.0 [-1,-1] 1.0 1.0 1.0 0.0005275616701708153 0.16431404058018498 87.50204249617497 -150.87799794012125 3124.666847089492 3124.666847089492 -1389.696192640904 113.58241840831391 2796.316582879714
149.55543268261172 1.0459228178657773 39627811396256912 9 1-2-3-4-6-7-10-11-442 0.7740208333363016 1.0 0 1.2597539218994702 1.0 [-1,-1] 1.0 1.0 1.0 0.0007324854237337303 0.12404708914385561 88.95407718213423 -149.55543268261172 2794.5496286685866 2794.5496286685866 756.3274077843965 2209.6687234098836 1534.5489930627846
148.95245704601263 3.152449420214476 39627865737663136 8 1-2-3-4-6-7-8-10 0.5465659164148357 1.0 0 1.5019132906296344 1.0 [-1,-1] 1.0 1.0 1.0 0.0007045118177349687 0.128340413101622 86.84755057978552 -148.95245704601263 2100.6889077512974 2100.6889077512974 509.4297603450227 -1818.094440053639 920.8190992101523
149.3031894471223 2.3834783959842616 39627847630849089 9 1-2-3-4-6-7-8-10-11 0.6745581157053616 1.0 0 0.8212750176173931 1.0 [-1,-1] 1.0 1.0 1.0 0.0007209928471550773 0.12577569469930108 87.61652160401574 -149.3031894471223 2502.9116807197147 2502.9116807197147 -66.12899294943682 -851.1448706698155 2352.8166624085147
150.83234668796982 1.922949880142184 39627835576419982 9 1-2-3-4-6-7-8-10-11 0.5138403010855501 1.0 0 0.7763696018355443 1.0 [-1,-1] 1.0 1.0 1.0 0.0006865842838717192 0.13125169390769817 88.07705011985782 -150.83234668796982 1992.7244225187212 1992.7244225187212 223.47734849264677 -8.02613209425884 1980.137389177042
150.94652067867256 0.9901386013681623 39627811417231070 9 1-2-3-4-6-7-8-10-11 0.8555821200056732 1.0 0 1.4616962660359911 1.0 [-1,-1] 1.0 1.0 1.0 0.0006812235016579503 0.1321480675826358 89.00986139863184 -150.94652067867256 3020.929542650465 3020.929542650465 2583.908009392912 -390.71324611935063 1515.51240838219
150.9596741292093 0.9904386757774045 39627811417231316 9 1-2-3-4-6-7-8-10-11 0.8557671066384953 1.0 0 1.4691034752450076 1.0 [-1,-1] 1.0 1.0 1.0 0.0006812235016579503 0.1321480675826358 89.0095613242226 -150.9596741292093 3021.430451149314 3021.430451149314 2578.524051591555 -424.6622562047356 1516.5479401098157
148.79340654377143 2.336066959634653 39627841582662472 10 1-2-3-4-6-7-8-10-11-442 0.4425057511988186 1.0 0 1.3146366181233988 1.0 [-1,-1] 1.0 1.0 1.0 0.0005288673958748294 0.16397488484989944 87.66393304036535 -148.79340654377143 1749.8590524954252 1749.8590524954252 217.0891887584914 -470.56181989078397 1671.3618882173425
150.69469848753405 1.3916064258244842 39627823492633042 10 1-2-3-4-6-7-8-10-11-442 0.7821759778183633 1.0 0 0.9889584555851246 1.0 [-1,-1] 1.0 1.0 1.0 0.0007324854237337303 0.12404708914385561 88.60839357417552 -150.69469848753405 2817.689875806105 2817.689875806105 1682.538707003332 171.7896833839778 2253.647718774745
148.80341014165654 2.344745484303549 39627841582662666 10 1-2-3-4-6-7-8-10-11-442 0.4515717368020423 1.0 0 1.3057595590870172 1.0 [-1,-1] 1.0 1.0 1.0 0.0005635091211985168 0.1554616369400361 87.65525451569646 -148.80341014165654 1781.3059645867424 1781.3059645867424 222.23045690244263 -494.6555473684469 1696.7558613291596
150.8948392241983 3.340104853486717 39627865771216314 10 1-2-3-4-6-7-8-10-11-442 0.5370352419863157 1.0 0 1.4040970894502034 1.0 [-1,-1] 1.0 1.0 1.0 0.0007045118177349687 0.128340413101622 86.65989514651328 -150.8948392241983 2069.4671494521244 2069.4671494521244 -1986.9744870468644 196.13543450529912 544.2036032752536
148.7893824870014 2.3467418806652827 39627841582662397 10 1-2-3-4-6-7-8-10-11-442 0.8796754301440027 1.0 0 1.3199149070165577 1.0 [-1,-1] 1.0 1.0 1.0 0.0005690156306133545 0.15418916366201427 87.65325811933472 -148.7893824870014 3085.704033247918 3085.704033247918 399.4237517182562 -856.7095958241143 2937.3591397356677
148.85617846635446 1.819287896144727 39627829503068443 10 1-2-3-4-6-7-8-10-11-442 0.9679198381928382 1.0 0 1.2948981783307738 1.0 [-1,-1] 1.0 1.0 1.0 0.00041974738576830407 0.19815580287489248 88.18071210385527 -148.85617846635446 3315.1509616554154 3315.1509616554154 -256.72239239642687 662.925938234801 3238.0316107509807
148.79064779810767 2.0279510833654264 39627835542864786 10 1-2-3-4-6-7-8-10-11-442 0.8235255512356047 1.0 0 1.3175052828595717 1.0 [-1,-1] 1.0 1.0 1.0 0.0006627118749498285 0.13533979738261318 87.97204891663458 -148.79064779810767 2933.279689954112 2933.279689954112 -9.21473866087237 19.829836670779553 2933.1981872465276
150.31478435475452 2.817918331866449 39627853687424588 10 1-2-3-4-6-7-8-10-11-442 0.9269410529748977 1.0 0 0.6711454369534827 1.0 [-1,-1] 1.0 1.0 1.0 0.0004951280553168204 0.17321314004730964 87.18208166813355 -150.31478435475452 3210.097492611756 3210.097492611756 -2005.8146355106526 -1048.492328451186 2276.422060432239
150.32941693603286 2.2028633121123433 39627841607829515 10 1-2-3-4-6-7-8-10-11-442 0.4742191009554746 1.0 0 0.2301963947151428 1.0 [-1,-1] 1.0 1.0 1.0 0.00048380039118235755 0.17655271186088778 87.79713668788766 -150.32941693603286 1859.1188275390048 1859.1188275390048 -276.6863310732938 -139.51512986827683 1833.1129309578942
149.2833915964541 3.0297248347044623 39627859710444027 10 1-2-3-4-6-7-8-10-11-442 0.7921706248049843 1.0 0 1.176476097359535 1.0 [-1,-1] 1.0 1.0 1.0 0.0007229154976227362 0.12548315978664992 86.97027516529553 -149.2833915964541 2845.8944214006738 2845.8944214006738 -137.6903277800853 -2381.9875805134407 1551.2226138356202
149.6496358999 2.8319054104417996 39627853674842886 10 1-2-3-4-6-7-8-10-11-442 0.7055327324673757 1.0 0 0.7904521626811233 1.0 [-1,-1] 1.0 1.0 1.0 0.0005843703162771602 0.15074849413407446 87.1680945895582 -149.6496358999 2595.6307924146327 2595.6307924146327 -763.4066001745458 -1691.3451068601605 1814.899805179654
149.39023054924712 2.9194939800432427 39627859710445957 10 1-2-3-4-6-7-8-10-11-442 1.0696124988062485 1.0 0 1.0230665973360904 1.0 [-1,-1] 1.0 1.0 1.0 0.0001568149373683449 0.39812733398474315 87.08050601995676 -149.39023054924712 3565.1601490409826 3565.1601490409826 -451.7117493349083 -2719.8158852217903 2260.293108054336
149.38685448165216 2.914175420362096 39627859710445880 10 1-2-3-4-6-7-8-10-11-442 0.8841322495743443 1.0 0 1.0215895521411438 1.0 [-1,-1] 1.0 1.0 1.0 0.0005690156306133545 0.15418916366201427 87.0858245796379 -149.38685448165216 3097.5839802668884 3097.5839802668884 -382.8069384971701 -2354.076594581184 1976.5648862330672
150.23042529469566 1.436214373269104 39627823484244647 10 1-2-3-4-6-7-8-10-11-442 0.7793746240093019 1.0 0 0.7570929693543876 1.0 [-1,-1] 1.0 1.0 1.0 0.0007324854237337303 0.12404708914385561 88.56378562673089 -150.23042529469566 2809.753903388773 2809.753903388773 1337.493047589998 849.8037343557752 2320.2721733305007
150.42869854464013 3.11692696882199 39627859727224967 10 1-2-3-4-6-7-8-10-11-442 1.0481023428208847 1.0 0 0.9909076131887313 1.0 [-1,-1] 1.0 1.0 1.0 0.00017111768859933566 0.3774092623312036 86.88307303117801 -150.42869854464013 3513.510086558159 3513.510086558159 -2893.9285357389194 -1114.960003205058 1651.300986990226
150.31963693943266 2.831304406456642 39627853687424696 10 1-2-3-4-6-7-8-10-11-442 0.7922355670314346 1.0 0 0.6853785856261414 1.0 [-1,-1] 1.0 1.0 1.0 0.0007229154976227362 0.12548315978664992 87.16869559354336 -150.31963693943266 2846.0771291777883 2846.0771291777883 -1806.691189543174 -933.270720052625 1991.2377391834473
149.54212261572658 2.4950100368410633 39627847635043204 10 1-2-3-4-6-7-8-10-11-442 0.42775846308314996 1.0 0 0.6392835941816736 1.0 [-1,-1] 1.0 1.0 1.0 0.0006262316776515472 0.14210347001521706 87.50498996315893 -149.54212261572658 1698.339745523494 1698.339745523494 -234.46105896190457 -715.9596286037333 1522.0997711270022
149.22507542705205 1.2763415172370989 39627817427669476 10 1-2-3-4-6-7-8-10-11-442 0.9516532057498405 1.0 0 1.258966760211707 1.0 [-1,-1] 1.0 1.0 1.0 0.00041974738576830407 0.19815580287489248 88.7236584827629 -149.22507542705205 3273.7548105834408 3273.7548105834408 -1.2969479181614 2253.1378994756114 2375.0449435096903
150.4280021375408 3.097738015634147 39627859727224950 9 1-2-3-4-6-7-8-10-442 0.926547618657624 1.0 0 0.9725898358402543 1.0 [-1,-1] 1.0 1.0 1.0 0.0004951280553168204 0.17321314004730964 86.90226198436585 -150.4280021375408 3209.076450329567 3209.076450329567 -2614.9859641461353 -1009.5822161361176 1562.2944089512087
149.89534077308542 1.14028896670561 39627817440251427 9 1-2-3-4-6-7-8-10-442 0.8414277601389537 1.0 0 1.0616077066742962 1.0 [-1,-1] 1.0 1.0 1.0 0.0006232532477076302 0.14268566385842998 88.85971103329439 -149.89534077308542 2982.436664276771 2982.436664276771 1444.556500006127 1824.5125557004703 1865.2986111622288
150.05545831635055 3.355682213571656 39627865758632166 8 1-2-3-4-6-7-8-11 0.6044481946883221 1.0 0 1.174525095819567 1.0 [-1,-1] 1.0 1.0 1.0 0.0007756247847600315 0.11796159141779075 86.64431778642835 -150.05545831635055 2286.4727404413647 2286.4727404413647 -1634.3017851623888 -1495.2306088765215 566.8339210696719
149.69830904387658 1.1186667458519612 39627811396260137 9 1-2-3-4-6-7-8-11-442 0.6284222289302159 1.0 0 1.1366154853165509 1.0 [-1,-1] 1.0 1.0 1.0 0.0007214233604467519 0.12571007283523317 88.88133325414803 -149.69830904387658 2361.5259911277603 2361.5259911277603 853.2190223069389 1668.678304654346 1436.7793923638521
149.89158640372472 1.1589258195943444 39627817440251350 9 1-2-3-4-6-7-8-11-442 0.840360955876759 1.0 0 1.0440684548855426 1.0 [-1,-1] 1.0 1.0 1.0 0.0006232532477076302 0.14268566385842998 88.84107418040566 -149.89158640372472 2979.5221871356894 2979.5221871356894 1414.5877190627182 1800.5099308586903 1906.4779142675668
150.81589017379494 3.2391299628339567 39627865771214840 9 1-2-3-4-6-7-8-11-442 0.9306967321392129 1.0 0 1.2762686731666426 1.0 [-1,-1] 1.0 1.0 1.0 0.0004445766401596716 0.18918261239264766 86.76087003716604 -150.81589017379494 3219.8322339836677 3219.8322339836677 -3004.765860201434 58.42842873475739 1155.5465629232692
149.9117173538984 1.1538828513272574 39627817440251782 8 1-2-3-4-6-7-8-442 0.8992792501186562 1.0 0 1.0452005737106826 1.0 [-1,-1] 1.0 1.0 1.0 0.0005275616701708153 0.16431404058018498 88.84611714867275 -149.9117173538984 3137.7234748892092 3137.7234748892092 1533.9576080499169 1873.5492130572043 1995.518982076924
150.05606069701898 2.613215407139196 39627847643432296 8 1-2-3-4-6-7-8-442 0.6819446490236877 1.0 0 0.4334443467679055 1.0 [-1,-1] 1.0 1.0 1.0 0.0007209928471550773 0.12577569469930108 87.3867845928608 -150.05606069701898 2525.181438173832 2525.181438173832 -1018.1584381601897 -930.3920025692505 2115.2459459968345
149.85892296582347 3.1106977967164755 39627859718834663 8 1-2-3-4-6-7-8-9 0.8460380710054136 1.0 0 0.9594126127811002 1.0 [-1,-1] 1.0 1.0 1.0 0.0006232532477076302 0.14268566385842998 86.88930220328352 -149.85892296582347 2995.0104151172172 2995.0104151172172 -1559.2348355969211 -2123.8987351973738 1424.0534669557333
150.35816835878788 2.6385590977749436 39627853687425595 8 1-2-3-4-6-7-8-9 0.7023077694424403 1.0 0 0.5243842840108612 1.0 [-1,-1] 1.0 1.0 1.0 0.0005843703162771602 0.15074849413407446 87.36144090222506 -150.35816835878788 2586.0585220636285 2586.0585220636285 -1328.273202693788 -622.5348337263288 2129.751008766245
149.2145307084662 2.748518110912584 39627853666455602 8 1-2-3-4-6-7-8-9 0.8349875225076535 1.0 0 1.0504958632340757 1.0 [-1,-1] 1.0 1.0 1.0 0.0006232532477076302 0.14268566385842998 87.25148188908742 -149.2145307084662 2964.813653297998 2964.813653297998 21.568052378351897 -1939.4343199587265 2242.3758240903903
151.21665937639426 2.1132904393741736 39627835580616763 8 1-2-3-4-6-7-8-9 0.47250836923321493 1.0 0 1.117988297614812 1.0 [-1,-1] 1.0 1.0 1.0 0.00048380039118235755 0.17655271186088778 87.88670956062583 -151.21665937639426 1853.2779275467915 1853.2779275467915 -131.65147163014203 58.82541286610865 1847.6597461521103
148.6482310811474 2.4494085610415186 39627847618268190 8 1-2-3-4-6-7-8-9 0.7432076559542832 1.0 0 1.4750238478275253 1.0 [-1,-1] 1.0 1.0 1.0 0.0007126833197713517 0.12705585074725267 87.55059143895848 -148.6482310811474 2706.0775759121257 2706.0775759121257 594.2239593977943 -912.1038713873469 2477.4624640410334
150.4232313806721 2.2202601430346625 39627841607831883 8 1-2-3-4-6-7-8-9 0.7406868030909676 1.0 0 0.32525104075233136 1.0 [-1,-1] 1.0 1.0 1.0 0.0007126833197713517 0.12705585074725267 87.77973985696534 -150.4232313806721 2698.766159819657 2698.766159819657 -461.89477409150976 -180.8630252118808 2652.787320756396
150.1666227009175 3.063360826604991 39627859723030820 9 1-2-3-4-6-7-8-9-10 0.9759918308664102 1.0 0 0.883869961817919 1.0 [-1,-1] 1.0 1.0 1.0 0.0003578035202613049 0.22475091060875194 86.93663917339501 -150.1666227009175 3335.5456977961394 3335.5456977961394 -2308.0558971075147 -1682.2178364977526 1723.0456257692015
150.7394936521179 1.138075615960476 39627817452835890 9 1-2-3-4-6-7-8-9-10 0.8672004157918846 1.0 0 1.2240815819812876 1.0 [-1,-1] 1.0 1.0 1.0 0.0006812235016579503 0.1321480675826358 88.86192438403953 -150.7394936521179 3052.2819776682127 3052.2819776682127 2381.9918902658446 135.81017505912504 1903.7057289025354
149.243108998325 2.7769862458575116 39627853666456211 9 1-2-3-4-6-7-8-9-10 0.9216968511583662 1.0 0 1.0425401378959172 1.0 [-1,-1] 1.0 1.0 1.0 0.0004951280553168204 0.17321314004730964 87.22301375414249 -149.243108998325 3196.4680664681437 3196.4680664681437 -37.69099172414684 -2158.73893703017 2357.0816046211244
