data_rosette/LRG_18_clustering_data.ecsv
# %ECSV 1.0
# ---
# datatype:
# - {name: RA, unit: deg, datatype: float64}
# - {name: DEC, unit: deg, datatype: float64}
# - {name: TARGETID, datatype: int64}
# - {name: NTILE, datatype: int64}
# - {name: TILES, datatype: string}
# - {name: Z, datatype: float64}
# - {name: COMP_TILE, datatype: float64}
# - {name: ROSETTE_NUMBER, datatype: int32}
# - {name: ROSETTE_R, unit: deg, datatype: float64}
# - {name: FRACZ_TILELOCID, datatype: float64}
# - {name: BITWEIGHTS, datatype: string, subtype: 'int64[2]'}
# - {name: PROB_OBS, datatype: float64}
# - {name: WEIGHT_ZFAIL, datatype: float64}
# - {name: WEIGHT, datatype: float64}
# - {name: NZ, unit: h3 / Mpc3, datatype: float64}
# - {name: WEIGHT_FKP, datatype: float64}
# - {name: distance, unit: Mpc, datatype: float64}
# - {name: x, unit: Mpc, datatype: float64}
# - {name: y, unit: Mpc, datatype: float64}
# - {name: z, unit: Mpc, datatype: float64}
# meta: !!omap
# - {EXTNAME: LSS}
# - {DESIDR: edr}
# - comments: ['Visit https://desidatamodel.readthedocs.io/en/latest/ for a more complet', e description]
# schema: astropy-2.0
RA DEC TARGETID NTILE TILES Z COMP_TILE ROSETTE_NUMBER ROSETTE_R FRACZ_TILELOCID BITWEIGHTS PROB_OBS WEIGHT_ZFAIL WEIGHT NZ WEIGHT_FKP distance x y z
[from data line 3386]
269.47229285937976 62.21530476275704 39633414155930326 10 542-543-544-545-546-547-548-549-550-551 1.043783099844699 0.9931506849315068 18 0.32729903916336134 1.0 [-1,-1] 1.0 1.0 1.0 0.00017557006270178804 0.37077784677498654 3503.060585290141 -15.039654108450483 -1632.883608214084 3099.1770512578587
269.48973137722834 62.23068074024843 39633414155930465 10 542-543-544-545-546-547-548-549-550-551 0.7436455897699799 0.9931506849315068 18 0.3100271820123857 1.0 [-1,-1] 1.0 1.0 1.0 0.0006073340474539246 0.1455520198534496 2707.346607529857 -11.233603306837232 -1261.3376813466775 2395.543093554186
268.448293888184 62.69902497111701 39633419746935492 10 542-543-544-545-546-547-548-549-550-551 0.9463620425646154 0.9931506849315068 18 0.616217887111554 1.0 [-1,-1] 1.0 1.0 1.0 0.0003671239319408774 0.21984967794317842 3260.203439989997 -40.492421019244155 -1494.7918068023607 2897.0475122578064
268.44978371522836 62.70646907562825 39633419746935504 10 542-543-544-545-546-547-548-549-550-551 0.9466063332353508 0.9931506849315068 18 0.6176975241796998 1.0 [-1,-1] 1.0 1.0 1.0 0.0003671239319408774 0.21984967794317842 3260.8300369510143 -40.4511428684825 -1494.7038083417126 2897.7986058819492
268.7075093368043 62.62962725660022 39633419746937656 10 542-543-544-545-546-547-548-549-550-551 0.4353649111244494 0.9931506849315068 18 0.4835345109874169 1.0 [-1,-1] 1.0 1.0 1.0 0.0006285113834356281 0.1413409039925048 1724.9694003939112 -17.888018669826614 -792.8367666552165 1531.8646521553721
267.6017249744878 63.59616735368505 39633427963577317 10 542-543-544-545-546-547-548-549-550-551 1.0703904670588391 0.9931506849315068 18 1.4448421576709134 1.0 [-1,-1] 1.0 1.0 1.0 0.00012850791192818028 0.44600300211103894 3567.016137022628 -66.37689582702178 -1584.8451796715303 3194.9122031680486
268.8417750166672 62.75802072981499 39633419746938975 10 542-543-544-545-546-547-548-549-550-551 0.7899944437808291 0.9931506849315068 18 0.47254110473824684 1.0 [-1,-1] 1.0 1.0 1.0 0.0007064174578981374 0.12774458208408304 2839.7678264700276 -26.275524344571895 -1299.6365988066523 2524.7842712035813
268.9013282889941 62.78098552594332 39633419746939621 10 542-543-544-545-546-547-548-549-550-551 0.8164871285477673 0.9931506849315068 18 0.4615685009142039 1.0 [-1,-1] 1.0 1.0 1.0 0.000762533893525711 0.11946670068019369 2913.807494622539 -25.554602464919345 -1332.5103322592304 2591.145941940309
269.04846666423765 62.734908034613845 39633419751130564 10 542-543-544-545-546-547-548-549-550-551 0.8796943681099587 0.9931506849315068 18 0.3799635868131662 1.0 [-1,-1] 1.0 1.0 1.0 0.0005346154933450218 0.1621399955636538 3085.754580719505 -23.47527761226433 -1413.4141404757167 2742.9164608634596
269.1970618789478 62.79105394884213 39633419751131859 10 542-543-544-545-546-547-548-549-550-551 0.517079270537933 0.9931506849315068 18 0.3652331560775345 1.0 [-1,-1] 1.0 1.0 1.0 0.0006888416087567301 0.1305783864573065 2003.5057282660564 -12.83739748220523 -915.986581831573 1781.807786021067
271.63034522678277 61.897158209368605 39633411341549924 10 542-543-544-545-546-547-548-549-550-551 0.5980027976460439 0.9931506849315068 18 1.0829857640887541 1.0 [-1,-1] 1.0 1.0 1.0 0.0006106036532175123 0.14488555312656437 2266.1071835078596 30.370433056616857 -1067.030430691668 1998.9410856550603
270.627919823295 62.33533933757218 39633414164319196 10 542-543-544-545-546-547-548-549-550-551 0.7581120488002396 0.9931506849315068 18 0.45478963268572503 1.0 [-1,-1] 1.0 1.0 1.0 0.0007242712797402853 0.12498917450484462 2749.07808994587 13.987971962552198 -1276.3089189759487 2434.8039396639833
270.68378649828344 62.22899100369653 39633414164319634 10 542-543-544-545-546-547-548-549-550-551 1.0170634618841188 0.9931506849315068 18 0.5294082409299564 1.0 [-1,-1] 1.0 1.0 1.0 0.00020130102782971312 0.3394727840281335 3437.829110115889 19.116171615464854 -1601.7045626088677 3041.849117964418
271.7788830398071 62.017452949146225 39633411341551198 10 542-543-544-545-546-547-548-549-550-551 0.9583035413726737 0.9931506849315068 18 1.0776708323320496 1.0 [-1,-1] 1.0 1.0 1.0 0.0003767415448896098 0.21544643941305056 3290.727077787719 47.92998009551964 -1543.2735421092452 2906.0100123225534
269.4882279945466 63.81753466932946 39633430668902879 10 542-543-544-545-546-547-548-549-550-551 0.6792670106834706 0.9931506849315068 18 1.3021130788962574 1.0 [-1,-1] 1.0 1.0 1.0 0.0008053318504768218 0.11384060807160488 2517.1201601547377 -9.920151791879894 -1110.5877382783337 2258.847132240616
270.7309846123164 61.544316693137525 39633405591163576 10 542-543-544-545-546-547-548-549-550-551 0.8222709965374382 0.9931506849315068 18 1.0827110821201065 1.0 [-1,-1] 1.0 1.0 1.0 0.000762533893525711 0.11946670068019369 2929.8149418757207 17.809743423689763 -1395.8813225890183 2575.852041543642
270.7406336369052 61.53639996084266 39633405591163678 10 542-543-544-545-546-547-548-549-550-551 0.40459201088327623 0.9931506849315068 18 1.0918330945411787 1.0 [-1,-1] 1.0 1.0 1.0 0.00024055914515870672 0.3007331513712552 1616.4876468519374 9.958535002000595 -770.3542164866983 1421.086739487317
271.1569647257863 61.53022023753975 39633405595356517 10 542-543-544-545-546-547-548-549-550-551 0.5703753859952315 0.9931506849315068 18 1.1948090359821295 1.0 [-1,-1] 1.0 1.0 1.0 0.0005369919189708607 0.1615383650856205 2177.902099648681 20.962693039113603 -1037.9837525180496 1914.5254896875178
271.4267649649002 61.506274925986 39633405599548538 10 542-543-544-545-546-547-548-549-550-551 0.5785523929499173 0.9931506849315068 18 1.2889558919503634 1.0 [-1,-1] 1.0 1.0 1.0 0.0005369919189708607 0.1615383650856205 2204.1631509178737 26.18206799057407 -1051.1976009797281 1937.1714686300772
270.5323246143283 62.37691523231779 39633416970309616 10 542-543-544-545-546-547-548-549-550-551 0.6560353151214463 0.9931506849315068 18 0.3977373341569686 1.0 [-1,-1] 1.0 1.0 1.0 0.0006371005092682059 0.1397016056866948 2446.624529636685 10.539211442821953 -1134.3359747344168 2167.7505415673213
270.5996103981232 62.46476400519396 39633416974500315 10 542-543-544-545-546-547-548-549-550-551 0.9683399762252156 0.9931506849315068 18 0.4054211281366358 1.0 [-1,-1] 1.0 1.0 1.0 0.0003767415448896098 0.21544643941305056 3316.2148843929635 16.043515527810086 -1532.9823717050235 2940.576272284157
272.64050865496586 62.12803856845632 39633414181095604 10 542-543-544-545-546-547-548-549-550-551 0.5105999580887576 0.9931506849315068 18 1.4073838728918617 1.0 [-1,-1] 1.0 1.0 1.0 0.0006888416087567301 0.1305783864573065 1981.9173844886736 42.68505549926439 -925.5572178306695 1752.0040928881988
271.08050014707413 62.37802784419939 39633416978694196 10 542-543-544-545-546-547-548-549-550-551 0.9335786395254176 0.9931506849315068 18 0.64057493654262 1.0 [-1,-1] 1.0 1.0 1.0 0.0003671239319408774 0.21984967794317842 3227.2874343181247 28.21571831317276 -1496.0200888233574 2859.4600802922027
271.08515771384566 62.384211303411035 39633416978694237 10 542-543-544-545-546-547-548-549-550-551 0.9353006553768669 0.9931506849315068 18 0.6412748926686028 1.0 [-1,-1] 1.0 1.0 1.0 0.0003671239319408774 0.21984967794317842 3231.7360256706165 28.370537960725855 -1497.7709702036857 2863.5633349043005
271.117858656253 62.379357262537226 39633416978694529 10 542-543-544-545-546-547-548-549-550-551 0.8243806510384629 0.9931506849315068 18 0.6571353597035968 1.0 [-1,-1] 1.0 1.0 1.0 0.000762533893525711 0.11946670068019369 2935.639748379727 26.5519987272771 -1360.7484454997236 2601.084272318115
271.13039874065487 62.38419943452129 39633416978694633 10 542-543-544-545-546-547-548-549-550-551 0.826355187657834 0.9931506849315068 18 0.6617401274927868 1.0 [-1,-1] 1.0 1.0 1.0 0.000762533893525711 0.11946670068019369 2941.0847859243077 26.89527572208853 -1363.0463207957048 2606.0240001781553
269.9924931714994 63.62321001201478 39633427980355663 10 542-543-544-545-546-547-548-549-550-551 0.6957337051265703 0.9931506849315068 18 1.1095938641948193 1.0 [-1,-1] 1.0 1.0 1.0 0.0005639081233901963 0.1550231922816235 2566.4872586746865 -0.14939023386765296 -1140.2191819622515 2299.2949014224773
271.03400447123613 62.330286994323394 39633414168512225 10 542-543-544-545-546-547-548-549-550-551 0.8418980470236523 0.9931506849315068 18 0.6327300932733322 1.0 [-1,-1] 1.0 1.0 1.0 0.0006366829495309179 0.1397804201853648 2983.7208800617705 25.003583573214087 -1385.3366420034877 2642.5002363760696
271.8995402839371 62.497494823820645 39633416982890610 10 542-543-544-545-546-547-548-549-550-551 0.937819842235973 0.9931506849315068 18 1.0016940894850768 1.0 [-1,-1] 1.0 1.0 1.0 0.0003671239319408774 0.21984967794317842 3238.2358087991793 49.56748237312037 -1494.5547456311504 2872.284862333796
269.48369241516633 63.6161479091563 39633427976161860 10 542-543-544-545-546-547-548-549-550-551 0.7495191941029768 0.9931506849315068 18 1.1018081374966324 1.0 [-1,-1] 1.0 1.0 1.0 0.0006073340474539246 0.1455520198534496 2724.334406474678 -10.909317275812253 -1210.5979782159804 2440.559665371386
269.4714471985253 63.63656366641561 39633430668902728 10 542-543-544-545-546-547-548-549-550-551 0.50092180062312 0.9931506849315068 18 1.122681295125314 1.0 [-1,-1] 1.0 1.0 1.0 0.0007365189099627642 0.12316671624379881 1949.5129100998863 -7.986026828675533 -865.6706602283953 1746.7544527040295
268.0504822330421 62.30703768059264 39633414143348205 10 542-543-544-545-546-547-548-549-550-551 0.451372859699439 0.9931506849315068 18 0.8063655607480964 1.0 [-1,-1] 1.0 1.0 1.0 0.0005330850268982689 0.1625298359500762 1780.6179566624683 -28.151095032930073 -827.0334651124807 1576.649444556815
267.3855299212238 62.65556836584839 39633419738546930 10 542-543-544-545-546-547-548-549-550-551 1.013379814341352 0.9931506849315068 18 1.087786825580703 1.0 [-1,-1] 1.0 1.0 1.0 0.00020130102782971312 0.3394727840281335 3428.7558700387085 -71.84222087323238 -1573.3202417711943 3045.6311215342434
267.4090926062986 62.658389484828895 39633419738547123 10 542-543-544-545-546-547-548-549-550-551 0.6792924360277202 0.9931506849315068 18 1.0773343444072971 1.0 [-1,-1] 1.0 1.0 1.0 0.0008053318504768218 0.11384060807160488 2517.196767319515 -52.26246812932009 -1154.9534914872022 2235.9853828525734
267.54608077175135 62.73569355008072 39633419738548150 10 542-543-544-545-546-547-548-549-550-551 0.8220038258948669 0.9931506849315068 18 1.026948438443157 1.0 [-1,-1] 1.0 1.0 1.0 0.000762533893525711 0.11946670068019369 2929.0767488051174 -57.450259045461834 -1340.5675457734196 2603.664479794852
268.10418022861205 62.37335685618475 39633414143348681 10 542-543-544-545-546-547-548-549-550-551 0.7950767868864344 0.9931506849315068 18 0.7662033706990032 1.0 [-1,-1] 1.0 1.0 1.0 0.0008239664519383997 0.11155322342262282 2854.063569284656 -43.78279380026547 -1322.7279200833154 2528.666204526999
268.410061319238 62.22087352656386 39633414147541374 10 542-543-544-545-546-547-548-549-550-551 0.7713128763247464 0.9931506849315068 18 0.6812866524672653 1.0 [-1,-1] 1.0 1.0 1.0 0.0007064174578981374 0.12774458208408304 2786.8404876293007 -36.03794315033057 -1298.3469371530712 2465.6594251697966
269.48535881001106 63.592024932076036 39633427976161883 10 542-543-544-545-546-547-548-549-550-551 0.527238436401804 0.9931506849315068 18 1.0777388378203199 1.0 [-1,-1] 1.0 1.0 1.0 0.0006888416087567301 0.1305783864573065 2037.1849471205321 -8.138270184889782 -906.021521675515 1824.6044172898594
269.46374975860874 63.82376964637972 39633430668902647 10 542-543-544-545-546-547-548-549-550-551 0.5078065846192378 0.9931506849315068 18 1.3092923475203966 1.0 [-1,-1] 1.0 1.0 1.0 0.0007365189099627642 0.12316671624379881 1972.5840452064028 -8.144119955185003 -870.1349486182842 1770.2786955465706
268.42278314073553 62.71281377990132 39633419746935297 10 542-543-544-545-546-547-548-549-550-551 0.9482750283096841 0.9931506849315068 18 0.6313956480928294 1.0 [-1,-1] 1.0 1.0 1.0 0.0003671239319408774 0.21984967794317842 3265.107755093505 -41.2006616754327 -1496.3241820133705 2901.765858950593
269.6871720364038 62.97202814216071 39633422519373963 10 542-543-544-545-546-547-548-549-550-551 0.6991247906595768 0.9931506849315068 18 0.4524533845306842 1.0 [-1,-1] 1.0 1.0 1.0 0.0005639081233901963 0.1550231922816235 2576.592436509078 -6.392770852433668 -1170.8516892094958 2295.1893251389715
270.4203913514448 63.01689840558383 39633422527759406 10 542-543-544-545-546-547-548-549-550-551 0.8310838046271714 0.9931506849315068 18 0.5888135162071086 1.0 [-1,-1] 1.0 1.0 1.0 0.0006366829495309179 0.1397804201853648 2954.098253049721 9.834390894291596 -1340.3201063863337 2632.5162460740253
270.83468655689114 63.031335098104044 39633422531952812 10 542-543-544-545-546-547-548-549-550-551 0.6319786113140612 0.9931506849315068 18 0.7189105473101401 1.0 [-1,-1] 1.0 1.0 1.0 0.0007982518636535506 0.11473445525619816 2372.5665835997243 15.674154831813578 -1075.8522223475695 2114.5610679652104
270.4171403860045 63.00553515554854 39633422527759382 10 542-543-544-545-546-547-548-549-550-551 0.8408504070508369 0.9931506849315068 18 0.5784795246808583 1.0 [-1,-1] 1.0 1.0 1.0 0.0006366829495309179 0.1397804201853648 2980.8595852134195 9.850577693039007 -1352.9894838208975 2656.096061807233
269.9382393830603 63.94903445028021 39633433340677907 10 542-543-544-545-546-547-548-549-550-551 1.049638263972252 0.9931506849315068 18 1.4321061486650546 1.0 [-1,-1] 1.0 1.0 1.0 0.00017557006270178804 0.37077784677498654 3517.2195924061116 -1.6650279134336055 -1544.6580683526286 3159.883279610275
270.28512113093774 61.045922600646726 39633399765270790 10 542-543-544-545-546-547-548-549-550-551 0.9225905388746883 0.9931506849315068 18 1.4972474818799841 1.0 [-1,-1] 1.0 1.0 1.0 0.00042618922305278896 0.1953324009783564 3198.7937242124667 7.706086584650629 -1548.5439182064777 2798.970103390949
270.44241145214204 63.0120767742995 39633422527759545 10 542-543-544-545-546-547-548-549-550-551 0.6856691956103794 0.9931506849315068 18 0.5902691843681418 1.0 [-1,-1] 1.0 1.0 1.0 0.0008053318504768218 0.11384060807160488 2536.3727021200475 8.887498548948278 -1150.9784265178807 2260.167285428164
269.6987727658866 62.976372253399106 39633422519374035 10 542-543-544-545-546-547-548-549-550-551 0.6945586824543972 0.9931506849315068 18 0.4565961916044971 1.0 [-1,-1] 1.0 1.0 1.0 0.0005639081233901963 0.1550231922816235 2562.980913215065 -6.122278095593671 -1164.4945219227518 2283.152686008439
269.70213177964393 62.97772271012496 39633422519374075 10 542-543-544-545-546-547-548-549-550-551 0.6893339914239393 0.9931506849315068 18 0.4579005374699313 1.0 [-1,-1] 1.0 1.0 1.0 0.0008053318504768218 0.11384060807160488 2547.3596942715517 -6.016831714519528 -1157.343865260583 2269.2642832598995
269.7073191265616 62.97712267829744 39633422519374119 10 542-543-544-545-546-547-548-549-550-551 0.6942159913303511 0.9931506849315068 18 0.4572406306345889 1.0 [-1,-1] 1.0 1.0 1.0 0.0005639081233901963 0.1550231922816235 2561.9578279095977 -5.946052307739771 -1164.0006902546493 2282.256547703592
269.709431888071 62.976811046877565 39633422519374133 10 542-543-544-545-546-547-548-549-550-551 0.6900223690726097 0.9931506849315068 18 0.4569081172138234 1.0 [-1,-1] 1.0 1.0 1.0 0.0005639081233901963 0.1550231922816235 2549.4207055527722 -5.874305448984599 -1158.3171399692426 2271.0818632735727
272.6890289225819 62.92239144308177 39633422544537402 9 542-543-544-545-546-547-548-549-551 0.4770359792432985 1.0 18 1.4144749769456633 1.0 [-1,-1] 1.0 1.0 1.0 0.000668512811805897 0.13401699399284683 1868.7233164031072 39.90779808826619 -849.7005412180156 1663.893984355429
270.38364909663767 61.14644119210622 39633402688703775 9 542-543-544-545-546-547-548-549-551 0.7383921456613448 1.0 18 1.4077687285234775 1.0 [-1,-1] 1.0 1.0 1.0 0.0006073340474539246 0.1455520198534496 2692.1010599198175 8.698859862114134 -1299.1051255226787 2357.89277099261
