data_rosette/LRG_9_clustering_data.ecsv
# %ECSV 1.0
# ---
# datatype:
# - {name: RA, unit: deg, datatype: float64}
# - {name: DEC, unit: deg, datatype: float64}
# - {name: TARGETID, datatype: int64}
# - {name: NTILE, datatype: int64}
# - {name: TILES, datatype: string}
# - {name: Z, datatype: float64}
# - {name: COMP_TILE, datatype: float64}
# - {name: ROSETTE_NUMBER, datatype: int32}
# - {name: ROSETTE_R, unit: deg, datatype: float64}
# - {name: FRACZ_TILELOCID, datatype: float64}
# - {name: BITWEIGHTS, datatype: string, subtype: 'int64[2]'}
# - {name: PROB_OBS, datatype: float64}
# - {name: WEIGHT_ZFAIL, datatype: float64}
# - {name: WEIGHT, datatype: float64}
# - {name: NZ, unit: h3 / Mpc3, datatype: float64}
# - {name: WEIGHT_FKP, datatype: float64}
# - {name: theta, unit: deg, datatype: float64}
# - {name: phi, unit: deg, datatype: float64}
# - {name: rho, unit: Mpc, datatype: float64}
# - {name: r, unit: Mpc, datatype: float64}
# - {name: x, unit: Mpc, datatype: float64}
# - {name: y, unit: Mpc, datatype: float64}
# - {name: z, unit: Mpc, datatype: float64}
# meta: !!omap
# - {EXTNAME: LSS}
# - {DESIDR: edr}
# - comments: ['Visit https://desidatamodel.readthedocs.io/en/latest/ for a more complet', e description]
# schema: astropy-2.0
RA DEC TARGETID NTILE TILES Z COMP_TILE ROSETTE_NUMBER ROSETTE_R FRACZ_TILELOCID BITWEIGHTS PROB_OBS WEIGHT_ZFAIL WEIGHT NZ WEIGHT_FKP theta phi rho r x y z
[from data line 683]
221.18833138632792 -0.3098374744697026 39627782396842045 8 244-245-246-247-248-249-250-469 0.7057613710881894 1.0 9 1.4182851254209805 1.0 [-1,-1] 1.0 1.0 1.0 0.0005843703162771602 0.15074849413407446 90.3098374744697 138.81166861367208 2596.308720415405 2596.308720415405 1550.738421340143 1019.526739492664 -1815.6526506311761
220.28794894751874 -0.1327155411668557 39627782384256295 9 244-245-246-247-248-249-251-252-253 1.0532452373290457 1.0 9 0.6756018698683541 1.0 [-1,-1] 1.0 1.0 1.0 0.0001568149373683449 0.39812733398474315 90.13271554116686 139.71205105248126 3525.9180037168717 3525.9180037168717 258.60971419901676 2903.888391725778 -1983.0912719935375
220.19005566028193 0.20116627157012304 39627794459660928 9 244-245-246-247-248-249-251-252-253 0.5396096682134184 1.0 9 0.8910704185129737 1.0 [-1,-1] 1.0 1.0 1.0 0.0007045118177349687 0.128340413101622 89.79883372842988 139.80994433971807 2077.918573593077 2077.918573593077 -18.198760728973106 2006.145963706922 -541.1032950310337
220.2987009422881 0.24352328509807974 39627794463851536 10 244-245-246-247-248-249-251-252-253-254 0.8171927402271174 1.0 9 0.9799118650947882 1.0 [-1,-1] 1.0 1.0 1.0 0.0006627118749498285 0.13533979738261318 89.75647671490192 139.7012990577119 2915.76333866461 2915.76333866461 282.79965233024757 2830.7018479245116 -639.3960055390056
219.97623601221053 -1.363064814030963 39627758216681121 10 244-245-246-247-248-249-251-252-253-254 0.8937887919459968 1.0 9 0.7831458797812336 1.0 [-1,-1] 1.0 1.0 1.0 0.0005275616701708153 0.16431404058018498 91.36306481403096 140.02376398778947 3123.215745018131 3123.215745018131 175.40107592319464 -773.8617635720753 -3020.7365034665413
219.95584931645544 -0.1246477167377532 39627788415668998 10 244-245-246-247-248-249-251-252-253-254 0.7574948350631365 1.0 9 0.500247630691099 1.0 [-1,-1] 1.0 1.0 1.0 0.0006416626200019751 0.139161677870846 90.12464771673775 140.04415068354456 2747.3050781791285 2747.3050781791285 -550.1771130608146 2216.7275389218325 -1526.7970903294422
219.61766684301404 -1.1092895574299604 39627764252281938 10 244-245-246-247-248-249-251-252-253-254 0.7353153710714976 1.0 9 0.5409377209672115 1.0 [-1,-1] 1.0 1.0 1.0 0.0007126833197713517 0.12705585074725267 91.10928955742996 140.38233315698596 2683.149623606371 2683.149623606371 4.572316469953128 -6.956661896927483 -2683.1367094198463
219.06890390469778 -1.6675953706576014 39627746124498499 10 244-245-246-247-248-249-251-252-253-254 0.7539729104039913 1.0 9 1.2938456712735125 1.0 [-1,-1] 1.0 1.0 1.0 0.0006416626200019751 0.139161677870846 91.66759537065761 140.93109609530222 2737.1752699262624 2737.1752699262624 1318.0611953484722 -621.4409412319973 -2317.0356708892405
219.31527635395398 -0.4507501442546676 39627776327681587 10 244-245-246-247-248-249-251-252-253-254 0.831572443359605 1.0 9 0.5071613597284427 1.0 [-1,-1] 1.0 1.0 1.0 0.0006232532477076302 0.14268566385842998 90.45075014425467 140.68472364604602 2955.4409075503195 2955.4409075503195 -1392.7855991297142 1142.3826419384152 -2343.019661094748
219.88177800809257 -1.029582413331123 39627764256476297 10 244-245-246-247-248-249-251-252-253-254 0.8621808562645743 1.0 9 0.43729544789820024 1.0 [-1,-1] 1.0 1.0 1.0 0.0006812235016579503 0.1321480675826358 91.02958241333113 140.11822199190743 3038.7633076373904 3038.7633076373904 -72.568687244368 220.94304442137548 -3029.8515469568433
221.04479416340521 -0.8234794039618764 39627770317243459 10 244-245-246-247-248-249-251-252-253-254 0.4649142271255681 1.0 9 1.264600523525246 1.0 [-1,-1] 1.0 1.0 1.0 0.0005635091211985168 0.1554616369400361 90.82347940396188 138.95520583659479 1827.2767963960493 1827.2767963960493 381.48985535549974 338.0700533430857 -1754.740613293273
218.84663010776404 -1.0875455378023704 39627764239698362 10 244-245-246-247-248-249-251-252-253-254 0.40349450289451905 1.0 9 1.0707064054725397 1.0 [-1,-1] 1.0 1.0 1.0 0.0003379611466139912 0.2348475370676925 91.08754553780237 141.15336989223596 1612.581862946098 1612.581862946098 -29.345680954756723 6.509886931815681 -1612.301683024658
220.4492394127983 0.4827793550141266 39627800503652772 10 244-245-246-247-248-249-251-252-253-254 0.5231589129947487 1.0 9 1.2625014696164085 1.0 [-1,-1] 1.0 1.0 1.0 0.0006865842838717192 0.13125169390769817 89.51722064498587 139.5507605872017 2023.6855804821662 2023.6855804821662 500.80572255724456 1960.3941053863423 36.76830798175392
218.79193001010657 -0.22204284002881802 39627782359090363 10 244-245-246-247-248-249-251-252-253-254 0.9896126908209986 1.0 9 1.0765689656673996 1.0 [-1,-1] 1.0 1.0 1.0 0.0003578035202613049 0.22475091060875194 90.22204284002882 141.20806998989343 3369.7408319233145 3369.7408319233145 -2571.2678423905672 424.45148827002333 -2136.2527685470063
220.74233283918275 0.4343955667999329 39627800507847571 10 244-245-246-247-248-249-251-252-253-254 0.8263512833406922 1.0 9 1.3992638759944531 1.0 [-1,-1] 1.0 1.0 1.0 0.0006627118749498285 0.13533979738261318 89.56560443320006 139.25766716081725 2941.074025660971 2941.074025660971 1519.4976219988253 2516.574958004562 -88.84752051622579
218.6848422391986 -1.3670424186780394 39627758195707387 10 244-245-246-247-248-249-251-252-253-254 0.5269227258096165 1.0 9 1.353346190194054 1.0 [-1,-1] 1.0 1.0 1.0 0.0006865842838717192 0.13125169390769817 91.36704241867804 141.3151577608014 2036.1414339574292 2036.1414339574292 524.2971707427287 -29.660479560588602 -1967.2581609391334
219.85333096789955 0.6183013105871622 39627800495261962 10 244-245-246-247-248-249-251-252-253-254 0.5654134579986321 1.0 9 1.2194679857545856 1.0 [-1,-1] 1.0 1.0 1.0 0.000677088223595666 0.13284793461577618 89.38169868941284 140.14666903210045 2161.902750362272 2161.902750362272 -724.1300552366114 2009.9563001856618 330.96047569301055
220.7306820257183 -0.21865623164415615 39627782388455936 10 244-245-246-247-248-249-251-252-253-254 0.7825873395078343 1.0 9 1.0057557837953133 1.0 [-1,-1] 1.0 1.0 1.0 0.0007324854237337303 0.12404708914385561 90.21865623164416 139.2693179742817 2818.854092359007 2818.854092359007 1108.060154924877 1884.4307362123252 -1779.6240860067198
220.90862250070904 -0.9265656925626816 39627764273254441 10 244-245-246-247-248-249-251-252-253-254 0.7741294094242185 1.0 9 1.155624315900088 1.0 [-1,-1] 1.0 1.0 1.0 0.0007324854237337303 0.12404708914385561 90.92656569256268 139.09137749929096 2794.858464700711 2794.858464700711 325.2831559063115 378.83003307758 -2749.89318196749
218.78157694473103 -0.21794557354343772 39627782359090091 10 244-245-246-247-248-249-251-252-253-254 0.7459387345735041 1.0 9 1.087701436863605 1.0 [-1,-1] 1.0 1.0 1.0 0.0007126833197713517 0.12705585074725267 90.21794557354343 141.21842305526897 2713.986109910607 2713.986109910607 -2081.2743375524715 321.4681578729326 -1711.9217155311198
220.0846630908109 -2.053517591049096 39627740101478575 10 244-245-246-247-248-249-251-252-253-254 0.8878141788457131 1.0 9 1.481113995861652 1.0 [-1,-1] 1.0 1.0 1.0 0.0005690156306133545 0.15418916366201427 92.0535175910491 139.9153369091891 3107.374539462179 3107.374539462179 288.13377679459444 -2506.2442617456727 -1814.2478208984458
220.61632193488958 -0.562554757496632 39627776348654286 10 244-245-246-247-248-249-251-252-253-254 0.9011286801184125 1.0 9 0.8171383222015576 1.0 [-1,-1] 1.0 1.0 1.0 0.0005275616701708153 0.16431404058018498 90.56255475749663 139.38367806511042 3142.599622844222 3142.599622844222 658.6501037857971 1486.082378656161 -2689.5485855680786
219.05678157905058 -1.6786611770095994 39627746124498216 11 244-245-246-247-248-249-251-252-253-254-469 0.46338534313657387 1.0 9 1.3098277889601786 1.0 [-1,-1] 1.0 1.0 1.0 0.0005635091211985168 0.1554616369400361 91.6786611770096 140.94321842094942 1822.0277723997365 1822.0277723997365 897.8008715896186 -410.0683353311476 -1531.5295487608487
218.98316119951457 -0.9941290583152342 39627764239701979 11 244-245-246-247-248-249-251-252-253-254-469 0.6354276687142296 1.0 9 0.9068801400806397 1.0 [-1,-1] 1.0 1.0 1.0 0.000833303205902425 0.11070054926254569 90.99412905831524 141.01683880048543 2383.2511722447744 2383.2511722447744 -249.90180276401367 92.59173598650543 -2368.3036142792994
219.73937898554144 0.6228722708474373 39627800491070634 11 244-245-246-247-248-249-251-252-253-254-469 0.8925793463266876 1.0 9 1.2243738638794832 1.0 [-1,-1] 1.0 1.0 1.0 0.0005275616701708153 0.16431404058018498 89.37712772915256 140.26062101445856 3120.013562218478 3120.013562218478 -1367.1176411035194 2761.1015598765844 491.72366208865293
219.9998520755238 -1.6276812162330903 39627746137086469 11 244-245-246-247-248-249-251-252-253-254-469 0.7831794678852216 1.0 9 1.0469256755289291 1.0 [-1,-1] 1.0 1.0 1.0 0.0007324854237337303 0.12404708914385561 91.62768121623309 140.0001479244762 2820.5293975761606 2820.5293975761606 278.1557463661051 -1377.314189256656 -2445.6126200662147
218.97525542203772 -1.0510312738903904 39627764239701785 11 244-245-246-247-248-249-251-252-253-254-469 0.9240206975743515 1.0 9 0.9399404869837952 1.0 [-1,-1] 1.0 1.0 1.0 0.0004951280553168204 0.17321314004730964 91.05103127389039 141.02474457796228 3202.5128769095463 3202.5128769095463 -166.0290297853349 60.027375989064176 -3197.6428509406533
219.62832702607082 -1.6726722154806752 39627746132888986 11 244-245-246-247-248-249-251-252-253-254-469 1.0486704463631402 1.0 9 1.086317098955823 1.0 [-1,-1] 1.0 1.0 1.0 0.00017111768859933566 0.3774092623312036 91.67267221548067 140.37167297392918 3514.8825380914373 3514.8825380914373 1019.1945440624789 -1587.2890186576672 -2965.8313015379276
220.67677001310557 -0.2435904653485022 39627782388454381 11 244-245-246-247-248-249-251-252-253-254-469 0.751670660413109 1.0 9 0.9464191841580082 1.0 [-1,-1] 1.0 1.0 1.0 0.0006416626200019751 0.139161677870846 90.2435904653485 139.32322998689443 2730.5418016884905 2730.5418016884905 953.3637124212031 1841.8258886979422 -1776.128812425699
219.85854485486064 0.1211325829176946 39627788415666543 11 244-245-246-247-248-249-251-252-253-254-469 0.4934709688341351 1.0 9 0.7235050774340426 1.0 [-1,-1] 1.0 1.0 1.0 0.0005337442823398631 0.16272042362546515 89.8788674170823 140.14145514513936 1924.4365902890665 1924.4365902890665 -605.2826119627783 1707.9470521886026 -648.0787117466423
219.5097849220288 -0.6520632557077711 39627770292076832 11 244-245-246-247-248-249-251-252-253-254-469 0.6416163352403038 1.0 9 0.2948309914819688 1.0 [-1,-1] 1.0 1.0 1.0 0.000833303205902425 0.11070054926254569 90.65206325570777 140.4902150779712 2402.3664197022786 2402.3664197022786 -670.2848923964883 813.2250752028385 -2158.87645653926
219.46674611383543 0.19587501789137005 39627794447077995 11 244-245-246-247-248-249-251-252-253-254-469 0.8025301615562463 1.0 9 0.8628279259000532 1.0 [-1,-1] 1.0 1.0 1.0 0.0007229154976227362 0.12548315978664992 89.80412498210863 140.53325388616457 2874.9493470064263 2874.9493470064263 -1853.3153089069494 2061.038694266409 -763.3319162464197
220.75434405173283 -1.173993311444537 39627758233452675 11 244-245-246-247-248-249-251-252-253-254-469 0.9055074840793494 1.0 9 1.1135596098943776 1.0 [-1,-1] 1.0 1.0 1.0 0.0005275616701708153 0.16431404058018498 91.17399331144453 139.24565594826717 3154.123203427565 3154.123203427565 -112.65025288883102 -181.6041615377489 -3146.875121678078
220.55836565243675 -1.8227779801320263 39627746149664035 11 244-245-246-247-248-249-251-252-253-254-469 0.6171770881463746 1.0 9 1.4387583366171488 1.0 [-1,-1] 1.0 1.0 1.0 0.0007214233604467519 0.12571007283523317 91.82277798013203 139.44163434756325 2326.458304699321 2326.458304699321 -537.207180194931 -1430.5154928803713 -1754.2639806142859
219.02921461908323 -1.0621788063652233 39627764243890957 11 244-245-246-247-248-249-251-252-253-254-469 0.6601458675411895 1.0 9 0.8986607449010978 1.0 [-1,-1] 1.0 1.0 1.0 0.000700708733790897 0.12894715825466588 91.06217880636522 140.97078538091677 2459.170565711421 2459.170565711421 -99.6110267068941 42.21870558265466 -2456.7895912183353
219.6245628617836 -0.7615464725017104 39627770292079582 11 244-245-246-247-248-249-251-252-253-254-469 0.6344163742566244 1.0 9 0.23847659616528202 1.0 [-1,-1] 1.0 1.0 1.0 0.000833303205902425 0.11070054926254569 90.7615464725017 140.3754371382164 2380.1206808429156 2380.1206808429156 -437.02702265288656 675.0216853349065 -2240.1623961612513
218.7357029129813 -1.3191394556932148 39627758195708554 11 244-245-246-247-248-249-251-252-253-254-469 0.926060139226701 1.0 9 1.2843509161530013 1.0 [-1,-1] 1.0 1.0 1.0 0.0004951280553168204 0.17321314004730964 91.31913945569322 141.2642970870187 3207.8110103951776 3207.8110103951776 674.055745201983 -72.65435327540172 -3135.350327431189
219.63861338313305 -1.8292721727131636 39627746132889259 11 244-245-246-247-248-249-251-252-253-254-469 0.6249566188261725 1.0 9 1.2398157166176562 1.0 [-1,-1] 1.0 1.0 1.0 0.0007214233604467519 0.12571007283523317 91.82927217271316 140.36138661686695 2350.744164954808 2350.744164954808 826.9313861939838 -1317.4722012883663 -1762.5123007879295
218.6208767438913 -0.20941325073326933 39627782354897808 11 244-245-246-247-248-249-251-252-253-254-469 0.9685270724940246 1.0 9 1.242101005762998 1.0 [-1,-1] 1.0 1.0 1.0 0.00041974738576830407 0.19815580287489248 90.20941325073326 141.3791232561087 3316.6885865074723 3316.6885865074723 -2591.3143097449024 -19.315611816840775 -2070.0580269935376
219.20256451367786 -0.48537534805690485 39627776323491235 11 244-245-246-247-248-249-251-252-253-254-469 0.9034183523777418 1.0 9 0.6083057057264574 1.0 [-1,-1] 1.0 1.0 1.0 0.0005275616701708153 0.16431404058018498 90.4853753480569 140.79743548632214 3148.629047298564 3148.629047298564 -1537.7797292253276 994.8792614957129 -2561.1157015882127
220.75502790476946 -1.0039595608262712 39627764273250463 11 244-245-246-247-248-249-251-252-253-254-469 0.8031515332689623 1.0 9 1.0368602403417932 1.0 [-1,-1] 1.0 1.0 1.0 0.0007229154976227362 0.12548315978664992 91.00395956082627 139.24497209523054 2876.6863057046057 2876.6863057046057 154.91642575431158 249.36087083242668 -2861.668072743171
220.73747811086056 -1.187398943296358 39627758229264127 11 244-245-246-247-248-249-251-252-253-254-469 0.7505988842285546 1.0 9 1.106201253043086 1.0 [-1,-1] 1.0 1.0 1.0 0.0006416626200019751 0.139161677870846 91.18739894329636 139.26252188913944 2727.450533461081 2727.450533461081 -113.44378962457957 -189.96245401128928 -2718.4611796269514
220.57254862807451 -1.7146914774450412 39627746149664381 11 244-245-246-247-248-249-251-252-253-254-469 0.6688742910897206 1.0 9 1.356136476418432 1.0 [-1,-1] 1.0 1.0 1.0 0.000700708733790897 0.12894715825466588 91.71469147744504 139.42745137192549 2485.7071266479816 2485.7071266479816 -518.3610070507212 -1323.0080546504958 -2039.5321701723258
219.58928895221624 0.6759787334300152 39627806530865343 11 244-245-246-247-248-249-251-252-253-254-469 0.6445635703304208 1.0 9 1.2932590688999253 1.0 [-1,-1] 1.0 1.0 1.0 0.000833303205902425 0.11070054926254569 89.32402126656999 140.41071104778376 2411.4443963904505 2411.4443963904505 -1350.3803274592572 1932.7657491667878 505.91857738343555
220.76106006923905 -1.0037803025408365 39627764273250620 11 244-245-246-247-248-249-251-252-253-254-469 1.010848412891522 1.0 9 1.0423484317781546 1.0 [-1,-1] 1.0 1.0 1.0 0.00020304675497218746 0.33812883710054276 91.00378030254083 139.23893993076095 3422.5093755826692 3422.5093755826692 186.4217118362144 296.07393054132245 -3404.5789165418296
219.30050812922929 -0.9381447180430387 39627764248085685 11 244-245-246-247-248-249-251-252-253-254-469 0.8538432885060571 1.0 9 0.6031486596278612 1.0 [-1,-1] 1.0 1.0 1.0 0.0006812235016579503 0.1321480675826358 90.93814471804303 140.69949187077071 3016.2183980106574 3016.2183980106574 -394.7314378519684 314.12910031880386 -2973.732238249132
