data_rosette/LRG_10_clustering_data.ecsv
# %ECSV 1.0
# ---
# datatype:
# - {name: RA, unit: deg, datatype: float64}
# - {name: DEC, unit: deg, datatype: float64}
# - {name: TARGETID, datatype: int64}
# - {name: NTILE, datatype: int64}
# - {name: TILES, datatype: string}
# - {name: Z, datatype: float64}
# - {name: COMP_TILE, datatype: float64}
# - {name: ROSETTE_NUMBER, datatype: int32}
# - {name: ROSETTE_R, unit: deg, datatype: float64}
# - {name: FRACZ_TILELOCID, datatype: float64}
# - {name: BITWEIGHTS, datatype: string, subtype: 'int64[2]'}
# - {name: PROB_OBS, datatype: float64}
# - {name: WEIGHT_ZFAIL, datatype: float64}
# - {name: WEIGHT, datatype: float64}
# - {name: NZ, unit: h3 / Mpc3, datatype: float64}
# - {name: WEIGHT_FKP, datatype: float64}
# - {name: theta, unit: deg, datatype: float64}
# - {name: phi, unit: deg, datatype: float64}
# - {name: rho, unit: Mpc, datatype: float64}
# - {name: r, unit: Mpc, datatype: float64}
# - {name: x, unit: Mpc, datatype: float64}
# - {name: y, unit: Mpc, datatype: float64}
# - {name: z, unit: Mpc, datatype: float64}
# meta: !!omap
# - {EXTNAME: LSS}
# - {DESIDR: edr}
# - comments: ['Visit https://desidatamodel.readthedocs.io/en/latest/ for a more complet', e description]
# schema: astropy-2.0
RA DEC TARGETID NTILE TILES Z COMP_TILE ROSETTE_NUMBER ROSETTE_R FRACZ_TILELOCID BITWEIGHTS PROB_OBS WEIGHT_ZFAIL WEIGHT NZ WEIGHT_FKP theta phi rho r x y z
[from data line 3420]
218.97362001962358 2.3552538319199696 39627842757071250 7 271-274-276-277-280-281-472 0.8727006308413336 1.0 10 0.9258369313317888 1.0 [-1,-1] 1.0 1.0 1.0 0.0005690156306133545 0.15418916366201427 87.64474616808003 -218.97362001962358 3067.048505607625 3067.048505607625 -570.4221464335099 -777.5519815614375 2911.4975573711263
218.7128995990542 3.7191154927565417 39627878970691410 6 271-274-276-277-280-472 0.7954801649162974 1.0 10 1.4491279527520096 1.0 [-1,-1] 1.0 1.0 1.0 0.0007229154976227362 0.12548315978664992 86.28088450724346 -218.7128995990542 2855.19632088855 2855.19632088855 -1031.7517040903906 -2642.752357384007 -321.7055011394089
218.6496646184163 3.712200384101831 39627878970689797 6 271-274-276-277-280-472 0.9726711613124648 1.0 10 1.415128342137847 1.0 [-1,-1] 1.0 1.0 1.0 0.0003578035202613049 0.22475091060875194 86.28779961589817 -218.6496646184163 3327.1674432523646 3327.1674432523646 -1006.0550351983715 -3151.822082513751 -352.0142351797197
218.65851214954975 3.684911635888137 39627878970689986 6 271-274-276-277-280-472 0.9071813531048606 1.0 10 1.3942818702387914 1.0 [-1,-1] 1.0 1.0 1.0 0.0005275616701708153 0.16431404058018498 86.31508836411186 -218.65851214954975 3158.5203325237576 3158.5203325237576 -983.9788052189095 -2991.0464779211557 -248.34928782141918
218.25677451665402 4.037997810543304 39627884993713756 6 271-274-276-277-280-472 0.5206285287838611 1.0 10 1.6211951651639531 1.0 [-1,-1] 1.0 1.0 1.0 0.0006865842838717192 0.13125169390769817 85.9620021894567 -218.25677451665402 2015.2956257520839 2015.2956257520839 153.4111979613057 -1823.88255281854 -843.4061281729494
217.6460414882239 3.2812534709382093 39627866891094204 6 271-274-276-277-280-472 0.7682956245390085 1.0 10 0.9420227796475208 1.0 [-1,-1] 1.0 1.0 1.0 0.0006416626200019751 0.139161677870846 86.71874652906179 -217.6460414882239 2778.235924338409 2778.235924338409 1685.322238842585 -2022.758221508397 886.9796952959501
218.336676867165 3.9282758824889275 39627884997903221 5 271-274-276-277-472 1.0426340717665743 1.0 10 1.5253710272902845 1.0 [-1,-1] 1.0 1.0 1.0 0.00017111768859933566 0.3774092623312036 86.07172411751107 -218.336676867165 3500.2763206572245 3500.2763206572245 13.322840893194055 -3320.2689232801563 -1107.9580768080732
218.59140451351863 3.7655934692239574 39627878970688366 5 271-274-276-277-472 0.7327612754884688 1.0 10 1.4408537021241588 1.0 [-1,-1] 1.0 1.0 1.0 0.0007126833197713517 0.12705585074725267 86.23440653077604 -218.59140451351863 2675.706131795201 2675.706131795201 -655.4192840011117 -2559.194175462613 -424.6811017270997
217.86988717042522 2.942511826579619 39627860859685781 7 271-274-276-278-279-280-472 0.7663272175019293 1.0 10 0.543173573167864 1.0 [-1,-1] 1.0 1.0 1.0 0.0006416626200019751 0.139161677870846 87.05748817342038 -217.86988717042522 2772.6139603340444 2772.6139603340444 990.6906343847145 -1946.4404515741865 1708.0075551522957
219.3060573457544 2.7614909848273297 39627854845052035 6 271-274-276-278-279-281 0.7733021431916821 1.0 10 1.2978157952839753 1.0 [-1,-1] 1.0 1.0 1.0 0.0007324854237337303 0.12404708914385561 87.23850901517267 -219.3060573457544 2792.5048596557585 2792.5048596557585 -1524.5297451147917 -1055.1815030849261 2088.1773016218453
218.85354429478187 1.827167085797125 39627830677473421 7 271-274-276-278-279-281-472 0.8156976653809336 1.0 10 1.0040887502369884 1.0 [-1,-1] 1.0 1.0 1.0 0.0006627118749498285 0.13533979738261318 88.17283291420287 -218.85354429478187 2911.618240625596 2911.618240625596 295.3514456196474 524.4978099666617 2848.7173166276525
217.31320254549763 2.18369731456218 39627842731902238 7 271-274-276-279-280-281-472 0.6000395170793024 1.0 10 0.7763086455987265 1.0 [-1,-1] 1.0 1.0 1.0 0.0007756247847600315 0.11796159141779075 87.81630268543782 -217.31320254549763 2272.5512543211776 2272.5512543211776 287.41697805620043 -173.58179533878683 2247.609851501982
219.31617455902966 2.771723459608962 39627854845052218 6 271-274-276-279-281-472 0.9005163998339776 1.0 10 1.3102163115411414 1.0 [-1,-1] 1.0 1.0 1.0 0.0005275616701708153 0.16431404058018498 87.22827654039104 -219.31617455902966 3140.985900292571 3140.985900292571 -1746.506448219999 -1182.865845995663 2327.3023100877244
217.37269647570972 3.8173857794085806 39627878949717815 5 271-274-276-280-472 0.5265753480095129 1.0 10 1.5434359857565043 1.0 [-1,-1] 1.0 1.0 1.0 0.0006865842838717192 0.13125169390769817 86.18261422059142 -217.37269647570972 2034.9930210394741 2034.9930210394741 1639.082296609009 -1128.1151213106689 -426.57015096290695
218.02256360364206 4.012568042114666 39627884989518875 5 271-274-276-280-472 0.9769656068788115 1.0 10 1.5828050855101887 0.5 [-1,-1] 1.0 1.0 1.0 0.0003578035202613049 0.22475091060875194 85.98743195788533 -218.02256360364206 3337.9994835768457 3337.9994835768457 959.0561012409918 -2912.3138657854547 -1319.424076703733
219.39523975026304 3.1495766049786362 39627866920454043 4 271-274-276-472 0.6355108702795056 0.5 10 1.5241881056431543 1.0 [-1,-1] 1.0 1.0 1.0 0.000833303205902425 0.11070054926254569 86.85042339502137 -219.39523975026304 2383.5086392710477 2383.5086392710477 -1860.509435034367 -1056.002525177144 1050.9408843732917
218.57709928468057 3.7822566692215274 39627878970688058 3 271-274-277 0.49365249062157796 0.6 10 1.4510696175603237 1.0 [-1,-1] 1.0 1.0 1.0 0.0005337442823398631 0.16272042362546515 86.21774333077848 -218.57709928468057 1925.048856581339 1925.048856581339 -443.9036986876226 -1842.5747982798741 -337.16571483537535
216.9222189806536 3.5314366028018593 39627872909921356 3 271-274-277 0.5926592081509923 0.6 10 1.5753012251886802 1.0 [4827968889890505590,-930761409224421258] 0.390625 1.0 2.5294117647058822 0.0007756247847600315 0.11796159141779075 86.46856339719814 -216.9222189806536 2249.162333252082 2249.162333252082 2216.90831871822 -340.3288343104616 168.00295311330012
218.2700117651045 2.5975306493425565 39627848788476415 3 271-274-277 0.6208168848413169 0.6 10 0.27636668760154637 1.0 [-585467951903145985,-22553216868696065] 0.9140625 1.0 1.0932203389830508 0.0007214233604467519 0.12571007283523317 87.40246935065744 -218.2700117651045 2337.8352154887384 2337.8352154887384 87.99332127066805 -1242.921095750165 1978.09954752794
217.2983180208355 1.795301381146651 39627830652306648 8 271-274-277-278-279-280-281-472 0.6385765513308371 1.0 10 0.9834096149036111 1.0 [-1,-1] 1.0 1.0 1.0 0.000833303205902425 0.11070054926254569 88.20469861885334 -217.2983180208355 2392.9862893419913 2392.9862893419913 -491.44288054491324 286.90590803513595 2324.339105224323
218.96759734501424 2.376519464250541 39627848796869205 7 271-274-277-278-279-280-472 0.4819936099693772 1.0 10 0.9183487744028518 1.0 [-1,-1] 1.0 1.0 1.0 0.00048380039118235755 0.17655271186088778 87.62348053574947 -218.96759734501424 1885.5874453018937 1885.5874453018937 -370.0538520564021 -510.8492677652034 1776.944902376575
218.50453046320533 2.327904405493667 39627842752872625 7 271-274-277-278-279-280-472 0.6662773954721369 1.0 10 0.4654733446208698 1.0 [-1,-1] 1.0 1.0 1.0 0.000700708733790897 0.12894715825466588 87.67209559450633 -218.50453046320533 2477.826658449392 2477.826658449392 -116.536595302701 -704.902509624881 2372.5843764136775
219.18225812415832 3.205715084245494 39627866916260791 6 271-274-277-278-279-281 1.0669124274656059 1.0 10 1.3713585242398136 1.0 [-1,-1] 1.0 1.0 1.0 0.0001568149373683449 0.39812733398474315 86.7942849157545 -219.18225812415832 3558.712123947869 3558.712123947869 -2443.7099700020317 -2183.5221601798025 1387.42370588438
217.92716131107704 1.7200658327726557 39627830660697908 6 271-274-277-278-279-281 0.7519886820287405 1.0 10 0.7204692145002984 1.0 [-1,-1] 1.0 1.0 1.0 0.0006416626200019751 0.139161677870846 88.27993416722734 -217.92716131107704 2731.458668265459 2731.458668265459 -340.4142796519694 775.7275751226564 2596.7732484462076
218.28849717302074 2.5944711449913354 39627848788476920 5 271-274-277-278-280 0.988523942297329 1.0 10 0.28952086961617235 1.0 [-1,-1] 1.0 1.0 1.0 0.0003578035202613049 0.22475091060875194 87.40552885500867 -218.28849717302074 3367.017610088687 3367.017610088687 93.16503755784771 -1783.4146784152292 2854.3930961304686
218.31694018563394 2.6020549256052066 39627848788477654 5 271-274-277-278-280 0.8526496737982162 1.0 10 0.31736821830760203 1.0 [-1,-1] 1.0 1.0 1.0 0.0006812235016579503 0.1321480675826358 87.3979450743948 -218.31694018563394 3012.981600506574 3012.981600506574 38.408233387682 -1616.9365369004906 2542.065925233931
217.31189244794274 1.7753525810627577 39627830652306974 7 271-274-277-278-280-281-472 0.8298633738002913 1.0 10 0.986218354860623 1.0 [-1,-1] 1.0 1.0 1.0 0.0006627118749498285 0.13533979738261318 88.22464741893724 -217.31189244794274 2950.743094428371 2950.743094428371 -649.9881942045181 391.39080477122144 2851.528255979941
218.95088703558483 2.3563742380810804 39627842757070770 7 271-274-277-278-280-281-472 0.40707628786607913 1.0 10 0.9031073763177244 1.0 [-1,-1] 1.0 1.0 1.0 0.0003379611466139912 0.2348475370676925 87.64362576191893 -218.95088703558483 1625.3192330983131 1625.3192330983131 -293.8294953121499 -420.2288524130965 1542.314672420472
218.1328766926539 3.9307370648511344 39627884993710142 6 271-274-277-278-280-472 0.6749230025632093 1.0 10 1.5030165493935301 1.0 [-1,-1] 1.0 1.0 1.0 0.0007209928471550773 0.12577569469930108 86.06926293514887 -218.1328766926539 2504.014136030182 2504.014136030182 489.6601785318424 -2322.239611255152 -798.4503058529459
217.67697604724114 3.286920680306967 39627866891094927 6 271-274-277-278-281-472 0.5993438401708987 1.0 10 0.9344042321779542 1.0 [-1,-1] 1.0 1.0 1.0 0.0007756247847600315 0.11796159141779075 86.71307931969304 -217.67697604724114 2270.3510682373494 2270.3510682373494 1327.9554631950125 -1697.995937263866 712.6275730368557
217.67454672015216 3.304130784292759 39627866891094882 6 271-274-277-278-281-472 0.8635741024158601 1.0 10 0.9511647415164581 1.0 [-1,-1] 1.0 1.0 1.0 0.0006812235016579503 0.1321480675826358 86.69586921570725 -217.67454672015216 3042.51967784047 3042.51967784047 1795.0204572207535 -2283.7559154662727 905.1444452562698
218.96564975966015 2.3718551140704704 39627842757071091 6 271-274-277-279-280-472 0.6729564725878581 1.0 10 0.916691797649825 1.0 [-1,-1] 1.0 1.0 1.0 0.0007209928471550773 0.12577569469930108 87.62814488592953 -218.96564975966015 2498.0696387638127 2498.0696387638127 -482.50721819290135 -668.8260034804773 2358.009856123092
218.9549743456755 3.742959970209182 39627878974885577 6 271-274-277-279-280-472 0.5230171828079161 1.0 10 1.5938732892267935 1.0 [-1,-1] 1.0 1.0 1.0 0.0006865842838717192 0.13125169390769817 86.25704002979082 -218.9549743456755 2023.2159877306376 2023.2159877306376 -1155.241811501553 -1637.9064534978472 -275.8291854709629
219.07121164981857 3.588244726011887 39627872947667329 6 271-274-277-279-280-472 0.9318823658205 1.0 10 1.5432091322391908 1.0 [-1,-1] 1.0 1.0 1.0 0.0004445766401596716 0.18918261239264766 86.4117552739881 -219.07121164981857 3222.900893019142 3222.900893019142 -2150.1619153678357 -2400.113496216476 57.87148870409522
218.2407321689901 4.0017864311530005 39627884993713298 6 271-274-277-279-280-472 1.0286645680365256 1.0 10 1.5832796860325211 1.0 [-1,-1] 1.0 1.0 1.0 0.00020304675497218746 0.33812883710054276 85.998213568847 -218.2407321689901 3466.2764151462115 3466.2764151462115 319.1892472880506 -3182.6152303140752 -1335.7210436267908
219.44720931062676 2.789392915992696 39627854845054854 6 271-274-277-279-281-472 0.7834242016678089 1.0 10 1.4412852852434357 1.0 [-1,-1] 1.0 1.0 1.0 0.0007324854237337303 0.12404708914385561 87.21060708400731 -219.44720931062676 2821.2216460777236 2821.2216460777236 -1726.8363663388375 -864.7759719777702 2056.5724539818875
219.44060822824898 2.7851303882330427 39627854845054707 6 271-274-277-279-281-472 0.622067859077749 1.0 10 1.4338409578272724 1.0 [-1,-1] 1.0 1.0 1.0 0.0007214233604467519 0.12571007283523317 87.21486961176696 -219.44060822824898 2341.739565596919 2341.739565596919 -1422.0841813016946 -723.9408769346102 1713.8641664603072
219.54952078006886 2.4746923740640954 39627848809448532 5 271-274-277-279-472 0.4875670592215456 1.0 10 1.4988138128153856 1.0 [-1,-1] 1.0 1.0 1.0 0.00048380039118235755 0.17655271186088778 87.52530762593591 -219.54952078006886 1904.4863203886061 1904.4863203886061 -757.4829983892544 -286.8193326772159 1723.665374166678
219.05328350636088 3.7148304194864896 39627878974887701 5 271-274-277-279-472 0.6088616695161848 1.0 10 1.6292430312117356 1.0 [-1,-1] 1.0 1.0 1.0 0.0007756247847600315 0.11796159141779075 86.28516958051351 -219.05328350636088 2300.372000603186 2300.372000603186 -1495.1156601254156 -1730.359170525266 -249.39455684909882
218.98999723622768 3.757094123391587 39627878974886432 5 271-274-277-279-472 0.5958551016517993 1.0 10 1.6254723844892778 1.0 [-1,-1] 1.0 1.0 1.0 0.0007756247847600315 0.11796159141779075 86.24290587660842 -218.98999723622768 2259.303330164828 2259.303330164828 -1350.5323994635555 -1779.0932611011735 -339.618821618421
218.98481645343657 3.7495581640994025 39627878974886314 5 271-274-277-279-472 0.6195676263392796 1.0 10 1.6163346707850663 1.0 [6196900228864049087,-6230086137977176130] 0.65625 1.0 1.5176470588235293 0.0007214233604467519 0.12571007283523317 86.2504418359006 -218.98481645343657 2333.9332507566764 2333.9332507566764 -1387.1516151905803 -1847.1257028528194 -333.4388299557643
219.09467911512323 3.601034833043773 39627872947667840 5 271-274-277-279-472 0.7335488294081379 1.0 10 1.5683170905569785 1.0 [-1,-1] 1.0 1.0 1.0 0.0007126833197713517 0.12705585074725267 86.39896516695623 -219.09467911512323 2678.0025596377563 2678.0025596377563 -1833.2089794127655 -1952.1401244326896 13.837695136933354
218.9929257486504 3.754484416287205 39627878974886513 5 271-274-277-279-472 0.5954373160991507 1.0 10 1.6250356377506312 1.0 [-1,-1] 1.0 1.0 1.0 0.0007756247847600315 0.11796159141779075 86.2455155837128 -218.9929257486504 2257.9787611996308 2257.9787611996308 -1355.474892172854 -1774.7877927202549 -333.592855931861
218.55282004187055 3.7490671144848933 39627878966498901 5 271-274-277-279-472 0.7732922279784088 1.0 10 1.4113895245398547 0.5 [-1,-1] 1.0 1.0 1.0 0.0007324854237337303 0.12404708914385561 86.25093288551511 -218.55282004187055 2792.476643331451 2792.476643331451 -581.9472386847625 -2702.070328833216 -397.59169128394024
219.03071101722986 3.7325215883307843 39627878974887269 5 271-274-277-279-472 0.6082359453717457 1.0 10 1.6295815244152152 1.0 [-1,-1] 1.0 1.0 1.0 0.0007756247847600315 0.11796159141779075 86.26747841166922 -219.03071101722986 2298.4036925847427 2298.4036925847427 -1451.4004626283302 -1758.4795057163165 -289.561839932592
217.7157535809146 4.064367408908241 39627884985323516 4 271-274-277-280 0.46000359808626634 1.0 10 1.6680861530253241 1.0 [-1,-1] 1.0 1.0 1.0 0.0005635091211985168 0.1554616369400361 85.93563259109176 -217.7157535809146 1810.400294686022 1810.400294686022 949.9294784864486 -1316.8100052262707 -800.7462913043612
217.71608128612272 4.088276165963752 39627884985323523 4 271-274-277-280 0.7694640829850957 1.0 10 1.6914530217411292 0.5 [-1,-1] 1.0 1.0 1.0 0.0006416626200019751 0.139161677870846 85.91172383403625 -217.71608128612272 2781.569986595876 2781.569986595876 1441.2292733257411 -1999.239462418119 -1289.5857257080847
219.43116511483916 2.760753511890118 39627854845054509 6 271-274-277-280-281-472 0.6231632755366572 1.0 10 1.4188368103629831 1.0 [-1,-1] 1.0 1.0 1.0 0.0007214233604467519 0.12571007283523317 87.23924648810988 -219.43116511483916 2345.1559706066973 2345.1559706066973 -1379.726546374337 -718.8629902036076 1754.8068796929515
