data_rosette/LRG_10_clustering_data.ecsv
# %ECSV 1.0
# ---
# datatype:
# - {name: RA, unit: deg, datatype: float64}
# - {name: DEC, unit: deg, datatype: float64}
# - {name: TARGETID, datatype: int64}
# - {name: NTILE, datatype: int64}
# - {name: TILES, datatype: string}
# - {name: Z, datatype: float64}
# - {name: COMP_TILE, datatype: float64}
# - {name: ROSETTE_NUMBER, datatype: int32}
# - {name: ROSETTE_R, unit: deg, datatype: float64}
# - {name: FRACZ_TILELOCID, datatype: float64}
# - {name: BITWEIGHTS, datatype: string, subtype: 'int64[2]'}
# - {name: PROB_OBS, datatype: float64}
# - {name: WEIGHT_ZFAIL, datatype: float64}
# - {name: WEIGHT, datatype: float64}
# - {name: NZ, unit: h3 / Mpc3, datatype: float64}
# - {name: WEIGHT_FKP, datatype: float64}
# - {name: theta, unit: deg, datatype: float64}
# - {name: phi, unit: deg, datatype: float64}
# - {name: rho, unit: Mpc, datatype: float64}
# - {name: r, unit: Mpc, datatype: float64}
# - {name: x, unit: Mpc, datatype: float64}
# - {name: y, unit: Mpc, datatype: float64}
# - {name: z, unit: Mpc, datatype: float64}
# meta: !!omap
# - {EXTNAME: LSS}
# - {DESIDR: edr}
# - comments: ['Visit https://desidatamodel.readthedocs.io/en/latest/ for a more complet', e description]
# schema: astropy-2.0
RA DEC TARGETID NTILE TILES Z COMP_TILE ROSETTE_NUMBER ROSETTE_R FRACZ_TILELOCID BITWEIGHTS PROB_OBS WEIGHT_ZFAIL WEIGHT NZ WEIGHT_FKP theta phi rho r x y z
[from data line 1127]
217.2745916337455 1.3894378136507628 39627824612508273 11 271-272-273-274-276-277-278-279-280-281-472 0.9349663903694196 1.0 10 1.2974372840094033 1.0 [-1,-1] 1.0 1.0 1.0 0.0004445766401596716 0.18918261239264766 88.61056218634924 142.7254083662545 3230.8728537831944 3230.8728537831944 -418.8464284947018 -1899.2575140216313 2579.9085181615974
217.48723289685617 1.9345074164830085 39627836692108065 11 271-272-273-274-276-277-278-279-280-281-472 0.7154981105326708 1.0 10 0.7495055157464535 1.0 [-1,-1] 1.0 1.0 1.0 0.0006167714992318164 0.14396928707710532 88.06549258351698 142.51276710314383 2625.091461498995 2625.091461498995 -110.15572258440251 -240.38014815645778 2611.74046995277
219.16329692309785 2.2067920680863127 39627842761264527 11 271-272-273-274-276-277-278-279-280-281-472 0.8885856306637963 1.0 10 1.1345580478383217 1.0 [-1,-1] 1.0 1.0 1.0 0.0005690156306133545 0.15418916366201427 87.79320793191368 140.83670307690215 3109.4231643181643 3109.4231643181643 456.21615742266147 -270.35725701295974 3063.867847359823
219.1659452681691 2.517918478553976 39627848801062245 11 271-272-273-274-276-277-278-279-280-281-472 0.740641151537026 1.0 10 1.1183661387200101 1.0 [-1,-1] 1.0 1.0 1.0 0.0007126833197713517 0.12705585074725267 87.48208152144602 140.8340547318309 2698.6336500677585 2698.6336500677585 1075.5413875306147 -641.2290018069303 2390.5354354680544
218.75451198913603 3.0048157180758794 39627860876460174 11 271-272-273-274-276-277-278-279-280-281-472 0.6691127833780591 1.0 10 0.9086420851059098 1.0 [-1,-1] 1.0 1.0 1.0 0.000700708733790897 0.12894715825466588 86.99518428192413 141.24548801086397 2486.4302241991045 2486.4302241991045 2033.8914800495975 -258.01005496226395 1406.7876594322388
217.5661999800576 1.6020162774599536 39627824616703437 11 271-272-273-274-276-277-278-279-280-281-472 0.8194801278551622 1.0 10 0.9588147666483949 1.0 [-1,-1] 1.0 1.0 1.0 0.0006627118749498285 0.13533979738261318 88.39798372254005 142.4338000199424 2922.097896474395 2922.097896474395 -597.6288378788637 -1071.7718401572083 2651.942874830013
217.2695724712334 2.0544753250173593 39627836692103550 11 271-272-273-274-276-277-278-279-280-281-472 0.6485868020472466 1.0 10 0.865535323022702 1.0 [-1,-1] 1.0 1.0 1.0 0.000833303205902425 0.11070054926254569 87.94552467498264 142.7304275287666 2423.8103448622037 2423.8103448622037 9.726786575972922 45.18324796479346 2423.3696481526076
218.99257531919613 2.0128023728280238 39627836717273270 11 271-272-273-274-276-277-278-279-280-281-472 0.8535561344027243 1.0 10 1.0301278092999826 1.0 [-1,-1] 1.0 1.0 1.0 0.0006812235016579503 0.1321480675826358 87.98719762717198 141.00742468080387 3015.4399167563583 3015.4399167563583 -63.68185070771136 24.2791358432195 3014.66963978157
218.75457724646097 1.7045795123805896 39627830677471359 11 271-272-273-274-276-277-278-279-280-281-472 0.8082486988657848 1.0 10 1.010945761445495 1.0 [-1,-1] 1.0 1.0 1.0 0.0007229154976227362 0.12548315978664992 88.29542048761941 141.24542275353903 2890.9101515452076 2890.9101515452076 -931.565152118242 118.23581169971672 2734.1485264150815
217.46975504974557 3.5070586629781406 39627872918311236 11 271-272-273-274-276-277-278-279-280-281-472 0.862222197903503 1.0 10 1.223039911027643 1.0 [-1,-1] 1.0 1.0 1.0 0.0006812235016579503 0.1321480675826358 86.49294133702186 142.53024495025443 3038.8748152029452 3038.8748152029452 1211.5314245735995 2770.645513468835 300.79093809557656
217.1951084246261 2.0211963729830944 39627836687912920 11 271-272-273-274-276-277-278-279-280-281-472 0.7176143735853334 1.0 10 0.9470241298372584 1.0 [-1,-1] 1.0 1.0 1.0 0.0006167714992318164 0.14396928707710532 87.9788036270169 142.8048915753739 2631.3248278976585 2631.3248278976585 -5.127425983307853 -37.034837433642906 2631.0591936004957
217.0224717509573 2.052787641511266 39627836687909396 11 271-272-273-274-276-277-278-279-280-281-472 0.8653687779868737 1.0 10 1.0938394100541653 1.0 [-1,-1] 1.0 1.0 1.0 0.0006812235016579503 0.1321480675826358 87.94721235848874 142.9775282490427 3047.3537289236942 3047.3537289236942 -1.8567495137416536 52.933704135359214 3046.893389115034
216.85364905095412 2.9693801813204246 39627860842907821 11 271-272-273-274-276-277-278-279-280-281-472 0.5001755972100725 1.0 10 1.311106627262789 1.0 [-1,-1] 1.0 1.0 1.0 0.0005337442823398631 0.16272042362546515 87.03061981867958 143.14635094904588 1947.0065886527746 1947.0065886527746 -316.94985968949374 1532.9501219427216 1157.7743158042156
217.62046197274887 2.8231856511282287 39627854815693790 11 271-272-273-274-276-277-278-279-280-281-472 0.7586723751934943 1.0 10 0.581987691603906 1.0 [-1,-1] 1.0 1.0 1.0 0.0006416626200019751 0.139161677870846 87.17681434887177 142.37953802725113 2750.687112275327 2750.687112275327 1040.4624096702 1648.81744790368 1940.391348978152
217.46094112457902 3.5100065112771732 39627872918311013 11 271-272-273-274-276-277-278-279-280-281-472 0.8638658318528362 1.0 10 1.2298221641001592 1.0 [-1,-1] 1.0 1.0 1.0 0.0006812235016579503 0.1321480675826358 86.48999348872283 142.53905887542098 3043.3058203443543 3043.3058203443543 1189.1387008844713 2786.0760121967214 292.30107844930836
218.05166640062703 2.8996726486347817 39627860863878294 11 271-272-273-274-276-277-278-279-280-281-472 0.5317888558815872 1.0 10 0.46967559841671475 1.0 [-1,-1] 1.0 1.0 1.0 0.0007045118177349687 0.128340413101622 87.10032735136522 141.94833359937297 2052.2032237748012 2052.2032237748012 1308.5192802777556 851.0755078137998 1332.2859470896456
217.1906114387333 3.5157361578475754 39627872914115957 11 271-272-273-274-276-277-278-279-280-281-472 0.7629272067888564 1.0 10 1.3839663709193375 1.0 [-1,-1] 1.0 1.0 1.0 0.0006416626200019751 0.139161677870846 86.48426384215243 142.8093885612667 2762.88738607342 2762.88738607342 365.0938931158739 2727.260510939469 249.60621547408945
218.00058712254454 3.2085242431456082 39627866895290798 11 271-272-273-274-276-277-278-279-280-281-472 0.8323636166972794 1.0 10 0.7800869727362684 1.0 [-1,-1] 1.0 1.0 1.0 0.0006232532477076302 0.14268566385842998 86.7914757568544 141.99941287745546 2957.614012406131 2957.614012406131 2206.957101426744 1601.5099227883106 1145.419995483638
218.00657404386882 3.224298927687942 39627866895290925 10 271-272-273-274-276-277-278-279-280-472 0.8345151042839701 1.0 10 0.7954822324257732 1.0 [-1,-1] 1.0 1.0 1.0 0.0006232532477076302 0.14268566385842998 86.77570107231206 141.99342595613118 2963.518241229676 2963.518241229676 2235.369972702232 1601.7859502761214 1104.4651288022967
217.99645164551913 3.219963723263435 39627866895290695 10 271-272-273-274-276-277-278-279-280-472 0.7699968146283064 1.0 10 0.7917721260638843 1.0 [-1,-1] 1.0 1.0 1.0 0.0006416626200019751 0.139161677870846 86.78003627673657 142.00354835448087 2783.089292146426 2783.089292146426 2080.29115364721 1522.7658124906866 1048.4078426007854
217.0858511364558 2.346474581077665 39627842727708490 10 271-272-273-274-276-277-278-279-280-472 0.5783594831542997 1.0 10 0.9669256250399003 1.0 [-1,-1] 1.0 1.0 1.0 0.0006621615122706149 0.13543705131792066 87.65352541892233 142.9141488635442 2203.545109783922 2203.545109783922 19.09585291472859 674.1827552856801 2097.790268766042
219.35999522832444 2.9923413923191773 39627860884851011 10 271-272-273-274-276-277-278-279-280-472 0.79567277434653 1.0 10 1.4242407645364719 1.0 [-1,-1] 1.0 1.0 1.0 0.0007229154976227362 0.12548315978664992 87.00765860768082 140.64000477167556 2855.737102315502 2855.737102315502 1736.9159975179757 -1559.6112943906433 1644.983229554824
217.292406164884 1.6026395269129485 39627824612508644 10 271-272-273-274-276-277-278-279-280-472 0.9615563525676089 1.0 10 1.1214959911345599 1.0 [-1,-1] 1.0 1.0 1.0 0.00041974738576830407 0.19815580287489248 88.39736047308705 142.707593835116 3299.0042552797827 3299.0042552797827 -321.9771225006471 -1345.5616736168793 2994.8662059320213
217.01527263413803 2.054503744117276 39627836687909243 10 271-272-273-274-276-277-278-279-280-472 0.8667220650710825 1.0 10 1.100006984939628 1.0 [-1,-1] 1.0 1.0 1.0 0.0006812235016579503 0.1321480675826358 87.94549625588273 142.98472736586197 3050.9954379004676 3050.9954379004676 -2.461619896535714 58.212481264152025 3050.4390519303975
218.38469249386722 3.3056938959250504 39627866903677185 10 271-272-273-274-276-277-278-279-280-472 0.40813821647201515 1.0 10 0.9373239893255753 1.0 [-1,-1] 1.0 1.0 1.0 0.0003379611466139912 0.2348475370676925 86.69430610407495 141.61530750613278 1629.090406948099 1629.090406948099 1510.1284639909225 375.3818777238959 482.2198898129587
217.65627409540218 3.5983398564497784 39627872922503705 10 271-272-273-274-276-277-278-279-280-472 0.9331928808995849 1.0 10 1.2327222234281705 1.0 [-1,-1] 1.0 1.0 1.0 0.0004445766401596716 0.18918261239264766 86.40166014355022 142.34372590459782 3226.290255924546 3226.290255924546 1818.2873296857051 2664.9834145160253 25.365380592581857
217.57991503444273 3.133471950761903 39627866891092658 10 271-272-273-274-276-277-278-279-280-472 0.9939379222145903 1.0 10 0.8457714795256784 1.0 [-1,-1] 1.0 1.0 1.0 0.0002622817504223413 0.28340640119267335 86.8665280492381 142.42008496555727 3380.5420570068313 3380.5420570068313 1501.720650029927 2608.388335828121 1539.2238232243806
217.3562989424757 2.304873972439228 39627842731903158 10 271-272-273-274-276-277-278-279-280-472 0.8579038339425629 1.0 10 0.7043126815060757 1.0 [-1,-1] 1.0 1.0 1.0 0.0006812235016579503 0.1321480675826358 87.69512602756078 142.6437010575243 3027.2122699965203 3027.2122699965203 237.20883568562112 770.2004673204217 2917.9680149085875
217.84784333953206 2.848762818009681 39627854819887037 10 271-272-273-274-276-277-278-279-280-472 0.7795170315337412 1.0 10 0.46491157061436833 1.0 [-1,-1] 1.0 1.0 1.0 0.0007324854237337303 0.12404708914385561 87.15123718199033 142.15215666046794 2810.1576552485317 2810.1576552485317 1450.8820883851868 1436.7012993425387 1930.7554452655118
218.55388705193712 1.622096726566567 39627824633480422 10 271-272-273-274-276-277-278-279-280-472 0.7375053102193931 1.0 10 0.9519917489125814 1.0 [-1,-1] 1.0 1.0 1.0 0.0007126833197713517 0.12705585074725267 88.37790327343343 141.44611294806288 2689.522654114162 2689.522654114162 -1077.233068491068 -80.341507401515 2463.0562854573695
216.7869895505513 1.998289371500669 39627836683715380 10 271-272-273-274-276-277-278-279-280-472 0.6616995145581825 1.0 10 1.3338593512014498 1.0 [-1,-1] 1.0 1.0 1.0 0.000700708733790897 0.12894715825466588 88.00171062849932 143.2130104494487 2463.9043613188796 2463.9043613188796 24.43527333342824 -88.10435917712564 2462.2073919630134
218.38357470231387 3.6311278133504117 39627878966494939 10 271-272-273-274-276-277-278-279-280-472 0.4681049845460506 1.0 10 1.2464609866310281 1.0 [-1,-1] 1.0 1.0 1.0 0.0005635091211985168 0.1554616369400361 86.36887218664958 141.61642529768613 1838.2159050648622 1838.2159050648622 1782.876661522027 445.2971810021636 -45.81423386927262
218.64386090732395 3.5822079877726543 39627872939280483 10 271-272-273-274-276-277-278-279-280-472 0.5944460279061925 1.0 10 1.2958673350474657 1.0 [-1,-1] 1.0 1.0 1.0 0.0007756247847600315 0.11796159141779075 86.41779201222735 141.35613909267605 2254.834581859307 2254.834581859307 2253.9137042632296 -35.00681300632756 54.097396667329164
217.01354279737888 2.93871600048661 39627860847100278 10 271-272-273-274-276-277-278-279-280-472 0.7743881173011039 1.0 10 1.153547616748862 1.0 [-1,-1] 1.0 1.0 1.0 0.0007324854237337303 0.12404708914385561 87.06128399951339 142.98645720262112 2795.594256815395 2795.594256815395 -96.55671693401595 2193.480561951271 1730.5106395212033
218.42183096633852 2.172456000761332 39627842748681710 10 271-272-273-274-276-277-278-279-280-472 0.5613091892675611 1.0 10 0.45206640407614296 1.0 [-1,-1] 1.0 1.0 1.0 0.000677088223595666 0.13284793461577618 87.82754399923867 141.57816903366148 2148.632351628913 2148.632351628913 287.31316757917443 60.18801687270281 2128.485266293132
217.6516742934389 3.6500929907450397 39627878953912560 10 271-272-273-274-276-277-278-279-280-472 0.5897011383599673 1.0 10 1.2832918557935633 1.0 [-1,-1] 1.0 1.0 1.0 0.0006621615122706149 0.13543705131792066 86.34990700925496 142.3483257065611 2239.7583911818697 2239.7583911818697 1252.6011228493019 1854.1441093382357 -98.27359621274545
218.18043088079457 2.0468377153393473 39627836704689986 10 271-272-273-274-276-277-278-279-280-472 0.5767776222035357 1.0 10 0.4047215524979258 1.0 [-1,-1] 1.0 1.0 1.0 0.0006621615122706149 0.13543705131792066 87.95316228466065 141.81956911920543 2198.474434698553 2198.474434698553 22.653349149391065 10.884193684730787 2198.330775866833
218.908074089316 3.59101329367216 39627872943475240 10 271-272-273-274-276-277-278-279-280-472 0.8763188554944362 1.0 10 1.4429784343226555 1.0 [-1,-1] 1.0 1.0 1.0 0.0005690156306133545 0.15418916366201427 86.40898670632784 141.091925910684 3076.735914730439 3076.735914730439 2956.7906851685075 -849.4168867245347 46.72992232071403
218.48863218989862 3.5975347671310325 39627872935088102 10 271-272-273-274-276-277-278-279-280-472 0.9468583789204849 1.0 10 1.2469952290552175 1.0 [-1,-1] 1.0 1.0 1.0 0.0004445766401596716 0.18918261239264766 86.40246523286896 141.51136781010138 3261.476430147264 3261.476430147264 3229.5819402044185 454.12545912311464 28.26770750925013
217.98026027596126 1.6142374336846776 39627824620901548 9 271-272-273-274-276-277-278-279-281 0.7692564087016928 1.0 10 0.8187344232838909 1.0 [-1,-1] 1.0 1.0 1.0 0.0006416626200019751 0.139161677870846 88.38576256631532 142.01973972403874 2780.9775842779977 2780.9775842779977 -906.4243414047775 -686.3118627322003 2537.953361399429
218.2714561413302 1.0802203361540108 39627812549689873 9 271-272-273-274-276-277-278-279-281 0.48905955011225954 1.0 10 1.3678083514030726 1.0 [-1,-1] 1.0 1.0 1.0 0.00048380039118235755 0.17655271186088778 88.91977966384599 141.7285438586698 1909.5364017169552 1909.5364017169552 -1460.7587141352644 -544.6273139452479 1102.6759893390306
218.27134860824827 1.0691933858812972 39627812549689870 9 271-272-273-274-276-277-278-279-281 0.6245997923921831 1.0 10 1.3786739527445855 1.0 [-1,-1] 1.0 1.0 1.0 0.0007214233604467519 0.12571007283523317 88.93080661411871 141.72865139175173 2349.632752932148 2349.632752932148 -1811.2606210099877 -675.529827514553 1335.577960498067
218.10048300627787 3.2013179639575036 39627866899481658 9 271-272-273-274-276-277-278-279-281 0.5270316874009879 1.0 10 0.7729642598777556 1.0 [-1,-1] 1.0 1.0 1.0 0.0006865842838717192 0.13125169390769817 86.79868203604249 141.89951699372213 2036.5016055150384 2036.5016055150384 1617.0754661606688 942.8023928906819 802.2028259525076
218.8019477097837 2.201373760787158 39627842757067913 9 271-272-273-274-276-277-278-279-281 0.6555401393824734 1.0 10 0.7853479739064526 1.0 [-1,-1] 1.0 1.0 1.0 0.000700708733790897 0.12894715825466588 87.79862623921284 141.1980522902163 2445.111056505454 2445.111056505454 397.87703757391887 -69.78081102040355 2411.5125087857114
218.2663223971511 1.3350707826483876 39627818589487572 9 271-272-273-274-276-277-278-279-281 0.8573990478529775 1.0 10 1.116070537051827 1.0 [-1,-1] 1.0 1.0 1.0 0.0006812235016579503 0.1321480675826358 88.66492921735161 141.7336776028489 3025.847026938546 3025.847026938546 -1823.689660934484 -690.6263490522169 2313.642473898746
217.84526826177512 1.2447465146808394 39627818581101076 9 271-272-273-274-276-277-278-279-281 0.7001734548713956 1.0 10 1.2027868979051883 1.0 [-1,-1] 1.0 1.0 1.0 0.0005843703162771602 0.15074849413407446 88.75525348531916 142.15473173822488 2579.7131580906866 2579.7131580906866 -1299.6498237628928 -1293.5924223014867 1814.5106664286868
