data_rosette/LRG_17_clustering_data.ecsv
# %ECSV 1.0
# ---
# datatype:
# - {name: RA, unit: deg, datatype: float64}
# - {name: DEC, unit: deg, datatype: float64}
# - {name: TARGETID, datatype: int64}
# - {name: NTILE, datatype: int64}
# - {name: TILES, datatype: string}
# - {name: Z, datatype: float64}
# - {name: COMP_TILE, datatype: float64}
# - {name: ROSETTE_NUMBER, datatype: int32}
# - {name: ROSETTE_R, unit: deg, datatype: float64}
# - {name: FRACZ_TILELOCID, datatype: float64}
# - {name: BITWEIGHTS, datatype: string, subtype: 'int64[2]'}
# - {name: PROB_OBS, datatype: float64}
# - {name: WEIGHT_ZFAIL, datatype: float64}
# - {name: WEIGHT, datatype: float64}
# - {name: NZ, unit: h3 / Mpc3, datatype: float64}
# - {name: WEIGHT_FKP, datatype: float64}
# - {name: theta, unit: deg, datatype: float64}
# - {name: phi, unit: deg, datatype: float64}
# - {name: rho, unit: Mpc, datatype: float64}
# - {name: r, unit: Mpc, datatype: float64}
# - {name: x, unit: Mpc, datatype: float64}
# - {name: y, unit: Mpc, datatype: float64}
# - {name: z, unit: Mpc, datatype: float64}
# meta: !!omap
# - {EXTNAME: LSS}
# - {DESIDR: edr}
# - comments: ['Visit https://desidatamodel.readthedocs.io/en/latest/ for a more complet', e description]
# schema: astropy-2.0
RA DEC TARGETID NTILE TILES Z COMP_TILE ROSETTE_NUMBER ROSETTE_R FRACZ_TILELOCID BITWEIGHTS PROB_OBS WEIGHT_ZFAIL WEIGHT NZ WEIGHT_FKP theta phi rho r x y z
[from data line 1288]
212.89479146818206 -1.5846896272265378 39627752059440146 9 511-512-513-514-515-518-519-520-521 0.7291586400850069 1.0 17 0.9892399089725709 1.0 [-1,-1] 1.0 1.0 1.0 0.0006167714992318164 0.14396928707710532 91.58468962722654 -212.89479146818206 2665.1871921188213 2665.1871921188213 -911.5909678935661 -821.5774649038128 -2365.847658969466
211.67520981737948 -0.5090812630699275 39627776197660056 8 511-512-513-514-515-518-519-521 0.5602433474651893 1.0 17 1.1284061296428263 1.0 [-1,-1] 1.0 1.0 1.0 0.000677088223595666 0.13284793461577618 90.50908126306993 -211.67520981737948 2145.180732016549 2145.180732016549 -449.9472219400606 1119.061588382605 -1773.992399050819
212.33594575539067 -0.37345464254867616 39627782250039563 8 511-512-513-514-515-518-519-521 0.8641647785165091 1.0 17 0.516384856633568 1.0 [-1,-1] 1.0 1.0 1.0 0.0006812235016579503 0.1321480675826358 90.37345464254868 -212.33594575539067 3044.1112688772328 3044.1112688772328 559.6694568092116 1957.790758853546 -2262.838673208476
213.2958615589778 -0.4634123000160148 39627776227017637 8 511-512-513-514-515-518-519-521 0.5495837769668892 1.0 17 0.5143088514564339 1.0 [-1,-1] 1.0 1.0 1.0 0.0007045118177349687 0.128340413101622 90.46341230001602 -213.2958615589778 2110.537609498122 2110.537609498122 1195.830698157599 412.86314877075927 -1689.3495679808402
212.00653513195246 -0.19404452108113793 39627782245843155 8 511-512-513-514-515-518-519-521 0.8269726646068987 1.0 17 0.8912651028121372 1.0 [-1,-1] 1.0 1.0 1.0 0.0006627118749498285 0.13533979738261318 90.19404452108114 -212.00653513195246 2942.786228387751 2942.786228387751 -118.56392163661249 2324.1826982585817 -1801.1407961595369
212.05470266216565 -1.7324084401539885 39627746007057459 8 511-512-513-514-515-518-519-521 0.4717097018001553 1.0 17 1.3555695497442295 1.0 [-1,-1] 1.0 1.0 1.0 0.00048380039118235755 0.17655271186088778 91.73240844015399 -212.05470266216565 1850.5490019826757 1850.5490019826757 3.038408005815024 -1084.5792273996196 -1499.4033067554278
213.13579439428077 -0.2432331288075688 39627782262622855 7 511-512-513-514-515-518-520 0.8276427768886482 1.0 17 0.489932654166105 1.0 [-1,-1] 1.0 1.0 1.0 0.0006627118749498285 0.13533979738261318 90.24323312880757 -213.13579439428077 2944.6319901503225 2944.6319901503225 1971.338989922655 1057.843153318697 -1914.588208258928
212.37337166441472 -0.12662220544434571 39627782250040548 7 511-512-513-514-515-518-520 0.6367060728833913 1.0 17 0.6372518492765309 1.0 [-1,-1] 1.0 1.0 1.0 0.000833303205902425 0.11070054926254569 90.12662220544435 -212.37337166441472 2387.2057509907177 2387.2057509907177 615.6875166614252 1883.9346737907483 -1330.5902165127288
211.83034275260815 0.13583391955639096 39627794321245671 8 511-512-513-514-515-518-520-521 0.4880115299191471 1.0 17 1.2172339067408764 1.0 [-1,-1] 1.0 1.0 1.0 0.00048380039118235755 0.17655271186088778 89.86416608044361 -211.83034275260815 1905.9907332704145 1905.9907332704145 -406.2618868047704 1757.5599387911768 -615.4145076278867
214.11400208953108 -0.9954245436062106 39627764160006641 8 511-512-513-514-515-518-520-521 0.6242331500123282 1.0 17 1.3720861943041522 1.0 [-1,-1] 1.0 1.0 1.0 0.0007214233604467519 0.12571007283523317 90.9954245436062 -214.11400208953108 2348.4905154359826 2348.4905154359826 229.5703764430801 -121.1854940100706 -2334.099230837045
212.74500104343056 -1.7205622654636912 39627746015449724 8 511-512-513-514-515-518-520-521 1.049593998810474 1.0 17 1.1219105754010108 1.0 [-1,-1] 1.0 1.0 1.0 0.00017111768859933566 0.3774092623312036 91.72056226546368 -212.74500104343056 3517.1127310818238 3517.1127310818238 -1286.6186687902962 -1566.8752098965483 -2873.951363692465
213.65992730419475 0.07100061992979438 39627788310809977 8 511-512-513-514-515-518-520-521 0.6613671181535816 1.0 17 1.090730300844254 1.0 [-1,-1] 1.0 1.0 1.0 0.000700708733790897 0.12894715825466588 89.92899938007021 -213.65992730419475 2462.891961775222 2462.891961775222 2273.4196832299067 -71.9251090725862 -944.5774388395741
212.33855489923218 -0.9984747437775352 39627764130645858 7 511-512-513-514-515-518-521 0.6389219625449544 1.0 17 0.6096485982324588 1.0 [-1,-1] 1.0 1.0 1.0 0.000833303205902425 0.11070054926254569 90.99847474377754 -212.33855489923218 2394.053030140737 2394.053030140737 71.38563357631938 247.2723521416265 -2380.178645881712
213.4759195593275 -0.3848921752873955 39627776227021364 8 511-512-513-514-515-519-520-521 0.6994462075079116 1.0 17 0.7092984855229651 1.0 [-1,-1] 1.0 1.0 1.0 0.0005843703162771602 0.15074849413407446 90.38489217528739 -213.4759195593275 2577.5491530588442 2577.5491530588442 1682.380857835819 258.365529626309 -1935.6139952797657
213.48657394286704 -0.47395430735242294 39627776227021611 8 511-512-513-514-515-519-520-521 0.8362010725564729 1.0 17 0.698018411188102 1.0 [-1,-1] 1.0 1.0 1.0 0.0006232532477076302 0.14268566385842998 90.47395430735243 -213.48657394286704 2968.1396256145727 2968.1396256145727 1736.427731843259 247.7589143648163 -2394.42834296244
212.90344441986355 -1.6186102651083916 39627752059440347 8 511-512-513-514-515-519-520-521 0.7474352378928578 1.0 17 1.023847316480012 1.0 [-1,-1] 1.0 1.0 1.0 0.0007126833197713517 0.12705585074725267 91.61861026510839 -212.90344441986355 2718.3140606044703 2718.3140606044703 -997.7004841104743 -883.6595554088848 -2369.170923808635
212.00709889032535 -0.5129275026150522 39627776206045394 8 511-512-513-514-515-519-520-521 0.46725484059925343 1.0 17 0.7976304707097979 1.0 [-1,-1] 1.0 1.0 1.0 0.0005635091211985168 0.1554616369400361 90.51292750261506 -212.00709889032535 1835.3033440492306 1835.3033440492306 -51.69671688119359 1024.7534001669724 -1521.6919146095977
214.0314831349497 0.09751917333303411 39627788319196011 8 511-512-513-514-515-519-520-521 0.7899936000402984 1.0 17 1.4152864786187316 0.5 [-1,-1] 1.0 1.0 1.0 0.0007324854237337303 0.12404708914385561 89.90248082666696 -214.0314831349497 2839.7654495263614 2839.7654495263614 2438.037194080942 -1039.9445125135976 -1019.1947112767225
213.0200253943271 -1.703598312217943 39627746023834117 8 511-512-513-514-515-519-520-521 0.793962620828252 1.0 17 1.1253085575608335 1.0 [-1,-1] 1.0 1.0 1.0 0.0007229154976227362 0.12548315978664992 91.70359831221795 -213.0200253943271 2850.9333730452704 2850.9333730452704 -1316.0208397665856 -916.4168818588543 -2357.136047301349
212.3683635975342 0.4447854805863046 39627800369433097 7 511-512-513-514-515-520-521 0.6377762374226371 1.0 17 1.130434067055685 1.0 [-1,-1] 1.0 1.0 1.0 0.000833303205902425 0.11070054926254569 89.5552145194137 -212.3683635975342 2390.5138002800823 2390.5138002800823 731.0596027659944 2275.491735013823 -47.386183818989814
213.07177249406058 -0.6262659377500835 39627770183026382 6 511-512-513-514-515-521 0.41111803829514465 1.0 17 0.27302331197634455 1.0 [-1,-1] 1.0 1.0 1.0 0.0006262316776515472 0.14210347001521706 90.62626593775008 -213.07177249406058 1639.6597978813672 1639.6597978813672 642.8033421287014 399.90289004360665 -1454.4297145862047
212.40565063534024 0.3870517493412159 39627800369433935 6 511-512-513-514-515-521 0.6381633021768689 1.0 17 1.0629102474528491 1.0 [-1,-1] 1.0 1.0 1.0 0.000833303205902425 0.11070054926254569 89.61294825065879 -212.40565063534024 2391.70974827836 2391.70974827836 813.4935874011472 2241.4647273587684 -185.3094149616511
212.5715410023754 0.8663820763434221 39627806413424570 7 511-512-513-514-516-517-518 0.8418773101315681 1.0 17 1.484071014594883 1.0 [-1,-1] 1.0 1.0 1.0 0.0006232532477076302 0.14268566385842998 89.13361792365657 -212.5715410023754 2983.66426133647 2983.66426133647 1350.2341695469772 2391.188677797704 1166.7633945819348
212.91420110993604 -0.7402639664143336 39627770178833846 8 511-512-513-514-516-517-518-519 0.8224204452975473 1.0 17 0.180870349318242 1.0 [-1,-1] 1.0 1.0 1.0 0.0006627118749498285 0.13533979738261318 90.74026396641433 -212.91420110993604 2930.22781728 2930.22781728 792.3104232941594 686.6810147877554 -2736.2288716828866
212.58603734636952 -1.2725606653425872 39627758095042341 8 511-512-513-514-516-517-518-519 0.6500210878310919 1.0 17 0.7057656239973721 1.0 [-1,-1] 1.0 1.0 1.0 0.000700708733790897 0.12894715825466588 91.27256066534258 -212.58603734636952 2428.2114946863353 2428.2114946863353 -202.78067882918336 -347.25787722474536 -2394.682239030011
213.18962012038037 -1.8080948905237904 39627746023838423 8 511-512-513-514-516-517-518-519 0.7783544066310494 1.0 17 1.2693401611002078 1.0 [-1,-1] 1.0 1.0 1.0 0.0007324854237337303 0.12404708914385561 91.80809489052379 -213.18962012038037 2806.860379029024 2806.860379029024 -1640.7184230956252 -769.7748215498327 -2143.3513402112785
211.73127637690314 0.07345354404848131 39627788277256336 8 511-512-513-514-516-517-518-519 0.522670114858369 1.0 17 1.263199347649677 1.0 [-1,-1] 1.0 1.0 1.0 0.0006865842838717192 0.13125169390769817 89.92654645595152 -211.73127637690314 2022.065881882754 2022.065881882754 -599.0702710881482 1770.744628150763 -770.9271709103709
213.0478852293071 -0.8684149337949184 39627770183025813 8 511-512-513-514-516-517-518-519 0.6041384107742348 1.0 17 0.3653538855077523 1.0 [-1,-1] 1.0 1.0 1.0 0.0007756247847600315 0.11796159141779075 90.86841493379492 -213.0478852293071 2285.4957413272414 2285.4957413272414 450.1627992026997 295.19968194836997 -2221.193684849776
213.5579525963851 -1.2232908716599051 39627758111819172 8 511-512-513-514-516-517-518-519 0.904098773347943 1.0 17 0.9812403112902697 1.0 [-1,-1] 1.0 1.0 1.0 0.0005275616701708153 0.16431404058018498 91.2232908716599 -213.5579525963851 3150.419221689615 3150.419221689615 -367.17339461960034 -25.87255167032329 -3128.8425306724826
211.8790530288737 -0.66934115506833 39627770162055787 8 511-512-513-514-516-517-518-519 0.6153685882200947 1.0 17 0.9234973465273304 1.0 [-1,-1] 1.0 1.0 1.0 0.0007214233604467519 0.12571007283523317 90.66934115506832 -211.8790530288737 2320.7960928707644 2320.7960928707644 -174.29097699045832 966.2981171247314 -2102.8516611651703
213.62165102041843 -0.5947708485017911 39627776231213938 8 511-512-513-514-516-517-518-519 0.7319973846109814 1.0 17 0.8216229999173847 1.0 [-1,-1] 1.0 1.0 1.0 0.0007126833197713517 0.12705585074725267 90.5947708485018 -213.62165102041843 2673.477653272907 2673.477653272907 1308.4048713804586 8.700266571945566 -2331.412396050744
213.73514990367727 -0.19274495153716611 39627782271014575 8 511-512-513-514-516-517-518-519 0.7168168945736723 1.0 17 1.0199590587719851 1.0 [-1,-1] 1.0 1.0 1.0 0.0006167714992318164 0.14396928707710532 90.19274495153716 -213.73514990367727 2628.97682758825 2628.97682758825 2069.2598595129516 -221.9445740584001 -1606.3696336305834
212.30955997402992 -1.6973429692240616 39627746011251883 9 511-512-513-514-516-517-518-519-520 0.5309639289882038 1.0 17 1.2019105579284899 1.0 [-1,-1] 1.0 1.0 1.0 0.0007045118177349687 0.128340413101622 91.69734296922407 -212.30955997402992 2049.4836943682953 2049.4836943682953 -284.86458445688453 -1106.1285947446752 -1701.6800856482669
212.54069982728683 -0.9628866065136618 39627764134839277 9 511-512-513-514-516-517-518-519-520 0.596812261709251 1.0 17 0.44599387619536246 1.0 [-1,-1] 1.0 1.0 1.0 0.0007756247847600315 0.11796159141779075 90.96288660651366 -212.54069982728683 2262.33669062373 2262.33669062373 150.10907386704545 286.09670698762454 -2239.14788299834
214.02146579389213 -1.1407266504072602 39627758120206800 9 511-512-513-514-516-517-518-519-520 0.6795453676863136 1.0 17 1.335667864905101 1.0 [-1,-1] 1.0 1.0 1.0 0.0007209928471550773 0.12577569469930108 91.14072665040726 -214.02146579389213 2517.958791831105 2517.958791831105 -80.31787160083645 33.31263520289501 -2516.456990531908
211.8833074463556 -0.7071356971263959 39627770162055882 9 511-512-513-514-516-517-518-519-520 0.6161898355769944 1.0 17 0.9228725328516012 1.0 [-1,-1] 1.0 1.0 1.0 0.0007214233604467519 0.12571007283523317 90.70713569712639 -211.8833074463556 2323.3680997786055 2323.3680997786055 -156.45873035876528 889.0696121361194 -2140.821154963558
212.02566746974577 -0.3695512093354793 39627782245843646 9 511-512-513-514-516-517-518-519-520 0.8094966344637086 1.0 17 0.8078699037315705 1.0 [-1,-1] 1.0 1.0 1.0 0.0007229154976227362 0.12548315978664992 90.36955120933548 -212.02566746974577 2894.385900867716 2894.385900867716 -61.89423570600588 1943.4622549980238 -2143.9667231853637
212.26530597279054 -0.9112211790473884 39627764130644374 9 511-512-513-514-516-517-518-519-520 0.7051005186011272 1.0 17 0.6186322824384625 1.0 [-1,-1] 1.0 1.0 1.0 0.0005843703162771602 0.15074849413407446 90.91122117904739 -212.26530597279054 2594.3489933160186 2594.3489933160186 103.69342715368491 491.7981252264962 -2545.197237211424
212.08967744090512 -1.2729530989178215 39627758086653679 9 511-512-513-514-516-517-518-519-520 0.7514331547727099 1.0 17 0.9784086198781138 1.0 [-1,-1] 1.0 1.0 1.0 0.0006416626200019751 0.139161677870846 91.27295309891782 -212.08967744090512 2729.856949878443 2729.856949878443 -14.57652110387072 -452.90599890755345 -2691.9848899995145
212.02280942171004 -0.34565884521874785 39627782245843563 9 511-512-513-514-516-517-518-519-520 0.521499704609638 1.0 17 0.8177239696790538 1.0 [-1,-1] 1.0 1.0 1.0 0.0006865842838717192 0.13125169390769817 90.34565884521875 -212.02280942171004 2018.1856206934156 2018.1856206934156 -48.25562501153936 1390.306515287593 -1462.1191428119946
214.01986371178205 -0.423425224706139 39627776239600158 9 511-512-513-514-516-517-518-519-520 0.8348074541978506 1.0 17 1.23252839849201 1.0 [-1,-1] 1.0 1.0 1.0 0.0006232532477076302 0.14268566385842998 90.42342522470614 -214.01986371178205 2964.3199336970574 2964.3199336970574 1728.745834844105 -713.7706285764136 -2299.8178183509485
212.02703707712715 -0.5894117942986286 39627776206045857 9 511-512-513-514-516-517-518-519-520 0.49212071633886173 1.0 17 0.7729938039218489 1.0 [-1,-1] 1.0 1.0 1.0 0.0005337442823398631 0.16272042362546515 90.58941179429863 -212.02703707712715 1919.880132925478 1919.880132925478 -28.895723172251962 948.132201794631 -1669.176470569954
212.01156989544728 -1.6659487965575084 39627746007056589 9 511-512-513-514-516-517-518-519-520 1.030902237921397 1.0 17 1.3257480478007428 1.0 [-1,-1] 1.0 1.0 1.0 0.00017111768859933566 0.3774092623312036 91.66594879655752 -212.01156989544728 3471.741278373601 3471.741278373601 84.64722921925247 -1841.49602468167 -2941.889654903847
211.9225032576129 -1.2293271976225444 39627758082461119 9 511-512-513-514-516-517-518-519-520 0.7512827061655705 1.0 17 1.0797450118544385 1.0 [-1,-1] 1.0 1.0 1.0 0.0006416626200019751 0.139161677870846 91.22932719762254 -211.9225032576129 2729.4230775461247 2729.4230775461247 45.12209809926659 -332.20265650800746 -2708.755383476607
212.0206278120717 -0.3674167264074766 39627782245843508 9 511-512-513-514-516-517-518-519-520 0.4656934010273531 1.0 17 0.813309203316267 1.0 [-1,-1] 1.0 1.0 1.0 0.0005635091211985168 0.1554616369400361 90.36741672640747 -212.0206278120717 1829.9500320351601 1829.9500320351601 -45.430543226834054 1231.412636836608 -1352.8769727239467
213.4817312032335 0.15585108725075422 39627794346414932 9 511-512-513-514-516-517-518-519-520 0.6896311017768229 1.0 17 1.0178676618826694 1.0 [-1,-1] 1.0 1.0 1.0 0.0007209928471550773 0.12577569469930108 89.84414891274925 -213.4817312032335 2548.24935229649 2548.24935229649 2401.716360908114 354.5603399839039 -774.3515019267832
212.72401152972287 -2.0806139214007042 39627739975651648 9 511-512-513-514-516-517-518-519-520 0.4864850107288524 1.0 17 1.4825614155767215 1.0 [-1,-1] 1.0 1.0 1.0 0.00048380039118235755 0.17655271186088778 92.0806139214007 -212.72401152972287 1900.8221934176686 1900.8221934176686 -972.3149624591978 -1236.1218129463664 -1067.5820756856656
