data_rosette/LRG_2_clustering_data.ecsv
# %ECSV 1.0
# ---
# datatype:
# - {name: RA, unit: deg, datatype: float64}
# - {name: DEC, unit: deg, datatype: float64}
# - {name: TARGETID, datatype: int64}
# - {name: NTILE, datatype: int64}
# - {name: TILES, datatype: string}
# - {name: Z, datatype: float64}
# - {name: COMP_TILE, datatype: float64}
# - {name: ROSETTE_NUMBER, datatype: int32}
# - {name: ROSETTE_R, unit: deg, datatype: float64}
# - {name: FRACZ_TILELOCID, datatype: float64}
# - {name: BITWEIGHTS, datatype: string, subtype: 'int64[2]'}
# - {name: PROB_OBS, datatype: float64}
# - {name: WEIGHT_ZFAIL, datatype: float64}
# - {name: WEIGHT, datatype: float64}
# - {name: NZ, unit: h3 / Mpc3, datatype: float64}
# - {name: WEIGHT_FKP, datatype: float64}
# - {name: theta, unit: deg, datatype: float64}
# - {name: phi, unit: deg, datatype: float64}
# - {name: rho, unit: Mpc, datatype: float64}
# - {name: r, unit: Mpc, datatype: float64}
# - {name: x, unit: Mpc, datatype: float64}
# - {name: y, unit: Mpc, datatype: float64}
# - {name: z, unit: Mpc, datatype: float64}
# meta: !!omap
# - {EXTNAME: LSS}
# - {DESIDR: edr}
# - comments: ['Visit https://desidatamodel.readthedocs.io/en/latest/ for a more complet', e description]
# schema: astropy-2.0
RA DEC TARGETID NTILE TILES Z COMP_TILE ROSETTE_NUMBER ROSETTE_R FRACZ_TILELOCID BITWEIGHTS PROB_OBS WEIGHT_ZFAIL WEIGHT NZ WEIGHT_FKP theta phi rho r x y z
[from data line 5791]
182.4438942245659 -1.4646213706179014 39627751547735967 4 62-64-65-448 0.5692854545792917 1.0 2 1.6048354369931288 1.0 [-1,-1] 1.0 1.0 1.0 0.000677088223595666 0.13284793461577618 91.4646213706179 -182.4438942245659 2174.3918351283533 2174.3918351283533 -742.4429148717102 175.02913493641356 -2036.2031265944606
182.1914015006077 -1.3231639156919852 39627757583339313 4 62-64-65-448 0.5143371022300547 1.0 2 1.6050443028736154 1.0 [-1,-1] 1.0 1.0 1.0 0.0006865842838717192 0.13125169390769817 91.32316391569198 -182.1914015006077 1994.3794580357064 1994.3794580357064 -429.2525093415416 -9.00377870773024 -1947.6166557687295
182.54682846965764 -1.4892000808949122 39627751551927343 2 62-65 0.731275231630722 1.0 2 1.588598978043361 0.5 [7609878494205009751,-2460276066780972037] 0.6796875 1.0 1.4659090909090908 0.0007126833197713517 0.12705585074725267 91.48920008089492 -182.54682846965764 2671.3699845895035 2671.3699845895035 -943.0179647019879 327.70788205672017 -2477.8099719011834
182.53995318819193 -1.4800270887932039 39627751551927187 3 62-65-448 0.7317779969564215 1.0 2 1.5824230941885389 1.0 [-1,-1] 1.0 1.0 1.0 0.0007126833197713517 0.12705585074725267 91.48002708879321 -182.53995318819193 2672.837448361118 2672.837448361118 -924.1963893645008 314.06261310950316 -2488.2294376311083
183.10259575156778 -1.6693313142381596 39627745520519301 3 62-65-448 0.4642920981073989 1.0 2 1.6693333318171433 1.0 [-1,-1] 1.0 1.0 1.0 0.0005635091211985168 0.1554616369400361 91.66933131423816 -183.10259575156778 1825.1414606919786 1825.1414606919786 -613.0980324261994 757.2739189162454 -1543.304365930844
184.32269562555373 1.1592295253522122 39627818019062978 1 63 0.6358626842472809 0.7692307692307693 2 1.6848126552670508 1.0 [-1,-1] 1.0 1.0 1.0 0.000833303205902425 0.11070054926254569 88.84077047464778 -184.32269562555373 2384.5971824539265 2384.5971824539265 -941.1916511340057 -1571.8366053196673 1526.3655147375393
184.17975290698104 1.25337272854118 39627818014870579 1 63 0.6850394208972911 0.7692307692307693 2 1.654274329281405 1.0 [-1,-1] 1.0 1.0 1.0 0.0007209928471550773 0.12577569469930108 88.74662727145882 -184.17975290698104 2534.482179909237 2534.482179909237 -689.9174528731156 -1647.482133920262 1798.1703053137346
184.346063075322 0.8269527990110809 39627805939468075 1 63 0.7347691636616189 0.7692307692307693 2 1.4954652455411437 0.5 [-1,-1] 1.0 1.0 1.0 0.0007126833197713517 0.12705585074725267 89.17304720098892 -184.346063075322 2681.558762314131 2681.558762314131 -1338.058534106022 -2120.580914625771 950.5226665233521
184.4217354099795 0.90466221617362 39627811979267220 1 63 0.9011671753581459 0.7692307692307693 2 1.6016407323738855 0.5 [-1,-1] 1.0 1.0 1.0 0.0005275616701708153 0.16431404058018498 89.09533778382638 -184.4217354099795 3142.701060982683 3142.701060982683 -1694.7277809698546 -2283.027458664832 1338.7506601653174
184.34185614145903 1.1138165302584953 39627811979265734 1 63 0.6018660184153284 0.7692307692307693 2 1.668112603883481 0.3333333333333333 [2428729322387804942,-9222879351089444348] 0.3125 1.0 3.1463414634146343 0.0007756247847600315 0.11796159141779075 88.88618346974151 -184.34185614145903 2278.3234157109496 2278.3234157109496 -961.9906871626563 -1538.8885930950037 1377.3719187028641
184.26966577342858 1.0970005802937193 39627811979264403 1 63 0.4045556514007208 0.7692307692307693 2 1.6035464169102536 1.0 [-1,-1] 1.0 1.0 1.0 0.0003379611466139912 0.2348475370676925 88.90299941970628 -184.26966577342858 1616.3582923926854 1616.3582923926854 -609.5579824717238 -1152.5122021887062 955.3893547647152
184.36687248943466 1.1275878275455578 39627818019063696 1 63 0.8445264713740332 0.7692307692307693 2 1.6959401511547005 1.0 [-1,-1] 1.0 1.0 1.0 0.0006232532477076302 0.14268566385842998 88.87241217245445 -184.36687248943466 2990.8916532538146 2990.8916532538146 -1299.1529470915787 -1967.0045539605187 1840.795367841082
184.59601977384136 0.7767123607417357 39627805943662643 1 63 0.9013055212029497 0.7692307692307693 2 1.685591928653821 1.0 [-1,-1] 1.0 1.0 1.0 0.0005275616701708153 0.16431404058018498 89.22328763925826 -184.59601977384136 3143.065594479805 3143.065594479805 -2172.3732993043614 -2056.2622690101225 965.1119420655385
184.79525558328044 -0.06557355902870264 39627787828462444 1 63 1.0753490583976912 0.7692307692307693 2 1.6965229528220191 0.5 [-1584009007201980964,7765028387954244033] 0.5078125 1.0 1.9545454545454546 0.0001075182622224553 0.4910338705006151 90.0655735590287 -184.79525558328044 3578.8261252744974 3578.8261252744974 -2618.0166633862036 -1636.6669728106688 -1809.7807616642967
184.75426181280676 -0.13297982080445428 39627781788663946 1 63 0.930467289200669 0.7692307692307693 2 1.6595965967734858 1.0 [-1,-1] 1.0 1.0 1.0 0.0004445766401596716 0.18918261239264766 90.13297982080445 -184.75426181280676 3219.238139667267 3219.238139667267 -2196.9309820232465 -1502.0493020044696 -1811.3079126594205
184.45248523350153 -0.9096477402528536 39627763660886244 2 63-448 0.5042751031176912 1.0 2 1.6298839284130509 1.0 [-1,-1] 1.0 1.0 1.0 0.0005337442823398631 0.16272042362546515 90.90964774025285 -184.45248523350153 1960.7619265898195 1960.7619265898195 -237.5639524138298 -300.2806139322221 -1923.0138465893137
184.48017533561912 -0.9033832555689572 39627763660886843 2 63-448 0.677527357593773 1.0 2 1.6494930749260945 1.0 [-1,-1] 1.0 1.0 1.0 0.0007209928471550773 0.12577569469930108 90.90338325556895 -184.48017533561912 2511.875726840125 2511.875726840125 -324.7705340787124 -387.93318833924855 -2460.396636452704
184.49951221213047 -0.9284819944240662 39627763660887287 2 63-448 0.44153584388295763 1.0 2 1.6794468695057245 1.0 [-1,-1] 1.0 1.0 1.0 0.0005288673958748294 0.16397488484989944 90.92848199442406 -184.49951221213047 1746.4846430883817 1746.4846430883817 -202.7201678913997 -232.84665543924476 -1718.9809705533078
184.73585281354494 -0.14281463791115528 39627781784474391 2 63-65 0.6163203529756457 1.0 2 1.6420733558735874 0.5 [-1,-1] 1.0 1.0 1.0 0.0007214233604467519 0.12571007283523317 90.14281463791116 -184.73585281354494 2323.776739611553 2323.776739611553 -1555.0514830753907 -1105.7430288104365 -1326.3052343943486
184.75473556497363 -0.3469885027742927 39627781788663959 2 63-65 0.5301351973776023 1.0 2 1.690715036332795 1.0 [-7699614419126582874,-5118368440761977034] 0.5625 1.0 1.7671232876712328 0.0007045118177349687 0.128340413101622 90.3469885027743 -184.75473556497363 2046.7502526016785 2046.7502526016785 -1163.3941841337532 -794.6080838980769 -1484.6880351954817
184.73727353278065 -0.3621138946534017 39627781784474414 3 63-65-448 0.7724470581374008 0.75 2 1.6768289716545213 1.0 [-1,-1] 1.0 1.0 1.0 0.0007324854237337303 0.12404708914385561 90.3621138946534 -184.73727353278065 2790.070869327201 2790.070869327201 -1541.598484477584 -1092.8828320229472 -2052.6998523881084
184.69233234332523 -0.4628090940412738 39627775744675485 3 63-65-448 0.6583016946448966 0.75 2 1.658209697605532 0.5 [1602251910255126132,-7963770897659842455] 0.5 1.0 1.9846153846153847 0.000700708733790897 0.12894715825466588 90.46280909404128 -184.69233234332523 2453.545751918435 2453.545751918435 -1161.301796111468 -904.3368458309013 -1963.0180244658718
184.7529728704944 -0.2638473602662246 39627781788663913 3 63-65-448 0.9150702497021618 0.75 2 1.6738922979363138 1.0 [-1,-1] 1.0 1.0 1.0 0.0004951280553168204 0.17321314004730964 90.26384736026623 -184.7529728704944 3179.1849043039724 3179.1849043039724 -1956.6250826340197 -1341.4554707502386 -2116.443281015565
183.15007444976882 0.18659026723109134 39627793838902391 3 63-65-448 0.812354203324893 0.75 2 0.1931925709782276 1.0 [-1,-1] 1.0 1.0 1.0 0.0006627118749498285 0.13533979738261318 89.8134097327689 -183.15007444976882 2902.3349456993565 2902.3349456993565 1651.2105767205835 -2250.0133857526425 -796.5497676151151
181.77568225287462 0.8769477057214163 39627811937321458 1 64 0.7431459342211272 0.5555555555555556 2 1.5883065874965583 1.0 [-1,-1] 1.0 1.0 1.0 0.0007126833197713517 0.12705585074725267 89.12305229427858 -181.77568225287462 2705.898693381866 2705.898693381866 2246.457468648887 1048.5232635033638 1084.3963972134836
181.85095315032981 -1.0995552678924083 39627763618941219 1 64 0.6748178095141806 0.5555555555555556 2 1.6640157103316442 1.0 [-1,-1] 1.0 1.0 1.0 0.0007209928471550773 0.12577569469930108 91.09955526789241 -181.85095315032981 2503.6963348692743 2503.6963348692743 15.530937101398713 5.871094459983727 -2503.641279712497
181.40169793046542 -0.19629190543597427 39627781729946812 1 64 0.7065029305898567 0.5555555555555556 2 1.709604968033326 1.0 [-1,-1] 1.0 1.0 1.0 0.0005843703162771602 0.15074849413407446 90.19629190543597 -181.40169793046542 2598.506842691502 2598.506842691502 1413.4072300237833 1486.732029873581 -1595.037831833162
181.58111024702507 0.694958712935316 39627805893330919 1 64 0.6614723747820703 0.5555555555555556 2 1.6702935523851516 1.0 [-1,-1] 1.0 1.0 1.0 0.000700708733790897 0.12894715825466588 89.30504128706468 -181.58111024702507 2463.2125703370825 2463.2125703370825 1935.9850424782933 1415.3056386912385 562.3949066765477
181.72047308847823 0.9463938737497214 39627811933131054 1 64 0.6138640230279551 0.5555555555555556 2 1.6728965233145188 0.5 [-1,-1] 1.0 1.0 1.0 0.0007214233604467519 0.12571007283523317 89.05360612625027 -181.72047308847823 2316.080712777564 2316.080712777564 1809.0959268389652 969.3719157342094 1073.182130200034
182.39172527418967 -1.4435883607105195 39627751547734856 3 64-65-448 0.8576083971908398 0.3333333333333333 2 1.6079472273427566 0.5 [3271145920188264284,-394380479972934063] 0.484375 1.0 2.0476190476190474 0.0006812235016579503 0.1321480675826358 91.44358836071052 -182.39172527418967 3026.413282788169 3026.413282788169 -985.7820509344959 178.72178885580516 -2855.778287696757
184.71842538535935 0.17271153714076282 39627793864069266 1 65 0.8478087117326628 0.75 2 1.6276123829616473 0.5 [-297876803980363779,-577410747798148353] 0.8203125 1.0 1.2169811320754718 0.0006232532477076302 0.14268566385842998 89.82728846285924 -184.71842538535935 2999.830247039128 2999.830247039128 -2311.9967137967287 -1705.4123688549791 -863.2620451522316
184.72473801578226 0.4237116554492676 39627799903867998 1 65 0.7437098292955713 0.75 2 1.6790643413621673 0.5 [-283951524325736329,-3296302698099651590] 0.5234375 1.0 1.8970588235294117 0.0007126833197713517 0.12705585074725267 89.57628834455073 -184.72473801578226 2707.532730552868 2707.532730552868 -2187.160419848072 -1592.108056698489 -110.7010418236325
184.76408103848445 -0.18915510330188637 39627781788664147 1 65 0.7514480573663798 0.75 2 1.6747941051661022 1.0 [-1,-1] 1.0 1.0 1.0 0.0006416626200019751 0.139161677870846 90.18915510330189 -184.76408103848445 2729.8999246783537 2729.8999246783537 -1800.781830807897 -1205.4250998682205 -1660.267666732907
182.66499508947066 -1.5366720144806636 39627751551929957 2 65-448 0.6590817077394824 0.75 2 1.597042509864555 1.0 [-1,-1] 1.0 1.0 1.0 0.000700708733790897 0.12894715825466588 91.53667201448066 -182.66499508947066 2455.925599407108 2455.925599407108 -921.6843055379363 448.2076904755395 -2231.855384416024
184.70724766444312 0.16055295386476218 39627793864069054 2 65-448 0.6799718902779678 0.75 2 1.6152447319549605 1.0 [-1,-1] 1.0 1.0 1.0 0.0007209928471550773 0.12577569469930108 89.83944704613523 -184.70724766444312 2519.2435398790703 2519.2435398790703 -1918.297748538021 -1448.3914844881706 -754.2439054036445
183.642875084641 -1.5975482820610563 39627751568706462 2 65-448 0.8437726837195755 0.75 2 1.6872455344059698 0.5 [-8120788457301955221,-8972777018571648911] 0.5234375 1.0 1.8970588235294117 0.0006232532477076302 0.14268566385842998 91.59754828206106 -183.642875084641 2988.8363557846083 2988.8363557846083 -197.19758613911117 1396.3568176562408 -2635.2312064533653
184.09235630806506 -1.404587922420374 39627751577093878 2 65-448 0.44301469117764636 0.75 2 1.719721195307225 1.0 [-1,-1] 1.0 1.0 1.0 0.0005288673958748294 0.16397488484989944 91.40458792242038 -184.09235630806506 1751.6289246307963 1751.6289246307963 156.69538593416732 490.546414533861 -1674.2206129474562
184.65440048947238 -0.7082940721091532 39627769704877373 2 65-448 0.7829557869775106 0.75 2 1.708132982888374 1.0 [-1,-1] 1.0 1.0 1.0 0.0007324854237337303 0.12404708914385561 90.70829407210915 -184.65440048947238 2819.896609092889 2819.896609092889 -836.00575728494 -703.5380315983722 -2599.604873409552
182.67437664844934 -1.560423327695214 39627751551930193 2 65-448 0.660528200749138 0.75 2 1.6174150388318813 0.5 [-4762697369270206722,-2774253672597636113] 0.796875 1.0 1.2524271844660195 0.000700708733790897 0.12894715825466588 91.56042332769522 -182.67437664844934 2460.3359094768452 2460.3359094768452 -966.3600232570028 481.1947233415551 -2210.848871166961
182.67539524081178 -1.542871539355917 39627751551930224 2 65-448 0.41317138918664503 0.75 2 1.600218175334609 1.0 [-45983164606583945,4512030398327680895] 0.6640625 1.0 1.5 0.0006262316776515472 0.14210347001521706 91.54287153935591 -182.67539524081178 1646.9321171026315 1646.9321171026315 -623.20765125406 311.116102984816 -1492.382120043689
184.27727971973255 -1.2560763688845797 39627757621084762 2 65-448 0.6249651503147804 0.75 2 1.721479983279764 1.0 [-1,-1] 1.0 1.0 1.0 0.0007214233604467519 0.12571007283523317 91.25607636888458 -184.27727971973255 2350.770735139075 2350.770735139075 166.47889141132515 309.0506060563385 -2324.4129475626687
