data_rosette/LRG_9_clustering_data.ecsv
# %ECSV 1.0
# ---
# datatype:
# - {name: RA, unit: deg, datatype: float64}
# - {name: DEC, unit: deg, datatype: float64}
# - {name: TARGETID, datatype: int64}
# - {name: NTILE, datatype: int64}
# - {name: TILES, datatype: string}
# - {name: Z, datatype: float64}
# - {name: COMP_TILE, datatype: float64}
# - {name: ROSETTE_NUMBER, datatype: int32}
# - {name: ROSETTE_R, unit: deg, datatype: float64}
# - {name: FRACZ_TILELOCID, datatype: float64}
# - {name: BITWEIGHTS, datatype: string, subtype: 'int64[2]'}
# - {name: PROB_OBS, datatype: float64}
# - {name: WEIGHT_ZFAIL, datatype: float64}
# - {name: WEIGHT, datatype: float64}
# - {name: NZ, unit: h3 / Mpc3, datatype: float64}
# - {name: WEIGHT_FKP, datatype: float64}
# - {name: theta, unit: deg, datatype: float64}
# - {name: phi, unit: deg, datatype: float64}
# - {name: rho, unit: Mpc, datatype: float64}
# - {name: r, unit: Mpc, datatype: float64}
# - {name: x, unit: Mpc, datatype: float64}
# - {name: y, unit: Mpc, datatype: float64}
# - {name: z, unit: Mpc, datatype: float64}
# meta: !!omap
# - {EXTNAME: LSS}
# - {DESIDR: edr}
# - comments: ['Visit https://desidatamodel.readthedocs.io/en/latest/ for a more complet', e description]
# schema: astropy-2.0
RA DEC TARGETID NTILE TILES Z COMP_TILE ROSETTE_NUMBER ROSETTE_R FRACZ_TILELOCID BITWEIGHTS PROB_OBS WEIGHT_ZFAIL WEIGHT NZ WEIGHT_FKP theta phi rho r x y z
[from data line 3275]
219.41753885880465 0.24305721683360537 39627794447076884 8 244-246-247-249-250-251-253-469 0.6435532526269097 1.0 9 0.9257526326733092 1.0 [-1,-1] 1.0 1.0 1.0 0.000833303205902425 0.11070054926254569 89.7569427831664 -219.41753885880465 2408.334284536522 2408.334284536522 2068.633127526352 1113.8941155543025 -529.2172607805635
220.5345282835908 0.01295543930645268 39627788428248008 8 244-246-247-249-250-251-254-469 0.4490645752551499 1.0 9 0.9566748999341524 1.0 [-1,-1] 1.0 1.0 1.0 0.0005288673958748294 0.16397488484989944 89.98704456069355 -220.5345282835908 1772.6265288932277 1772.6265288932277 1295.2122027563241 -930.625804584279 -773.6703255321523
220.24579254508134 0.7220191268270517 39627806539257224 6 244-246-247-249-250-252 0.8872947790082041 1.0 9 1.3951546590385664 1.0 [-1,-1] 1.0 1.0 1.0 0.0005690156306133545 0.15418916366201427 89.27798087317295 -220.24579254508134 3105.994717505565 3105.994717505565 2837.371699406232 -985.5442839813518 790.7132785610396
220.71305935857956 0.6253739637364925 39627806547645200 7 244-246-247-249-250-252-253 0.6973710325844231 0.75 9 1.5281318416074137 1.0 [-1,-1] 1.0 1.0 1.0 0.0005843703162771602 0.15074849413407446 89.3746260362635 -220.71305935857956 2571.368973587695 2571.368973587695 1765.5216626485228 -1823.5820725834756 411.6067074288122
220.14100153025706 0.7610213211451159 39627806539254826 7 244-246-247-249-250-252-253 0.812924486170013 0.75 9 1.4030878029291856 1.0 [-1,-1] 1.0 1.0 1.0 0.0006627118749498285 0.13533979738261318 89.23897867885488 -220.14100153025706 2903.919690400107 2903.919690400107 2704.4521559674336 -631.8483312479874 848.2073983853752
219.4270465911906 -1.3436825605405331 39627758208291952 7 244-246-247-249-250-252-253 0.5290599395616433 0.75 9 0.8319351103504828 0.5 [576479960204640256,282299610447872] 0.1171875 1.0 8.0625 0.0006865842838717192 0.13125169390769817 91.34368256054053 -219.4270465911906 2043.2016360043121 2043.2016360043121 -425.391133786338 -223.86901046820037 -1985.8494340756702
219.83848037752037 0.7110726894308576 39627806535059789 8 244-246-247-249-250-252-253-254 0.5667020081809553 1.0 9 1.3116372480313174 1.0 [-1,-1] 1.0 1.0 1.0 0.000677088223595666 0.13284793461577618 89.28892731056914 -219.83848037752037 2166.062218840516 2166.062218840516 2095.0113372307037 153.21939127077036 528.4665087796313
219.56665228120355 0.011147259687192159 39627788411471299 8 244-246-247-249-250-252-253-254 0.8430634169994654 1.0 9 0.6541790097161957 1.0 [-1,-1] 1.0 1.0 1.0 0.0006232532477076302 0.14268566385842998 89.98885274031281 -219.56665228120355 2986.9015993908106 2986.9015993908106 2526.96964863865 907.6483697655173 -1308.5029599372097
220.20102906863033 0.6761493052316615 39627806539256204 8 244-246-247-249-250-252-253-254 0.5382670939673077 1.0 9 1.3376750889040092 1.0 [-1,-1] 1.0 1.0 1.0 0.0007045118177349687 0.128340413101622 89.32385069476834 -220.20102906863033 2073.512766233191 2073.512766233191 1942.904257817334 -578.8213011361305 435.3666707941379
220.84622191253868 -0.5951563258570108 39627776352848121 8 244-246-247-249-250-252-253-254 0.5920064049752893 1.0 9 1.0461762206754655 1.0 [-1,-1] 1.0 1.0 1.0 0.0007756247847600315 0.11796159141779075 90.595156325857 -220.84622191253868 2247.088474717975 2247.088474717975 652.8385892977502 -884.0806305675584 -1960.0025071895561
220.19317894496157 0.6721198407275252 39627806539256019 8 244-246-247-249-250-252-253-254 0.5368884469232428 1.0 9 1.3314924558956334 1.0 [-1,-1] 1.0 1.0 1.0 0.0007045118177349687 0.128340413101622 89.32788015927248 -220.19317894496157 2068.984847305317 2068.984847305317 1944.8013554528916 -562.8029916622063 426.26139724783144
220.2037347971687 0.6723194150853641 39627806539256275 8 244-246-247-249-250-252-253-254 0.5395037874470797 1.0 9 1.334837711955458 1.0 [-1,-1] 1.0 1.0 1.0 0.0007045118177349687 0.128340413101622 89.32768058491463 -220.2037347971687 2077.5712443224074 2077.5712443224074 1946.7163351277175 -585.6963952800138 428.4361309906788
219.43207882529322 -0.08872951591282358 39627788407279628 9 244-246-247-249-250-252-253-254-469 0.965959593238858 0.7777777777777778 9 0.6298870617245845 1.0 [-1,-1] 1.0 1.0 1.0 0.00041974738576830407 0.19815580287489248 90.08872951591282 -219.43207882529322 3310.183507607088 3310.183507607088 2498.743659896171 1298.990028910443 -1739.6033688613907
221.16807360758511 -0.5758555493795638 39627776357043944 9 244-246-247-249-250-252-253-254-469 0.9198019877412389 0.7777777777777778 9 1.3682146211828634 1.0 [-1,-1] 1.0 1.0 1.0 0.0004951280553168204 0.17321314004730964 90.57585554937957 -221.16807360758511 3191.53293981297 3191.53293981297 498.93367039592505 -1535.302890470036 -2753.142337942378
220.9458834234454 -1.5083424042587301 39627752193659829 9 244-246-247-249-250-252-253-254-469 0.8201123049902324 0.7777777777777778 9 1.4620748177823715 1.0 [-1,-1] 1.0 1.0 1.0 0.0006627118749498285 0.13533979738261318 91.50834240425873 -220.9458834234454 2923.8470704137067 2923.8470704137067 -584.8393704433026 983.6758959887362 -2690.581040146729
220.93894496442104 -1.4647143306975214 39627752193659646 9 244-246-247-249-250-252-253-254-469 1.066616011186086 0.7777777777777778 9 1.4298534069065838 1.0 [-1,-1] 1.0 1.0 1.0 0.0001568149373683449 0.39812733398474315 91.46471433069752 -220.93894496442104 3558.0036382804697 3558.0036382804697 -645.462506218303 1068.690902083779 -3331.7664682397544
220.54485542065026 -0.040375805593280946 39627788428248301 9 244-246-247-249-250-252-253-254-469 0.8245849409091806 0.7777777777777778 9 0.9316475187225638 1.0 [-1,-1] 1.0 1.0 1.0 0.0006627118749498285 0.13533979738261318 90.04037580559329 -220.54485542065026 2936.2034043843223 2936.2034043843223 2071.2842109940875 -1520.9201216770862 -1420.5189659706914
219.52864026218893 -0.20502831223647897 39627782371672731 9 244-246-247-249-250-252-253-254-469 0.5771817131548265 0.7777777777777778 9 0.4792022700960877 1.0 [-1,-1] 1.0 1.0 1.0 0.0006621615122706149 0.13543705131792066 90.20502831223648 -219.52864026218893 2199.7702171986834 2199.7702171986834 1599.8618355365318 644.289824551847 -1365.4016763015095
220.93333584587873 -1.509587875996661 39627752193659496 9 244-246-247-249-250-252-253-254-469 0.9338302973430478 0.7777777777777778 9 1.4530443783174718 1.0 [-1,-1] 1.0 1.0 1.0 0.0004445766401596716 0.18918261239264766 91.50958787599666 -220.93333584587873 3227.9378416352283 3227.9378416352283 -661.1699349297346 1080.9501436447893 -2968.8354305282764
221.27529669155524 -0.640365107775554 39627770321437237 8 244-246-247-249-250-252-253-469 0.524751606953485 1.0 9 1.4757623686070651 1.0 [-1,-1] 1.0 1.0 1.0 0.0006865842838717192 0.13125169390769817 90.64036510777555 -221.27529669155524 2028.9598617367224 2028.9598617367224 187.2863052439134 -891.8697360390885 -1812.779725820087
221.26163620215738 -0.6625644772387265 39627770321436962 8 244-246-247-249-250-252-253-469 0.9121387472134616 1.0 9 1.4628858939871128 1.0 [-1,-1] 1.0 1.0 1.0 0.0004951280553168204 0.17321314004730964 90.66256447723873 -221.26163620215738 3171.517321079838 3171.517321079838 297.92520191035015 -1328.2579860858991 -2864.5232438182693
220.91883571696837 -1.4876368069608903 39627752193659122 8 244-246-247-249-250-252-253-469 0.7951430694158357 1.0 9 1.4280238002678496 1.0 [-1,-1] 1.0 1.0 1.0 0.0007229154976227362 0.12548315978664992 91.4876368069609 -220.91883571696837 2854.2497204511437 2854.2497204511437 -567.5066244727417 898.2932826273903 -2649.1030323982295
221.00182710472814 0.018218130963204123 39627788436635742 8 244-246-247-249-250-252-253-469 0.629792007804625 1.0 9 1.351492064858867 1.0 [-1,-1] 1.0 1.0 1.0 0.0007214233604467519 0.12571007283523317 89.9817818690368 -221.00182710472814 2365.78122580709 2365.78122580709 986.2795985922756 -1892.363596165704 -1021.3390140833561
221.0090347920016 -1.457160111115735 39627752197849381 8 244-246-247-249-250-252-254-469 0.7930905552517861 1.0 9 1.4818873916367314 1.0 [-1,-1] 1.0 1.0 1.0 0.0007229154976227362 0.12548315978664992 91.45716011111574 -221.0090347920016 2848.48187523891 2848.48187523891 -446.36344296695154 871.7051199551372 -2674.834360141066
221.00880005018004 -1.4577866071658032 39627752197849372 8 244-246-247-249-250-252-254-469 0.7959325952661597 1.0 9 1.4820583486059709 1.0 [-1,-1] 1.0 1.0 1.0 0.0007229154976227362 0.12548315978664992 91.4577866071658 -221.00880005018004 2856.4664908910545 2856.4664908910545 -448.58602336020084 875.5389331651606 -2681.7164223201057
221.00991124203475 -1.4582696520118457 39627752197849402 8 244-246-247-249-250-252-254-469 0.7973810694056529 1.0 9 1.4832438652304147 1.0 [-1,-1] 1.0 1.0 1.0 0.0007229154976227362 0.12548315978664992 91.45826965201185 -221.00991124203475 2860.530656584638 2860.530656584638 -448.83990294801623 878.4383510928213 -2685.055761452913
221.30004249808852 -0.5964420974781643 39627776361235539 7 244-246-247-249-250-252-469 0.716661850118026 1.0 9 1.4999649515482945 1.0 [-1,-1] 1.0 1.0 1.0 0.0006167714992318164 0.14396928707710532 90.59644209747816 -221.30004249808852 2628.520201348654 2628.520201348654 232.44854064066394 -1261.3589305685907 -2294.35389012394
220.71988740083094 0.6814233178128499 39627806547645355 6 244-246-247-249-250-253 0.7047874413853974 1.0 9 1.5774038322776587 1.0 [-1,-1] 1.0 1.0 1.0 0.0005843703162771602 0.15074849413407446 89.31857668218716 -220.71988740083094 2593.4203024651433 2593.4203024651433 1749.2242574700877 -1831.6104719184486 557.8946508753207
220.7113758218102 0.6889185502227873 39627806547645149 6 244-246-247-249-250-253 0.6245817552204709 1.0 9 1.578569412075931 1.0 [-1,-1] 1.0 1.0 1.0 0.0007214233604467519 0.12571007283523317 89.31108144977722 -220.7113758218102 2349.5765659009767 2349.5765659009767 1596.13712650817 -1643.0828886220258 522.6231276271328
219.4339731715937 -0.6075785717171713 39627776327684516 7 244-246-247-249-250-253-254 0.6427402853170547 1.0 9 0.36608495726230855 1.0 [-1,-1] 1.0 1.0 1.0 0.000833303205902425 0.11070054926254569 90.60757857171717 -219.4339731715937 2405.8302963080882 2405.8302963080882 1021.7857836628187 528.72645293502 -2112.9177847008564
218.65334796036706 0.037987326856612484 39627788394696468 7 244-246-247-249-250-253-254 0.9059828815301605 1.0 9 1.3121712983351208 1.0 [-1,-1] 1.0 1.0 1.0 0.0005275616701708153 0.16431404058018498 89.96201267314339 -218.65334796036706 3155.3724834503887 3155.3724834503887 883.5665922862812 2733.2887934197697 -1305.686776404426
221.21864546637516 -0.6085846192409787 39627776357045218 8 244-246-247-249-250-253-254-469 0.8206782444730126 0.8 9 1.4185925340569503 1.0 [-1,-1] 1.0 1.0 1.0 0.0006627118749498285 0.13533979738261318 90.60858461924097 -221.21864546637516 2925.4124055881766 2925.4124055881766 363.88141151652513 -1348.1118914591482 -2570.646297962515
219.38963034056218 -1.2912194229510967 39627758208290953 8 244-246-247-249-250-253-254-469 0.6138549218606071 0.8 9 0.8038281149576841 1.0 [-1,-1] 1.0 1.0 1.0 0.0007214233604467519 0.12571007283523317 91.2912194229511 -219.38963034056218 2316.0521761316168 2316.0521761316168 -369.38748233603485 -212.4081886538768 -2276.5178083753754
218.87434213145926 0.23166318532811367 39627794438687877 8 244-246-247-249-250-253-254-469 0.4290871722264763 0.8 9 1.2443802657185936 1.0 [-1,-1] 1.0 1.0 1.0 0.0006262316776515472 0.14210347001521706 89.76833681467188 -218.87434213145926 1703.000189197158 1703.000189197158 842.8868508236678 1426.6046227801241 -393.12930617863594
220.5639710439774 -1.5895520429198637 39627752189461988 8 244-246-247-249-250-253-254-469 0.9668744554859567 0.8 9 1.2500549659133546 1.0 [-1,-1] 1.0 1.0 1.0 0.00041974738576830407 0.19815580287489248 91.58955204291986 -220.5639710439774 3312.5025747987265 3312.5025747987265 -1223.2701839030751 934.7416052419236 -2933.008949296214
219.47996753118107 -0.08878981671028666 39627788407280624 7 244-246-247-249-250-253-469 0.8677335421516517 1.0 9 0.6031187716048138 1.0 [-1,-1] 1.0 1.0 1.0 0.0006812235016579503 0.1321480675826358 90.08878981671029 -219.47996753118107 3053.7154035524845 3053.7154035524845 2359.7794007948223 1086.5836866655898 -1604.9781423279123
220.4251591948762 0.14000894441891243 39627794463854676 8 244-246-247-249-251-252-253-254 0.9780277496990707 1.0 9 0.9687236582590139 1.0 [-1,-1] 1.0 1.0 1.0 0.0003578035202613049 0.22475091060875194 89.85999105558109 -220.4251591948762 3340.674335253865 3340.674335253865 2757.60316363613 -1555.8161720611056 -1065.4416196493307
220.31303176603774 -1.5744803771482823 39627752185267602 9 244-246-247-249-251-252-253-254-469 0.8341822990406436 1.0 9 1.1012322574234927 1.0 [-1,-1] 1.0 1.0 1.0 0.0006232532477076302 0.14268566385842998 91.57448037714828 -220.31303176603774 2962.6054389597657 2962.6054389597657 -1230.8488689775352 522.6390875856304 -2643.6509665268536
220.31597165241874 -1.5726289650996472 39627752185267669 9 244-246-247-249-251-252-253-254-469 0.5965856226255611 1.0 9 1.1009685561263856 1.0 [-1,-1] 1.0 1.0 1.0 0.0007756247847600315 0.11796159141779075 91.57262896509965 -220.31597165241874 2261.618602557426 2261.618602557426 -935.0022421314071 400.26611647311745 -2020.0189471008869
220.78136949998336 -1.0464043117506907 39627764273251162 9 244-246-247-249-251-252-253-254-469 0.5529006162914725 1.0 9 1.0780348938805695 1.0 [-1,-1] 1.0 1.0 1.0 0.000677088223595666 0.13284793461577618 91.04640431175069 -220.78136949998336 2121.3412287054525 2121.3412287054525 81.73906432578002 -96.86449523308471 -2117.5515586478514
219.1880446561192 0.12558700239383602 39627794442883617 9 244-246-247-249-251-252-253-254-469 0.5819897005499187 1.0 9 0.9491861867746586 1.0 [-1,-1] 1.0 1.0 1.0 0.0006621615122706149 0.13543705131792066 89.87441299760616 -219.1880446561192 2215.1633908619997 2215.1633908619997 1565.8305107025071 1382.9015866011055 -736.6864066510951
220.5157447767504 -0.08445489868580922 39627788428247516 9 244-246-247-249-251-252-253-254-469 0.7268848260934793 1.0 9 0.8820746019660882 1.0 [-1,-1] 1.0 1.0 1.0 0.0006167714992318164 0.14396928707710532 90.0844548986858 -220.5157447767504 2658.5362719414775 2658.5362719414775 1866.198033618275 -1288.4372139353454 -1387.4615505643026
219.4097572506127 -1.7673908657935222 39627746128695092 9 244-246-247-249-251-252-253-254-469 0.9280600385723659 1.0 9 1.2308617202707148 1.0 [-1,-1] 1.0 1.0 1.0 0.0004951280553168204 0.17321314004730964 91.76739086579352 -219.4097572506127 3213.0001830008914 3213.0001830008914 -1729.8318900901993 -948.8975169763761 -2535.87170619233
221.10189038508346 -0.5798738016593035 39627776357042340 8 244-246-247-249-251-252-253-469 0.8060001236436688 1.0 9 1.3019769328335076 1.0 [-1,-1] 1.0 1.0 1.0 0.0007229154976227362 0.12548315978664992 90.5798738016593 -221.10189038508346 2884.640807909183 2884.640807909183 538.0264614639193 -1345.5136293514313 -2494.2480210775143
220.7802657973585 -0.4705384504393484 39627776352846556 8 244-246-247-249-251-252-253-469 0.7618838476086083 1.0 9 0.988735076536072 1.0 [-1,-1] 1.0 1.0 1.0 0.0006416626200019751 0.139161677870846 90.47053845043935 -220.7802657973585 2759.898576916013 2759.898576916013 1058.1078406167137 -1251.1015389899565 -2220.854090575388
218.9186183679908 0.45971337928375056 39627800478486197 8 244-246-247-249-251-252-254-469 0.7849877860717015 1.0 9 1.3783333115635212 1.0 [-1,-1] 1.0 1.0 1.0 0.0007324854237337303 0.12404708914385561 89.54028662071624 -218.9186183679908 2825.641947181138 2825.641947181138 1543.6025724425454 2366.717584549864 -13.834269074537534
