data_rosette/LRG_13_clustering_data.ecsv
# %ECSV 1.0
# ---
# datatype:
# - {name: RA, unit: deg, datatype: float64}
# - {name: DEC, unit: deg, datatype: float64}
# - {name: TARGETID, datatype: int64}
# - {name: NTILE, datatype: int64}
# - {name: TILES, datatype: string}
# - {name: Z, datatype: float64}
# - {name: COMP_TILE, datatype: float64}
# - {name: ROSETTE_NUMBER, datatype: int32}
# - {name: ROSETTE_R, unit: deg, datatype: float64}
# - {name: FRACZ_TILELOCID, datatype: float64}
# - {name: BITWEIGHTS, datatype: string, subtype: 'int64[2]'}
# - {name: PROB_OBS, datatype: float64}
# - {name: WEIGHT_ZFAIL, datatype: float64}
# - {name: WEIGHT, datatype: float64}
# - {name: NZ, unit: h3 / Mpc3, datatype: float64}
# - {name: WEIGHT_FKP, datatype: float64}
# - {name: theta, unit: deg, datatype: float64}
# - {name: phi, unit: deg, datatype: float64}
# - {name: rho, unit: Mpc, datatype: float64}
# - {name: r, unit: Mpc, datatype: float64}
# - {name: x, unit: Mpc, datatype: float64}
# - {name: y, unit: Mpc, datatype: float64}
# - {name: z, unit: Mpc, datatype: float64}
# meta: !!omap
# - {EXTNAME: LSS}
# - {DESIDR: edr}
# - comments: ['Visit https://desidatamodel.readthedocs.io/en/latest/ for a more complet', e description]
# schema: astropy-2.0
RA DEC TARGETID NTILE TILES Z COMP_TILE ROSETTE_NUMBER ROSETTE_R FRACZ_TILELOCID BITWEIGHTS PROB_OBS WEIGHT_ZFAIL WEIGHT NZ WEIGHT_FKP theta phi rho r x y z
[from data line 689]
246.48420645356504 44.117002817430055 39633149721837895 11 352-353-354-355-356-357-359-360-361-362-433 0.6426644138361022 1.0 13 0.7969725644409438 1.0 [-1,-1] 1.0 1.0 1.0 0.0007982518636535506 0.11473445525619816 45.882997182569945 -246.48420645356504 2405.596544316555 2405.596544316555 296.8738848227605 -2256.4254519596025 -779.2976390872085
244.56148579391805 43.52850428110574 39633140943162654 11 352-353-354-355-356-357-359-360-361-362-433 0.7816360793386508 1.0 13 0.9597923127745365 1.0 [-1,-1] 1.0 1.0 1.0 0.0007064174578981374 0.12774458208408304 46.47149571889426 -244.56148579391805 2816.161440586048 2816.161440586048 1514.294374793245 793.6416477321796 -2237.8138307058007
244.56137013683968 43.54213776215547 39633140943162652 11 352-353-354-355-356-357-359-360-361-362-433 0.7457597788747165 1.0 13 0.9609794364069145 1.0 [-1,-1] 1.0 1.0 1.0 0.0006073340474539246 0.1455520198534496 46.45786223784453 -244.56137013683968 2713.4682993248016 2713.4682993248016 1484.8856018303309 778.4474342860665 -2133.552097552588
246.1524294075761 44.283470151994614 39633154062942251 11 352-353-354-355-356-357-359-360-361-362-433 0.8574154044606166 1.0 13 0.8562980616876431 1.0 [-1,-1] 1.0 1.0 1.0 0.0006576102792991648 0.1359368301360722 45.716529848005386 -246.1524294075761 3025.891271460226 3025.891271460226 1332.3721416527028 -2671.778778310159 -492.341977306881
246.58870558197472 43.843315669366696 39633145355567758 11 352-353-354-355-356-357-359-360-361-362-433 0.6820911848111287 1.0 13 0.6462838083035567 1.0 [-1,-1] 1.0 1.0 1.0 0.0008053318504768218 0.11384060807160488 46.156684330633304 -246.58870558197472 2525.622218598136 2525.622218598136 54.71748937464574 -2078.63165603084 -1433.5494501340347
244.45754472133876 44.313908124945755 39633154041971386 11 352-353-354-355-356-357-359-360-361-362-433 0.8542381762452262 1.0 13 1.340671098313987 1.0 [-1,-1] 1.0 1.0 1.0 0.0006576102792991648 0.1359368301360722 45.686091875054245 -244.45754472133876 3017.288728338701 3017.288728338701 2490.552947821709 1655.6229114586197 -400.1125583003536
245.64432517794347 44.05787807840859 39633149709257333 11 352-353-354-355-356-357-359-360-361-362-433 0.8462035872554493 1.0 13 0.6312634813465829 1.0 [-1,-1] 1.0 1.0 1.0 0.0006366829495309179 0.1397804201853648 45.94212192159141 -245.64432517794347 2995.4611815654685 2995.4611815654685 2287.3748295245614 -1565.207082751555 -1136.1473793603736
245.92841697542454 42.178733093936906 39633118784655594 11 352-353-354-355-356-357-359-360-361-362-433 0.692670340861775 1.0 13 1.271762870817153 1.0 [-1,-1] 1.0 1.0 1.0 0.0005639081233901963 0.1550231922816235 47.821266906063094 -245.92841697542454 2557.340722159297 2557.340722159297 -1041.1110627013163 1270.1949793942745 -1960.2765209675774
245.683766268743 44.70223541185835 39633162690626381 11 352-353-354-355-356-357-359-360-361-362-433 0.53986058458619 1.0 13 1.260144896484514 1.0 [-1,-1] 1.0 1.0 1.0 0.0006094867785671962 0.14511252611805409 45.29776458814165 -245.683766268743 2078.741585877231 2078.741585877231 1613.8480189579377 -1200.4252849324116 525.0145596608382
245.49251409543766 43.79980335944963 39633145338793830 11 352-353-354-355-356-357-359-360-361-362-433 0.6324476282622721 1.0 13 0.4483704980545812 1.0 [-1,-1] 1.0 1.0 1.0 0.0007982518636535506 0.11473445525619816 46.20019664055037 -245.49251409543766 2374.0208366616353 2374.0208366616353 1706.9217064680925 -820.9341582063732 -1431.244328820785
244.72945568779545 44.302332986092644 39633154041974895 11 352-353-354-355-356-357-359-360-361-362-433 0.8118913331054108 1.0 13 1.1892211150120549 1.0 [-1,-1] 1.0 1.0 1.0 0.000762533893525711 0.11946670068019369 45.697667013907356 -244.72945568779545 2901.0482862497433 2901.0482862497433 2729.7333461559438 888.7915446716669 -417.95527052185895
246.36456145383386 43.90713626469556 39633149717646214 10 352-353-354-355-356-357-359-360-361-433 0.4063678839073298 0.9375 13 0.5760069702726495 1.0 [-1,-1] 1.0 1.0 1.0 0.00024055914515870672 0.3007331513712552 46.09286373530444 -246.36456145383386 1622.8021903001895 1622.8021903001895 345.029802216932 -1348.6474691664157 -834.021215759083
246.33364575800564 43.31529712598385 39633136564310140 10 352-353-354-355-356-357-359-360-361-433 0.6562921247983253 0.9375 13 0.35615692065149274 1.0 [-1,-1] 1.0 1.0 1.0 0.0006371005092682059 0.1397016056866948 46.68470287401615 -246.33364575800564 2447.409272338516 2447.409272338516 288.9662478765916 -999.7227964366044 -2215.144461248892
245.5567706157217 43.74786282488903 39633145342984772 10 352-353-354-355-356-357-359-360-361-433 0.892691693711297 0.9375 13 0.37883260461265494 1.0 [-1,-1] 1.0 1.0 1.0 0.0005723615213970424 0.15308410280969617 46.25213717511097 -245.5567706157217 3120.311115734757 3120.311115734757 2081.5486800617123 -1171.29363503172 -2007.8764334603381
246.836801816229 42.70469261920464 39633127718522158 10 352-353-354-355-356-357-359-360-361-433 0.5310910158910765 0.9375 13 1.021706773695454 1.0 [-1,-1] 1.0 1.0 1.0 0.0006094867785671962 0.14511252611805409 47.29530738079536 -246.836801816229 2049.902749273259 2049.902749273259 76.91535762023143 341.1068002064601 -2019.8592673978865
245.65246079874672 43.71136710372313 39633145342985836 10 352-353-354-355-356-357-359-360-361-433 0.8687982706291244 0.9375 13 0.3090010109678741 1.0 [-1,-1] 1.0 1.0 1.0 0.0006576102792991648 0.1359368301360722 46.28863289627687 -245.65246079874672 3056.576786181309 3056.576786181309 1859.9049356772484 -1295.039088494429 -2050.923947721463
247.02192120922854 42.5494576814148 39633123272556932 10 352-353-354-355-356-357-359-360-361-433 0.7534127074715482 0.9375 13 1.228166420739516 1.0 [-1,-1] 1.0 1.0 1.0 0.0007242712797402853 0.12498917450484462 47.4505423185852 -247.02192120922854 2735.562011046505 2735.562011046505 347.3890483968303 806.1042139024216 -2590.9103345472035
245.6577307817723 43.70044081756778 39633145342985891 10 352-353-354-355-356-357-359-360-361-433 0.9407422846120729 0.9375 13 0.29774192631584145 1.0 [-1,-1] 1.0 1.0 1.0 0.0003671239319408774 0.21984967794317842 46.29955918243222 -245.6577307817723 3245.763867756373 3245.763867756373 1948.175739460883 -1371.802204201494 -2204.031099135576
245.87708570725155 42.93915749071205 39633132143510448 10 352-353-354-355-356-357-359-360-361-433 0.8694232864369715 0.9375 13 0.5108469273513057 1.0 [-1,-1] 1.0 1.0 1.0 0.0006576102792991648 0.1359368301360722 47.06084250928795 -245.87708570725155 3058.2556214928454 3058.2556214928454 129.63279305901062 -142.56097096296142 -3052.179410669433
245.60959831901135 43.81339188633599 39633145342985366 10 352-353-354-355-356-357-359-360-361-433 1.0985608541268599 0.9375 13 0.4127434556601831 1.0 [-1,-1] 1.0 1.0 1.0 5.9370222311395755e-05 0.6353792046182113 46.18660811366401 -245.60959831901135 3633.6617486055043 3633.6617486055043 2472.8430594511497 -1568.9138725546095 -2151.0588478953305
245.8855898739686 42.947634881961775 39633132143510550 10 352-353-354-355-356-357-359-360-361-433 0.7667428560198399 0.9375 13 0.5023816441911049 1.0 [-1,-1] 1.0 1.0 1.0 0.0007242712797402853 0.12498917450484462 47.052365118038225 -245.8855898739686 2773.8016233141075 2773.8016233141075 132.10730642702543 -147.78794291419322 -2766.7095671605584
245.17473104057729 42.98155429898056 39633132135121656 10 352-353-354-355-356-357-359-360-361-433 0.5801301440698705 0.9375 13 0.6954250733460479 1.0 [-1,-1] 1.0 1.0 1.0 0.0005369919189708607 0.1615383650856205 47.01844570101944 -245.17473104057729 2209.215202559273 2209.215202559273 230.54005479617922 -30.258388632392652 -2196.9450435254307
245.8781572732032 42.940615063104104 39633132143510455 10 352-353-354-355-356-357-359-360-361-433 0.8728560132533812 0.9375 13 0.5093867083055881 1.0 [-1,-1] 1.0 1.0 1.0 0.0005346154933450218 0.1621399955636538 47.059384936895896 -245.8781572732032 3067.4649570434594 3067.4649570434594 132.86816452531744 -146.43394313984632 -3061.085496003309
245.4368863239212 43.027912404455684 39633132135125416 10 352-353-354-355-356-357-359-360-361-433 0.7688202943842537 0.9375 13 0.5313774983174732 1.0 [-1,-1] 1.0 1.0 1.0 0.0007242712797402853 0.12498917450484462 46.972087595544316 -245.4368863239212 2779.7333015681 2779.7333015681 388.3599678132357 -160.84588567580465 -2747.7667958376596
245.253229825105 42.25740373550158 39633118776266973 9 352-353-354-355-356-357-359-360-362 0.6018298728059432 1.0 13 1.2780375737783916 1.0 [-1,-1] 1.0 1.0 1.0 0.0006106036532175123 0.14488555312656437 47.74259626449842 -245.253229825105 2278.209249562391 2278.209249562391 -1292.5659303994994 274.1535055365738 -1855.8961597471225
245.15797538191796 43.08753525781114 39633132135121473 9 352-353-354-355-356-357-359-360-362 0.965958604301226 1.0 13 0.6385748389907178 1.0 [-1,-1] 1.0 1.0 1.0 0.0003767415448896098 0.21544643941305056 46.91246474218886 -245.15797538191796 3310.181000089157 3310.181000089157 690.1637678967161 -78.84537151625861 -3236.472714889517
247.1393598918253 43.24878101815359 39633136576889687 9 352-353-354-355-356-357-359-360-362 0.6304955155653508 1.0 13 0.93761848461651 1.0 [-1,-1] 1.0 1.0 1.0 0.0007982518636535506 0.11473445525619816 46.75121898184641 -247.1393598918253 2367.96530171695 2367.96530171695 -431.64386571027745 -746.3568481480677 -2205.4239271742326
247.44648068243754 43.88385376107332 39633149730229466 10 352-353-354-355-356-357-359-360-362-433 0.7091857615068917 1.0 13 1.2133305911117074 1.0 [-1,-1] 1.0 1.0 1.0 0.0005639081233901963 0.1550231922816235 46.11614623892668 -247.44648068243754 2606.450983512964 2606.450983512964 -1628.6347712454476 -1485.11634428697 -1391.2458284852792
247.666200232697 43.890407240401764 39633149734422279 10 352-353-354-355-356-357-359-360-362-433 0.7119526086875226 1.0 13 1.3649696132930538 1.0 [-1,-1] 1.0 1.0 1.0 0.0005823912580269674 0.15084542533972659 46.109592759598236 -247.666200232697 2614.6303400586517 2614.6303400586517 -1927.071428082259 -1102.3938723484043 -1381.092059362052
245.34413225222764 42.32831905810644 39633118780457938 10 352-353-354-355-356-357-359-360-362-433 0.8930556038755657 1.0 13 1.1884008506247854 1.0 [-1,-1] 1.0 1.0 1.0 0.0005723615213970424 0.15308410280969617 47.67168094189356 -245.34413225222764 3121.2747994219617 3121.2747994219617 -1553.010689224906 480.24131657489545 -2664.560461035591
245.2743587337838 43.68751946382092 39633145338791134 10 352-353-354-355-356-357-359-360-362-433 0.9864855331795822 1.0 13 0.4989720679046866 1.0 [-1,-1] 1.0 1.0 1.0 0.00030269805442075816 0.25472307248715254 46.31248053617908 -245.2743587337838 3361.914362723343 3361.914362723343 2373.974444032566 -556.1802963284133 -2314.6008293746477
247.3991786981005 42.97859879657577 39633132160289351 10 352-353-354-355-356-357-359-360-362-433 0.8715171728549534 1.0 13 1.203326446692854 1.0 [-1,-1] 1.0 1.0 1.0 0.0005346154933450218 0.1621399955636538 47.02140120342423 -247.3991786981005 3063.8753632017683 3063.8753632017683 -221.37608040978307 -221.92700539839637 -3047.7981029805874
246.28452806171956 44.2380125333849 39633154062943814 10 352-353-354-355-356-357-359-360-362-433 0.8546224950117476 1.0 13 0.8402861130860212 1.0 [-1,-1] 1.0 1.0 1.0 0.0006576102792991648 0.1359368301360722 45.7619874666151 -246.28452806171956 3018.330168099818 3018.330168099818 958.1897843452354 -2792.9185714510045 -625.9354552044393
245.45964566729663 42.98532440736714 39633132139315306 10 352-353-354-355-356-357-359-360-362-433 0.6818888153447997 1.0 13 0.5565638542771303 1.0 [-1,-1] 1.0 1.0 1.0 0.0008053318504768218 0.11384060807160488 47.01467559263286 -245.45964566729663 2525.0134798268023 2525.0134798268023 251.81134544688553 -111.07115833861083 -2509.9695849544883
245.88091242126825 44.65151329117901 39633162690628688 10 352-353-354-355-356-357-359-360-362-433 1.0369800131972682 1.0 13 1.2015134701142762 1.0 [-1,-1] 1.0 1.0 1.0 0.00017557006270178804 0.37077784677498654 45.34848670882099 -245.88091242126825 3486.548489271237 3486.548489271237 2287.012903723174 -2534.512881192419 708.4044052043581
247.00860350214546 44.198418884452956 39633154071332776 10 352-353-354-355-356-357-359-360-362-433 0.6264936856037546 1.0 13 1.1059338732887398 1.0 [-1,-1] 1.0 1.0 1.0 0.0007056687116799521 0.12786279395313782 45.801581115547044 -247.00860350214546 2355.5289270809108 2355.5289270809108 -875.5934189491854 -2108.612575150211 -579.314853017095
247.01766979902408 44.23958327854275 39633154071332900 10 352-353-354-355-356-357-359-360-362-433 0.7790440409855612 1.0 13 1.1386948601583642 1.0 [-1,-1] 1.0 1.0 1.0 0.0007064174578981374 0.12774458208408304 45.76041672145725 -247.01766979902408 2808.8165047515326 2808.8165047515326 -1077.0776259221052 -2528.8481944089767 -578.1701780073728
246.65880278131806 43.15464746555784 39633136568503799 10 352-353-354-355-356-357-359-360-362-433 0.9015087923830427 1.0 13 0.6391057627352543 1.0 [-1,-1] 1.0 1.0 1.0 0.0005723615213970424 0.15308410280969617 46.84535253444216 -246.65880278131806 3143.60114797199 3143.60114797199 -37.82790735333907 -863.5036659590204 -3022.4424966955803
244.9540278351005 43.539788430156264 39633140951548248 9 352-353-354-355-356-357-359-360-433 0.6814288445944018 1.0 13 0.6777038877190641 1.0 [-1,-1] 1.0 1.0 1.0 0.0008053318504768218 0.11384060807160488 46.460211569843736 -244.9540278351005 2523.6295828862476 2523.6295828862476 1548.2826975359606 140.03374771890321 -1987.943034804867
245.53305232048626 44.16708508319865 39633154054554590 9 352-353-354-355-356-357-359-360-433 0.9553575438593407 1.0 13 0.7595370991101804 1.0 [-1,-1] 1.0 1.0 1.0 0.0003767415448896098 0.21544643941305056 45.83291491680135 -245.53305232048626 3283.2168650770714 3283.2168650770714 2785.957438973326 -1481.7957033283267 -906.7720909652028
245.5182085813282 42.60121841686073 39633123251587556 8 352-353-354-355-356-357-359-361 0.8371616332144384 1.0 13 0.8890325722056338 1.0 [-1,-1] 1.0 1.0 1.0 0.0006366829495309179 0.1397804201853648 47.39878158313927 -245.5182085813282 2970.7705089392175 2970.7705089392175 -717.49570907529 368.0645695562617 -2859.2316794689596
247.07190656925818 42.6219102439242 39633123272557518 8 352-353-354-355-356-357-359-361 0.6423985315314092 1.0 13 1.2019371276403634 1.0 [-1,-1] 1.0 1.0 1.0 0.0007982518636535506 0.11473445525619816 47.3780897560758 -247.07190656925818 2404.7773038510145 2404.7773038510145 266.7795053029175 542.705839880876 -2327.4992906607895
244.02027834817446 43.500838871521665 39633140938966407 9 352-353-354-355-356-357-359-361-362 0.8457954513804353 1.0 13 1.3504725478012287 1.0 [-1,-1] 1.0 1.0 1.0 0.0006366829495309179 0.1397804201853648 46.499161128478335 -244.02027834817446 2994.3495845079715 2994.3495845079715 910.6850927725917 1495.9272725528672 -2428.782347448486
245.65741436985766 44.72549419297098 39633162690626075 10 352-353-354-355-356-357-359-361-362-433 0.9912174681452514 1.0 13 1.285473561729074 0.5 [-1,-1] 1.0 1.0 1.0 0.00023297360745577845 0.30751381291380364 45.27450580702902 -245.65741436985766 3373.751585278146 3373.751585278146 2652.7362040111757 -1866.6611279971237 927.7750936081927
246.3742623457641 42.619956956722746 39633123264168683 10 352-353-354-355-356-357-359-361-362-433 0.6505212579965548 1.0 13 0.905252596214093 1.0 [-1,-1] 1.0 1.0 1.0 0.0006371005092682059 0.1397016056866948 47.380043043277254 -246.3742623457641 2429.745378179914 2429.745378179914 -146.7854726252341 597.8472172104163 -2350.467045649992
247.2190065274004 42.39194202299827 39633123272559299 10 352-353-354-355-356-357-359-361-362-433 0.8671534760796478 1.0 13 1.4425112529624728 1.0 [-1,-1] 1.0 1.0 1.0 0.0006576102792991648 0.1359368301360722 47.60805797700173 -247.2190065274004 3052.1557481188693 3052.1557481188693 806.8482990314534 1169.3447546676987 -2701.348436958151
