data_rosette/LRG_3_clustering_data.ecsv
# %ECSV 1.0
# ---
# datatype:
# - {name: RA, unit: deg, datatype: float64}
# - {name: DEC, unit: deg, datatype: float64}
# - {name: TARGETID, datatype: int64}
# - {name: NTILE, datatype: int64}
# - {name: TILES, datatype: string}
# - {name: Z, datatype: float64}
# - {name: COMP_TILE, datatype: float64}
# - {name: ROSETTE_NUMBER, datatype: int32}
# - {name: ROSETTE_R, unit: deg, datatype: float64}
# - {name: FRACZ_TILELOCID, datatype: float64}
# - {name: BITWEIGHTS, datatype: string, subtype: 'int64[2]'}
# - {name: PROB_OBS, datatype: float64}
# - {name: WEIGHT_ZFAIL, datatype: float64}
# - {name: WEIGHT, datatype: float64}
# - {name: NZ, unit: h3 / Mpc3, datatype: float64}
# - {name: WEIGHT_FKP, datatype: float64}
# - {name: theta, unit: deg, datatype: float64}
# - {name: phi, unit: deg, datatype: float64}
# - {name: rho, unit: Mpc, datatype: float64}
# - {name: r, unit: Mpc, datatype: float64}
# - {name: x, unit: Mpc, datatype: float64}
# - {name: y, unit: Mpc, datatype: float64}
# - {name: z, unit: Mpc, datatype: float64}
# meta: !!omap
# - {EXTNAME: LSS}
# - {DESIDR: edr}
# - comments: ['Visit https://desidatamodel.readthedocs.io/en/latest/ for a more complet', e description]
# schema: astropy-2.0
RA DEC TARGETID NTILE TILES Z COMP_TILE ROSETTE_NUMBER ROSETTE_R FRACZ_TILELOCID BITWEIGHTS PROB_OBS WEIGHT_ZFAIL WEIGHT NZ WEIGHT_FKP theta phi rho r x y z
[from data line 568]
188.42250936671724 61.05356356706414 39633399094183314 12 82-83-84-85-86-87-88-89-90-91-92-452 0.7921963989329783 1.0 3 1.0278281173639192 1.0 [-1,-1] 1.0 1.0 1.0 0.0008239664519383997 0.11155322342262282 28.94643643293586 -188.42250936671724 2845.9669349199976 2845.9669349199976 -1767.26607949647 -129.3286461874734 -2227.0097665242556
190.40124064253973 61.07333495823966 39633399110959973 12 82-83-84-85-86-87-88-89-90-91-92-452 0.9211468957353456 1.0 3 0.7651596271735761 1.0 [-1,-1] 1.0 1.0 1.0 0.00042618922305278896 0.1953324009783564 28.926665041760337 -190.40124064253973 3195.036293869555 3195.036293869555 637.4428014746859 1831.772740462328 -2539.0022097845713
188.22332661825303 60.5756434496059 39633393159242810 10 82-83-84-85-86-87-88-89-90-92 0.8853813250419509 1.0 3 1.4668661143495685 1.0 [-1,-1] 1.0 1.0 1.0 0.0005346154933450218 0.1621399955636538 29.4243565503941 -188.22332661825303 3100.9077937632364 3100.9077937632364 -2726.1894225157866 -761.0518420868509 -1266.6177290883138
187.92335230310482 62.636102128269414 39633419121985602 11 82-83-84-85-86-87-88-89-90-92-451 0.5072829647614941 1.0 3 1.2440555115984748 1.0 [-1,-1] 1.0 1.0 1.0 0.0007365189099627642 0.12316671624379881 27.363897871730586 -187.92335230310482 1970.8327490343593 1970.8327490343593 1308.5679556519963 842.831044905373 -1208.9116840575252
190.539469219815 61.819092975631456 39633407835111747 11 82-83-84-85-86-87-88-89-90-92-451 0.8636847777199658 1.0 3 0.3026893022762749 1.0 [-1,-1] 1.0 1.0 1.0 0.0006576102792991648 0.1359368301360722 28.180907024368544 -190.539469219815 3042.8179380588012 3042.8179380588012 -129.34712276116161 -252.68577552718784 -3029.5478581550824
187.98242948099042 62.19447117742033 39633413514202609 11 82-83-84-85-86-87-88-89-90-92-451 0.8057059251604166 1.0 3 0.9829034519432338 1.0 [-1,-1] 1.0 1.0 1.0 0.0008239664519383997 0.11155322342262282 27.805528822579667 -187.98242948099042 2883.819911368104 2883.819911368104 1135.1629012818696 639.6358108741572 -2572.681188605348
192.69842105096424 61.30764167913774 39633402059556823 11 82-83-84-85-86-87-88-89-90-92-451 0.7227388343288762 1.0 3 1.4208651082211636 1.0 [-1,-1] 1.0 1.0 1.0 0.0005823912580269674 0.15084542533972659 28.69235832086226 -192.69842105096424 2646.3855423064647 2646.3855423064647 524.0129970900832 -937.8508804622171 -2418.512465013483
192.72686092046516 61.786085837827 39633407851889404 11 82-83-84-85-86-87-88-89-90-92-451 0.6035738653366057 1.0 3 1.3361049544493993 1.0 [-1,-1] 1.0 1.0 1.0 0.0006106036532175123 0.14488555312656437 28.213914162172998 -192.72686092046516 2283.7147992707683 2283.7147992707683 -63.81113319736201 122.24505058869458 -2279.547668133957
189.8826882592677 63.10885369274317 39633421911195868 11 82-83-84-85-86-87-88-89-90-92-451 0.8237216542977279 1.0 3 1.3088781645577365 1.0 [-1,-1] 1.0 1.0 1.0 0.000762533893525711 0.11946670068019369 26.891146307256832 -189.8826882592677 2933.821037986451 2933.821037986451 526.4204385773197 -2833.861919678441 -547.1873764775452
187.8941262730451 62.19904129822307 39633413514202069 11 82-83-84-85-86-87-88-89-90-92-451 0.7240799454249767 1.0 3 1.0227168674322757 1.0 [-1,-1] 1.0 1.0 1.0 0.0005823912580269674 0.15084542533972659 27.800958701776928 -187.8941262730451 2650.31930983947 2650.31930983947 996.2428399639892 683.6641723923307 -2358.8759923564353
188.1922368793995 61.63377806995496 39633407814142052 11 82-83-84-85-86-87-88-89-90-92-451 0.6438939973225107 1.0 3 0.8260573073383027 1.0 [-1,-1] 1.0 1.0 1.0 0.0007982518636535506 0.11473445525619816 28.366221930045043 -188.1922368793995 2409.383429993673 2409.383429993673 -210.98958715882353 -66.03557473757836 -2399.218874906519
188.79082664172262 62.318453273383106 39633413522589238 11 82-83-84-85-86-87-88-89-90-92-451 0.5042253749965605 1.0 3 0.7340756324265091 1.0 [-1,-1] 1.0 1.0 1.0 0.0007365189099627642 0.12316671624379881 27.681546726616894 -188.79082664172262 1960.5952746587282 1960.5952746587282 1047.9338761094864 -318.7378519216908 -1626.0918190768402
188.00515692655182 62.20690032893445 39633413514202777 11 82-83-84-85-86-87-88-89-90-92-451 0.8028276253855745 1.0 3 0.9780784111401226 1.0 [-1,-1] 1.0 1.0 1.0 0.0008239664519383997 0.11155322342262282 27.793099671065548 -188.00515692655182 2875.7809473465413 2875.7809473465413 1174.241424243871 626.9333661447752 -2549.162154341202
188.77092988110311 62.612040687862134 39633416336966727 11 82-83-84-85-86-87-88-89-90-92-451 0.8483382097576837 1.0 3 0.9677436096337676 1.0 [-1,-1] 1.0 1.0 1.0 0.0006366829495309179 0.1397804201853648 27.387959312137866 -188.77092988110311 3001.270588801991 3001.270588801991 2237.730354002031 -632.2680954081827 -1897.4786073931643
190.1535707684511 60.68061327721754 39633396149784178 11 82-83-84-85-86-87-88-89-90-92-451 0.8063976759967081 1.0 3 1.1260133165830648 1.0 [-1,-1] 1.0 1.0 1.0 0.0008239664519383997 0.11155322342262282 29.31938672278246 -190.1535707684511 2885.749859186479 2885.749859186479 217.4161558987918 2486.5453783740027 -1448.231523699117
191.0103795068518 62.721442866172104 39633419147150250 11 82-83-84-85-86-87-88-89-90-92-451 0.5358814480141996 1.0 3 1.0564517065385672 1.0 [-1,-1] 1.0 1.0 1.0 0.0006094867785671962 0.14511252611805409 27.278557133827896 -191.0103795068518 2065.6751469857354 2065.6751469857354 -1403.985833026117 -1016.7424499811444 -1123.4199499487447
188.74645897455832 62.36911311525774 39633413522588916 11 82-83-84-85-86-87-88-89-90-92-451 0.5698722785127038 1.0 3 0.7845438836985663 1.0 [-1,-1] 1.0 1.0 1.0 0.0006724560872077301 0.13333590500666823 27.63088688474226 -188.74645897455832 2176.2820661784685 2176.2820661784685 1264.7935935779112 -324.16731231394675 -1741.096307170126
190.0465399090471 60.46764766635357 39633393171827487 11 82-83-84-85-86-87-88-89-90-92-451 0.677091751831873 1.0 3 1.3342282631995004 1.0 [-1,-1] 1.0 1.0 1.0 0.0008053318504768218 0.11384060807160488 29.53235233364643 -190.0465399090471 2510.5616611069217 2510.5616611069217 -47.3316037699106 2388.286471562586 -772.5071541776479
187.93811023064245 62.63880891891346 39633419121985694 11 82-83-84-85-86-87-88-89-90-92-451 0.4296219072820007 1.0 3 1.2407692203806953 1.0 [-1,-1] 1.0 1.0 1.0 0.0005613841910631427 0.1556117057517016 27.361191081086538 -187.93811023064245 1704.874728015349 1704.874728015349 1145.014803673586 713.8039118736564 -1042.1242310721002
188.21260390817423 62.098025540045505 39633410678851276 11 82-83-84-85-86-87-88-89-90-92-451 0.6419920680648435 1.0 3 0.847599838218528 1.0 [-1,-1] 1.0 1.0 1.0 0.0007982518636535506 0.11473445525619816 27.901974459954495 -188.21260390817423 2403.5246461677725 2403.5246461677725 839.6639670231446 244.1379499004235 -2238.8148223194544
188.72182828730124 61.42183007358135 39633404932655667 11 82-83-84-85-86-87-88-89-90-92-451 0.9307325374804241 1.0 3 0.6758557660801273 1.0 [-1,-1] 1.0 1.0 1.0 0.0003671239319408774 0.21984967794317842 28.578169926418653 -188.72182828730124 3219.924937090239 3219.924937090239 -938.7904422990216 216.12017740142755 -3072.4389619427043
188.12432085585294 62.074826363476944 39633410678850653 11 82-83-84-85-86-87-88-89-90-92-451 0.8259937389109497 1.0 3 0.8793568524044418 1.0 [-1,-1] 1.0 1.0 1.0 0.000762533893525711 0.11946670068019369 27.925173636523056 -188.12432085585294 2940.0885290823644 2940.0885290823644 937.3119440094667 364.88476320338253 -2762.684561805945
190.1395049793918 60.673546359043726 39633396149784065 11 82-83-84-85-86-87-88-89-90-92-451 0.7868140352422172 1.0 3 1.1323317224746914 1.0 [-1,-1] 1.0 1.0 1.0 0.0007064174578981374 0.12774458208408304 29.326453640956274 -190.1395049793918 2830.799518258587 2830.799518258587 179.67619872671932 2451.9069225607477 -1403.3156520479802
190.69608089198647 61.262055179582916 39633402042780172 11 82-83-84-85-86-87-88-89-90-92-451 0.8433264665828443 1.0 3 0.6583119185889378 1.0 [-1,-1] 1.0 1.0 1.0 0.0006366829495309179 0.1397804201853648 28.737944820417084 -190.69608089198647 2987.6192492300042 2987.6192492300042 786.8043812707608 1079.7456982244344 -2672.2568871926624
191.44408670800175 61.1945048508884 39633402051166749 11 82-83-84-85-86-87-88-89-90-92-451 0.5271934499186725 1.0 3 0.9536640353137372 1.0 [-1,-1] 1.0 1.0 1.0 0.0006888416087567301 0.1305783864573065 28.8054951491116 -191.44408670800175 2037.0362662118457 2037.0362662118457 1012.6594229231055 197.97517458192806 -1756.3722479237128
187.73369647144526 62.71101574245983 39633419121984395 11 82-83-84-85-86-87-88-89-90-92-451 0.8200010484449052 1.0 3 1.3589073083183671 1.0 [-1,-1] 1.0 1.0 1.0 0.000762533893525711 0.11946670068019369 27.28898425754017 -187.73369647144526 2923.5392824877786 2923.5392824877786 1763.0551792347858 1681.9603206177148 -1615.4652119714942
187.3753508635178 61.52268824124333 39633404924265042 12 82-83-84-85-86-87-88-89-90-92-451-452 0.8230358442933231 1.0 3 1.2299864404140408 1.0 [-1,-1] 1.0 1.0 1.0 0.000762533893525711 0.11946670068019369 28.47731175875667 -187.3753508635178 2931.9275607074323 2931.9275607074323 -257.3941962774199 -532.0475401590854 -2871.7369071642343
192.43261299786087 61.34645335855853 39633402059554950 12 82-83-84-85-86-87-88-89-90-92-451-452 0.5260971435945293 1.0 3 1.2879979783295885 1.0 [-1,-1] 1.0 1.0 1.0 0.0006888416087567301 0.1305783864573065 28.653546641441473 -192.43261299786087 2033.411706761921 2033.411706761921 526.8895484196721 -537.6018502143346 -1888.9507202700306
192.68896036733594 61.31200634775119 39633402059556746 12 82-83-84-85-86-87-88-89-90-92-451-452 0.8683558643174533 1.0 3 1.415041902760877 1.0 [-1,-1] 1.0 1.0 1.0 0.0006576102792991648 0.1359368301360722 28.687993652248807 -192.68896036733594 3055.388072234883 3055.388072234883 609.165865127072 -1066.432088155517 -2797.684010404221
187.43714966804757 61.18950223489966 39633402017613453 12 82-83-84-85-86-87-88-89-90-92-451-452 0.9516970864954274 1.0 3 1.324344843557948 1.0 [-1,-1] 1.0 1.0 1.0 0.0003767415448896098 0.21544643941305056 28.810497765100337 -187.43714966804757 3273.867017459528 3273.867017459528 -819.9230095522147 -1457.6500510765811 -2814.4604873781095
187.34315687967012 61.26111674351687 39633402017612705 12 82-83-84-85-86-87-88-89-90-92-451-452 0.7295380198476971 1.0 3 1.3325193572015752 1.0 [-1,-1] 1.0 1.0 1.0 0.0005823912580269674 0.15084542533972659 28.738883256483128 -187.34315687967012 2666.295986217427 2666.295986217427 -485.339469782397 -1091.5147905060549 -2383.731391599529
189.97889323083638 62.3898468760712 39633416345356003 12 82-83-84-85-86-87-88-89-90-92-451-452 0.8388652760119579 1.0 3 0.5910012520666952 1.0 [-1,-1] 1.0 1.0 1.0 0.0006366829495309179 0.1397804201853648 27.610153123928797 -189.97889323083638 2975.432883990555 2975.432883990555 160.21011690300446 -1827.0885886137914 -2342.9214359281327
192.42642816408906 61.345632359608665 39633402059554914 12 82-83-84-85-86-87-88-89-90-92-451-452 0.8577118182148415 1.0 3 1.2855480952459177 1.0 [-1,-1] 1.0 1.0 1.0 0.0006576102792991648 0.1359368301360722 28.654367640391335 -192.42642816408906 3026.6929935463227 3026.6929935463227 790.8244334160102 -796.9821874993484 -2810.744845321859
189.0905008875645 62.56721975917648 39633416336968802 12 82-83-84-85-86-87-88-89-90-92-451-452 0.7800291335834281 1.0 3 0.8551549685356096 1.0 [-1,-1] 1.0 1.0 1.0 0.0007064174578981374 0.12774458208408304 27.43278024082352 -189.0905008875645 2811.6092723877887 2811.6092723877887 1736.3304024503982 -1175.0381784666802 -1873.3896319904022
188.00358603159637 61.39884557269527 39633404928460045 12 82-83-84-85-86-87-88-89-90-92-451-452 0.6811055151507839 1.0 3 0.9871316651382895 1.0 [-1,-1] 1.0 1.0 1.0 0.0008053318504768218 0.11384060807160488 28.601154427304728 -188.00358603159637 2522.656561616476 2522.656561616476 -713.8102187971766 -382.54901320757284 -2389.126901590056
190.94031951313917 60.85940447754281 39633396158170888 12 82-83-84-85-86-87-88-89-90-92-451-452 0.703035504372233 1.0 3 1.0647847137030824 1.0 [-1,-1] 1.0 1.0 1.0 0.0005639081233901963 0.1550231922816235 29.14059552245719 -190.94031951313917 2588.220211141398 2588.220211141398 1512.2843483349213 1265.6123862793117 -1676.336839313159
189.90425504229322 62.77145433845531 39633419138761657 12 82-83-84-85-86-87-88-89-90-92-451-452 0.9602342751884781 1.0 3 0.9714563533586114 1.0 [-1,-1] 1.0 1.0 1.0 0.0003767415448896098 0.21544643941305056 27.228545661544693 -189.90425504229322 3295.6419880848525 3295.6419880848525 460.2538519053659 -2814.3989361501367 -1651.8417398864613
189.63789644700458 60.595921589052 39633393171824850 12 82-83-84-85-86-87-88-89-90-92-451-452 0.8290807891784199 1.0 3 1.2106793134755875 1.0 [-1,-1] 1.0 1.0 1.0 0.000762533893525711 0.11946670068019369 29.404078410948003 -189.63789644700458 2948.5903466360883 2948.5903466360883 -1107.816480939616 2425.3939814304235 -1258.726225862944
189.93215625034804 62.27037048347203 39633413530978162 12 82-83-84-85-86-87-88-89-90-92-451-452 0.8134957209572418 1.0 3 0.47061210491145405 1.0 [-1,-1] 1.0 1.0 1.0 0.000762533893525711 0.11946670068019369 27.72962951652797 -189.93215625034804 2905.506533847254 2905.506533847254 201.43550643263185 -1491.9959843780953 -2485.023126165419
189.62146277042373 60.58432375588782 39633393171824749 12 82-83-84-85-86-87-88-89-90-92-451-452 0.8111654875335877 1.0 3 1.2230602017772523 1.0 [-1,-1] 1.0 1.0 1.0 0.000762533893525711 0.11946670068019369 29.415676244112177 -189.62146277042373 2899.0298995524304 2899.0298995524304 -1134.3364665054264 2379.2033310667402 -1207.0818732363955
189.74692341678923 60.94479066482571 39633399106764878 12 82-83-84-85-86-87-88-89-90-92-451-452 0.6023775013618317 1.0 3 0.8583477379036877 1.0 [-1,-1] 1.0 1.0 1.0 0.0006106036532175123 0.14488555312656437 29.05520933517429 -189.74692341678923 2279.9386687686374 2279.9386687686374 -503.96769554625513 1523.6690767795508 -1619.4349136837996
188.90118082293176 61.41385996741796 39633404936847595 12 82-83-84-85-86-87-88-89-90-92-451-452 0.5244775039889558 1.0 3 0.6121058557335656 1.0 [-1,-1] 1.0 1.0 1.0 0.0006888416087567301 0.1305783864573065 28.586140032582037 -188.90118082293176 2028.0525192324164 2028.0525192324164 -571.6783605682655 245.4990220973306 -1930.2619260018018
190.54503247570895 61.80571532780816 39633407835111784 12 82-83-84-85-86-87-88-89-90-92-451-452 0.8631468964477552 1.0 3 0.3048345678918257 1.0 [-1,-1] 1.0 1.0 1.0 0.0006576102792991648 0.1359368301360722 28.19428467219184 -190.54503247570895 3041.3682095403487 3041.3682095403487 -112.01881918473376 -215.86485004556206 -3031.629056574358
190.13796729554525 63.03319311211374 39633421911197452 12 82-83-84-85-86-87-88-89-90-92-451-452 0.8676571278590788 1.0 3 1.2381038160507267 1.0 [-1,-1] 1.0 1.0 1.0 0.0006576102792991648 0.1359368301360722 26.966806887886257 -190.13796729554525 3053.5099752776987 3053.5099752776987 -210.95246842281148 -2940.7426853859865 -794.6412294460645
191.6929709389922 62.72179736849042 39633419151345354 12 82-83-84-85-86-87-88-89-90-92-451-452 0.509521242409622 1.0 3 1.2433545951135598 1.0 [-1,-1] 1.0 1.0 1.0 0.0007365189099627642 0.12316671624379881 27.27820263150958 -191.6929709389922 1978.3150017045994 1978.3150017045994 -1657.9606965404316 92.64206126842502 -1075.3204281425017
189.4374583722565 63.054864950615816 39633421907002286 12 82-83-84-85-86-87-88-89-90-92-451-452 0.6269404171282664 1.0 3 1.2729892229024657 1.0 [-1,-1] 1.0 1.0 1.0 0.0007056687116799521 0.12786279395313782 26.945135049384184 -189.4374583722565 2356.9187255841484 2356.9187255841484 1346.1980793531222 -1850.6298401228614 -563.902300936965
