data_rosette/LRG_18_clustering_data.ecsv
# %ECSV 1.0
# ---
# datatype:
# - {name: RA, unit: deg, datatype: float64}
# - {name: DEC, unit: deg, datatype: float64}
# - {name: TARGETID, datatype: int64}
# - {name: NTILE, datatype: int64}
# - {name: TILES, datatype: string}
# - {name: Z, datatype: float64}
# - {name: COMP_TILE, datatype: float64}
# - {name: ROSETTE_NUMBER, datatype: int32}
# - {name: ROSETTE_R, unit: deg, datatype: float64}
# - {name: FRACZ_TILELOCID, datatype: float64}
# - {name: BITWEIGHTS, datatype: string, subtype: 'int64[2]'}
# - {name: PROB_OBS, datatype: float64}
# - {name: WEIGHT_ZFAIL, datatype: float64}
# - {name: WEIGHT, datatype: float64}
# - {name: NZ, unit: h3 / Mpc3, datatype: float64}
# - {name: WEIGHT_FKP, datatype: float64}
# - {name: theta, unit: deg, datatype: float64}
# - {name: phi, unit: deg, datatype: float64}
# - {name: rho, unit: Mpc, datatype: float64}
# - {name: r, unit: Mpc, datatype: float64}
# - {name: x, unit: Mpc, datatype: float64}
# - {name: y, unit: Mpc, datatype: float64}
# - {name: z, unit: Mpc, datatype: float64}
# meta: !!omap
# - {EXTNAME: LSS}
# - {DESIDR: edr}
# - comments: ['Visit https://desidatamodel.readthedocs.io/en/latest/ for a more complet', e description]
# schema: astropy-2.0
RA DEC TARGETID NTILE TILES Z COMP_TILE ROSETTE_NUMBER ROSETTE_R FRACZ_TILELOCID BITWEIGHTS PROB_OBS WEIGHT_ZFAIL WEIGHT NZ WEIGHT_FKP theta phi rho r x y z
[from data line 3296]
269.48161098502095 62.97508914105511 39633422519372316 9 542-543-544-545-546-547-548-549-550 0.9570891707588081 0.9615384615384616 18 0.46908648698363914 1.0 [-1,-1] 1.0 1.0 1.0 0.0003767415448896098 0.21544643941305056 27.024910858944892 -269.48161098502095 3287.6328767916953 3287.6328767916953 2395.087229713285 1998.4192221715823 -1038.4641096740447
268.9372891814515 61.2545505271836 39633402676121798 9 542-543-544-545-546-547-548-549-550 0.5602124247191771 0.9615384615384616 18 1.3194018079780316 1.0 [-1,-1] 1.0 1.0 1.0 0.0006724560872077301 0.13333590500666823 28.745449472816397 -268.9372891814515 2145.080558503237 2145.080558503237 -316.52062029261236 -920.7236969086715 -1911.4008405745167
272.42039595923626 61.83779662478744 39633408489423494 9 542-543-544-545-546-547-548-549-550 0.5553475234846325 0.9615384615384616 18 1.4288422807434336 1.0 [-1,-1] 1.0 1.0 1.0 0.0006724560872077301 0.13333590500666823 28.162203375212563 -272.42039595923626 2129.297368293553 2129.297368293553 -148.44652365521264 -186.36272597476756 -2115.925293247327
271.7647513739874 62.14083127092828 39633414172708325 9 542-543-544-545-546-547-548-549-550 0.45178777019050703 0.9615384615384616 18 1.0180655968972343 1.0 [-1,-1] 1.0 1.0 1.0 0.0005330850268982689 0.1625298359500762 27.85916872907172 -271.7647513739874 1782.0532310898802 1782.0532310898802 -12.209131681146925 -718.6715382042096 -1630.6673099429784
268.220684360102 62.65310188814213 39633419742743604 9 542-543-544-545-546-547-548-549-550 0.7954311508902565 0.9615384615384616 18 0.7075162308545287 1.0 [-1,-1] 1.0 1.0 1.0 0.0008239664519383997 0.11155322342262282 27.34689811185787 -268.220684360102 2855.0586962122047 2855.0586962122047 -858.9171367560348 2116.655776126994 -1712.7141724152289
270.30665332643287 63.79856593256453 39633430673099209 9 542-543-544-545-546-547-548-549-550 0.6494406452451058 0.9615384615384616 18 1.3047930633548295 1.0 [-1,-1] 1.0 1.0 1.0 0.0007982518636535506 0.11473445525619816 26.20143406743547 -270.30665332643287 2426.4308519836877 2426.4308519836877 2109.081077257235 -275.0601678291369 1167.7694948437188
270.2798847217274 63.80997217575441 39633430673099000 9 542-543-544-545-546-547-548-549-550 0.720401762593638 0.9615384615384616 18 1.3136259511495654 1.0 [-1,-1] 1.0 1.0 1.0 0.0005823912580269674 0.15084542533972659 26.19002782424559 -270.2798847217274 2639.5227411952683 2639.5227411952683 2286.9272848362425 -236.19708921728085 1296.6321105864222
268.2547508820561 63.08356252771389 39633422510982666 10 542-543-544-545-546-547-548-549-550-551 0.7289517987092106 0.9931506849315068 18 0.8787536338367538 1.0 [-1,-1] 1.0 1.0 1.0 0.0005823912580269674 0.15084542533972659 26.916437472286113 -268.2547508820561 2664.582559606375 2664.582559606375 -896.5263299027313 2445.2518208338133 -563.0135783962239
268.25080976706664 63.095563242032966 39633422510982627 10 542-543-544-545-546-547-548-549-550-551 1.053023757106944 0.9931506849315068 18 0.8877624159637635 1.0 [-1,-1] 1.0 1.0 1.0 0.00014839258087788972 0.41078905010633954 26.904436757967034 -268.25080976706664 3525.38441824999 3525.38441824999 -1201.916894953068 3238.6462640646646 -703.4923242837739
268.47459147249526 61.24731351117979 39633402676117780 10 542-543-544-545-546-547-548-549-550-551 0.9839523202068485 0.9931506849315068 18 1.4034166531818404 1.0 [-1,-1] 1.0 1.0 1.0 0.00030269805442075816 0.25472307248715254 28.75268648882021 -268.47459147249526 3355.563808124047 3355.563808124047 202.65631483035654 -1531.2720688616894 -2978.9167057128966
271.0461241458967 62.24872772677218 39633414168512322 10 542-543-544-545-546-547-548-549-550-551 0.9344716363100758 0.9931506849315068 18 0.6676503612410547 1.0 [-1,-1] 1.0 1.0 1.0 0.0003671239319408774 0.21984967794317842 27.75127227322782 -271.0461241458967 3229.5949367673506 3229.5949367673506 1041.335766853983 -1232.209407533732 -2797.7782707443603
267.1547006119626 62.89736260649336 39633422502593770 10 542-543-544-545-546-547-548-549-550-551 1.0192584958314037 0.9931506849315068 18 1.2395463027427311 1.0 [-1,-1] 1.0 1.0 1.0 0.00020130102782971312 0.3394727840281335 27.10263739350664 -267.1547006119626 3443.2264238334346 3443.2264238334346 -3150.0673642181696 377.67618129499147 -1338.0001901176292
271.11626841787165 63.27178029082307 39633425275027591 10 542-543-544-545-546-547-548-549-550-551 0.6359897023571306 0.9931506849315068 18 0.9818352579752928 1.0 [-1,-1] 1.0 1.0 1.0 0.0007982518636535506 0.11473445525619816 26.728219709176933 -271.11626841787165 2384.990130286409 2384.990130286409 1407.5572270535336 -1924.4469310010509 -58.86071604717472
270.9286431247011 63.18721730445274 39633425270836050 10 542-543-544-545-546-547-548-549-550-551 0.8013179460469938 0.9931506849315068 18 0.8626861972624713 1.0 [-1,-1] 1.0 1.0 1.0 0.0008239664519383997 0.11155322342262282 26.812782695547263 -270.9286431247011 2871.558889113932 2871.558889113932 2085.300616076606 -1949.1927960752278 -313.0802420597674
272.18320876943216 63.13156503430777 39633425279226048 10 542-543-544-545-546-547-548-549-550-551 0.5308608514469776 0.9931506849315068 18 1.276303997477314 1.0 [-1,-1] 1.0 1.0 1.0 0.0006094867785671962 0.14511252611805409 26.86843496569223 -272.18320876943216 2049.1437839523956 2049.1437839523956 -852.6311274451266 -1832.7209603667463 -336.369275134911
270.83917219583725 63.274772338117835 39633425270835341 10 542-543-544-545-546-547-548-549-550-551 0.4864551147746157 0.9931506849315068 18 0.9082841499087339 1.0 [-1,-1] 1.0 1.0 1.0 0.000668512811805897 0.13401699399284683 26.725227661882165 -270.83917219583725 1900.7209231903794 1900.7209231903794 1498.6300789907423 -1168.395707141624 -41.22360647632215
272.2544255094509 62.05643944069132 39633411345745264 10 542-543-544-545-546-547-548-549-550-551 0.8020387234852753 0.9931506849315068 18 1.2620259122255726 1.0 [-1,-1] 1.0 1.0 1.0 0.0008239664519383997 0.11155322342262282 27.94356055930868 -272.2544255094509 2873.5751380784413 2873.5751380784413 -452.87607932744606 -816.0177486372085 -2717.8028561440206
270.5426039695012 63.24387843868334 39633425266642900 10 542-543-544-545-546-547-548-549-550-551 0.5827527309422598 0.9931506849315068 18 0.81312716517164 1.0 [-1,-1] 1.0 1.0 1.0 0.0005369919189708607 0.1615383650856205 26.75612156131666 -270.5426039695012 2217.602160451411 2217.602160451411 2068.1486084348185 -791.792408075491 -116.55667283302144
270.5247822111986 63.18283034700823 39633425266642778 10 542-543-544-545-546-547-548-549-550-551 0.9180137140965615 0.9931506849315068 18 0.7555432577144767 1.0 [-1,-1] 1.0 1.0 1.0 0.00042618922305278896 0.1953324009783564 26.817169652991772 -270.5247822111986 3186.870315333773 3186.870315333773 2976.7186393423717 -1079.2188489660386 -361.35194061150236
270.929606145491 61.36885398442007 39633402692898216 10 542-543-544-545-546-547-548-549-550-551 0.9014368901106815 0.9931506849315068 18 1.281926287869711 1.0 [-1,-1] 1.0 1.0 1.0 0.0005723615213970424 0.15308410280969617 28.63114601557993 -270.929606145491 3143.411716280688 3143.411716280688 -801.3872709684194 750.527979731177 -2945.4241479999323
270.92031494368035 61.259762141754386 39633402692898137 10 542-543-544-545-546-547-548-549-550-551 0.9226499078199928 0.9931506849315068 18 1.3793418054517814 1.0 [-1,-1] 1.0 1.0 1.0 0.00042618922305278896 0.1953324009783564 28.740237858245614 -270.92031494368035 3198.9481771588516 3198.9481771588516 -1057.9787386192806 972.5420722452072 -2857.990963332546
270.8995802867834 61.30528988077894 39633402692897974 10 542-543-544-545-546-547-548-549-550-551 0.48870467018828806 0.9931506849315068 18 1.3336439809263105 1.0 [-1,-1] 1.0 1.0 1.0 0.000668512811805897 0.13401699399284683 28.694710119221057 -270.8995802867834 1908.3360206830994 1908.3360206830994 -584.1625467203442 515.0560802992898 -1742.1876250830562
269.9690769452556 63.33523825676129 39633425262448615 10 542-543-544-545-546-547-548-549-550-551 1.0205027418760155 0.9931506849315068 18 0.8224658164089091 1.0 [-1,-1] 1.0 1.0 1.0 0.00020130102782971312 0.3394727840281335 26.664761743238707 -269.9690769452556 3446.282789605901 3446.282789605901 3369.5438053596017 710.767849387192 133.59892953939993
271.43541261980727 62.20680804863426 39633414172705624 10 542-543-544-545-546-547-548-549-550-551 0.7653087591840996 0.9931506849315068 18 0.8507853286833491 1.0 [-1,-1] 1.0 1.0 1.0 0.0007242712797402853 0.12498917450484462 27.793191951365742 -271.43541261980727 2769.7025098864297 2769.7025098864297 393.8926802631293 -1219.7738588395039 -2455.2499430807657
269.8662293955731 63.23719921026407 39633425262447854 10 542-543-544-545-546-547-548-549-550-551 0.5058813527693129 0.9931506849315068 18 0.7198826111492675 1.0 [-1,-1] 1.0 1.0 1.0 0.0007365189099627642 0.12316671624379881 26.762800789735927 -269.8662293955731 1966.1421962862362 1966.1421962862362 1868.693217289748 600.1164763173117 -116.45175191918844
269.68417445625676 63.284355480192744 39633425262446453 10 542-543-544-545-546-547-548-549-550-551 0.6961662987436398 0.9931506849315068 18 0.7646404025573336 1.0 [-1,-1] 1.0 1.0 1.0 0.0005639081233901963 0.1550231922816235 26.715644519807256 -269.68417445625676 2567.7775154175006 2567.7775154175006 2262.083696218347 1214.6984416065684 -31.087231227418552
270.1127844954811 61.30192948279965 39633402688701380 10 542-543-544-545-546-547-548-549-550-551 0.42958570762203296 0.9931506849315068 18 1.2313264990648098 1.0 [-1,-1] 1.0 1.0 1.0 0.0005613841910631427 0.1556117057517016 28.69807051720035 -270.1127844954811 1704.7478472934192 1704.7478472934192 -699.4969999011125 -44.958067470849684 -1553.978102210638
270.1125800414977 61.311777677952016 39633402688701378 10 542-543-544-545-546-547-548-549-550-551 0.5939912226433182 0.9931506849315068 18 1.2215667983135845 1.0 [-1,-1] 1.0 1.0 1.0 0.0006106036532175123 0.14488555312656437 28.688222322047984 -270.1125800414977 2253.3913903875236 2253.3913903875236 -904.3740544947311 -58.31159357162339 -2063.123865860825
269.961082597259 61.127469834959 39633402684510139 10 542-543-544-545-546-547-548-549-550-551 0.657408879053051 0.9931506849315068 18 1.3967961103794857 1.0 [-1,-1] 1.0 1.0 1.0 0.0006371005092682059 0.1397016056866948 28.872530165041 -269.961082597259 2450.8203520125553 2450.8203520125553 -1348.1483721716393 -295.65330211900596 -2025.2420816771591
269.71769154114537 61.17877560445831 39633402684507927 10 542-543-544-545-546-547-548-549-550-551 0.9413075864814677 0.9931506849315068 18 1.3412369600457859 1.0 [-1,-1] 1.0 1.0 1.0 0.0003671239319408774 0.21984967794317842 28.82122439554169 -269.71769154114537 3247.2185494813975 3247.2185494813975 -1513.6729081652618 -748.5842170308196 -2773.5977187030826
269.70502719179797 61.18316345732335 39633402684507816 10 542-543-544-545-546-547-548-549-550-551 0.9512527792253074 0.9931506849315068 18 1.3368884261190614 1.0 [-1,-1] 1.0 1.0 1.0 0.0003767415448896098 0.21544643941305056 28.816836542676647 -269.70502719179797 3272.7307504427035 3272.7307504427035 -1504.9488680691227 -768.1412022595895 -2802.8297420253552
272.69107406762447 62.124794692284496 39633411349938640 10 542-543-544-545-546-547-548-549-550-551 0.6638066661064976 0.9931506849315068 18 1.4309128376585216 1.0 [-1,-1] 1.0 1.0 1.0 0.0006371005092682059 0.1397016056866948 27.875205307715504 -272.69107406762447 2470.3174730094374 2470.3174730094374 -777.1284527114075 -563.6299078380845 -2276.1505030275434
269.2713302038197 63.64749754574982 39633430664711023 10 542-543-544-545-546-547-548-549-550-551 0.88880962015369 0.9931506849315068 18 1.1464488155034132 1.0 [-1,-1] 1.0 1.0 1.0 0.0005346154933450218 0.1621399955636538 26.35250245425018 -269.2713302038197 3110.0178014455596 3110.0178014455596 1802.3988963187999 2297.795321093177 1069.4417264252165
269.70229890188017 61.1799470648968 39633402684507796 10 542-543-544-545-546-547-548-549-550-551 0.9493999901536154 0.9931506849315068 18 1.3401166274063696 1.0 [-1,-1] 1.0 1.0 1.0 0.0003671239319408774 0.21984967794317842 28.8200529351032 -269.70229890188017 3267.98922059819 3267.98922059819 -1508.6691773415323 -775.235737863946 -2793.3278379066305
269.4919381329236 61.2744864355727 39633402684506217 10 542-543-544-545-546-547-548-549-550-551 0.8899171003324616 0.9931506849315068 18 1.2505493655681663 1.0 [-1,-1] 1.0 1.0 1.0 0.0005346154933450218 0.1621399955636538 28.725513564427303 -269.4919381329236 3112.956719601558 3112.956719601558 -1051.1199786715058 -858.7806146970455 -2801.4535841899415
269.32710666926994 63.70886408863067 39633430664711437 10 542-543-544-545-546-547-548-549-550-551 0.9698677246651713 0.9931506849315068 18 1.2027371696977522 1.0 [-1,-1] 1.0 1.0 1.0 0.0003767415448896098 0.21544643941305056 26.29113591136933 -269.32710666926994 3320.0814029641656 3320.0814029641656 2007.8060242811505 2284.9131426397603 1330.72439737194
268.5563491500678 62.123509963253696 39633411316384965 10 542-543-544-545-546-547-548-549-550-551 0.9624175870093705 0.9931506849315068 18 0.6740844628630475 1.0 [-1,-1] 1.0 1.0 1.0 0.0003767415448896098 0.21544643941305056 27.876490036746304 -268.5563491500678 3301.193107003366 3301.193107003366 -63.69622465801819 1277.3990722968902 -3043.3649683838275
267.547380610483 62.74301188626448 39633419738548163 10 542-543-544-545-546-547-548-549-550-551 0.8697864709347762 0.9931506849315068 18 1.0278057875560438 1.0 [-1,-1] 1.0 1.0 1.0 0.0006576102792991648 0.1359368301360722 27.256988113735517 -267.547380610483 3059.230871055001 3059.230871055001 -2268.797282319029 1275.050632938383 -1608.0106646416111
271.0189863071402 62.34839915525501 39633414168512110 10 542-543-544-545-546-547-548-549-550-551 0.751495257510559 0.9931506849315068 18 0.6206806542314198 1.0 [-1,-1] 1.0 1.0 1.0 0.0007242712797402853 0.12498917450484462 27.65160084474499 -271.0189863071402 2730.0360337737184 2730.0360337737184 1060.4150872632745 -1187.8477896874567 -2217.573948472064
271.58643869325505 61.634793139447446 39633408481036529 10 542-543-544-545-546-547-548-549-550-551 0.4253908503686249 0.9931506849315068 18 1.2406042733766462 1.0 [-1,-1] 1.0 1.0 1.0 0.0005613841910631427 0.1556117057517016 28.365206860552554 -271.58643869325505 1690.026185779867 1690.026185779867 -24.634785309226736 151.37499383721908 -1683.0529543704786
271.9068173560207 63.56495301259002 39633427992940669 10 542-543-544-545-546-547-548-549-550-551 0.406440230305225 0.9931506849315068 18 1.437115155000894 1.0 [-1,-1] 1.0 1.0 1.0 0.00024055914515870672 0.3007331513712552 26.435046987409983 -271.9068173560207 1623.059294148403 1623.059294148403 -247.8550653371126 -1545.1563104156066 430.5593051962501
270.2396889086846 63.646207635092836 39633430673098643 10 542-543-544-545-546-547-548-549-550-551 0.8798972289806819 0.9931506849315068 18 1.1495913736458507 1.0 [-1,-1] 1.0 1.0 1.0 0.0005346154933450218 0.1621399955636538 26.353792364907164 -270.2396889086846 3086.296002296279 3086.296002296279 2893.7506275499372 -181.73643755382375 1057.545359126303
270.8561775595284 61.81884301122276 39633408476840611 10 542-543-544-545-546-547-548-549-550-551 0.8205481526490419 0.9931506849315068 18 0.8763579248561579 1.0 [-1,-1] 1.0 1.0 1.0 0.000762533893525711 0.11946670068019369 28.18115698877724 -270.8561775595284 2925.052631160834 2925.052631160834 211.75407421021524 -170.96061094483443 -2912.3642589177716
270.8468909973442 61.74072628572348 39633408476840516 10 542-543-544-545-546-547-548-549-550-551 0.5056313024438298 0.9931506849315068 18 0.9379784069813754 1.0 [-1,-1] 1.0 1.0 1.0 0.0007365189099627642 0.12316671624379881 28.259273714276517 -270.8468909973442 1965.3049746941028 1965.3049746941028 23.199957097701102 -18.377347402116456 -1965.0821048115306
