data_rosette/LRG_14_clustering_data.ecsv
# %ECSV 1.0
# ---
# datatype:
# - {name: RA, unit: deg, datatype: float64}
# - {name: DEC, unit: deg, datatype: float64}
# - {name: TARGETID, datatype: int64}
# - {name: NTILE, datatype: int64}
# - {name: TILES, datatype: string}
# - {name: Z, datatype: float64}
# - {name: COMP_TILE, datatype: float64}
# - {name: ROSETTE_NUMBER, datatype: int32}
# - {name: ROSETTE_R, unit: deg, datatype: float64}
# - {name: FRACZ_TILELOCID, datatype: float64}
# - {name: BITWEIGHTS, datatype: string, subtype: 'int64[2]'}
# - {name: PROB_OBS, datatype: float64}
# - {name: WEIGHT_ZFAIL, datatype: float64}
# - {name: WEIGHT, datatype: float64}
# - {name: NZ, unit: h3 / Mpc3, datatype: float64}
# - {name: WEIGHT_FKP, datatype: float64}
# - {name: theta, unit: deg, datatype: float64}
# - {name: phi, unit: deg, datatype: float64}
# - {name: rho, unit: Mpc, datatype: float64}
# - {name: r, unit: Mpc, datatype: float64}
# - {name: x, unit: Mpc, datatype: float64}
# - {name: y, unit: Mpc, datatype: float64}
# - {name: z, unit: Mpc, datatype: float64}
# meta: !!omap
# - {EXTNAME: LSS}
# - {DESIDR: edr}
# - comments: ['Visit https://desidatamodel.readthedocs.io/en/latest/ for a more complet', e description]
# schema: astropy-2.0
RA DEC TARGETID NTILE TILES Z COMP_TILE ROSETTE_NUMBER ROSETTE_R FRACZ_TILELOCID BITWEIGHTS PROB_OBS WEIGHT_ZFAIL WEIGHT NZ WEIGHT_FKP theta phi rho r x y z
[from data line 2396]
252.16508845077934 36.03289689357864 39633001545466647 5 379-380-386-388-436 0.8894425101677095 1.0 14 1.5570918494280366 1.0 [-1,-1] 1.0 1.0 1.0 0.0005346154933450218 0.1621399955636538 53.96710310642136 107.83491154922066 3111.6975387959556 3111.6975387959556 -864.0328023743684 -1409.1626081057304 -2636.3553693094104
252.17015591697762 36.02903767976022 39633001545466734 5 379-380-386-388-436 0.5004529626643602 1.0 14 1.552570957740461 1.0 [-1,-1] 1.0 1.0 1.0 0.0007365189099627642 0.12316671624379881 53.97096232023978 107.82984408302238 1947.9383257757906 1947.9383257757906 -548.7048092750197 -884.7968633629574 -1646.3660783336513
251.57132962107377 35.79599820006392 39632996633935921 5 379-380-388-389-436 0.9815082718699304 1.0 14 1.5020482695444428 1.0 [-1,-1] 1.0 1.0 1.0 0.00030269805442075816 0.25472307248715254 54.20400179993608 108.42867037892623 3349.4277913235637 3349.4277913235637 104.7092200763263 -2393.2597994844205 -2340.9421267287757
252.89813586560842 34.61902877260149 39632971904324139 3 379-380-436 0.7905859908920894 1.0 14 0.3488162331463631 1.0 [-1,-1] 1.0 1.0 1.0 0.0008239664519383997 0.11155322342262282 55.38097122739851 107.10186413439158 2841.434004977712 2841.434004977712 -2506.255949893437 -741.6633291143455 1114.6137557532882
254.14471830363192 33.60152268750854 39632951855551119 2 379-381 0.8137011528117737 0.2 14 1.6322167171381556 0.25 [6994410319581905120,-8934855776942421882] 0.2109375 1.0 4.607142857142857 0.000762533893525711 0.11946670068019369 56.39847731249146 105.85528169636808 2906.0770730142913 2906.0770730142913 -249.78426591303264 355.92337698501956 2873.362198630235
254.1998327374963 33.94558334458697 39632961917684168 6 379-381-382-383-384-385 0.596736437347878 1.0 14 1.510886270116574 1.0 [-1,-1] 1.0 1.0 1.0 0.0006106036532175123 0.14488555312656437 56.05441665541303 105.80016726250369 2262.0964581391722 2262.0964581391722 -567.1032904073404 910.9812298506367 1991.378277172566
252.17164993646813 35.32754388299505 39632986785710872 9 379-381-382-383-384-385-386-387-388 0.7590937489336428 1.0 14 0.8702426210746136 1.0 [-1,-1] 1.0 1.0 1.0 0.0007242712797402853 0.12498917450484462 54.67245611700495 107.82835006353187 2751.8967608158805 2751.8967608158805 -1386.5457111581795 -2228.39110829919 -827.4659156188252
254.27845636362363 34.20165647423689 39632966929876859 10 379-381-382-383-384-385-386-387-388-389 0.7643613095265838 1.0 14 1.4982716391210464 1.0 [-1,-1] 1.0 1.0 1.0 0.0007242712797402853 0.12498917450484462 55.79834352576311 105.72154363637637 2766.992436908164 2766.992436908164 -868.2288913154773 1675.1082672560951 2023.965916502143
251.5711113126949 35.508584378865834 39632991709827168 10 379-381-382-383-384-385-386-387-388-389 0.6152836708483977 1.0 14 1.263372876599818 1.0 [-1,-1] 1.0 1.0 1.0 0.0007056687116799521 0.12786279395313782 54.491415621134166 108.42888868730509 2320.5300727372155 2320.5300727372155 90.111158071694 -2049.357515918437 -1084.8380384266486
253.56444137570466 34.12482192797379 39632961909294934 10 379-381-382-383-384-385-386-387-388-389 0.6194713029831849 1.0 14 0.9558991877442381 1.0 [-1,-1] 1.0 1.0 1.0 0.0007056687116799521 0.12786279395313782 55.87517807202621 106.43555862429534 2333.632268730208 2333.632268730208 -1352.4557429375088 537.9805935182857 1824.0833067741073
254.23719738996246 34.22183582243305 39632966929876108 11 379-381-382-383-384-385-386-387-388-389-436 0.7660177075261223 1.0 14 1.4607623734059332 1.0 [-1,-1] 1.0 1.0 1.0 0.0007242712797402853 0.12498917450484462 55.77816417756695 105.76280261003754 2771.7293591838516 2771.7293591838516 -958.3035268991432 1675.8537389691458 1988.8821575139946
253.53068385235787 34.176967478552456 39632966917296640 11 379-381-382-383-384-385-386-387-388-389-436 0.7055302388961796 1.0 14 0.91029405932683 1.0 [-1,-1] 1.0 1.0 1.0 0.0005639081233901963 0.1550231922816235 55.823032521447544 106.46931614764213 2595.6233982982803 2595.6233982982803 -1621.0837525807542 582.2692888502736 1941.7288091219148
254.08870143340332 34.555905025301215 39632971921100935 11 379-381-382-383-384-385-386-387-388-389-436 0.9406727127370923 1.0 14 1.3100311055655307 1.0 [-1,-1] 1.0 1.0 1.0 0.0003671239319408774 0.21984967794317842 55.444094974698785 105.91129856659668 3245.584805906523 3245.584805906523 -1795.6824281551872 2276.1440796935603 1458.9425890081923
253.49784515106336 35.659026133460834 39632996659103065 11 379-381-382-383-384-385-386-387-388-389-436 0.9009927261832643 1.0 14 1.4177806074465196 1.0 [-1,-1] 1.0 1.0 1.0 0.0005723615213970424 0.15308410280969617 54.340973866539166 106.50215484893664 3142.241354336256 3142.241354336256 -2404.231265677192 775.4343850608776 -1868.703899633769
254.09606669084246 34.03962159554501 39632961917682447 11 379-381-382-383-384-385-386-387-388-389-436 0.5948633937441187 1.0 14 1.3969978240380807 1.0 [-1,-1] 1.0 1.0 1.0 0.0006106036532175123 0.14488555312656437 55.96037840445499 105.90393330915754 2256.158618836227 2256.158618836227 -768.2135889795748 988.6489369764397 1876.8784921969427
254.08613587303762 34.03253286303878 39632961917682303 11 379-381-382-383-384-385-386-387-388-389-436 0.8914163144579381 1.0 14 1.3916693757029448 1.0 [-1,-1] 1.0 1.0 1.0 0.0005723615213970424 0.15308410280969617 55.96746713696122 105.91386412696238 3116.932082952353 3116.932082952353 -1063.366666126264 1340.7978578464529 2605.1445348585885
254.0831993980342 34.0252429645324 39632961917682255 11 379-381-382-383-384-385-386-387-388-389-436 0.5927113344657494 1.0 14 1.3919066276223684 1.0 [-1,-1] 1.0 1.0 1.0 0.0006106036532175123 0.14488555312656437 55.9747570354676 105.9168006019658 2249.3278952811506 2249.3278952811506 -761.646461510772 954.5881555695206 1888.949999710006
252.89763504674855 33.99677376330172 39632961900905621 11 379-381-382-383-384-385-386-387-388-389-436 0.483059821784217 1.0 14 0.6010575882776068 1.0 [-1,-1] 1.0 1.0 1.0 0.000668512811805897 0.13401699399284683 56.00322623669828 107.10236495325145 1889.2077497300613 1889.2077497300613 -939.6858181797091 -278.588252722 1615.0805150819433
251.91282528324462 35.22155966515097 39632986781517228 11 379-381-382-383-384-385-386-387-388-389-436 0.8513603357047087 1.0 14 0.867625268132375 1.0 [-1,-1] 1.0 1.0 1.0 0.0006576102792991648 0.1359368301360722 54.77844033484903 108.08717471675538 3009.48261568123 3009.48261568123 -865.4539336968828 -2820.0184674167144 -596.2138426477668
252.90756202481506 33.99183428593787 39632961900905810 11 379-381-382-383-384-385-386-387-388-389-436 0.6560302423165388 1.0 14 0.6096999683094154 1.0 [-1,-1] 1.0 1.0 1.0 0.0006371005092682059 0.1397016056866948 56.00816571406213 107.09243797518494 2446.6090272453293 2446.6090272453293 -1210.5080971996958 -345.84386773743176 2097.84601388203
251.69029480121117 34.051997811688 39632961884127972 11 379-381-382-383-384-385-386-387-388-389-436 0.9969670801933547 1.0 14 0.8052178409968375 1.0 [-1,-1] 1.0 1.0 1.0 0.00023297360745577845 0.30751381291380364 55.948002188312 108.30970519878883 3388.090304525259 3388.090304525259 -143.9452895991106 -1909.5025492938976 2795.0376883792455
251.5861147333043 35.52216006318622 39632991709827395 11 379-381-382-383-384-385-386-387-388-389-436 0.9515262202644329 1.0 14 1.2669006175409916 1.0 [-1,-1] 1.0 1.0 1.0 0.0003767415448896098 0.21544643941305056 54.47783993681378 108.4138852666957 3273.43008123978 3273.43008123978 83.11937080982072 -2871.452950879398 -1569.4564721098993
251.5852799149706 35.52179489741507 39632991709827385 11 379-381-382-383-384-385-386-387-388-389-436 0.6111885920607967 1.0 14 1.2670111674344329 1.0 [-1,-1] 1.0 1.0 1.0 0.0007056687116799521 0.12786279395313782 54.47820510258493 108.41472008502939 2307.685104384313 2307.685104384313 60.298973177771586 -2024.6555244604403 -1105.6873799147586
252.63936935487197 33.415329472958476 39632951834579183 11 379-381-382-383-384-385-386-387-388-389-436 0.7116240640660902 1.0 14 1.0908127999760997 1.0 [-1,-1] 1.0 1.0 1.0 0.0005823912580269674 0.15084542533972659 56.584670527041524 107.36063064512803 2613.659815992071 2613.659815992071 80.37692644254766 48.891117527881995 2611.9660874625133
254.23633876529388 34.22382367290978 39632966929876087 11 379-381-382-383-384-385-386-387-388-389-436 0.7659387553559913 1.0 14 1.459672525518981 1.0 [-1,-1] 1.0 1.0 1.0 0.0007242712797402853 0.12498917450484462 55.77617632709022 105.76366123470612 2771.503681801607 2771.503681801607 -961.6274220010433 1678.320730894334 1984.8790602315794
253.5313341541677 34.18228285575516 39632966917296656 11 379-381-382-383-384-385-386-387-388-389-436 0.7086506164778188 1.0 14 0.9088992691026944 1.0 [-1,-1] 1.0 1.0 1.0 0.0005639081233901963 0.1550231922816235 55.81771714424484 106.4686658458323 2604.8673982555324 2604.8673982555324 -1636.1994341481718 588.9001961434778 1939.428300600443
252.5506423301843 33.21916925816832 39632946784633098 12 379-381-382-383-384-385-386-387-388-389-436-437 0.8565345766297499 1.0 14 1.2815208649075989 1.0 [-1,-1] 1.0 1.0 1.0 0.0006576102792991648 0.1359368301360722 56.78083074183168 107.4493576698157 3023.5080192714368 3023.5080192714368 559.9688032136075 412.7647474370858 2942.390345501325
252.99397838495526 35.28397193897994 39632986794102520 12 379-381-382-383-384-385-386-387-388-389-436-437 0.7419906345041136 1.0 14 0.8824815185160093 1.0 [-1,-1] 1.0 1.0 1.0 0.0006073340474539246 0.1455520198534496 54.71602806102006 107.00602161504474 2702.549155404063 2702.549155404063 -2562.527456482535 -497.7995269272619 -699.586022687246
253.11025771225817 35.17912883061553 39632986798294213 12 379-381-382-383-384-385-386-387-388-389-436-437 0.7825154947257721 1.0 14 0.84384878259692 1.0 [-1,-1] 1.0 1.0 1.0 0.0007064174578981374 0.12774458208408304 54.82087116938447 106.88974228774183 2818.6507815151467 2818.6507815151467 -2776.033221467845 -210.24669938893075 -440.71317978801756
251.31819964709257 34.86664747343487 39632976861991302 12 379-381-382-383-384-385-386-387-388-389-436-437 0.9541621690114229 1.0 14 1.0386618149595495 1.0 [-1,-1] 1.0 1.0 1.0 0.0003767415448896098 0.21544643941305056 55.13335252656513 108.68180035290743 3280.165766422344 3280.165766422344 947.9171646472197 -3098.8588043183977 507.9513904642937
253.34336544491788 35.27450904947722 39632986798297736 12 379-381-382-383-384-385-386-387-388-389-436-437 0.7861951537889095 1.0 14 1.0384719287623643 1.0 [-1,-1] 1.0 1.0 1.0 0.0007064174578981374 0.12774458208408304 54.72549095052278 106.65663455508212 2829.0523528064496 2829.0523528064496 -2705.5160079642365 429.7210135256255 -706.4419269150699
253.9958331244864 34.565961144799346 39632971921099390 12 379-381-382-383-384-385-386-387-388-389-436-437 0.776648471929658 1.0 14 1.234020089717811 1.0 [-1,-1] 1.0 1.0 1.0 0.0007064174578981374 0.12774458208408304 55.434038855200654 106.00416687551359 2802.018039827902 2802.018039827902 -1734.4666521165352 1821.9186565372966 1234.3188150465783
252.76309251849474 35.186697209923985 39632986794099123 12 379-381-382-383-384-385-386-387-388-389-436-437 0.8285792158979237 1.0 14 0.7198437843095054 1.0 [-1,-1] 1.0 1.0 1.0 0.000762533893525711 0.11946670068019369 54.813302790076015 107.23690748150526 2947.21007617032 2947.21007617032 -2651.427384103754 -1192.8341298693517 -482.8320603723585
253.10500842197757 34.993582610264994 39632981853208723 12 379-381-382-383-384-385-386-387-388-389-436-437 0.9580781421298803 1.0 14 0.7005356673340766 1.0 [-1,-1] 1.0 1.0 1.0 0.0003767415448896098 0.21544643941305056 55.006417389735006 106.89499157802243 3290.152931402644 3290.152931402644 -3278.0716192272744 -265.58256299702475 93.90779236045765
252.6108962733467 33.39171921282517 39632951834578751 12 379-381-382-383-384-385-386-387-388-389-436-437 0.44273854028118087 1.0 14 1.1120921251309401 1.0 [-1,-1] 1.0 1.0 1.0 0.0006285113834356281 0.1413409039925048 56.60828078717483 107.3891037266533 1750.6686586969042 1750.6686586969042 87.53110664493009 56.718360515952206 1747.558893283289
251.02928052001818 34.748185067222806 39632976861986853 12 379-381-382-383-384-385-386-387-388-389-436-437 0.7345486707944956 1.0 14 1.2354241303112121 1.0 [-1,-1] 1.0 1.0 1.0 0.0006073340474539246 0.1455520198534496 55.251814932777194 108.97071947998182 2680.916414309839 2680.916414309839 1426.8612969269088 -2150.6663178938616 725.2682599734007
252.76429894124328 33.551364419818746 39632951838770717 12 379-381-382-383-384-385-386-387-388-389-436-437 0.6985186705937959 1.0 14 0.9735957283840831 1.0 [-1,-1] 1.0 1.0 1.0 0.0005639081233901963 0.1550231922816235 56.448635580181254 107.23570105875672 2574.787774596447 2574.787774596447 -234.62178768996483 -105.21237557062511 2561.9162860989964
252.58831377492297 33.435997425520476 39632951834578455 12 379-381-382-383-384-385-386-387-388-389-436-437 0.4871067378112348 1.0 14 1.0665203478647864 1.0 [-1,-1] 1.0 1.0 1.0 0.000668512811805897 0.13401699399284683 56.564002574479524 107.41168622507703 1902.927832051827 1902.927832051827 24.123728955892755 16.416815954009056 1902.704093613261
252.36066342073408 33.32971524080162 39632946780440175 12 379-381-382-383-384-385-386-387-388-389-436-437 0.7921001813280464 1.0 14 1.1759829204051189 1.0 [-1,-1] 1.0 1.0 1.0 0.0008239664519383997 0.11155322342262282 56.67028475919838 107.63933657926592 2845.6962283517855 2845.6962283517855 234.21266472483768 253.63342907872612 2824.6772444638405
253.17637336012632 35.52262490902186 39632991734989038 12 379-381-382-383-384-385-386-387-388-389-436-437 0.7875639044829024 1.0 14 1.1630261449933603 1.0 [-1,-1] 1.0 1.0 1.0 0.0007064174578981374 0.12774458208408304 54.47737509097814 106.82362663987368 2832.9155993922764 2832.9155993922764 -2485.331300042179 -23.552742857997966 -1359.4058961967976
252.22958602431365 34.66676119270565 39632976874573860 12 379-381-382-383-384-385-386-387-388-389-436-437 0.5453566295630856 1.0 14 0.27816224881659535 1.0 [-1,-1] 1.0 1.0 1.0 0.0006094867785671962 0.14511252611805409 55.33323880729435 107.77041397568635 2096.737369583112 2096.737369583112 -1133.3943944143512 -1606.0864786958266 729.5279067087656
253.25951108367806 34.78935295553264 39632976891348685 12 379-381-382-383-384-385-386-387-388-389-436-437 0.784750643815669 1.0 14 0.6885870894589332 1.0 [-1,-1] 1.0 1.0 1.0 0.0007064174578981374 0.12774458208408304 55.21064704446736 106.74048891632194 2824.971807733911 2824.971807733911 -2741.3278914457437 202.2958092168793 651.6621146317489
252.97143700593298 33.83730667554834 39632956880323952 12 379-381-382-383-384-385-386-387-388-389-436-437 0.6600598764372622 1.0 14 0.7689642081003335 1.0 [-1,-1] 1.0 1.0 1.0 0.0006371005092682059 0.1397016056866948 56.16269332445166 107.02856299406702 2458.9084292120924 2458.9084292120924 -904.4889455284067 -196.96156739038554 2278.011534570954
253.20001572332285 35.40105999345459 39632991734989471 12 379-381-382-383-384-385-386-387-388-389-436-437 0.8727900443519242 1.0 14 1.0682219791474346 1.0 [-1,-1] 1.0 1.0 1.0 0.0005346154933450218 0.1621399955636538 54.59894000654541 106.79998427667715 3067.2881538425377 3067.2881538425377 -2849.410215886813 40.36728972962512 -1134.6755140666921
252.36329145552847 33.861309740545366 39632956871934893 12 379-381-382-383-384-385-386-387-388-389-436-437 0.4403015624920223 1.0 14 0.6486257709463531 1.0 [-1,-1] 1.0 1.0 1.0 0.0006285113834356281 0.1413409039925048 56.138690259454634 107.63670854447153 1742.1876153520373 1742.1876153520373 -472.44506195203786 -508.9299071074309 1597.8121604790642
252.76568400593436 35.60011545820297 39632991726603484 12 379-381-382-383-384-385-386-387-388-389-436-437 0.5416750863350589 1.0 14 1.1214087913069246 1.0 [-1,-1] 1.0 1.0 1.0 0.0006094867785671962 0.14511252611805409 54.39988454179703 107.23431599406564 2084.689472559293 2084.689472559293 -1594.1911560953013 -712.2390026260882 -1138.9470391397767
