data_rosette/LRG_12_clustering_data.ecsv
# %ECSV 1.0
# ---
# datatype:
# - {name: RA, unit: deg, datatype: float64}
# - {name: DEC, unit: deg, datatype: float64}
# - {name: TARGETID, datatype: int64}
# - {name: NTILE, datatype: int64}
# - {name: TILES, datatype: string}
# - {name: Z, datatype: float64}
# - {name: COMP_TILE, datatype: float64}
# - {name: ROSETTE_NUMBER, datatype: int32}
# - {name: ROSETTE_R, unit: deg, datatype: float64}
# - {name: FRACZ_TILELOCID, datatype: float64}
# - {name: BITWEIGHTS, datatype: string, subtype: 'int64[2]'}
# - {name: PROB_OBS, datatype: float64}
# - {name: WEIGHT_ZFAIL, datatype: float64}
# - {name: WEIGHT, datatype: float64}
# - {name: NZ, unit: h3 / Mpc3, datatype: float64}
# - {name: WEIGHT_FKP, datatype: float64}
# - {name: theta, unit: deg, datatype: float64}
# - {name: phi, unit: deg, datatype: float64}
# - {name: rho, unit: Mpc, datatype: float64}
# - {name: r, unit: Mpc, datatype: float64}
# - {name: x, unit: Mpc, datatype: float64}
# - {name: y, unit: Mpc, datatype: float64}
# - {name: z, unit: Mpc, datatype: float64}
# meta: !!omap
# - {EXTNAME: LSS}
# - {DESIDR: edr}
# - comments: ['Visit https://desidatamodel.readthedocs.io/en/latest/ for a more complet', e description]
# schema: astropy-2.0
RA DEC TARGETID NTILE TILES Z COMP_TILE ROSETTE_NUMBER ROSETTE_R FRACZ_TILELOCID BITWEIGHTS PROB_OBS WEIGHT_ZFAIL WEIGHT NZ WEIGHT_FKP theta phi rho r x y z
[from data line 5660]
241.38325586993741 45.13399944331855 39633171205064894 1 331 0.7206619054543367 0.5625 12 1.7008057520731512 0.5 [8168594468965756459,-422095158444010903] 0.5 1.0 1.9846153846153847 0.0005823912580269674 0.15084542533972659 44.86600055668145 118.61674413006259 2640.2871318247558 2640.2871318247558 1474.2052087323532 -1411.7959335087457 1674.7141198288034
242.9295583712058 44.419765083099094 39633158349521114 1 331 0.9386712751818089 0.5625 12 1.665000700559198 1.0 [-1,-1] 1.0 1.0 1.0 0.0003671239319408774 0.21984967794317842 45.580234916900906 117.07044162879421 3240.4304037179477 3240.4304037179477 -2182.462342686535 -2393.6403301556306 -87.93914911635729
243.09704244596452 44.26034591317001 39633154025194411 1 331 0.6152804945860515 0.5625 12 1.6838377220799805 0.5 [505683529880072943,1723521560839865620] 0.5078125 1.0 1.9545454545454546 0.0007056687116799521 0.12786279395313782 45.73965408682999 116.90295755403548 2320.5201222126066 2320.5201222126066 -1795.7353587833716 -1405.3094860385056 -430.41074249948423
239.25174124153457 43.74585234408428 39633145263295839 6 331-332-333-334-335-478 1.0535705203590313 1.0 12 1.335446055144301 1.0 [-1,-1] 1.0 1.0 1.0 0.00014839258087788972 0.41078905010633954 46.25414765591572 120.74825875846543 3526.7015440594496 3526.7015440594496 543.4841010281325 2639.603676198672 -2274.805759927516
240.2132209131004 44.944484786244644 39633166914293554 3 331-332-478 0.5899816896938667 1.0 12 1.6103763661467272 1.0 [-1,-1] 1.0 1.0 1.0 0.0005369919189708607 0.1615383650856205 45.055515213755356 119.7867790868996 2240.651013187997 2240.651013187997 1808.6908954239116 778.0804193823255 1069.4601762968412
240.2296811662088 44.953695057216514 39633166914293767 3 331-332-478 0.5572795617203077 1.0 12 1.6145755289073769 1.0 [-1,-1] 1.0 1.0 1.0 0.0006724560872077301 0.13333590500666823 45.046304942783486 119.77031883379121 2135.571059815703 2135.571059815703 1727.0839523206146 709.5185577067228 1036.5462794437792
241.6357786149002 44.92471765538436 39633166931070987 2 331-333 0.5260272308946581 0.5 12 1.5333585693910983 1.0 [-7497665497573602185,6675099443289129542] 0.5 1.0 1.9846153846153847 0.0006888416087567301 0.1305783864573065 45.07528234461564 118.3642213850998 2033.1804828292768 2033.1804828292768 950.6089751972371 -1534.949515793609 934.9307118697706
243.2543579430057 43.900119693170275 39633149679897712 2 331-333 0.4968808642621379 0.5 12 1.6566028659046435 0.5 [5733120344639572344,-454076790620990051] 0.4921875 1.0 2.015625 0.0007365189099627642 0.12316671624379881 46.099880306829725 116.74564205699431 1935.9268435823603 1935.9268435823603 -1445.8746467789863 -802.5360768528118 -1006.5759260255533
243.05712418263468 44.02056367608515 39633149679895206 3 331-333-334 1.0787822695104585 1.0 12 1.5583786397076036 1.0 [-1,-1] 1.0 1.0 1.0 0.00012850791192818028 0.44600300211103894 45.97943632391485 116.94287581736532 3586.983221892378 3586.983221892378 -2489.5666644973444 -2113.789509664758 -1483.3746546278235
243.0996046724838 43.77010299476696 39633145309433872 3 331-333-334 0.9573260539450527 1.0 12 1.5181048793105787 1.0 [-1,-1] 1.0 1.0 1.0 0.0003767415448896098 0.21544643941305056 46.22989700523304 116.90039532751621 3288.236626744577 3288.236626744577 -2022.7889109778414 -1574.657135155585 -2059.436826366188
243.02294627960066 44.10814756318909 39633149679894798 3 331-333-334 0.7739711033889138 1.0 12 1.5691265758239472 1.0 [-1,-1] 1.0 1.0 1.0 0.0007064174578981374 0.12774458208408304 45.89185243681091 116.97705372039934 2794.408169014599 2794.408169014599 -1949.6324372931233 -1773.4990158255575 -928.6288900178465
240.22201938301103 44.777198958807965 39633162623519545 4 331-333-334-478 1.0313030689503695 1.0 12 1.4542262197649223 1.0 [-1,-1] 1.0 1.0 1.0 0.00017557006270178804 0.37077784677498654 45.222801041192035 119.77798061698897 3472.7194380623982 3472.7194380623982 3028.9347504467055 1271.5532617503425 1126.2712264658269
241.1196006363144 43.65756381003257 39633145288459252 3 331-333-335 0.9160609669099525 1.0 12 0.21360494397473298 1.0 [-1,-1] 1.0 1.0 1.0 0.00042618922305278896 0.1953324009783564 46.34243618996743 118.8803993636856 3181.77317983355 3181.77317983355 1966.4979961296303 -1074.6129396645808 -2258.710523513736
241.788751145863 44.787605612458506 39633162644488625 2 331-334 0.6792430771399564 1.0 12 1.438890874403132 1.0 [-1,-1] 1.0 1.0 1.0 0.0008053318504768218 0.11384060807160488 45.212394387541494 118.21124885413701 2517.048046737438 2517.048046737438 927.174703398571 -2183.6879561344717 841.0617392295162
240.58964567435302 45.10828098087828 39633166922678347 3 331-334-478 0.6197935423940413 1.0 12 1.6907085504110857 1.0 [-1,-1] 1.0 1.0 1.0 0.0007056687116799521 0.12786279395313782 44.89171901912172 119.41035432564698 2334.639102413862 2334.639102413862 1841.5577732635772 54.95639938257893 1433.9402011308566
240.58412818429468 45.11159617776628 39633166918488478 3 331-334-478 0.9898428579731733 1.0 12 1.6947312011469982 1.0 [-1,-1] 1.0 1.0 1.0 0.00030269805442075816 0.25472307248715254 44.88840382223372 119.41587181570532 3370.316311860826 3370.316311860826 2651.1463484577116 93.75967982087032 2078.861275673389
239.28737050058362 44.20567838578855 39633153979057196 3 331-334-478 0.480114386238776 1.0 12 1.4791465370112844 1.0 [-1,-1] 1.0 1.0 1.0 0.000668512811805897 0.13401699399284683 45.79432161421145 120.71262949941638 1879.2009079404127 1879.2009079404127 431.4307208296408 1773.0547839881078 -448.9324208668527
242.33333473065636 44.83373363202925 39633162648684948 2 331-478 0.7500700200678501 0.6363636363636364 12 1.662131444041031 1.0 [-1,-1] 1.0 1.0 1.0 0.0007242712797402853 0.12498917450484462 45.16626636797075 117.66666526934364 2725.9244173334564 2725.9244173334564 -359.92352948866943 -2498.7185746759624 1028.3600860129145
242.31757797221553 44.79987843661198 39633162648684818 2 331-478 0.7752342314649074 0.6363636363636364 12 1.6278579934997446 0.5 [-1,-1] 1.0 1.0 1.0 0.0007064174578981374 0.12774458208408304 45.20012156338802 117.68242202778447 2797.999888686552 2797.999888686552 -333.3308684427643 -2604.2561824693507 967.235051734228
242.30390806271254 44.806154498882165 39633162648684674 2 331-478 0.6507839834101601 0.6363636363636364 12 1.6275935333437321 1.0 [-1,-1] 1.0 1.0 1.0 0.0006371005092682059 0.1397016056866948 45.193845501117835 117.69609193728746 2430.550897148885 2430.550897148885 -258.00213136779377 -2260.7136029775606 854.5095488952363
242.81051605311094 44.39011307364884 39633158345329538 2 331-478 0.835412260976887 0.6363636363636364 12 1.5785212637798882 1.0 [-1,-1] 1.0 1.0 1.0 0.0006366829495309179 0.1397804201853648 45.60988692635116 117.18948394688906 2965.978008870858 2965.978008870858 -1721.1386657588955 -2409.6395927797385 -168.35758148513895
241.7946622091677 44.81321006527899 39633162644488683 2 331-478 0.6825780363154587 0.6363636363636364 12 1.4642241457490701 1.0 [-869476207354198593,-4613960389369547810] 0.796875 1.0 1.2524271844660195 0.0008053318504768218 0.11384060807160488 45.18678993472101 118.20533779083229 2527.086388202472 2527.086388202472 909.2647669815406 -2177.1918690420243 905.1180930362167
241.76814817300593 44.83435047187577 39633162644488382 2 331-478 0.682617684250934 0.6363636363636364 12 1.4771472169297577 0.5 [-6890229773826752325,-6700545421480853166] 0.4296875 1.0 2.3035714285714284 0.0008053318504768218 0.11384060807160488 45.16564952812423 118.23185182699407 2527.205607305403 2527.205607305403 958.6549004210252 -2134.4873179873944 954.8365581844906
240.0799770100614 44.916410373656795 39633166914292013 2 331-478 0.9005491563145904 0.6363636363636364 12 1.6230024234923137 1.0 [613703412309033218,1157902867890184195] 0.1875 1.0 5.16 0.0005723615213970424 0.15308410280969617 45.083589626343205 119.92002298993859 3141.072248025734 3141.072248025734 2403.3181253539037 1438.9941643474142 1421.1589111133646
240.05839160406663 44.9400668333183 39633166914291772 2 331-478 0.7529798819532227 0.6363636363636364 12 1.6509512563942133 0.2 [27184334109147136,577042396651454596] 0.140625 1.0 6.7894736842105265 0.0007242712797402853 0.12498917450484462 45.0599331666817 119.94160839593337 2734.3151951337877 2734.3151951337877 2039.2190508071549 1281.5790472713234 1294.4575677710782
240.034226846585 44.89115769439293 39633166914291465 2 331-478 0.753114899376255 0.6363636363636364 12 1.6148230197907316 1.0 [-3522100970605523329,-293093808273752769] 0.7734375 1.0 1.29 0.0007242712797402853 0.12498917450484462 45.10884230560707 119.965773153415 2734.7041672930063 2734.7041672930063 2058.3027631236955 1364.0398987223045 1175.3262409308913
242.85089306542298 44.37648164105847 39633158345330032 2 331-478 0.7309426441985636 0.6363636363636364 12 1.5941367127113757 1.0 [1698515610007752692,-3875494985893422697] 0.609375 1.0 1.6329113924050633 0.0006073340474539246 0.1455520198534496 45.62351835894153 117.14910693457702 2670.398987140087 2670.398987140087 -1634.5074440360559 -2103.3561470115037 -187.90711731715177
241.25603478870957 45.1543520015455 39633171205063494 2 331-478 0.8091981779460404 0.6363636363636364 12 1.7107167157753942 1.0 [9222806887878098943,9223354444635045887] 0.9453125 1.0 1.0573770491803278 0.0008239664519383997 0.11155322342262282 44.8456479984545 118.74396521129043 2893.5548781863317 2893.5548781863317 1768.4602153274968 -1307.2524176942795 1880.5050960612155
238.7809979406356 42.98339886677008 39633132055430881 1 332 0.6580596950537274 0.4090909090909091 12 1.7180849506437954 0.5 [8941553353130527598,7474139910536122861] 0.5234375 1.0 1.8970588235294117 0.0006371005092682059 0.1397016056866948 47.01660113322992 121.21900205936441 2452.8071727993183 2452.8071727993183 -69.47180996600804 253.29964773428054 -2438.703750563713
238.80374749377654 42.917151552057284 39633132055431119 1 332 0.6633065245985826 0.4090909090909091 12 1.722316541079311 1.0 [-1,-1] 1.0 1.0 1.0 0.0006371005092682059 0.1397016056866948 47.082848447942716 121.19625250622346 2468.7960380731033 2468.7960380731033 -24.563217991504445 98.27096448348514 -2466.717118655246
238.88098012277464 42.810512134471715 39633127622051511 1 332 0.9614118908262144 0.4090909090909091 12 1.7071768037835036 0.2 [362574955449323604,2323880108773212250] 0.203125 1.0 4.777777777777778 0.0003767415448896098 0.21544643941305056 47.189487865528285 121.11901987722536 3298.6369924793253 3298.6369924793253 36.09246132569394 -213.1955241480855 -3291.542345295245
238.71317551984498 43.60772265856795 39633140871860055 1 332 0.7106304255131342 0.4090909090909091 12 1.7015301995252377 0.3333333333333333 [344532124429827198,2638265139900715760] 0.3828125 1.0 2.58 0.0005823912580269674 0.15084542533972659 46.39227734143205 121.28682448015502 2610.723417632955 2610.723417632955 -574.2572902224871 1646.8991610428236 -1942.6344178357047
239.40251588991697 42.329314198908364 39633118704961646 1 332 0.5430279883838046 0.4090909090909091 12 1.6470293709878936 1.0 [-1,-1] 1.0 1.0 1.0 0.0006094867785671962 0.14511252611805409 47.670685801091636 120.59748411008303 2089.1199895782834 2089.1199895782834 -376.3792561384325 -1018.9530911860601 -1784.5155040981347
238.71384735009167 43.640533934138794 39633145259099182 1 332 1.0253866726534782 0.4090909090909091 12 1.7039418811833764 1.0 [-2597638162135131726,-5717768880654450978] 0.625 1.0 1.5925925925925926 0.00020130102782971312 0.3394727840281335 46.359466065861206 121.28615264990833 3458.2581839328645 3458.2581839328645 -786.5482079173192 2260.6073586305306 -2496.106158292588
238.79968074055847 42.88666009468035 39633132055431073 1 332 0.9011397308655364 0.4090909090909091 12 1.7351818989031615 1.0 [-1296050426567525294,1816683836226346724] 0.4765625 1.0 2.0806451612903225 0.0005723615213970424 0.15308410280969617 47.11333990531965 121.20031925944153 3142.6287427147768 3142.6287427147768 -8.170321349862101 32.13129719065609 -3142.4538564833283
238.9170110246276 42.71524656910198 39633127622052011 1 332 0.8150670741371805 0.4090909090909091 12 1.7223734483241808 0.5 [5632812208850000279,3485275673526838128] 0.484375 1.0 2.0476190476190474 0.000762533893525711 0.11946670068019369 47.28475343089802 121.08298897537239 2909.868803983361 2909.868803983361 61.19187468635573 -462.0413960541215 -2872.3004298297706
240.4996468020757 41.90266929431486 39633114225444636 2 332-333 1.0652456893293232 1.0 12 1.5993470846667133 1.0 [-1,-1] 1.0 1.0 1.0 0.00014839258087788972 0.41078905010633954 48.09733070568514 119.50035319792431 3554.7267495567253 3554.7267495567253 -2918.0628942090784 -351.36180773356597 -1999.3839274937816
240.50246028681502 44.89551785222315 39633166918487441 4 332-333-334-478 0.8741387298920609 1.0 12 1.4979044512161799 1.0 [-1,-1] 1.0 1.0 1.0 0.0005346154933450218 0.1621399955636538 45.10448214777685 119.49753971318498 3070.9013763111784 3070.9013763111784 2748.1129927876987 323.057028484002 1331.8950402522016
241.35995606347834 41.86018513393412 39633109724957709 3 332-333-335 0.986713061078977 1.0 12 1.6060707721007816 1.0 [-1,-1] 1.0 1.0 1.0 0.00030269805442075816 0.25472307248715254 48.13981486606588 118.64004393652166 3362.4842926440524 3362.4842926440524 -2109.627517851399 1928.1244931718775 -1771.4706582477766
239.66835660073613 44.722979367093224 39633162619322692 3 332-334-478 0.5258162789578033 0.6666666666666666 12 1.6140627501130258 1.0 [-1,-1] 1.0 1.0 1.0 0.0006888416087567301 0.1305783864573065 45.277020632906776 120.33164339926387 2032.482737125095 2032.482737125095 1135.706219916266 1591.9256685681814 554.0127476049372
239.47154532761667 44.65965983507676 39633162615130242 3 332-334-478 0.4884247713017312 0.6666666666666666 12 1.658284824492019 1.0 [-1,-1] 1.0 1.0 1.0 0.000668512811805897 0.13401699399284683 45.34034016492324 120.52845467238333 1907.3890817022514 1907.3890817022514 765.0917617017813 1700.1650034795978 402.7488871694647
239.66714441243158 42.15345341306556 39633118709155004 2 332-335 0.985677525382735 1.0 12 1.6462973161282646 0.5 [-1,-1] 1.0 1.0 1.0 0.00030269805442075816 0.25472307248715254 47.84654658693444 120.33285558756842 3359.8897834239924 3359.8897834239924 -1288.3709529006621 -1810.5547865825795 -2520.089484375837
240.15059605117813 41.93944550853411 39633114221250270 2 332-335 0.8948759127464571 1.0 12 1.6488348467609384 1.0 [-1,-1] 1.0 1.0 1.0 0.0005723615213970424 0.15308410280969617 48.06055449146589 119.84940394882187 3126.092081007818 3126.092081007818 -2246.54231442262 -1138.0121049700545 -1852.1414031844517
241.0301904419744 43.485769195220456 39633140901219189 3 332-335-478 0.9208701313478052 1.0 12 0.038550396200412985 1.0 [-1,-1] 1.0 1.0 1.0 0.00042618922305278896 0.1953324009783564 46.514230804779544 118.96980955802559 3194.3155788034055 3194.3155788034055 1676.9193244891944 -730.2599780617213 -2618.8382845418564
239.17308580873328 44.33435550063257 39633153974865356 2 332-478 0.6141945882583907 0.5714285714285714 12 1.615973169606712 1.0 [-1,-1] 1.0 1.0 1.0 0.0007056687116799521 0.12786279395313782 45.66564449936743 120.82691419126672 2317.117090542504 2317.117090542504 285.6941644819798 2284.662711697322 -260.2436347827572
239.53985177315548 44.72832032902872 39633162615130999 2 332-478 0.8326263958673047 0.5714285714285714 12 1.67642644789486 1.0 [-1,-1] 1.0 1.0 1.0 0.0006366829495309179 0.1397804201853648 45.27167967097128 120.46014822684452 2958.33555532068 2958.33555532068 1340.4329287901376 2505.994615049021 821.5715493095654
239.1612406022768 44.3675598017115 39633153974865204 2 332-478 0.9906083345938997 0.5714285714285714 12 1.6411331727092477 0.3333333333333333 [2259566587662031820,6730873630197943969] 0.640625 1.0 1.5542168674698795 0.00023297360745577845 0.30751381291380364 45.6324401982885 120.83875939772321 3372.2296491010106 3372.2296491010106 377.5779393846736 3340.34747570682 -267.2946828970221
