data_rosette/LRG_1_clustering_data.ecsv
# %ECSV 1.0
# ---
# datatype:
# - {name: RA, unit: deg, datatype: float64}
# - {name: DEC, unit: deg, datatype: float64}
# - {name: TARGETID, datatype: int64}
# - {name: NTILE, datatype: int64}
# - {name: TILES, datatype: string}
# - {name: Z, datatype: float64}
# - {name: COMP_TILE, datatype: float64}
# - {name: ROSETTE_NUMBER, datatype: int32}
# - {name: ROSETTE_R, unit: deg, datatype: float64}
# - {name: FRACZ_TILELOCID, datatype: float64}
# - {name: BITWEIGHTS, datatype: string, subtype: 'int64[2]'}
# - {name: PROB_OBS, datatype: float64}
# - {name: WEIGHT_ZFAIL, datatype: float64}
# - {name: WEIGHT, datatype: float64}
# - {name: NZ, unit: h3 / Mpc3, datatype: float64}
# - {name: WEIGHT_FKP, datatype: float64}
# - {name: distance, unit: Mpc, datatype: float64}
# - {name: x, unit: Mpc, datatype: float64}
# - {name: y, unit: Mpc, datatype: float64}
# - {name: z, unit: Mpc, datatype: float64}
# meta: !!omap
# - {EXTNAME: LSS}
# - {DESIDR: edr}
# - comments: ['Visit https://desidatamodel.readthedocs.io/en/latest/ for a more complet', e description]
# schema: astropy-2.0
RA DEC TARGETID NTILE TILES Z COMP_TILE ROSETTE_NUMBER ROSETTE_R FRACZ_TILELOCID BITWEIGHTS PROB_OBS WEIGHT_ZFAIL WEIGHT NZ WEIGHT_FKP distance x y z
[from data line 5827]
180.9790958023761 -0.8970856004544292 39627763602166562 1 36 0.6622276642320676 0.5185185185185185 1 1.6451481344050038 1.0 [-1,-1] 1.0 1.0 1.0 0.000700708733790897 0.12894715825466588 2465.512556793577 -2464.85042889753 -42.124562495712226 -38.601193051618374
181.10178521983337 0.8523375787669485 39627805884942685 1 36 0.5620007380021702 0.5185185185185185 1 1.726751810659152 0.3333333333333333 [-3926687390579791896,8505657453279442868] 0.546875 1.0 1.8169014084507042 0.000677088223595666 0.13284793461577618 2150.870666228522 -2150.2350556594747 -41.353643937610066 31.99538073695328
180.99474165467086 0.9327587463619662 39627811920548943 1 36 0.819064938209483 0.5185185185185185 1 1.677847221396391 0.3333333333333333 [1691489212440162606,8582249042876369488] 0.4296875 1.0 2.3035714285714284 0.0006627118749498285 0.13533979738261318 2920.9487434592643 -2920.121533829992 -50.70283431103462 47.55010169762804
181.0469334533221 0.7704060217114483 39627805884941387 1 36 0.7812112444494117 0.5185185185185185 1 1.639211906901648 1.0 [-1,-1] 1.0 1.0 1.0 0.0007324854237337303 0.12404708914385561 2814.9583955455955 -2814.2340534026766 -51.4286349187649 37.84913251009079
180.855522779582 1.1405332588023895 39627817960343961 1 36 0.7985291050217669 0.5185185185185185 1 1.6961560493530952 1.0 [-1,-1] 1.0 1.0 1.0 0.0007229154976227362 0.12548315978664992 2863.7493179268945 -2862.8627796091864 -42.75055482031239 57.002202744031635
178.98568492430348 1.4582633464996098 39627823966589410 1 36 0.5732099327056247 0.5185185185185185 1 1.5823506276859691 1.0 [-41379029546186241,8316859849759485755] 0.7578125 1.0 1.316326530612245 0.0006621615122706149 0.13543705131792066 2187.0202405763503 -2185.969338945546 38.70255949260456 55.65692921219553
179.6639790313808 1.574113343045812 39627823979170779 1 36 0.8136822918813262 0.5185185185185185 1 1.5754126771399626 1.0 [-1409302529,-432347763250858121] 0.9140625 1.0 1.0932203389830508 0.0006627118749498285 0.13533979738261318 2906.0246941175137 -2904.878085941829 17.036353242638985 79.82851184832441
181.07591716477708 0.865737994942567 39627805884942096 1 36 0.8970871517398822 0.5185185185185185 1 1.711042946268319 1.0 [-1,-1] 1.0 1.0 1.0 0.0005275616701708153 0.16431404058018498 3131.9368811992313 -3131.0272399951973 -58.80227130895484 47.3216981197054
180.00486092510542 1.5610312638626993 39627823987556488 1 36 0.49053087975948706 0.5185185185185185 1 1.6126656243776563 0.5 [-8931916870054210118,2751598822849349534] 0.4453125 1.0 2.2241379310344827 0.0005337442823398631 0.16272042362546515 1914.5104329661226 -1913.7999019770152 -0.16236515309940705 52.15464280823844
179.6743394554089 1.563028674112945 39627823979170966 2 36-37 1.02928743218467 1.0 1 1.5647950727683972 0.5 [-1,-1] 1.0 1.0 1.0 0.00020304675497218746 0.33812883710054276 3467.798299062579 -3466.452019837109 19.70300114572854 94.58979276009416
181.17357111950994 0.5369393497157752 39627799845146950 2 36-38 0.8278083885088335 0.8 1 1.6626356915846487 0.5 [6668992063742237915,-8219447960222912770] 0.53125 1.0 1.8695652173913044 0.0006627118749498285 0.13533979738261318 2945.088037084959 -2944.3409730521407 -60.31642937606329 27.599074887321056
181.19314885259655 0.4374325213625524 39627799845147443 2 36-38 1.0232061387956939 0.8 1 1.652095990176758 0.5 [-2458971549085762433,-2344686707005194241] 0.796875 1.0 1.2524271844660195 0.00020304675497218746 0.33812883710054276 3452.915745488535 -3452.0664771480606 -71.89752330302102 26.36150481507318
180.10103779746134 -1.4525764586039376 39627751509985496 2 36-38 0.808126654758732 0.8 1 1.536542695819239 1.0 [-1,-1] 1.0 1.0 1.0 0.0007229154976227362 0.12548315978664992 2890.5700938121286 -2889.6367135972637 -5.095712705686803 -73.27458211333644
181.23493529826476 0.39951064341088927 39627799845148325 2 36-38 0.6516094670402509 0.8 1 1.6830266964404228 0.5 [-1,-1] 1.0 1.0 1.0 0.000700708733790897 0.12894715825466588 2433.0810003069146 -2432.4567306564 -52.436531270928434 16.965191633110702
180.07077238408866 1.4272140364765176 39627823987557762 2 36-445 0.9020887077709822 1.0 1 1.5028375502991889 1.0 [-1,-1] 1.0 1.0 1.0 0.0005275616701708153 0.16431404058018498 3145.1286794944676 -3144.1505750326783 -3.883691734174884 78.33574560063005
177.91154476777115 0.27642201333343863 39627793750822253 1 37 0.6252249343735675 0.5 1 1.710926088634745 1.0 [-1,-1] 1.0 1.0 1.0 0.0007214233604467519 0.12571007283523317 2351.579731865816 -2349.990362533796 85.69609215612306 11.345091870556823
177.984033289491 0.05326118691107209 39627787711026305 1 37 0.5078881685505844 0.5 1 1.616843966277485 1.0 [-578857687652405761,-5073292947924997] 0.84375 1.0 1.18348623853211 0.0005337442823398631 0.16272042362546515 1972.8568604721452 -1971.634933929622 69.40112323386869 1.8339340830013158
177.92902560651586 -0.27254305448049004 39627781671227210 1 37 0.6009048391749939 0.5 1 1.6930487529098532 1.0 [-1,-1] 1.0 1.0 1.0 0.0007756247847600315 0.11796159141779075 2275.2866697676504 -2273.774793956169 82.22213226203566 -10.822982871145088
177.90279818583934 0.1856489191953531 39627793750822049 1 37 0.8608853845952337 0.5 1 1.7073223005680387 0.3333333333333333 [540997552800838025,1387379302672697346] 0.3203125 1.0 3.0714285714285716 0.0006812235016579503 0.1321480675826358 3035.2677316155173 -3033.2187325432606 111.0747478907512 9.834811440393732
178.42884214609737 -1.0655430371169525 39627763560222091 1 37 0.8652994365462098 0.5 1 1.583298628668192 1.0 [-1,-1] 1.0 1.0 1.0 0.0006812235016579503 0.1321480675826358 3047.1670508069114 -3045.4947207572623 83.53412266095542 -56.665613154711906
177.941465056625 0.3293889315052569 39627793750822850 1 37 0.6584314928377083 0.5 1 1.690918366089962 1.0 [-1,-1] 1.0 1.0 1.0 0.000700708733790897 0.12894715825466588 2453.941849204848 -2452.3176755425097 88.14532096493188 14.107441039395422
177.90249487351684 0.11731668452047075 39627787711024521 1 37 0.6093468316715059 0.5 1 1.701553064622525 1.0 [-1,-1] 1.0 1.0 1.0 0.0007756247847600315 0.11796159141779075 2301.8976340275444 -2300.350513861852 84.2497237297988 4.713275779228009
178.0736144195764 0.6922611367338706 39627805834610193 1 37 0.5634653818849275 0.5 1 1.675996731533886 1.0 [-1,-1] 1.0 1.0 1.0 0.000677088223595666 0.13284793461577618 2155.6081302091893 -2154.2326224810795 72.4564202070041 26.043932748986382
179.67465596046108 0.05454616472187826 39627787740385178 2 37-38 0.5796694493028514 1.0 1 0.09245969302378874 1.0 [-1,-1] 1.0 1.0 1.0 0.0006621615122706149 0.13543705131792066 2207.7405319415625 -2207.703939091135 12.536194525969972 2.1017911188462923
178.5222020150111 1.2921334406597738 39627817922593189 2 37-445 0.9079476311363082 0.7142857142857143 1 1.682575519427242 0.5 [-4219908176015623111,6712316933204049150] 0.6640625 1.0 1.5 0.0005275616701708153 0.16431404058018498 3160.5318235460268 -3158.6772008215567 81.48806459528754 71.2702180842907
178.00144382724227 0.5081643420796293 39627799794810947 2 37-445 0.8239198563935399 0.7142857142857143 1 1.67736276001001 1.0 [-1,-1] 1.0 1.0 1.0 0.0006627118749498285 0.13533979738261318 2934.368115451338 -2932.4678172076538 102.33004579978599 26.024983101413746
178.03225690070423 0.5996065979059878 39627799794811705 2 37-445 0.4630604900301355 0.7142857142857143 1 1.6784685778912383 1.0 [-1,-1] 1.0 1.0 1.0 0.0005635091211985168 0.1554616369400361 1820.9118528473784 -1819.7384394163516 62.52094435764459 19.055693827360862
178.0033055029106 0.393468111404846 39627799794810989 2 37-445 0.6260065354094109 0.7142857142857143 1 1.6444483550519315 1.0 [-1,-1] 1.0 1.0 1.0 0.0007214233604467519 0.12571007283523317 2354.012953515832 -2352.5282144182506 82.01620842057385 16.16561915677536
178.04540953524602 0.5646361102847746 39627799794812066 2 37-445 0.7271019030054607 0.7142857142857143 1 1.6539308360659808 1.0 [-1,-1] 1.0 1.0 1.0 0.0006167714992318164 0.14396928707710532 2659.1716200614646 -2657.4953928874825 90.6930864658684 26.20507182619057
180.1717171834652 -1.615030171190344 39627751509986960 1 38 0.5570335030694963 0.5555555555555556 1 1.7132123098410037 1.0 [-1,-1] 1.0 1.0 1.0 0.000677088223595666 0.13284793461577618 2134.772470104201 -2133.9148610593893 -6.395426503101415 -60.16613154028927
180.79237642675753 -1.2316239937257167 39627757562364765 1 38 0.7620650849877544 0.5555555555555556 1 1.7141879143930148 0.3333333333333333 [2978070443016143000,-6247506329791294277] 0.3671875 1.0 2.6875 0.0006416626200019751 0.139161677870846 2760.4178856013095 -2759.5162425205745 -38.16537707543795 -59.33308019498129
181.20900869616324 0.17539509798446987 39627793805348890 1 38 0.6850997379386192 0.5555555555555556 1 1.6185377157599232 0.5 [-3158099331983238999,6720609608793588304] 0.4765625 1.0 2.0806451612903225 0.0007209928471550773 0.12577569469930108 2534.6632771621853 -2534.0871325283774 -53.48017264640995 7.759154745560953
180.71879385833284 -1.3030259855598263 39627757558173926 1 38 0.832249229865431 0.5555555555555556 1 1.717370259831958 0.5 [826575373797935994,4768486190935947982] 0.5234375 1.0 1.8970588235294117 0.0006232532477076302 0.14268566385842998 2957.2998916930796 -2956.302508572378 -37.08970523169466 -67.24939391839568
181.28373088667473 -0.2530143922888829 39627781729944287 1 38 0.8690170218564276 0.5555555555555556 1 1.7026295993967449 1.0 [-1,-1] 1.0 1.0 1.0 0.0006812235016579503 0.1321480675826358 3057.164438526452 -3056.3673235718306 -68.49038165136493 -13.50019312345886
181.20478415527495 0.42240725666958706 39627799845147713 1 38 0.49174442917619055 0.5555555555555556 1 1.6594316540728626 0.5 [4708120091689047162,1618157637794609467] 0.4765625 1.0 2.0806451612903225 0.0005337442823398631 0.16272042362546515 1918.6096818793505 -1918.1334087483197 -40.33940047308624 14.144624922800737
181.19407107832487 0.19384839912995003 39627793805348582 1 38 1.0752711987460817 0.5555555555555556 1 1.605811355209924 0.3333333333333333 [2468168624284644042,1297628232509850921] 0.3046875 1.0 3.225 0.0001075182622224553 0.4910338705006151 3578.6409473751437 -3577.8433511183066 -74.57474041122718 12.107567104479271
178.20592822733477 1.1536698462286428 39627817914208019 1 445 0.8013980684335809 0.4632352941176471 1 1.8094550451365923 0.5 [6608622704562111243,7228335425712542061] 0.4921875 1.0 2.015625 0.0007229154976227362 0.12548315978664992 2871.7830608645645 -2869.793476083113 89.88967181615405 57.82041335229914
180.8738715312562 0.9767818498160897 39627811920546439 1 445 0.9866366494902735 0.4632352941176471 1 1.6052084731095306 0.5 [-1009381092008271877,-4900624583156075145] 0.7578125 1.0 1.316326530612245 0.0003578035202613049 0.22475091060875194 3362.292899355834 -3361.413302499031 -51.272034465096375 57.317792377500865
178.14130895661768 0.9214364054557774 39627811874408732 1 445 0.6692885048696472 0.4632352941176471 1 1.725294513873928 0.5 [1139367255929363587,5290707715972124405] 0.5546875 1.0 1.7916666666666667 0.000700708733790897 0.12894715825466588 2486.9629364189873 -2485.3330161703802 80.6531895332592 39.993860445127936
177.86991194236737 0.38219549355841737 39627799790619625 1 445 0.8455438436599368 0.4632352941176471 1 1.7717882728805951 0.25 [81652244778451922,85604713327789057] 0.25 1.0 3.909090909090909 0.0006232532477076302 0.14268566385842998 2993.664170925184 -2991.529030588893 111.2674911190295 19.969297562130745
179.34786639613955 1.7389069422531764 39627830014773464 1 445 1.0116817533469433 0.4632352941176471 1 1.757085424284839 0.25 [4629788538140373824,2819907581753065474] 0.2890625 1.0 3.3947368421052633 0.00020304675497218746 0.33812883710054276 3424.5667529663388 -3422.7679705973424 38.959211713328465 103.91845263493273
177.90926383774425 0.4189330821897662 39627799790620615 1 445 0.8658726379882645 0.4632352941176471 1 1.7418503818498903 1.0 [-1,-1] 1.0 1.0 1.0 0.0006812235016579503 0.1321480675826358 3048.709966545645 -3046.5990166546007 111.22046739320679 22.291241930484855
177.91933466923535 0.5258485030747702 39627799790620880 1 445 0.8246464169909792 0.4632352941176471 1 1.760986453434502 0.5 [-1683224163970715088,-5025729123370070714] 0.4765625 1.0 2.0806451612903225 0.0006627118749498285 0.13533979738261318 2936.3730094053963 -2934.3134802487602 106.60487691886608 26.94902989025005
178.2424278437801 1.1989226380311897 39627817914208707 1 445 0.5527932405552585 0.4632352941176471 1 1.8111180635161939 1.0 [-1,-1] 1.0 1.0 1.0 0.000677088223595666 0.13284793461577618 2120.9918247638243 -2119.529880772852 65.03787243609297 44.378828003720066
177.92013572754135 0.3911317382633718 39627799790620904 1 445 0.7691873353974094 0.4632352941176471 1 1.7247852539395387 0.5 [-6926403254386954190,-8137250341599392983] 0.4921875 1.0 2.015625 0.0006416626200019751 0.139161677870846 2780.7805323597954 -2778.8838303061643 100.91914743400547 18.982952756665874
178.26713972393514 1.2140933974598915 39627817918398756 1 445 0.5664392758829051 0.4632352941176471 1 1.8028514588571627 1.0 [-1,-1] 1.0 1.0 1.0 0.000677088223595666 0.13284793461577618 2165.214377510299 -2163.7383207843327 65.46031578026347 45.877301627902064
178.3653896906083 1.2216361178322324 39627817918400445 1 445 0.9154466473213274 0.4632352941176471 1 1.736786234658554 0.3333333333333333 [-1,-1] 1.0 1.0 1.0 0.0004951280553168204 0.17321314004730964 3180.1684331876822 -3178.1517694189342 90.69515423283848 67.80105442672266
179.66774287836557 1.7782852783024683 39627830018968611 1 445 0.6921479311376159 0.4632352941176471 1 1.779574711821812 0.5 [-1620371330536872502,-2838635599931641731] 0.53125 1.0 1.8695652173913044 0.0005843703162771602 0.15074849413407446 2555.7792183371503 -2554.5053850282848 14.81369356995098 79.31081406949147
178.2259265986613 0.8361527414627731 39627805834613325 1 445 0.6311716575087482 0.4632352941176471 1 1.6084449245515895 1.0 [-1,-1] 1.0 1.0 1.0 0.000833303205902425 0.11070054926254569 2370.063537275943 -2368.6752432367894 73.36573876011973 34.58657511625778
178.0489966144127 0.7570819450602981 39627805834609697 1 445 0.4040875850945985 0.4632352941176471 1 1.7258750127926277 1.0 [-1,-1] 1.0 1.0 1.0 0.0003379611466139912 0.2348475370676925 1614.6928250352667 -1613.6159195479195 54.96718050218296 21.335240086139088
178.03008688177218 0.7897402910641413 39627805834609294 1 445 0.539675921440099 0.4632352941176471 1 1.7573163728108494 0.5 [2069760824071400549,-1159246860505162368] 0.46875 1.0 2.1147540983606556 0.0007045118177349687 0.128340413101622 2078.135898084404 -2076.7104625867723 71.42850532675043 28.643221126322583
178.01318289797715 0.730068514147619 39627805834608952 1 445 0.9106574999196435 0.4632352941176471 1 1.7466689061525364 1.0 [-1,-1] 1.0 1.0 1.0 0.0004951280553168204 0.17321314004730964 3167.6379015468883 -3165.4766214738265 109.81166850022623 40.36126460133796
177.9456300803958 -0.010254557369838269 39627787711025495 1 445 0.9194370113218119 0.4632352941176471 1 1.6544016917342976 1.0 [4466988758398394299,9006033617779687419] 0.8046875 1.0 1.2403846153846154 0.0004951280553168204 0.17321314004730964 3190.581727951671 -3188.5309615463275 114.37545154621705 -0.5710368804790465
177.9537351426139 -0.031663219198930434 39627787711025677 1 445 0.44814751151724236 0.4632352941176471 1 1.64656924063503 0.5 [-8800399316043630078,8340014295707000025] 0.53125 1.0 1.8695652173913044 0.0005288673958748294 0.16397488484989944 1769.4485258409243 -1768.319915255063 63.18074651872579 -0.9778457359222205
179.27856486546818 1.707318066648457 39627830014771895 1 445 0.9660164442676417 0.4632352941176471 1 1.7373039295779966 1.0 [-1,-1] 1.0 1.0 1.0 0.00041974738576830407 0.19815580287489248 3310.327654753568 -3308.595781344774 41.662115702535516 98.62761078424559
