data_rosette/LRG_15_clustering_data.ecsv
# %ECSV 1.0
# ---
# datatype:
# - {name: RA, unit: deg, datatype: float64}
# - {name: DEC, unit: deg, datatype: float64}
# - {name: TARGETID, datatype: int64}
# - {name: NTILE, datatype: int64}
# - {name: TILES, datatype: string}
# - {name: Z, datatype: float64}
# - {name: COMP_TILE, datatype: float64}
# - {name: ROSETTE_NUMBER, datatype: int32}
# - {name: ROSETTE_R, unit: deg, datatype: float64}
# - {name: FRACZ_TILELOCID, datatype: float64}
# - {name: BITWEIGHTS, datatype: string, subtype: 'int64[2]'}
# - {name: PROB_OBS, datatype: float64}
# - {name: WEIGHT_ZFAIL, datatype: float64}
# - {name: WEIGHT, datatype: float64}
# - {name: NZ, unit: h3 / Mpc3, datatype: float64}
# - {name: WEIGHT_FKP, datatype: float64}
# - {name: theta, unit: deg, datatype: float64}
# - {name: phi, unit: deg, datatype: float64}
# - {name: rho, unit: Mpc, datatype: float64}
# - {name: r, unit: Mpc, datatype: float64}
# - {name: x, unit: Mpc, datatype: float64}
# - {name: y, unit: Mpc, datatype: float64}
# - {name: z, unit: Mpc, datatype: float64}
# meta: !!omap
# - {EXTNAME: LSS}
# - {DESIDR: edr}
# - comments: ['Visit https://desidatamodel.readthedocs.io/en/latest/ for a more complet', e description]
# schema: astropy-2.0
RA DEC TARGETID NTILE TILES Z COMP_TILE ROSETTE_NUMBER ROSETTE_R FRACZ_TILELOCID BITWEIGHTS PROB_OBS WEIGHT_ZFAIL WEIGHT NZ WEIGHT_FKP theta phi rho r x y z
[from data line 4751]
268.55841855565683 67.38370524523734 39633468199535886 7 408-409-410-413-415-416-440 0.8415190586208409 1.0 15 1.4402193021640042 1.0 [-1,-1] 1.0 1.0 1.0 0.0006366829495309179 0.1397804201853648 22.616294754762663 91.44158144434317 2982.686002115631 2982.686002115631 1648.2558594786562 574.5217875575421 -2418.5932118759633
268.6326542270614 67.37103081306583 39633465867505013 7 408-409-410-413-415-416-440 0.4492728350044923 1.0 15 1.4190128702315887 1.0 [-72620543991349265,-140737555734529] 0.9453125 1.0 1.0573770491803278 0.0006285113834356281 0.1413409039925048 22.62896918693417 91.36734577293862 1773.3479912694952 1773.3479912694952 1020.1276882935534 272.642131743879 -1424.6995703356401
268.59174755166106 67.37287912221356 39633465867504727 7 408-409-410-413-415-416-440 0.8291564199153088 1.0 15 1.425791243916037 1.0 [-1,-2097153] 0.9921875 1.0 1.0078125 0.000762533893525711 0.11946670068019369 22.62712087778644 91.40825244833894 2948.7984373188006 2948.7984373188006 1672.1689592527796 521.0492504640611 -2372.292324785484
268.61147815588936 67.37666468950702 39633468199536270 7 408-409-410-413-415-416-440 0.8339032424727524 1.0 15 1.4269352619509863 1.0 [-257,-1] 0.9921875 1.0 1.0078125 0.0006366829495309179 0.1397804201853648 22.623335310492976 91.38852184411064 2961.8399150082887 2961.8399150082887 1680.887719135551 487.59860785903936 -2389.4266583031
271.3318912072988 66.4845386081485 39633458745575877 7 408-409-410-414-415-439-440 0.9966148005301609 1.0 15 0.7949135959381647 1.0 [-1,-1] 1.0 1.0 1.0 0.00023297360745577845 0.30751381291380364 23.515461391851503 88.66810879270122 3387.213162464709 3387.213162464709 -2580.2084958851237 -2188.8272230876014 -157.39286263049502
271.6779543943444 64.74110727519498 39633441225967213 6 408-409-410-414-416-440 0.7911228806353251 1.0 15 1.5144714465161297 1.0 [-1,-1] 1.0 1.0 1.0 0.0008239664519383997 0.11155322342262282 25.258892724805023 88.3220456056556 2842.9457171931535 2842.9457171931535 335.0822717874553 125.15183540023676 2820.3540983600983
266.1554917065853 66.45569573234756 39633458712020195 7 408-409-410-415-416-439-440 0.7410795501498206 1.0 15 1.5045300297962751 1.0 [-1,-1] 1.0 1.0 1.0 0.0006073340474539246 0.1455520198534496 23.544304267652436 93.84450829341472 2699.906009091101 2699.906009091101 -2482.938990342617 1059.357461806886 -47.62558426618131
268.4609535744138 67.39158440789302 39633468199535251 7 408-409-410-415-416-439-440 0.686085158116294 1.0 15 1.4604381590859343 1.0 [-1,-1] 1.0 1.0 1.0 0.0008053318504768218 0.11384060807160488 22.60841559210698 91.5390464255862 2537.6209836026255 2537.6209836026255 1333.3299010784556 616.1137353151371 -2069.3369702555697
269.6553461147135 65.72818154076522 39633451367794419 9 408-409-411-412-413-414-415-416-439 0.8763465095087295 1.0 15 0.29340944341995195 1.0 [-1,-1] 1.0 1.0 1.0 0.0005346154933450218 0.1621399955636538 24.27181845923478 90.3446538852865 3076.8098745759694 3076.8098745759694 1689.0026147445362 -1610.25067158945 2005.2735340396928
269.6298790056066 65.73415757359446 39633451367794257 9 408-409-411-412-413-414-415-416-439 0.9858044521653556 1.0 15 0.2887563027574896 1.0 [-1,-1] 1.0 1.0 1.0 0.00030269805442075816 0.25472307248715254 24.26584242640554 90.3701209943934 3360.207880456193 3360.207880456193 1898.4209356223785 -1719.7820687167468 2174.7056323077154
268.5695476507933 65.5904559781353 39633448855404982 9 408-409-411-412-413-414-415-416-439 0.6708953169442433 1.0 15 0.6408430201046218 1.0 [-1,-1] 1.0 1.0 1.0 0.0008053318504768218 0.11384060807160488 24.409544021864704 91.43045234920669 2491.8314588953517 2491.8314588953517 1563.116096891029 525.4101371014056 1868.1103487245537
266.29840926742105 65.64233054044024 39633451342630471 10 408-409-411-412-413-414-415-416-439-440 0.8750220166935065 1.0 15 1.4546522936588637 1.0 [-1,-1] 1.0 1.0 1.0 0.0005346154933450218 0.1621399955636538 24.35766945955976 93.70159073257895 3073.2661815656006 3073.2661815656006 -1837.6854581297591 1117.080645859334 2195.4516643232473
270.85404528635695 65.86912716782942 39633451376183158 10 408-409-411-412-413-414-415-416-439-440 0.49366441404871886 1.0 15 0.4823768075019137 1.0 [-1,-1] 1.0 1.0 1.0 0.0007365189099627642 0.12316671624379881 24.13087283217058 89.14595471364305 1925.0890715137225 1925.0890715137225 -615.7612330926955 -1500.4086980728332 1037.1016227106747
270.1136742913255 65.17229579453944 39633446334630848 9 408-409-411-412-413-414-415-416-440 0.547897926182266 1.0 15 0.8623944127524452 1.0 [-1,-1] 1.0 1.0 1.0 0.0006094867785671962 0.14511252611805409 24.827704205460563 89.88632570867452 2105.0381076216054 2105.0381076216054 217.3362193201755 -593.6712000999577 2007.8607791584152
266.84491332614516 65.41290191962898 39633448842822808 9 408-409-411-412-413-414-415-439-440 0.6030959481518046 1.0 15 1.3326270588663829 0.5 [-1,-1] 1.0 1.0 1.0 0.0006106036532175123 0.14488555312656437 24.58709808037102 93.15508667385484 2282.2066603872995 2282.2066603872995 -544.9341576857767 1051.5852206908826 1950.8158621786813
272.41536709964055 66.5556965026032 39633458753963459 7 408-409-411-412-413-415-416 0.6008206766794312 1.0 15 1.2053350790882056 1.0 [-1,-1] 1.0 1.0 1.0 0.0006106036532175123 0.14488555312656437 23.444303497396803 87.58463290035945 2275.0206824992183 2275.0206824992183 -2098.1608795956654 837.9382395612676 -267.0197292608115
267.5790632858342 65.25652613620665 39633446317852658 9 408-409-411-412-413-415-416-439-440 0.8333140100834836 1.0 15 1.1704066445485755 1.0 [-1,-1] 1.0 1.0 1.0 0.0006366829495309179 0.1397804201853648 24.743473863793355 92.4209367141658 2960.223076451878 2960.223076451878 284.5192266402425 1086.8109083463921 2738.7609464006805
271.31404523387334 64.78838122203652 39633441221774349 6 408-409-411-412-413-440 0.7534554914124164 1.0 15 1.3968840384024546 1.0 [-1,-1] 1.0 1.0 1.0 0.0007242712797402853 0.12498917450484462 25.21161877796348 88.68595476612666 2735.6852385411316 2735.6852385411316 161.86606640994123 142.35760843268474 2727.1793876161037
273.24185010413925 65.57471342859196 39633448884768829 8 408-409-411-412-414-415-416-439 0.8621585038774265 1.0 15 1.50678955660728 1.0 [-1,-1] 1.0 1.0 1.0 0.0006576102792991648 0.1359368301360722 24.425286571408037 86.75814989586075 3038.703017141767 3038.703017141767 -703.7282074613653 1845.217545894152 2309.4706849696217
273.2540490472029 65.57158104373335 39633448884768924 8 408-409-411-412-414-415-416-439 0.8563242293253591 1.0 15 1.5125748405773307 1.0 [-1,-1] 1.0 1.0 1.0 0.0006576102792991648 0.1359368301360722 24.428418956266654 86.7459509527971 3022.938696993545 3022.938696993545 -675.1473378961267 1837.284235396018 2303.6321486465836
270.1941786098521 66.72431606576453 39633461144716442 8 408-409-411-412-414-415-439-440 0.9299098031181927 1.0 15 0.7284673113950789 1.0 [-1,-1] 1.0 1.0 1.0 0.00042618922305278896 0.1953324009783564 23.275683934235474 89.80582139014791 3217.794308910995 3217.794308910995 824.6415305508386 -2974.661766408676 -908.5999868023168
272.15499273728534 65.2009501355315 39633446351405539 8 408-409-411-412-415-416-439-440 0.784101143001943 1.0 15 1.2935212024173255 1.0 [-1,-1] 1.0 1.0 1.0 0.0007064174578981374 0.12774458208408304 24.7990498644685 87.84500726271466 2823.1358933456045 2823.1358933456045 -918.0661618763341 110.31518955824632 2667.410983269483
268.57300597946954 65.58886651865853 39633448855404998 8 408-409-411-413-414-415-416-439 0.6753971552180431 1.0 15 0.6408709231938432 1.0 [-1,-1] 1.0 1.0 1.0 0.0008053318504768218 0.11384060807160488 24.411133481341466 91.42699402053046 2505.446356994334 2505.446356994334 1570.6390570767448 521.9003372513664 1880.9504082080857
269.586179547199 66.7185602755211 39633461140522319 9 408-409-411-413-414-415-416-439-440 0.9994570159780913 1.0 15 0.7009345059922527 1.0 [-1,-1] 1.0 1.0 1.0 0.00023297360745577845 0.30751381291380364 23.2814397244789 90.41382045280102 3394.2848260464484 3394.2848260464484 2510.592428769721 -2082.090569885181 -939.6776020149244
272.61916512500153 66.089887480352 39633453867601304 8 408-409-411-413-414-415-439-440 0.43846939502087373 1.0 15 1.1745738064825952 1.0 [-1,-1] 1.0 1.0 1.0 0.0006285113834356281 0.1413409039925048 23.910112519647996 87.38083487499847 1735.8032528580804 1735.8032528580804 -1361.4464619070802 899.3101096806857 592.2143113936876
271.9640850424688 66.70990515075867 39633461157298808 6 408-409-411-413-414-416 0.5621949767351926 1.0 15 1.1304599482805984 1.0 [-1,-1] 1.0 1.0 1.0 0.0006724560872077301 0.13333590500666823 23.290094849241328 88.03591495753119 2151.4991836361028 2151.4991836361028 -2067.218294653938 -147.68586000555567 -577.7076649909559
273.2936487411779 65.56134876984817 39633448888959042 6 408-409-411-414-415-416 0.7620026792129181 1.0 15 1.531389460575546 1.0 [-1,-1] 1.0 1.0 1.0 0.0007242712797402853 0.12498917450484462 24.438651230151834 86.70635125882211 2760.23907759909 2760.23907759909 -542.9297064334881 1680.1421987700546 2121.6194972919266
269.23735098285454 66.2198335677353 39633456300297687 7 408-409-411-414-415-416-439 0.988814411053363 1.0 15 0.2823248494175478 1.0 [-1,-1] 1.0 1.0 1.0 0.00030269805442075816 0.25472307248715254 23.780166432264707 90.76264901714546 3367.744313009503 3367.744313009503 3095.760845236285 -1107.423373734563 729.0953423360555
272.84413686133036 65.1792983890872 39633446355600634 5 408-409-411-414-416 0.7662214734069804 1.0 15 1.5365586210680244 1.0 [-1,-1] 1.0 1.0 1.0 0.0007242712797402853 0.12498917450484462 24.820701610912806 87.15586313866964 2772.311754976078 2772.311754976078 -587.6143662719822 615.6963087754837 2638.4351192874847
269.7111374568612 65.72009235777006 39633451367794781 6 408-409-411-415-439-440 0.8387249904789714 1.0 15 0.30000675585681547 1.0 [-1,-1] 1.0 1.0 1.0 0.0006366829495309179 0.1397804201853648 24.279907642229944 90.2888625431388 2975.0491438217928 2975.0491438217928 1532.9973098579555 -1634.1467027175524 1957.1410807911634
269.83400884311686 66.26722123523685 39633456304491463 4 408-409-411-440 0.708893451879953 1.0 15 0.25077447099193784 1.0 [-1,-1] 1.0 1.0 1.0 0.0005639081233901963 0.1550231922816235 23.732778764763154 90.16599115688314 2605.58605342873 2605.58605342873 1513.9675940602353 -2073.8290413049076 442.96039709903476
269.26597348222566 67.37322168314012 39633465871699128 7 408-409-412-413-414-415-416 0.8189406490059703 1.0 15 1.365605865986934 1.0 [-1,-1] 1.0 1.0 1.0 0.000762533893525711 0.11946670068019369 22.626778316859884 90.73402651777434 2920.604682505731 2920.604682505731 1615.2202097043846 -630.5023357222628 -2350.204712420962
267.0153587900466 65.39356522067966 39633448842824286 8 408-409-412-413-414-415-416-440 0.989227416761754 1.0 15 1.2803594677970132 1.0 [-1,-1] 1.0 1.0 1.0 0.00030269805442075816 0.25472307248715254 24.606434779320338 92.9846412099534 3368.777368396358 3368.777368396358 -512.469303964599 1612.821614573355 2912.87531656927
267.00321593182116 65.41352742690965 39633448842824194 8 408-409-412-413-414-415-416-440 0.6900240399326824 1.0 15 1.2747267358598466 1.0 [-1,-1] 1.0 1.0 1.0 0.0005639081233901963 0.1550231922816235 24.586472573090347 92.99678406817884 2549.4257070783096 2549.4257070783096 -416.37191236964236 1257.281795825783 2178.4050019191745
269.239691258348 67.36621706012261 39633465871698963 6 408-409-412-413-414-416 0.7974732201807562 1.0 15 1.3601117494236872 1.0 [-1,-1] 1.0 1.0 1.0 0.0008239664519383997 0.11155322342262282 22.633782939877392 90.76030874165201 2860.7890952324074 2860.7890952324074 1612.9538175956764 -581.2512755286949 -2290.118159484452
269.21080342788815 67.36691778041529 39633465871698788 7 408-409-412-413-414-416-439 0.8301154609068718 1.0 15 1.362479874693994 1.0 [-1,-1] 1.0 1.0 1.0 0.0006366829495309179 0.1397804201853648 22.633082219584708 90.78919657211185 2951.436324111643 2951.436324111643 1679.114949925636 -550.8380117193218 -2363.921920256035
267.9806314134637 66.70347991256334 39633461127941528 8 408-409-412-413-415-416-439-440 0.8153398828243992 1.0 15 0.9792942440987092 1.0 [-1,-1] 1.0 1.0 1.0 0.000762533893525711 0.11946670068019369 23.29652008743666 92.0193685865363 2910.625733327828 2910.625733327828 1716.7631404496663 2222.951691873287 -763.5131005433042
273.2198564268024 66.5879010743886 39633458758158863 6 408-409-412-414-415-439 0.7982576595530818 1.0 15 1.5128768510248658 1.0 [-1,-1] 1.0 1.0 1.0 0.0008239664519383997 0.11155322342262282 23.412098925611403 86.78014357319762 2862.9884881759763 2862.9884881759763 -1066.702100597368 2622.2463362236153 -427.40363144356974
269.63496766585183 66.00895226386476 39633453846629748 6 408-409-412-414-415-439 0.6958439888979004 1.0 15 0.04017986395861588 1.0 [-1,-1] 1.0 1.0 1.0 0.0005639081233901963 0.1550231922816235 23.991047736135243 90.36503233414817 2566.816224076886 2566.816224076886 1721.846339188899 -1575.849322852327 1067.93708806838
271.8108871685866 65.39128304224009 39633448876378240 7 408-409-412-414-416-439-440 0.7134084742380196 1.0 15 1.0621007301553067 1.0 [-1,-1] 1.0 1.0 1.0 0.0005823912580269674 0.15084542533972659 24.60871695775991 88.18911283141341 2618.9286489405845 2618.9286489405845 -1277.5393315952076 -291.7500419008223 2267.501364392069
271.9033203959548 66.67877612027384 39633461157298342 7 408-409-413-414-415-416-440 1.049197276076624 1.0 15 1.0926504087733149 1.0 [-1,-1] 1.0 1.0 1.0 0.00017557006270178804 0.37077784677498654 23.321223879726162 88.09667960404522 3516.1548726056517 3516.1548726056517 -3385.026568550791 -449.73072194501833 -838.2615916839633
271.93729589225427 66.67907392181493 39633461157298597 5 408-409-413-414-416 0.9367221861004581 1.0 15 1.1037255776512522 1.0 [-1,-1] 1.0 1.0 1.0 0.0003671239319408774 0.21984967794317842 23.320926078185067 88.06270410774573 3235.4049286517497 3235.4049286517497 -3126.77745652092 -307.75560511249085 -772.2656778974753
272.82576705873595 65.15996418349653 39633446355600502 4 408-409-414-416 0.692097095363597 1.0 15 1.54130970355892 1.0 [-1,-1] 1.0 1.0 1.0 0.0005639081233901963 0.1550231922816235 24.840035816503473 87.17423294126405 2555.627241643919 2555.627241643919 -518.8332075601852 524.0090805794146 2446.928111824218
266.0735492792307 66.38369671310518 39633458712019681 4 408-409-439-440 0.8829007828214956 1.0 15 1.5193573922112855 1.0 [-1,-1] 1.0 1.0 1.0 0.0005346154933450218 0.1621399955636538 23.61630328689482 93.92645072076931 3094.3045914268805 3094.3045914268805 -2931.5909065740298 975.8236545517541 168.11857790022026
266.89393279743973 66.8370974528001 39633461123744007 10 408-410-411-412-413-414-415-416-439-440 0.8726182530220328 1.0 15 1.397603060964651 1.0 [-1,-1] 1.0 1.0 1.0 0.0005346154933450218 0.1621399955636538 23.162902547199906 93.10606720256027 3066.827703237489 3066.827703237489 -1175.6723780681295 2569.7041944740286 -1191.5733186401687
266.8791258558354 66.82527722452082 39633461123743918 10 408-410-411-412-413-414-415-416-439-440 0.7765148590883274 1.0 15 1.3957793200623103 1.0 [-1,-1] 1.0 1.0 1.0 0.0007064174578981374 0.12774458208408304 23.174722775479182 93.12087414416459 2801.638565131443 2801.638565131443 -1114.1002290195474 2342.7985127396787 -1057.9482303190039
267.82331612358496 65.11074336097494 39633443771909440 10 408-410-411-412-413-414-415-416-439-440 0.9020987686227571 1.0 15 1.2035609351248024 1.0 [-1,-1] 1.0 1.0 1.0 0.0005723615213970424 0.15308410280969617 24.889256639025064 92.17668387641504 3145.155175709465 3145.155175709465 363.7248471624911 665.3203329939352 3052.384996908728
271.6435593619816 65.60501882286016 39633448876377070 10 408-410-411-412-413-414-415-416-439-440 0.713195792247142 1.0 15 0.8870308592398672 1.0 [-1,-1] 1.0 1.0 1.0 0.0005823912580269674 0.15084542533972659 24.39498117713984 88.3564406380184 2618.300962261865 2618.300962261865 -1627.667567164024 -672.5764306482725 1937.4826875923784
