data_rosette/LRG_16_clustering_data.ecsv
# %ECSV 1.0
# ---
# datatype:
# - {name: RA, unit: deg, datatype: float64}
# - {name: DEC, unit: deg, datatype: float64}
# - {name: TARGETID, datatype: int64}
# - {name: NTILE, datatype: int64}
# - {name: TILES, datatype: string}
# - {name: Z, datatype: float64}
# - {name: COMP_TILE, datatype: float64}
# - {name: ROSETTE_NUMBER, datatype: int32}
# - {name: ROSETTE_R, unit: deg, datatype: float64}
# - {name: FRACZ_TILELOCID, datatype: float64}
# - {name: BITWEIGHTS, datatype: string, subtype: 'int64[2]'}
# - {name: PROB_OBS, datatype: float64}
# - {name: WEIGHT_ZFAIL, datatype: float64}
# - {name: WEIGHT, datatype: float64}
# - {name: NZ, unit: h3 / Mpc3, datatype: float64}
# - {name: WEIGHT_FKP, datatype: float64}
# - {name: distance, unit: Mpc, datatype: float64}
# - {name: x, unit: Mpc, datatype: float64}
# - {name: y, unit: Mpc, datatype: float64}
# - {name: z, unit: Mpc, datatype: float64}
# meta: !!omap
# - {EXTNAME: LSS}
# - {DESIDR: edr}
# - comments: ['Visit https://desidatamodel.readthedocs.io/en/latest/ for a more complet', e description]
# schema: astropy-2.0
RA DEC TARGETID NTILE TILES Z COMP_TILE ROSETTE_NUMBER ROSETTE_R FRACZ_TILELOCID BITWEIGHTS PROB_OBS WEIGHT_ZFAIL WEIGHT NZ WEIGHT_FKP distance x y z
[from data line 3641]
195.98045738714438 25.698717840117457 39628390063410591 5 481-483-486-489-491 0.9660391382259027 1.0 16 1.4956404134200922 1.0 [-1,-1] 1.0 1.0 1.0 0.00041974738576830407 0.19815580287489248 3310.3851944763765 -2867.670232588846 -821.2327738249095 1435.5118613679504
196.47146424723266 24.6026616753966 39628362687185103 5 481-483-486-489-491 0.9833826695346254 1.0 16 1.5675892680991383 1.0 [-1,-1] 1.0 1.0 1.0 0.0003578035202613049 0.22475091060875194 3354.1344354625594 -2924.4815012007 -864.6868045591125 1396.4034124535763
196.30069526762026 25.536719115825903 39628384610816351 4 481-483-486-491 0.9058908634431185 0.8 16 1.634434633291897 1.0 [-1,-1] 1.0 1.0 1.0 0.0005275616701708153 0.16431404058018498 3155.1307000453994 -2732.46330110722 -799.0641797105096 1360.143550944081
195.10836365384006 26.176161925665962 39628400926655960 4 481-483-486-491 0.7860718609225671 0.8 16 1.511216179437089 1.0 [-1,-1] 1.0 1.0 1.0 0.0007324854237337303 0.12404708914385561 2828.704206329711 -2450.8502411737977 -661.6739666220735 1247.8333799591785
195.9659540159585 25.697384773466144 39628390063410306 4 481-483-486-491 0.7292078867125771 0.8 16 1.4850067750742362 1.0 [-1,-1] 1.0 1.0 1.0 0.0006167714992318164 0.14396928707710532 2665.331137187193 -2309.075748288743 -660.6321657077108 1155.7354373543699
196.30229386399972 25.525072028448115 39628384610816397 4 481-483-486-491 0.966430793646903 0.8 16 1.6298091321254673 0.5 [-1,-1] 1.0 1.0 1.0 0.00041974738576830407 0.19815580287489248 3311.3781012781687 -2868.0345551407468 -838.7966387493565 1426.892749636779
196.2298647229664 25.519564304187792 39628384610815042 3 481-483-487 0.9055837798227261 0.8 16 1.5707480290386937 0.5 [-2671840963443302411,6917423336800348031] 0.7578125 1.0 1.316326530612245 0.0005275616701708153 0.16431404058018498 3154.323722158623 -2733.1406974009974 -795.5958719767737 1358.94344285424
194.13371028966895 26.107500058905693 39628395478258820 3 481-483-487 0.7605887194813328 0.8 16 1.5135862868723169 1.0 [-2199023255553,-1] 0.9921875 1.0 1.0078125 0.0006416626200019751 0.139161677870846 2756.1859193298665 -2400.0511302627247 -604.352573014027 1212.8781313586967
194.90760347060703 24.88469861375214 39628373651096316 3 481-483-487 0.4507751857963663 0.8 16 0.2336338521305025 1.0 [-1,-1] 1.0 1.0 1.0 0.0005635091211985168 0.1554616369400361 1778.5498322987078 -1559.1182327653048 -415.07084548255904 748.4023219224725
196.30013501819286 25.303611055946888 39628379149828333 5 481-483-487-488-489 0.728418148669124 1.0 16 1.5290451460517074 1.0 [-1,-1] 1.0 1.0 1.0 0.0006167714992318164 0.14396928707710532 2663.022258867636 -2310.749057839038 -675.716222840531 1138.2152384811102
193.8951457797832 25.146730121166602 39628379112081285 6 481-483-487-488-489-491 0.7363157428338014 1.0 16 0.8947420780193944 1.0 [-1,-1] 1.0 1.0 1.0 0.0007126833197713517 0.12705585074725267 2686.061897444461 -2360.3308082273056 -583.9106061829951 1141.4093904568072
194.19377458830937 25.955029423243417 39628395482448440 4 481-483-487-489 0.6303239345172731 1.0 16 1.3519795428241168 1.0 [-1,-1] 1.0 1.0 1.0 0.000833303205902425 0.11070054926254569 2367.432705843169 -2063.6649489979072 -521.9489350422774 1036.1437661741766
196.28992382281115 25.30803997962517 39628379149828148 4 481-483-487-489 0.9267906838823867 1.0 16 1.5222873679762994 1.0 [-1,-1] 1.0 1.0 1.0 0.0004951280553168204 0.17321314004730964 3209.7072823549784 -2785.1601243944797 -813.9061552548042 1372.1008309609938
194.47131497021326 26.235241102444007 39628400918265969 5 481-483-487-489-490 0.7900868593178597 1.0 16 1.5557197093193502 1.0 [-1,-1] 1.0 1.0 1.0 0.0007229154976227362 0.12548315978664992 2840.028167562194 -2466.6435041825553 -636.6000390375821 1255.4561745110927
194.47356944118 26.233203242896714 39628400918266002 5 481-483-487-489-490 0.7909021618154423 1.0 16 1.5533807776661086 1.0 [-1,-1] 1.0 1.0 1.0 0.0007229154976227362 0.12548315978664992 2842.3243020048244 -2468.6559592816693 -637.2230280988869 1256.380517570532
196.419738845605 24.603298207501012 39628362682995200 5 481-483-487-489-491 0.9601836776741473 0.8571428571428571 16 1.5206279287406128 1.0 [-1,-1] 1.0 1.0 1.0 0.00041974738576830407 0.19815580287489248 3295.513257771832 -2874.120677812044 -846.9757523005093 1372.0313540652546
196.40844862915594 24.598187383799875 39628362682994995 5 481-483-487-489-491 0.551162803619606 0.8571428571428571 16 1.5107543754054178 1.0 [-1,-1] 1.0 1.0 1.0 0.000677088223595666 0.13284793461577618 2115.6835330676 -1845.3365712249617 -543.4077780460279 880.6575598677296
195.24239123665083 26.01521329695164 39628395495036470 5 481-483-487-489-491 0.7529965424236673 0.8571428571428571 16 1.3884351681678624 0.5 [-1,-2199023255553] 0.9921875 1.0 1.0078125 0.0006416626200019751 0.139161677870846 2734.36319406342 -2370.8683167851595 -646.0346558999498 1199.3184418198725
194.89143974882342 24.855173388769742 39628368160752496 4 481-483-487-491 0.753630391790056 1.0 16 0.20142047174269107 1.0 [-1,-1] 1.0 1.0 1.0 0.0006416626200019751 0.139161677870846 2736.1889582103036 -2399.3601279873433 -638.036527743243 1150.0914661547104
196.51362347230858 24.654625549478144 39628368185917876 3 481-483-489 0.5777740306253126 1.0 16 1.6031891720574674 1.0 [-1,-1] 1.0 1.0 1.0 0.0006621615122706149 0.13543705131792066 2201.6690029129513 -1918.426910539457 -568.7601518230107 918.420642736219
196.00793149785127 25.891894260493814 39628395507617206 3 481-483-489 0.9710917794641956 1.0 16 1.6474231350490267 1.0 [-1,-1] 1.0 1.0 1.0 0.0003578035202613049 0.22475091060875194 3323.176798808207 -2873.6689309877706 -824.4418360204445 1451.1466398100522
196.43551414558902 25.325523450732597 39628379149830860 4 481-483-489-491 0.7321901497113857 1.0 16 1.6505367666548136 1.0 [-1,-1] 1.0 1.0 1.0 0.0007126833197713517 0.12705585074725267 2674.0400993127228 -2318.2803385733473 -683.8687258449263 1143.8488931357501
195.6616956853239 26.0641117432606 39628395503421730 2 481-484 0.8566554428466215 1.0 16 1.5934894491663396 1.0 [-1,-1] 1.0 1.0 1.0 0.0006812235016579503 0.1321480675826358 3023.835121101112 -2615.46970806819 -733.2890443317872 1328.6023570825278
193.08201918287108 24.932869175312174 39628373621738109 6 481-484-485-486-487-488 0.994167993996469 1.0 16 1.5317483852430662 1.0 [-1,-1] 1.0 1.0 1.0 0.0002622817504223413 0.28340640119267335 3381.1158364055395 -2986.4318619841483 -693.9765680586233 1425.329981409147
194.27486344390846 25.556874842299035 39628384581454994 7 481-484-485-486-487-488-489 0.9678131155526966 1.0 16 0.9587876374032211 1.0 [-1,-1] 1.0 1.0 1.0 0.00041974738576830407 0.19815580287489248 3314.8806640235707 -2898.208376250116 -737.3901019265592 1430.0621882043285
194.68008589105784 25.79179634871149 39628390046629984 7 481-484-485-486-487-488-489 0.7639895315292151 1.0 16 1.0936260312425226 1.0 [-1,-1] 1.0 1.0 1.0 0.0006416626200019751 0.139161677870846 2765.9285826564246 -2409.093209465047 -631.11890445078 1203.4615743388008
194.28247024223936 25.55718992728511 39628384581455136 7 481-484-485-486-487-488-489 0.41747569432004783 1.0 16 0.9559999623091594 1.0 [-1,-1] 1.0 1.0 1.0 0.0006262316776515472 0.14210347001521706 1662.1477996892843 -1453.1670161768345 -369.9341786336652 717.0701741017261
193.43430821911227 24.107050209640914 39628351605834534 7 481-484-485-486-487-488-489 0.45003518602344894 1.0 16 1.3368286191288083 1.0 [-1,-1] 1.0 1.0 1.0 0.0005635091211985168 0.1554616369400361 1775.9881924210401 -1576.735388133099 -376.6292169848461 725.3895562669079
194.28229111128022 25.56682926534493 39628384581455134 7 481-484-485-486-487-488-489 0.9716647639161281 1.0 16 0.9647162125154398 1.0 [-1,-1] 1.0 1.0 1.0 0.0003578035202613049 0.22475091060875194 3324.6249961324047 -2906.390443535687 -739.8730424436094 1434.7870349630496
195.01935081765225 24.484447590026605 39628362662022918 8 481-484-485-486-487-488-489-490 0.7343796695246877 1.0 16 0.3262635117583144 1.0 [-1,-1] 1.0 1.0 1.0 0.0007126833197713517 0.12705585074725267 2680.4240153038613 -2356.0503248083896 -632.1547111223367 1110.891619373281
194.99557752201875 25.988875974960465 39628395490841817 8 481-484-485-486-487-488-489-490 0.6337543175331601 1.0 16 1.307843854389792 1.0 [-1,-1] 1.0 1.0 1.0 0.000833303205902425 0.11070054926254569 2378.0702203491524 -2064.8035350432906 -553.0916250429781 1042.0623728412397
193.6379852722668 23.656395294258846 39628346077741114 8 481-484-485-486-487-488-489-490 0.8748266650119803 1.0 16 1.455402932623052 1.0 [-1,-1] 1.0 1.0 1.0 0.0005690156306133545 0.15418916366201427 3072.743278358701 -2735.179102886578 -663.629240703015 1232.940696349622
194.78201174731404 24.382502748002565 39628362657828719 8 481-484-485-486-487-488-489-490 0.5132501456719875 1.0 16 0.31882984364680045 1.0 [-1,-1] 1.0 1.0 1.0 0.0006865842838717192 0.13125169390769817 1990.7577415312667 -1753.191052929005 -462.62426031164796 821.8371561127284
193.19498661721326 25.081522735103604 39628373621740235 8 481-484-485-486-487-488-489-490 0.4101051916592886 1.0 16 1.4612449414287638 1.0 [-1,-1] 1.0 1.0 1.0 0.0006262316776515472 0.14210347001521706 1636.069343668795 -1442.6759844517685 -338.24342132591744 693.5418438051881
195.05372174273884 25.20963346264367 39628379128859152 8 481-484-485-486-487-488-489-490 0.7768705483569094 1.0 16 0.579268615684519 1.0 [-1,-1] 1.0 1.0 1.0 0.0007324854237337303 0.12404708914385561 2802.6486926187354 -2448.6929730938778 -658.5867119849581 1193.7361352304852
194.6707767247101 25.078410352960194 39628373646902816 8 481-484-485-486-487-488-489-490 0.9519354575524531 1.0 16 0.38517396429141176 1.0 [-1,-1] 1.0 1.0 1.0 0.00041974738576830407 0.19815580287489248 3274.476501996521 -2869.0935533390148 -751.128737507737 1387.9136010594864
194.46408464191265 23.516824151126738 39628340549648996 8 481-484-485-486-487-488-489-490 0.5015087983328194 1.0 16 1.2116145224985595 1.0 [-1,-1] 1.0 1.0 1.0 0.0005337442823398631 0.16272042362546515 1951.4837033690599 -1732.683134594147 -446.94375428621896 778.6777768195016
195.0150248357412 24.485523356207505 39628362662022830 8 481-484-485-486-487-488-489-490 0.7351237756896678 1.0 16 0.3226041415446673 1.0 [-1,-1] 1.0 1.0 1.0 0.0007126833197713517 0.12705585074725267 2682.5916508448126 -2357.9832410854374 -632.4824873367616 1111.835825630213
194.6758398115189 25.062066047882883 39628373646902908 8 481-484-485-486-487-488-489-490 0.9518013808552153 1.0 16 0.3682634624176884 1.0 [-1,-1] 1.0 1.0 1.0 0.00041974738576830407 0.19815580287489248 3274.1336954887493 -2869.109652033774 -751.4038717395559 1386.9223057101115
195.02706525727484 24.481409679191298 39628362662023077 8 481-484-485-486-487-488-489-490 0.41433710944042995 1.0 16 0.33354692862423624 1.0 [-1,-1] 1.0 1.0 1.0 0.0006262316776515472 0.14210347001521706 1651.0567780233307 -1451.2353976252566 -389.5921962921185 684.1945816246493
193.53011804717883 25.719219599450664 39628390025663684 8 481-484-485-486-487-488-489-490 1.0320151638797181 1.0 16 1.502294761492818 1.0 [-1,-1] 1.0 1.0 1.0 0.00017111768859933566 0.3774092623312036 3474.4566192707857 -3043.3738927719314 -732.3416260995726 1507.7797885204034
194.47202097687364 23.514002856739108 39628340549649154 8 481-484-485-486-487-488-489-490 1.0992653270135866 1.0 16 1.2128342478148384 1.0 [-1,-1] 1.0 1.0 1.0 4.689797466212482e-05 0.6886505109163528 3635.314529115981 -3227.6764612508623 -833.0525248178795 1450.3930081131164
195.631355704988 24.99404897472944 39628373659487884 8 481-484-485-486-487-488-489-490 0.6099591969994022 1.0 16 0.8521116126004489 1.0 [-1,-1] 1.0 1.0 1.0 0.0007756247847600315 0.11796159141779075 2303.8226253085722 -2010.846631613247 -562.6248919902554 973.4206407952807
194.64557521660717 23.915677879395357 39628351622613981 9 481-484-485-486-487-488-489-490-491 0.8857217869240961 1.0 16 0.7900745270116444 1.0 [-1,-1] 1.0 1.0 1.0 0.0005690156306133545 0.15418916366201427 3101.813338642154 -2743.371057304452 -716.9253603758713 1257.449504899727
193.97119621801846 24.385894923751184 39628362645246558 9 481-484-485-486-487-488-489-490-491 0.5291127614089758 1.0 16 0.7749480180188106 1.0 [-1,-1] 1.0 1.0 1.0 0.0006865842838717192 0.13125169390769817 2043.3760151654872 -1806.021077633657 -449.32738411375414 843.6695492798353
195.3927883494291 24.370156447646778 39628357159093593 9 481-484-485-486-487-488-489-490-491 0.421098149557106 1.0 16 0.6713614824106993 1.0 [-1,-1] 1.0 1.0 1.0 0.0006262316776515472 0.14210347001521706 1674.922961664841 -1470.9570404154465 -404.96988725602046 691.1235079059309
194.60508212523627 25.272446022144067 39628379120472709 9 481-484-485-486-487-488-489-490-491 0.5457288261877475 1.0 16 0.5873230158115643 1.0 [-1,-1] 1.0 1.0 1.0 0.0007045118177349687 0.128340413101622 2097.9538904933192 -1835.8513380119668 -478.3773472221298 895.6648396696413
195.47127227455724 23.990337451896803 39628351635197531 9 481-484-485-486-487-488-489-490-491 0.9083954376135037 1.0 16 0.9671806474908979 1.0 [-1,-1] 1.0 1.0 1.0 0.0005275616701708153 0.16431404058018498 3161.7068966525894 -2783.9101620171327 -770.5436390025575 1285.494928247866
193.61274102660892 24.64541688365252 39628368139782658 9 481-484-485-486-487-488-489-490-491 0.736274123320927 1.0 16 1.0348727647248779 1.0 [-1,-1] 1.0 1.0 1.0 0.0007126833197713517 0.12705585074725267 2685.940770337715 -2372.6888722872463 -574.5723814272204 1120.0410329928477
195.60020538757064 23.725801926606326 39628346107102382 9 481-484-485-486-487-488-489-490-491 0.5900380061883246 1.0 16 1.2451099902164926 1.0 [-1,-1] 1.0 1.0 1.0 0.0007756247847600315 0.11796159141779075 2240.8301753751803 -1975.866843896707 -551.6795703107008 901.6206196418906
194.9324084277099 25.7778729179296 39628390046634602 9 481-484-485-486-487-488-489-490-491 0.9698736385183048 1.0 16 1.0904274948756623 1.0 [-1,-1] 1.0 1.0 1.0 0.00041974738576830407 0.19815580287489248 3320.0963633250517 -2888.742077766524 -770.3847517771484 1443.8547032629851
194.96100643862619 25.563188324610184 39628384594035268 9 481-484-485-486-487-488-489-490-491 0.9248499244658838 1.0 16 0.8840734977826505 1.0 [-1,-1] 1.0 1.0 1.0 0.0004951280553168204 0.17321314004730964 3204.6678471467376 -2792.964158206668 -746.3355942197312 1382.8341919079476
195.87839434550807 25.119425088967063 39628373663681855 9 481-484-485-486-487-488-489-490-491 0.795007710905318 1.0 16 1.10602798115217 1.0 [-1,-1] 1.0 1.0 1.0 0.0007229154976227362 0.12548315978664992 2853.869564912534 -2485.372312561067 -706.9637785622077 1211.4859377186172
194.73027235903578 25.33403602374094 39628379124664243 9 481-484-485-486-487-488-489-490-491 0.8147344576834963 1.0 16 0.6342879908430049 1.0 [-1,-1] 1.0 1.0 1.0 0.0006627118749498285 0.13533979738261318 2908.945764703496 -2542.7760554214196 -668.520956217713 1244.722910956349
194.71027054016096 25.317666995748386 39628379124663888 9 481-484-485-486-487-488-489-490-491 0.5126317537460062 1.0 16 0.6187154620987908 1.0 [-1,-1] 1.0 1.0 1.0 0.0006865842838717192 0.13125169390769817 1988.6962094816934 -1738.75937739065 -456.4881313762103 850.4393141521568
194.6313330951548 24.496330095158005 39628362657826238 9 481-484-485-486-487-488-489-490-491 0.4219052910357076 1.0 16 0.23048502841975002 1.0 [-1,-1] 1.0 1.0 1.0 0.0006262316776515472 0.14210347001521706 1677.7657193406312 -1477.2358004224347 -385.653889332333 695.6603169562849
194.50860280777772 25.579767163467583 39628384585648320 9 481-484-485-486-487-488-489-490-491 0.4229405116589671 1.0 16 0.9065010978757765 1.0 [-1,-1] 1.0 1.0 1.0 0.0006262316776515472 0.14210347001521706 1681.4097718048408 -1468.2419544780562 -379.9483937906554 725.9776869072252
