data_rosette/LRG_19_clustering_data.ecsv
# %ECSV 1.0
# ---
# datatype:
# - {name: RA, unit: deg, datatype: float64}
# - {name: DEC, unit: deg, datatype: float64}
# - {name: TARGETID, datatype: int64}
# - {name: NTILE, datatype: int64}
# - {name: TILES, datatype: string}
# - {name: Z, datatype: float64}
# - {name: COMP_TILE, datatype: float64}
# - {name: ROSETTE_NUMBER, datatype: int32}
# - {name: ROSETTE_R, unit: deg, datatype: float64}
# - {name: FRACZ_TILELOCID, datatype: float64}
# - {name: BITWEIGHTS, datatype: string, subtype: 'int64[2]'}
# - {name: PROB_OBS, datatype: float64}
# - {name: WEIGHT_ZFAIL, datatype: float64}
# - {name: WEIGHT, datatype: float64}
# - {name: NZ, unit: h3 / Mpc3, datatype: float64}
# - {name: WEIGHT_FKP, datatype: float64}
# - {name: theta, unit: deg, datatype: float64}
# - {name: phi, unit: deg, datatype: float64}
# - {name: rho, unit: Mpc, datatype: float64}
# - {name: r, unit: Mpc, datatype: float64}
# - {name: x, unit: Mpc, datatype: float64}
# - {name: y, unit: Mpc, datatype: float64}
# - {name: z, unit: Mpc, datatype: float64}
# meta: !!omap
# - {EXTNAME: LSS}
# - {DESIDR: edr}
# - comments: ['Visit https://desidatamodel.readthedocs.io/en/latest/ for a more complet', e description]
# schema: astropy-2.0
RA DEC TARGETID NTILE TILES Z COMP_TILE ROSETTE_NUMBER ROSETTE_R FRACZ_TILELOCID BITWEIGHTS PROB_OBS WEIGHT_ZFAIL WEIGHT NZ WEIGHT_FKP theta phi rho r x y z
[from data line 796]
235.525199704298 44.48114120373726 39633158257249523 10 571-572-573-574-575-576-577-579-580-581 0.4717627262368539 1.0 19 1.111033480351367 1.0 [-1,-1] 1.0 1.0 1.0 0.000668512811805897 0.13401699399284683 45.51885879626274 -235.525199704298 1850.7302190857354 1850.7302190857354 -1841.436724010186 -174.06987224840586 63.346782705922784
234.95015093666964 42.472631977142846 39633123121563396 10 571-572-573-574-575-576-577-579-580-581 0.49377846759007543 1.0 19 1.2896730667944443 1.0 [-1,-1] 1.0 1.0 1.0 0.0007365189099627642 0.12316671624379881 47.527368022857154 -234.95015093666964 1925.4737328237056 1925.4737328237056 592.8819241861071 469.0361956567269 -1770.8600077169565
235.0434964232443 44.46562341814146 39633158253053682 10 571-572-573-574-575-576-577-579-580-581 0.4460139693082269 1.0 19 1.2687885215342363 1.0 [-1,-1] 1.0 1.0 1.0 0.0006285113834356281 0.1413409039925048 45.53437658185854 -235.0434964232443 1762.0481641668473 1762.0481641668473 -1477.5249048613457 -959.5031684652006 32.97814523996963
234.59146284563067 42.695005238681176 39633127567527314 9 571-572-573-574-575-576-577-579-581 0.8217339914510937 1.0 19 1.3357626473427227 1.0 [-1,-1] 1.0 1.0 1.0 0.000762533893525711 0.11946670068019369 47.304994761318824 -234.59146284563067 2928.3310749645984 2928.3310749645984 272.4465891062072 451.6268468733762 -2880.439017210905
235.37480743420593 44.5894498601811 39633158257247848 9 571-572-573-574-575-576-577-579-581 0.7505299818845379 1.0 19 1.25309945355238 1.0 [-1,-1] 1.0 1.0 1.0 0.0007242712797402853 0.12498917450484462 45.4105501398189 -235.37480743420593 2727.251733248752 2727.251733248752 -2619.2091378402247 -653.8643055551179 387.43641889155174
235.95498765833375 43.0411526824334 39633132021875177 9 571-572-573-574-575-576-577-579-581 0.965054542919687 1.0 19 0.4222721225206533 1.0 [-1,-1] 1.0 1.0 1.0 0.0003767415448896098 0.21544643941305056 46.9588473175666 -235.95498765833375 3307.8880784325725 3307.8880784325725 -513.1594823275027 178.9516143911325 -3262.938431052678
234.7120523837331 42.76391924269026 39633127571718620 9 571-572-573-574-575-576-577-579-581 0.4712305659165696 1.0 19 1.2236991555100374 1.0 [-1,-1] 1.0 1.0 1.0 0.000668512811805897 0.13401699399284683 47.23608075730974 -234.7120523837331 1848.9112379276596 1848.9112379276596 127.46808393531889 163.09301203300015 -1837.287490497623
236.75624847270612 43.86623760827183 39633145233934740 9 571-572-573-574-575-576-577-579-581 0.8548893725659467 1.0 19 0.6313972004231444 1.0 [-1,-1] 1.0 1.0 1.0 0.0006576102792991648 0.1359368301360722 46.13376239172817 -236.75624847270612 3019.0532203631933 3019.0532203631933 -1061.4348753764277 2290.203557276583 -1656.2022880547174
237.67818352048735 44.20852297497399 39633153958087174 9 571-572-573-574-575-576-577-579-581 0.4452249265313355 1.0 19 1.368011806769263 1.0 [-1,-1] 1.0 1.0 1.0 0.0006285113834356281 0.1413409039925048 45.79147702502601 -237.67818352048735 1759.3089097111042 1759.3089097111042 801.4501640099176 1510.0542459168344 -415.4294751048497
237.68853195182993 44.223019405339244 39633153958087280 9 571-572-573-574-575-576-577-579-581 0.953447393960191 1.0 19 1.3821682797136607 1.0 [-1,-1] 1.0 1.0 1.0 0.0003767415448896098 0.21544643941305056 45.776980594660756 -237.68853195182993 3278.3403283425055 3278.3403283425055 1527.6840886938303 2807.830835186375 -727.8616864247832
237.57400287288235 44.16251464741613 39633153958085997 9 571-572-573-574-575-576-577-579-581 0.9706521449453384 1.0 19 1.2803081014627131 1.0 [-1,-1] 1.0 1.0 1.0 0.00030269805442075816 0.25472307248715254 45.83748535258387 -237.57400287288235 3322.065306341608 3322.065306341608 1193.8449666706617 2956.699269418854 -932.0845054884797
236.5369235167382 42.75732610416811 39633127592691969 9 571-572-573-574-575-576-577-579-581 0.7609448498124006 1.0 19 0.7625989878733692 1.0 [-1,-1] 1.0 1.0 1.0 0.0007242712797402853 0.12498917450484462 47.24267389583189 -236.5369235167382 2757.207105019968 2757.207105019968 198.60320640281054 -259.45627988246747 -2737.778337486194
234.44740550952352 43.16077170435333 39633136421699959 9 571-572-573-574-575-576-577-579-581 0.67472855644911 1.0 19 1.2368740715314885 1.0 [-1,-1] 1.0 1.0 1.0 0.0008053318504768218 0.11384060807160488 46.83922829564667 -234.44740550952352 2503.426674401306 2503.426674401306 -272.9703360227745 -647.8871835973993 -2402.6806918701923
236.92580374196075 44.289303476283656 39633153949697679 9 571-572-573-574-575-576-577-579-581 0.9712090901153891 1.0 19 1.0289944795931785 1.0 [-1,-1] 1.0 1.0 1.0 0.00030269805442075816 0.25472307248715254 45.710696523716344 -236.92580374196075 3323.4733370927365 3323.4733370927365 -857.8914456484725 3168.1865256909277 -521.6238379138287
235.0336261411839 44.47868866022702 39633158253053594 9 571-572-573-574-575-576-577-579-581 0.813285531121053 1.0 19 1.2834558926999267 1.0 [-1,-1] 1.0 1.0 1.0 0.000762533893525711 0.11946670068019369 45.52131133977298 -235.0336261411839 2904.9227072965164 2904.9227072965164 -2419.3259738117367 -1605.2777940261108 92.30911013262364
234.2860790071805 42.808596373408065 39633127563333076 9 571-572-573-574-575-576-577-579-581 0.7483370073890387 1.0 19 1.470975989320383 1.0 [-1,-1] 1.0 1.0 1.0 0.0006073340474539246 0.1455520198534496 47.191403626591935 -234.2860790071805 2720.920118940223 2720.920118940223 43.17371128627098 178.41069564491718 -2714.7213389198796
235.13831474288992 43.81957632066585 39633145212964278 9 571-572-573-574-575-576-577-579-581 0.7022058375944523 1.0 19 0.788049772330148 1.0 [-1,-1] 1.0 1.0 1.0 0.0005639081233901963 0.1550231922816235 46.18042367933415 -235.13831474288992 2585.75566375175 2585.75566375175 -1855.7564406930644 -968.8039637717591 -1517.8007989293556
235.19388777535696 43.79389993600186 39633145217155377 9 571-572-573-574-575-576-577-579-581 1.0255244999783497 1.0 19 0.7406195990018702 1.0 [-1,-1] 1.0 1.0 1.0 0.00020130102782971312 0.3394727840281335 46.20610006399814 -235.19388777535696 3458.595640195704 3458.595640195704 -2502.0114038098927 -1134.0605094736493 -2101.363723499183
235.35493614466853 44.26675011359499 39633153928727931 9 571-572-573-574-575-576-577-579-581 0.40015105054306915 1.0 19 0.9775880260039577 1.0 [-1,-1] 1.0 1.0 1.0 0.00024055914515870672 0.3007331513712552 45.73324988640501 -235.35493614466853 1600.6675761553538 1600.6675761553538 -1519.9915918745746 -411.70434806527203 -286.81314434628246
235.0390213688238 44.47776954615127 39633158253053652 9 571-572-573-574-575-576-577-579-581 0.8123105135504666 1.0 19 1.280403301488103 1.0 [-1,-1] 1.0 1.0 1.0 0.000762533893525711 0.11946670068019369 45.52223045384873 -235.0390213688238 2902.213514789598 2902.213514789598 -2425.7570574753286 -1590.7625692289985 89.55686392444868
235.98070343768933 44.60020358163391 39633158265635446 8 571-572-573-574-575-576-577-580 0.7544389329849203 1.0 19 1.15339727799805 1.0 [-1,-1] 1.0 1.0 1.0 0.0007242712797402853 0.12498917450484462 45.39979641836609 -235.98070343768933 2738.5168928978555 2738.5168928978555 -2531.7153668808446 956.5723776283194 418.164274113438
237.718971611016 43.48482571473058 39633140863467686 8 571-572-573-574-575-576-577-580 0.7593492719294739 1.0 19 1.1754915857837807 1.0 [-1,-1] 1.0 1.0 1.0 0.0007242712797402853 0.12498917450484462 46.51517428526942 -237.718971611016 2752.6301468076826 2752.6301468076826 793.9754508473347 1359.0646276784444 -2258.2114706908005
235.2359633113031 42.69957548582044 39633127575915043 8 571-572-573-574-575-576-577-580 0.6863313389636446 1.0 19 0.9805401499426176 1.0 [-1,-1] 1.0 1.0 1.0 0.0008053318504768218 0.11384060807160488 47.30042451417956 -235.2359633113031 2538.3596104431326 2538.3596104431326 413.4055978599234 166.79268765273866 -2498.9088664720584
234.31595256701638 42.728197521738956 39633127563333505 9 571-572-573-574-575-576-577-580-581 0.9548431125161775 1.0 19 1.4894090790263759 1.0 [-1,-1] 1.0 1.0 1.0 0.0003767415448896098 0.21544643941305056 47.271802478261044 -234.31595256701638 3281.904084907179 3281.904084907179 127.7500968840449 466.4908910096186 -3246.0684810831694
236.7645852185893 43.78946173634936 39633145233934831 9 571-572-573-574-575-576-577-580-581 0.7488662834983463 1.0 19 0.5888150602842853 1.0 [-1,-1] 1.0 1.0 1.0 0.0006073340474539246 0.1455520198534496 46.21053826365064 -236.7645852185893 2722.4490303627877 2722.4490303627877 -889.8354128042791 1962.6756812243848 -1663.6784038308356
237.34483946389116 43.508660771804685 39633140855082679 9 571-572-573-574-575-576-577-580-581 0.9414504142961967 1.0 19 0.9051779311125545 1.0 [-1,-1] 1.0 1.0 1.0 0.0003671239319408774 0.21984967794317842 46.491339228195315 -237.34483946389116 3247.5860086738808 3247.5860086738808 295.63752185406184 1897.0875747927248 -2619.250288340806
237.18203602036417 44.455422300276574 39633158278219724 9 571-572-573-574-575-576-577-580-581 0.9703114804103771 1.0 19 1.2718503047581615 1.0 [-1,-1] 1.0 1.0 1.0 0.00030269805442075816 0.25472307248715254 45.544577699723426 -237.18203602036417 3321.203833247199 3321.203833247199 -27.263549040136986 3320.971501370533 28.28229047247845
237.56380081493538 42.880743304641996 39633132038655761 9 571-572-573-574-575-576-577-580-581 0.7225816688250811 1.0 19 1.2099214382360242 1.0 [-1,-1] 1.0 1.0 1.0 0.0005823912580269674 0.15084542533972659 47.119256695358004 -237.56380081493538 2645.9243321391677 2645.9243321391677 4.473583247053052 11.413390859644501 -2645.8959338885793
237.82550348637432 43.7447453972661 39633145246517899 9 571-572-573-574-575-576-577-580-581 0.727741657507617 1.0 19 1.2838789468204146 1.0 [-1,-1] 1.0 1.0 1.0 0.0005823912580269674 0.15084542533972659 46.2552546027339 -237.82550348637432 2661.0435880671503 2661.0435880671503 1205.5031237949017 1635.2474455363313 -1718.68583166934
235.8297172002883 42.26610017903887 39633118658826033 9 571-572-573-574-575-576-577-580-581 0.8919482497876694 1.0 19 1.2003618668557237 1.0 [-1,-1] 1.0 1.0 1.0 0.0005723615213970424 0.15308410280969617 47.73389982096113 -235.8297172002883 3118.3417234365065 3118.3417234365065 1747.0761135783232 -372.86591939687855 -2555.9247179135273
236.27795264367106 42.86510690205986 39633127588498365 9 571-572-573-574-575-576-577-580-581 0.7481483211071306 1.0 19 0.5991248449832324 1.0 [-1,-1] 1.0 1.0 1.0 0.0006073340474539246 0.1455520198534496 47.13489309794014 -236.27795264367106 2720.374945164983 2720.374945164983 23.67386306267297 -18.316704393877032 -2720.210265554709
235.609745229752 43.132391339135275 39633136434284433 9 571-572-573-574-575-576-577-580-581 0.9687830339213153 1.0 19 0.477715998690324 1.0 [-1,-1] 1.0 1.0 1.0 0.0003767415448896098 0.21544643941305056 46.867608660864725 -235.609745229752 3317.3365609662733 3317.3365609662733 -840.8551900851558 -8.159737868023813 -3208.9901568419186
235.27936509280897 44.46108580500416 39633158257246805 9 571-572-573-574-575-576-577-580-581 0.7473425170443674 1.0 19 1.1710045829480524 1.0 [-1,-1] 1.0 1.0 1.0 0.0006073340474539246 0.1455520198534496 45.53891419499584 -235.27936509280897 2718.0460222005904 2718.0460222005904 -2562.1169048294314 -906.5571781530141 38.53864978109597
235.9738918302104 42.341281871236674 39633118663018032 9 571-572-573-574-575-576-577-580-581 0.7571856781951232 1.0 19 1.1125601721629728 1.0 [-1,-1] 1.0 1.0 1.0 0.0007242712797402853 0.12498917450484462 47.658718128763326 -235.9738918302104 2746.4167429042027 2746.4167429042027 1312.816906836979 -485.8361264165919 -2362.8965176444012
236.73733484836546 42.6287214119631 39633127596884205 9 571-572-573-574-575-576-577-580-581 0.8056609234262737 1.0 19 0.9441773709802563 1.0 [-1,-1] 1.0 1.0 1.0 0.0008239664519383997 0.11155322342262282 47.3712785880369 -236.73733484836546 2883.694331008973 2883.694331008973 308.9954852930813 -634.9442757731645 -2795.9006690912097
235.22260664113332 44.482509486937126 39633158253055615 9 571-572-573-574-575-576-577-580-581 0.7984018248953969 1.0 19 1.2103003692482968 1.0 [-1,-1] 1.0 1.0 1.0 0.0008239664519383997 0.11155322342262282 45.517490513062874 -235.22260664113332 2863.392582228308 2863.392582228308 -2639.1934279695556 -1106.0229127615062 101.9237272128405
237.10914509547862 43.34126415766466 39633136451063149 9 571-572-573-574-575-576-577-580-581 0.6434929900181355 1.0 19 0.7412855952766676 1.0 [-1,-1] 1.0 1.0 1.0 0.0007982518636535506 0.11473445525619816 46.65873584233534 -237.10914509547862 2408.1487146220584 2408.1487146220584 -87.5085036467699 1076.649748370135 -2152.2889705752573
237.16657168806748 44.333261551505664 39633153953891015 9 571-572-573-574-575-576-577-580-581 1.0284554889833997 1.0 19 1.1708487164039656 1.0 [-1,-1] 1.0 1.0 1.0 0.00020130102782971312 0.3394727840281335 45.666738448494336 -237.16657168806748 3465.7654346574004 3465.7654346574004 -81.5104732199937 3442.44414962795 -393.01955105789926
234.40764230534 43.17362000341821 39633136417508649 9 571-572-573-574-575-576-577-580-581 0.6457327840282115 1.0 19 1.2620222440814628 1.0 [-1,-1] 1.0 1.0 1.0 0.0007982518636535506 0.11473445525619816 46.82637999658179 -234.40764230534 2415.04125748697 2415.04125748697 -248.72154978240255 -662.8160271715825 -2308.947115064043
236.27264145921743 42.39013671627364 39633123138340197 9 571-572-573-574-575-576-577-580-581 1.0973254606869345 1.0 19 1.0673762674582585 1.0 [-1,-1] 1.0 1.0 1.0 5.9370222311395755e-05 0.6353792046182113 47.60986328372636 -236.27264145921743 3630.761740805084 3630.761740805084 1346.7296333685888 -1030.590315127602 -3210.3946354717923
237.34718611771186 43.51734097812762 39633140855082704 9 571-572-573-574-575-576-577-580-581 0.7328035139405422 1.0 19 0.9074150336955308 1.0 [-1,-1] 1.0 1.0 1.0 0.0006073340474539246 0.1455520198534496 46.48265902187238 -237.34718611771186 2675.8293227427876 2675.8293227427876 250.17470666541212 1580.9617553157218 -2144.302942409032
236.74797640399052 44.04388616001658 39633149600206098 9 571-572-573-574-575-576-577-580-581 0.7121087795804384 1.0 19 0.7561803364856291 1.0 [-1,-1] 1.0 1.0 1.0 0.0005823912580269674 0.15084542533972659 45.95611383998342 -236.74797640399052 2615.0916024416065 2615.0916024416065 -1029.5636621801934 2174.114898505633 -1025.6350046554376
235.58796106043758 44.00939370812502 39633149587622328 9 571-572-573-574-575-576-577-580-581 0.7508389027978397 1.0 19 0.670686004700088 1.0 [-1,-1] 1.0 1.0 1.0 0.0007242712797402853 0.12498917450484462 45.99060629187498 -235.58796106043758 2728.142981187769 2728.142981187769 -2469.949457429194 -77.79938092197126 -1155.8810751446165
237.77331700642253 43.18145041580533 39633136459451786 9 571-572-573-574-575-576-577-580-581 0.9653719462903213 1.0 19 1.2467219945817734 1.0 [-1,-1] 1.0 1.0 1.0 0.0003767415448896098 0.21544643941305056 46.81854958419467 -237.77331700642253 3308.693230882801 3308.693230882801 547.6459345266841 830.3107067658802 -3155.64873785344
236.73384219823345 42.61378458425181 39633123142535955 9 571-572-573-574-575-576-577-580-581 1.0231198317456334 1.0 19 0.9559857958594845 1.0 [-1,-1] 1.0 1.0 1.0 0.00020130102782971312 0.3394727840281335 47.38621541574819 -236.73384219823345 3452.7041477944035 3452.7041477944035 394.6141094151058 -803.732456374423 -3334.5853978294717
235.40854126417904 43.67107450985693 39633145217158314 8 571-572-573-574-575-576-577-581 1.0304055860344374 1.0 19 0.5476638888099219 1.0 [-1,-1] 1.0 1.0 1.0 0.00017557006270178804 0.37077784677498654 46.32892549014307 -235.40854126417904 3470.528966398216 3470.528966398216 -2422.5016305859635 -518.6373043300727 -2430.446975964432
