data_rosette/LRG_13_clustering_data.ecsv
# %ECSV 1.0
# ---
# datatype:
# - {name: RA, unit: deg, datatype: float64}
# - {name: DEC, unit: deg, datatype: float64}
# - {name: TARGETID, datatype: int64}
# - {name: NTILE, datatype: int64}
# - {name: TILES, datatype: string}
# - {name: Z, datatype: float64}
# - {name: COMP_TILE, datatype: float64}
# - {name: ROSETTE_NUMBER, datatype: int32}
# - {name: ROSETTE_R, unit: deg, datatype: float64}
# - {name: FRACZ_TILELOCID, datatype: float64}
# - {name: BITWEIGHTS, datatype: string, subtype: 'int64[2]'}
# - {name: PROB_OBS, datatype: float64}
# - {name: WEIGHT_ZFAIL, datatype: float64}
# - {name: WEIGHT, datatype: float64}
# - {name: NZ, unit: h3 / Mpc3, datatype: float64}
# - {name: WEIGHT_FKP, datatype: float64}
# - {name: theta, unit: deg, datatype: float64}
# - {name: phi, unit: deg, datatype: float64}
# - {name: rho, unit: Mpc, datatype: float64}
# - {name: r, unit: Mpc, datatype: float64}
# - {name: x, unit: Mpc, datatype: float64}
# - {name: y, unit: Mpc, datatype: float64}
# - {name: z, unit: Mpc, datatype: float64}
# meta: !!omap
# - {EXTNAME: LSS}
# - {DESIDR: edr}
# - comments: ['Visit https://desidatamodel.readthedocs.io/en/latest/ for a more complet', e description]
# schema: astropy-2.0
RA DEC TARGETID NTILE TILES Z COMP_TILE ROSETTE_NUMBER ROSETTE_R FRACZ_TILELOCID BITWEIGHTS PROB_OBS WEIGHT_ZFAIL WEIGHT NZ WEIGHT_FKP theta phi rho r x y z
[from data line 2347]
244.9939119730571 43.730607584314 39633145334597412 9 352-353-356-357-358-359-360-361-433 0.9670999264428235 1.0 13 0.7004424365713282 1.0 [-1,-1] 1.0 1.0 1.0 0.0003767415448896098 0.21544643941305056 46.269392415686 -244.9939119730571 3313.0739243731778 3313.0739243731778 2495.693797179742 125.67692320870998 -2175.356662722884
246.109106715596 43.13721955310074 39633136564306872 8 352-353-356-357-358-359-360-362 0.8343754075405581 1.0 13 0.3544553814787149 1.0 [-1,-1] 1.0 1.0 1.0 0.0006366829495309179 0.1397804201853648 46.86278044689926 -246.109106715596 2963.1351099679205 2963.1351099679205 370.69743182660073 -669.1170191532916 -2862.6972436220317
246.11782459422358 43.10880553920314 39633132143513313 8 352-353-356-357-358-359-360-362 0.9017838909519998 1.0 13 0.38261087449535114 1.0 [-1,-1] 1.0 1.0 1.0 0.0005723615213970424 0.15308410280969617 46.89119446079686 -246.11782459422358 3144.3258398285852 3144.3258398285852 345.840318943077 -637.2931288646846 -3059.581168838138
246.14112118009666 44.70167626762692 39633162694821990 8 352-353-356-357-358-359-360-362 0.9237522426731933 1.0 13 1.2656539209333866 1.0 [-1,-1] 1.0 1.0 1.0 0.00042618922305278896 0.1953324009783564 45.29832373237308 -246.14112118009666 3201.814996473882 3201.814996473882 1414.0210701960218 -2756.9962130604267 806.9297155621489
245.73819374275575 44.82351785443458 39633162690627048 9 352-353-356-357-358-359-360-362-433 0.5917491873249839 1.0 13 1.3772824070198844 1.0 [-1,-1] 1.0 1.0 1.0 0.0006106036532175123 0.14488555312656437 45.17648214556542 -245.73819374275575 2246.271106246459 2246.271106246459 1605.7255999485412 -1336.0068712655425 826.1142901311202
244.4364010403725 43.56213745557352 39633140943161267 9 352-353-356-357-358-359-360-362-433 0.990580982517422 1.0 13 1.0530185476201543 1.0 [-1,-1] 1.0 1.0 1.0 0.00023297360745577845 0.30751381291380364 46.43786254442648 -244.4364010403725 3372.1612964194114 3372.1612964194114 1753.5531593329472 1219.9253731088113 -2609.27292756197
245.2913902998737 42.185283037014166 39633118780457276 9 352-353-356-357-358-359-360-362-433 0.6759773525035664 1.0 13 1.3363740453961688 1.0 [-1,-1] 1.0 1.0 1.0 0.0008053318504768218 0.11384060807160488 47.814716962985834 -245.2913902998737 2507.1983329226923 2507.1983329226923 -1548.9756403546091 390.8413594421052 -1932.345977807236
246.04997227669142 43.83373331026114 39633145347180736 8 352-353-356-357-358-359-360-433 0.7611023106592749 1.0 13 0.40296511938081747 1.0 [-1,-1] 1.0 1.0 1.0 0.0007242712797402853 0.12498917450484462 46.16626668973886 -246.04997227669142 2757.658545740753 2757.658545740753 1207.6124769165474 -1904.7264085192323 -1586.9373236463728
244.91922268841435 43.319153032688256 39633136547531916 8 352-353-356-357-358-359-360-433 0.7496227858717236 1.0 13 0.7104038274312547 1.0 [-1,-1] 1.0 1.0 1.0 0.0006073340474539246 0.1455520198534496 46.680846967311744 -244.91922268841435 2724.633474411186 2724.633474411186 1158.9105467952434 145.62811513573166 -2461.5739612066777
246.04087497650326 43.85881956701669 39633145347180624 8 352-353-356-357-358-359-360-433 0.41906839129240175 1.0 13 0.4250660940706715 1.0 [-1,-1] 1.0 1.0 1.0 0.0005613841910631427 0.1556117057517016 46.14118043298331 -246.04087497650326 1667.7680938252415 1667.7680938252415 753.6271115380578 -1165.0961818411763 -925.2283386253341
247.48285993866762 43.4670380229654 39633140980909941 8 352-353-356-357-358-359-361-362 0.7141456156402641 1.0 13 1.163578790730912 1.0 [-1,-1] 1.0 1.0 1.0 0.0005823912580269674 0.15084542533972659 46.5329619770346 -247.48285993866762 2621.103540449241 2621.103540449241 -1114.1098286174029 -944.0526494756917 -2176.6275874736984
245.29745665580694 44.75756557674619 39633162686431731 8 352-353-356-357-358-359-361-362 1.0863334511010734 1.0 13 1.3728378333191513 1.0 [-1,-1] 1.0 1.0 1.0 0.00012850791192818028 0.44600300211103894 45.24243442325381 -245.29745665580694 3604.867421574977 3604.867421574977 3322.8486523066176 -859.9034604592438 1101.958256780599
245.2728121015954 44.748416213390136 39633162686431394 8 352-353-356-357-358-359-361-362 1.0945465331579425 1.0 13 1.369666609161945 1.0 [-1,-1] 1.0 1.0 1.0 5.9370222311395755e-05 0.6353792046182113 45.251583786609864 -245.2728121015954 3624.2308249722637 3624.2308249722637 3370.718266752478 -784.2023546674492 1076.259311594716
245.39094168897012 44.62592724547155 39633162686433001 8 352-353-356-357-358-359-361-362 0.672829633705464 1.0 13 1.227351719046677 1.0 [-1,-1] 1.0 1.0 1.0 0.0008053318504768218 0.11384060807160488 45.37407275452845 -245.39094168897012 2497.6859812362986 2497.6859812362986 2311.5176879710757 -835.174221481728 444.7530312809303
245.75680889710625 43.240854867150496 39633136560112280 9 352-353-356-357-358-359-361-362-433 0.6309833333879262 1.0 13 0.22752512535728872 1.0 [-1,-1] 1.0 1.0 1.0 0.0007982518636535506 0.11473445525619816 46.759145132849504 -245.75680889710625 2369.479207802269 2369.479207802269 639.557064218379 -552.595256397932 -2213.602710610497
244.9037135740848 44.21212078537523 39633154046166877 9 352-353-356-357-358-359-361-362-433 0.6681640163022462 1.0 13 1.037691050209784 1.0 [-1,-1] 1.0 1.0 1.0 0.0006371005092682059 0.1397016056866948 45.78787921462477 -244.9037135740848 2483.5529842483925 2483.5529842483925 2391.6089544501874 338.2824070379695 -577.7603721711756
245.27860764417915 44.16549088468264 39633154050361578 8 352-353-356-357-358-359-361-433 1.0372095432844664 1.0 13 0.8368257571523575 1.0 [-1,-1] 1.0 1.0 1.0 0.00017557006270178804 0.37077784677498654 45.83450911531736 -245.27860764417915 3487.1066616306234 3487.1066616306234 3258.342525029269 -777.9910633932063 -968.4248883908685
245.5872084588782 44.4971667970025 39633158378884303 7 352-353-356-357-358-360-361 0.515655281235453 1.0 13 1.0681537450571885 1.0 [-1,-1] 1.0 1.0 1.0 0.0006888416087567301 0.1305783864573065 45.5028332029975 -245.5872084588782 1998.7684084729253 1998.7684084729253 1709.1285324469527 -1031.4414017300105 100.4163586391536
244.97953287708617 43.78849751546216 39633145334597258 8 352-353-356-357-358-360-361-362 0.7861901851118213 1.0 13 0.7345236116821621 1.0 [-1,-1] 1.0 1.0 1.0 0.0007064174578981374 0.12774458208408304 46.21150248453784 -244.97953287708617 2829.0383230773664 2829.0383230773664 2232.9940260993612 144.66342291504543 -1730.9731387041984
246.1376487204473 42.45805838590056 39633123259975581 9 352-353-356-357-358-360-361-362-433 1.0781348591384612 1.0 13 1.009705312399881 1.0 [-1,-1] 1.0 1.0 1.0 0.00012850791192818028 0.44600300211103894 47.54194161409944 -246.1376487204473 3585.446255721091 3585.446255721091 -668.7840379298201 1292.889944286887 -3276.6733671876
247.70208750328487 44.00026151748827 39633149734422699 9 352-353-356-357-358-360-361-362-433 0.832429056045515 1.0 13 1.4270659939073043 1.0 [-1,-1] 1.0 1.0 1.0 0.0006366829495309179 0.1397804201853648 45.99973848251173 -247.70208750328487 2957.793707407385 2957.793707407385 -2361.5675255087594 -1240.682022596625 -1277.5956155398735
247.16740441843487 43.75303418476496 39633145359764899 9 352-353-356-357-358-360-361-362-433 0.5310469986841803 1.0 13 0.9802795896202913 1.0 [-1,-1] 1.0 1.0 1.0 0.0006094867785671962 0.14511252611805409 46.24696581523504 -247.16740441843487 2049.7576110904997 2049.7576110904997 -826.8486434623411 -1341.4457942642189 -1310.8587895264527
245.17394990044198 43.71009034674881 39633145338789960 9 352-353-356-357-358-360-361-362-433 0.9232086862024768 1.0 13 0.5738000482302876 1.0 [-1,-1] 1.0 1.0 1.0 0.00042618922305278896 0.1953324009783564 46.28990965325119 -245.17394990044198 3200.40161544781 3200.40161544781 2350.3392311122857 -306.61470948778526 -2150.4565605427097
244.32173233426337 42.69123800188111 39633127689160316 9 352-353-356-357-358-360-361-362-433 0.6778470006090674 1.0 13 1.3679979755658005 1.0 [-1,-1] 1.0 1.0 1.0 0.0008053318504768218 0.11384060807160488 47.30876199811889 -244.32173233426337 2512.839753056383 2512.839753056383 -346.5075569950557 -305.4433741546822 -2470.020340537864
247.34181729654043 43.33196686006768 39633136576891829 8 352-353-356-357-358-360-361-433 0.6748734485428477 1.0 13 1.0688006761068807 1.0 [-1,-1] 1.0 1.0 1.0 0.0008053318504768218 0.11384060807160488 46.66803313993232 -247.34181729654043 2503.864429765446 2503.864429765446 -732.4401630467462 -823.7435746324206 -2248.180378317652
245.14497082514902 43.72976281830528 39633145334599211 8 352-353-356-357-358-360-361-433 0.5582201343903817 1.0 13 0.6014054502274087 1.0 [-1,-1] 1.0 1.0 1.0 0.0006724560872077301 0.13333590500666823 46.27023718169472 -245.14497082514902 2138.6226129054826 2138.6226129054826 1603.6773678664106 -162.1094294698538 -1405.5767901828394
247.35175815333088 43.33124339899553 39633136576891934 8 352-353-356-357-358-360-361-433 0.6759716217713895 1.0 13 1.0760662916869201 1.0 [-1,-1] 1.0 1.0 1.0 0.0008053318504768218 0.11384060807160488 46.66875660100447 -247.35175815333088 2507.181031309388 2507.181031309388 -740.4791154889692 -816.2968557800149 -2251.9562266007615
246.70615970155578 43.47014301764686 39633140972520474 8 352-353-356-357-358-360-361-433 0.5263020036394457 1.0 13 0.6000069792922864 1.0 [-1,-1] 1.0 1.0 1.0 0.0006888416087567301 0.1305783864573065 46.52985698235314 -246.70615970155578 2034.0891888690146 2034.0891888690146 -103.61475832721786 -1133.7702170999453 -1685.6298244121515
247.14241795787925 42.69990275187234 39633127722716009 8 352-353-356-357-358-360-361-433 0.8619342052359311 1.0 13 1.1886719058442 1.0 [-1,-1] 1.0 1.0 1.0 0.0006576102792991648 0.1359368301360722 47.30009724812766 -247.14241795787925 3038.0979776508093 3038.0979776508093 268.03355627036353 460.20461228688555 -2991.0548389069827
245.52756034872203 44.91333972698281 39633166981398642 7 352-353-356-357-358-361-362 0.7100824577431987 1.0 13 1.4850018345995348 1.0 [-1,-1] 1.0 1.0 1.0 0.0005823912580269674 0.15084542533972659 45.08666027301719 -245.52756034872203 2609.103305350262 2609.103305350262 2063.448671579012 -1083.0114675450354 1173.3225468362996
246.95387213912878 43.51884062029331 39633140972524020 8 352-353-356-357-358-361-362-433 0.9892050911397692 1.0 13 0.7821899508978302 1.0 [-1,-1] 1.0 1.0 1.0 0.00030269805442075816 0.25472307248715254 46.48115937970669 -246.95387213912878 3368.721531511961 3368.721531511961 -671.17047158192 -1904.3420097853107 -2696.53415789892
246.42541902297273 43.57887718212119 39633140968327185 7 352-353-356-357-358-362-433 0.5059052398552154 1.0 13 0.41600374407607466 1.0 [-1,-1] 1.0 1.0 1.0 0.0007365189099627642 0.12316671624379881 46.42112281787881 -246.42541902297273 1966.2221687016777 1966.2221687016777 239.5139516948237 -1248.0566693963137 -1500.3390395550064
245.50388247215665 42.71610994031604 39633127701745576 7 352-353-356-357-359-360-361 0.5476853213162802 1.0 13 0.7836149533435803 1.0 [-1,-1] 1.0 1.0 1.0 0.0006094867785671962 0.14511252611805409 47.28389005968396 -245.50388247215665 2104.344158516765 2104.344158516765 -300.4625971026467 148.73492520558366 -2077.4658811277877
247.04368005040004 43.616188739404265 39633140976714425 9 352-353-356-357-359-360-361-362-433 0.7114032257105158 1.0 13 0.8598460056249914 1.0 [-1,-1] 1.0 1.0 1.0 0.0005823912580269674 0.15084542533972659 46.383811260595735 -247.04368005040004 2613.007348327873 2613.007348327873 -732.4037724698951 -1602.6472768272567 -1929.485377650089
245.46649699106533 42.95402994772111 39633132139315417 9 352-353-356-357-359-360-361-362-433 0.7898570731035184 1.0 13 0.5803779093777797 1.0 [-1,-1] 1.0 1.0 1.0 0.0007064174578981374 0.12774458208408304 47.04597005227889 -245.46649699106533 2839.380816685377 2839.380816685377 201.60584986710123 -90.58111047585457 -2830.765544139119
245.0550013881901 43.55391364929042 39633140951549421 9 352-353-356-357-359-360-361-362-433 1.0173667158868722 1.0 13 0.6073659627320556 1.0 [-1,-1] 1.0 1.0 1.0 0.00020130102782971312 0.3394727840281335 46.44608635070958 -245.0550013881901 3438.5751869224614 3438.5751869224614 2156.1487212517427 -23.232125429282778 -2678.4850711384142
244.3132675750778 42.643254497114086 39633127689160225 7 352-353-356-357-359-360-362 0.9866103769008968 1.0 13 1.400595654424037 1.0 [-1,-1] 1.0 1.0 1.0 0.00030269805442075816 0.25472307248715254 47.356745502885914 -244.3132675750778 3362.227090629691 3362.227090629691 -577.6526648890147 -517.9504048938524 -3271.4852568491133
244.47480637084124 43.5523680893663 39633140943161668 8 352-353-356-357-359-360-362-433 0.9920565119024832 1.0 13 1.0243865611034861 1.0 [-1,-1] 1.0 1.0 1.0 0.00023297360745577845 0.30751381291380364 46.4476319106337 -244.47480637084124 3375.847065087469 3375.847065087469 1779.4887486322064 1139.1422616089278 -2632.8915868617837
244.46681717344143 43.553903667334744 39633140943161586 8 352-353-356-357-359-360-362-433 0.45202041143913 1.0 13 1.030293293157109 1.0 [-1,-1] 1.0 1.0 1.0 0.0005330850268982689 0.1625298359500762 46.446096332665256 -244.46681717344143 1782.857836485996 1782.857836485996 936.7381397382401 610.2593151822822 -1388.771864242835
244.4627952342044 43.56535572395533 39633140943161543 8 352-353-356-357-359-360-362-433 0.833426210278451 1.0 13 1.0343130910101355 1.0 [-1,-1] 1.0 1.0 1.0 0.0006366829495309179 0.1397804201853648 46.43464427604467 -244.4627952342044 2960.530995119001 2960.530995119001 1573.383575199382 1034.0539422500883 -2284.7188761136817
246.95160884150195 42.1765644395499 39633118797238681 7 352-353-356-357-359-360-433 0.7571689359554509 1.0 13 1.4964946267099204 1.0 [-1,-1] 1.0 1.0 1.0 0.0007242712797402853 0.12498917450484462 47.8234355604501 -246.95160884150195 2746.3686307862354 2746.3686307862354 584.0112567635733 1669.0815152000011 -2101.342048253392
244.89153825615918 44.1961340305789 39633154046166681 8 352-353-356-357-359-361-362-433 0.6656665444415474 1.0 13 1.0321219047863295 1.0 [-1,-1] 1.0 1.0 1.0 0.0006371005092682059 0.1397016056866948 45.8038659694211 -244.89153825615918 2475.971175469829 2475.971175469829 2370.6201627479545 364.8063969483087 -614.4180974514845
246.1227113116211 43.895924617080034 39633149717643354 8 352-353-356-357-359-361-362-433 0.40599585637086205 1.0 13 0.4792352870972528 1.0 [-1,-1] 1.0 1.0 1.0 0.00024055914515870672 0.3007331513712552 46.104075382919966 -246.1227113116211 1621.479908355198 1621.479908355198 652.9948709084446 -1217.4527245161362 -848.8837702153824
244.85035779524517 44.18447498508906 39633154046166060 8 352-353-356-357-359-361-362-433 0.5092206563530127 1.0 13 1.04469053636883 1.0 [-1,-1] 1.0 1.0 1.0 0.0007365189099627642 0.12316671624379881 45.81552501491094 -244.85035779524517 1977.3107725947084 1977.3107725947084 1873.837281601267 367.90010398700406 -512.9729495661616
245.00514354504543 43.3794978712231 39633140951548800 7 352-353-356-357-359-361-433 0.6542599046662059 1.0 13 0.6393895584422702 1.0 [-1,-1] 1.0 1.0 1.0 0.0006371005092682059 0.1397016056866948 46.6205021287769 -245.00514354504543 2441.1959842949063 2441.1959842949063 1176.7232555902601 46.01381814092484 -2138.3739013630734
245.15843856046018 44.724039641053 39633162682239590 5 352-353-356-357-361 0.7454467717882137 1.0 13 1.3754102781738187 1.0 [-1,-1] 1.0 1.0 1.0 0.0006073340474539246 0.1455520198534496 45.275960358947 -245.15843856046018 2712.5624741333895 2712.5624741333895 2592.0631274203583 -297.3376042739535 742.1551513188265
244.02198086605014 44.02389360651519 39633149688286804 5 352-353-356-357-361 0.8251736898836112 1.0 13 1.4599374665236609 1.0 [-1,-1] 1.0 1.0 1.0 0.000762533893525711 0.11946670068019369 45.97610639348481 -244.02198086605014 2937.8274330598515 2937.8274330598515 1396.9019271023392 2285.8353538082824 -1206.0065372032484
246.90189380072218 43.67647858032176 39633145359761518 7 352-353-356-357-361-362-433 1.0232875860682729 1.0 13 0.7743330927762077 1.0 [-1,-1] 1.0 1.0 1.0 0.00020130102782971312 0.3394727840281335 46.32352141967824 -246.90189380072218 3453.1154187391544 3453.1154187391544 -701.1549058142984 -2376.733721096059 -2404.8959878114288
