data_rosette/LRG_1_clustering_data.ecsv
# %ECSV 1.0
# ---
# datatype:
# - {name: RA, unit: deg, datatype: float64}
# - {name: DEC, unit: deg, datatype: float64}
# - {name: TARGETID, datatype: int64}
# - {name: NTILE, datatype: int64}
# - {name: TILES, datatype: string}
# - {name: Z, datatype: float64}
# - {name: COMP_TILE, datatype: float64}
# - {name: ROSETTE_NUMBER, datatype: int32}
# - {name: ROSETTE_R, unit: deg, datatype: float64}
# - {name: FRACZ_TILELOCID, datatype: float64}
# - {name: BITWEIGHTS, datatype: string, subtype: 'int64[2]'}
# - {name: PROB_OBS, datatype: float64}
# - {name: WEIGHT_ZFAIL, datatype: float64}
# - {name: WEIGHT, datatype: float64}
# - {name: NZ, unit: h3 / Mpc3, datatype: float64}
# - {name: WEIGHT_FKP, datatype: float64}
# - {name: theta, unit: deg, datatype: float64}
# - {name: phi, unit: deg, datatype: float64}
# - {name: rho, unit: Mpc, datatype: float64}
# - {name: r, unit: Mpc, datatype: float64}
# - {name: x, unit: Mpc, datatype: float64}
# - {name: y, unit: Mpc, datatype: float64}
# - {name: z, unit: Mpc, datatype: float64}
# meta: !!omap
# - {EXTNAME: LSS}
# - {DESIDR: edr}
# - comments: ['Visit https://desidatamodel.readthedocs.io/en/latest/ for a more complet', e description]
# schema: astropy-2.0
RA DEC TARGETID NTILE TILES Z COMP_TILE ROSETTE_NUMBER ROSETTE_R FRACZ_TILELOCID BITWEIGHTS PROB_OBS WEIGHT_ZFAIL WEIGHT NZ WEIGHT_FKP theta phi rho r x y z
[from data line 2873]
179.8593616729506 -1.160573024633587 39627757545589227 9 28-30-31-32-33-34-35-36-445 0.8147025869495383 1.0 1 1.1891967972510085 1.0 [-1,-1] 1.0 1.0 1.0 0.0006627118749498285 0.13533979738261318 91.16057302463359 180.1406383270494 2908.8573109503427 2908.8573109503427 75.93867142818723 138.6950223712556 -2904.556397183642
178.69907736173138 -0.6211603486657217 39627775644012793 9 28-30-31-32-33-34-35-36-445 1.0145917993816438 1.0 1 1.0942897143558845 1.0 [-1,-1] 1.0 1.0 1.0 0.00020304675497218746 0.33812883710054276 90.62116034866573 181.30092263826862 3431.7432883442393 3431.7432883442393 980.1516727889073 -1264.6204486347676 -3035.934751657163
179.8602573603681 -1.1576960376789096 39627757545589249 9 28-30-31-32-33-34-35-36-445 0.8156204769576381 1.0 1 1.186585349307709 1.0 [-1,-1] 1.0 1.0 1.0 0.0006627118749498285 0.13533979738261318 91.1576960376789 180.1397426396319 2911.4041340721674 2911.4041340721674 72.10592832492878 131.41530287129478 -2907.5427400408325
179.88030445335048 -1.2009754653287061 39627757545589664 9 28-30-31-32-33-34-35-36-445 0.611700844790644 1.0 1 1.233248210030747 1.0 [-1,-1] 1.0 1.0 1.0 0.0007214233604467519 0.12571007283523317 91.20097546532871 180.11969554664952 2309.2936325674955 2309.2936325674955 108.95831834241524 189.47178822589547 -2298.927055769115
179.32302374407496 -0.6971156952233952 39627769616795388 9 28-30-31-32-33-34-35-36-445 0.9303259711267998 1.0 1 0.7501215590057462 1.0 [-1,-1] 1.0 1.0 1.0 0.0004445766401596716 0.18918261239264766 90.69711569522339 180.67697625592504 3218.8721858701747 3218.8721858701747 45.31252716169412 -1279.5281087073859 -2953.2850764663
178.64783641544287 -0.7777942716625794 39627769604213983 8 28-30-31-32-33-34-35-37 0.8621352743539059 1.0 1 1.229440412521139 1.0 [-1,-1] 1.0 1.0 1.0 0.0006812235016579503 0.1321480675826358 90.77779427166259 181.35216358455713 3038.640359912894 3038.640359912894 639.2510425582581 -742.8417208239782 -2876.2613788185195
180.12701985135723 1.0857999486976688 39627811907963461 9 28-30-31-32-33-34-35-37-38 0.564052980519286 1.0 1 1.2069292446881925 1.0 [-1,-1] 1.0 1.0 1.0 0.000677088223595666 0.13284793461577618 88.91420005130233 179.87298014864277 2157.507562750893 2157.507562750893 -1219.5702889832683 -1261.2538694077643 1255.67745478706
179.33097455729668 0.3174595806210436 39627793775986286 9 28-30-31-32-33-34-35-37-38 0.6100198166009887 1.0 1 0.41611841286395607 1.0 [-1,-1] 1.0 1.0 1.0 0.0007214233604467519 0.12571007283523317 89.68254041937895 180.66902544270332 2304.0131460540047 2304.0131460540047 62.548940869327986 -2278.2551837478522 -337.81285486470057
178.66696971493124 1.0926525126702498 39627811882798212 9 28-30-31-32-33-34-35-37-38 0.5213898249813511 1.0 1 1.436777466651286 1.0 [-1,-1] 1.0 1.0 1.0 0.0006865842838717192 0.13125169390769817 88.90734748732974 181.33303028506876 2017.821195533556 2017.821195533556 1041.1522906047364 -1257.7625242714607 1185.595933466062
180.5153876197656 -0.392388058723515 39627775677563380 9 28-30-31-32-33-34-35-37-38 0.7003970956689535 1.0 1 0.9959366358708396 1.0 [-1,-1] 1.0 1.0 1.0 0.0005843703162771602 0.15074849413407446 90.39238805872351 179.4846123802344 2580.3784335738114 2580.3784335738114 -1546.7922295903288 -679.3413493210355 -1950.4568670018036
178.78559133877278 -0.6356629628598638 39627769608405902 9 28-30-31-32-33-34-35-37-38 0.8658843751307775 1.0 1 1.033102926390838 1.0 [-1,-1] 1.0 1.0 1.0 0.0006812235016579503 0.1321480675826358 90.63566296285987 181.21440866122722 3048.741554473355 3048.741554473355 749.147760676722 -1161.5233735738657 -2717.4374236194008
180.38966137606653 1.0743660352886883 39627811912157551 10 28-30-31-32-33-34-35-37-38-445 0.9122300224715187 1.0 1 1.3333245592935317 1.0 [-1,-1] 1.0 1.0 1.0 0.0004951280553168204 0.17321314004730964 88.92563396471131 179.61033862393347 3171.7562610080863 3171.7562610080863 -2230.776285773674 -1335.8515421464156 1816.36328949328
179.7608264519104 0.7425811570014025 39627805863969048 10 28-30-31-32-33-34-35-37-38-445 0.6881218051030561 1.0 1 0.7597963372674654 1.0 [-1,-1] 1.0 1.0 1.0 0.0007209928471550773 0.12577569469930108 89.2574188429986 180.2391735480896 2543.728293554691 2543.728293554691 -957.963747533152 -2250.6967004880235 698.0139341411623
179.74814833270284 0.7222318017936072 39627805859780459 10 28-30-31-32-33-34-35-37-38-445 0.6389079714088699 1.0 1 0.7372689750191095 1.0 [-1,-1] 1.0 1.0 1.0 0.000833303205902425 0.11070054926254569 89.27776819820639 180.25185166729716 2394.0098253787455 2394.0098253787455 -879.5507463748161 -2141.4091839975117 609.9510105349341
179.05218060944546 0.7448700364972546 39627805851386848 10 28-30-31-32-33-34-35-37-38-445 1.0274063596916039 1.0 1 0.9246191370172533 1.0 [-1,-1] 1.0 1.0 1.0 0.00020304675497218746 0.33812883710054276 89.25512996350274 180.94781939055454 3463.2004631861532 3463.2004631861532 1003.3404484413235 -3173.2335967490976 957.9425521382462
179.68672579479994 -1.165280460049596 39627757541396266 10 28-30-31-32-33-34-35-37-38-445 0.8504521414569695 1.0 1 1.1685028356829434 1.0 [-1,-1] 1.0 1.0 1.0 0.0006812235016579503 0.1321480675826358 91.1652804600496 180.31327420520006 3007.016345398151 3007.016345398151 57.262232849343576 168.106696972546 -3001.767558724982
180.0909918448555 0.9733113634716394 39627811907962739 10 28-30-31-32-33-34-35-37-38-445 0.5923834809915701 1.0 1 1.0901306399811432 1.0 [-1,-1] 1.0 1.0 1.0 0.0007756247847600315 0.11796159141779075 89.02668863652836 179.9090081551445 2248.286489597664 2248.286489597664 -1313.2223270254658 -1459.857046769254 1095.0144574878268
178.71449541924213 -0.6688130296211158 39627769604215459 10 28-30-31-32-33-34-35-37-38-445 0.8080226236863577 1.0 1 1.109681763359077 1.0 [-1,-1] 1.0 1.0 1.0 0.0007229154976227362 0.12548315978664992 90.66881302962112 181.28550458075787 2890.280206937482 2890.280206937482 734.944848736693 -979.0574970796384 -2618.209724476274
179.0415550048281 0.7398212828354039 39627805851386659 10 28-30-31-32-33-34-35-37-38-445 0.8172991789861618 1.0 1 0.9269190961977706 1.0 [-1,-1] 1.0 1.0 1.0 0.0006627118749498285 0.13533979738261318 89.26017871716459 180.9584449951719 2916.0582978382067 2916.0582978382067 874.4253841478235 -2666.610744891944 792.4414042538546
180.60054974751674 0.7514026205420489 39627805876554104 10 28-30-31-32-33-34-35-37-38-445 0.43650264814666023 1.0 1 1.2512586866594981 1.0 [-1,-1] 1.0 1.0 1.0 0.0005288673958748294 0.16397488484989944 89.24859737945795 179.39945025248326 1728.942145390567 1728.942145390567 -1569.5596153982513 -535.2800758695057 489.0795397435542
179.9677853587191 0.508482935025373 39627799824175906 10 28-30-31-32-33-34-35-37-38-445 0.9403204313393385 1.0 1 0.6275487344198256 1.0 [-1,-1] 1.0 1.0 1.0 0.0004445766401596716 0.18918261239264766 89.49151706497463 180.0322146412809 3244.678001907814 3244.678001907814 -1855.2887657408223 -2658.117156796222 142.3099171735796
178.56119754913297 -0.7891460493032494 39627769604212051 10 28-30-31-32-33-34-35-37-38-445 0.4499946123482643 1.0 1 1.3045281831381628 1.0 [-1,-1] 1.0 1.0 1.0 0.0005288673958748294 0.16397488484989944 90.78914604930326 181.43880245086703 1775.8477066190003 1775.8477066190003 396.079143370301 -386.819598361961 -1687.343174228083
179.06365130598428 -0.0462565252299553 39627787731993863 10 28-30-31-32-33-34-35-37-38-445 0.8394579898541934 1.0 1 0.5383396002514569 1.0 [-1,-1] 1.0 1.0 1.0 0.0006232532477076302 0.14268566385842998 90.04625652522995 180.93634869401572 2977.0538491548946 2977.0538491548946 754.4675171300988 -2484.938150222823 -1455.5791891651563
179.05601098706103 -0.4243597161073293 39627775652398357 10 28-30-31-32-33-34-35-37-38-445 1.0161300623837084 1.0 1 0.6899273901971027 1.0 [-1,-1] 1.0 1.0 1.0 0.00020304675497218746 0.33812883710054276 90.42435971610733 180.94398901293897 3435.531893868489 3435.531893868489 644.821537588906 -2066.865499745414 -2667.4241478271174
180.60646095470352 0.7297113017196489 39627805876554275 10 28-30-31-32-33-34-35-37-38-445 0.9498408265227551 1.0 1 1.2431361418414366 1.0 [-1,-1] 1.0 1.0 1.0 0.0004445766401596716 0.18918261239264766 89.27028869828035 179.39353904529648 3269.117850522174 3269.117850522174 -2992.0076510724484 -1000.685519071729 856.5338454765186
178.89253519011137 -0.48835033461944416 39627775648206375 10 28-30-31-32-33-34-35-37-38-445 0.959214934069989 1.0 1 0.8596396839801201 1.0 [-1,-1] 1.0 1.0 1.0 0.00041974738576830407 0.19815580287489248 90.48835033461944 181.10746480988863 3293.047834804548 3293.047834804548 856.9120651785722 -1704.2711198551308 -2684.273776068688
179.68909227596868 1.0496920362496303 39627811899576082 10 28-30-31-32-33-34-35-37-38-445 0.8557818621958829 1.0 1 1.0534656693659095 1.0 [-1,-1] 1.0 1.0 1.0 0.0006812235016579503 0.1321480675826358 88.95030796375038 180.31090772403132 3021.4704039867315 3021.4704039867315 -817.8275630764382 -2382.4373127086683 1668.662317622621
178.60036054873197 0.8478767070578681 39627805842999158 10 28-30-31-32-33-34-35-37-38-445 0.575530368297762 1.0 1 1.3107635168154232 1.0 [-1,-1] 1.0 1.0 1.0 0.0006621615122706149 0.13543705131792066 89.15212329294214 181.39963945126803 2194.4729062047704 2194.4729062047704 1399.271740427829 -1477.9437449853633 820.6291605625075
178.55530302260718 -0.7846585346398706 39627769604211920 10 28-30-31-32-33-34-35-37-38-445 0.63501659091088 1.0 1 1.30652690678807 1.0 [-1,-1] 1.0 1.0 1.0 0.000833303205902425 0.11070054926254569 90.78465853463987 181.44469697739282 2381.9789015515566 2381.9789015515566 541.6201578920798 -522.7561235126926 -2259.9108671210247
178.52056913284966 -0.1011370551328122 39627787723604537 9 28-30-31-32-33-34-35-37-445 0.8626218783025594 1.0 1 1.084157963899491 1.0 [-1,-1] 1.0 1.0 1.0 0.0006812235016579503 0.1321480675826358 90.10113705513281 181.47943086715034 3039.952699235907 3039.952699235907 1907.2914768920557 -1717.0040517089615 -1629.554761946222
178.18117806406286 -0.5043705636572435 39627775635624672 9 28-30-31-32-33-34-35-37-445 0.5867037130899442 1.0 1 1.5057866219138751 1.0 [-1,-1] 1.0 1.0 1.0 0.0006621615122706149 0.13543705131792066 90.50437056365725 181.81882193593714 2230.212054232962 2230.212054232962 1166.0904787798174 -484.176088290878 -1838.3830715257388
179.5993388536279 -0.37541670688393275 39627775660787963 9 28-30-31-32-33-34-35-37-445 0.7556850365529347 1.0 1 0.37541728904677235 1.0 [-1,-1] 1.0 1.0 1.0 0.0006416626200019751 0.139161677870846 90.37541670688394 180.4006611463721 2742.102413212277 2742.102413212277 -436.67191389204663 -1777.3415521807588 -2041.93542773863
179.92696891377096 0.8576824268004697 39627805863972710 9 28-30-31-32-33-34-35-37-445 0.7160543614764083 1.0 1 0.9178887896838427 1.0 [-1,-1] 1.0 1.0 1.0 0.0006167714992318164 0.14396928707710532 89.14231757319953 180.07303108622904 2626.730652941285 2626.730652941285 -1306.3961707176752 -2044.6950938119403 1006.1137816255792
179.36409012231766 -0.2168705079041576 39627781696391488 8 28-30-31-32-33-34-35-38 0.9762608167905419 1.0 1 0.3204465974282875 1.0 [-1,-1] 1.0 1.0 1.0 0.0003578035202613049 0.22475091060875194 90.21687050790416 180.63590987768234 3336.2236473976136 3336.2236473976136 -14.685220410934441 -2591.007551625396 -2101.6308993676053
179.00875537239395 -0.47549891973059977 39627775652397307 9 28-30-31-32-33-34-35-38-445 0.47625656760244817 1.0 1 0.7587235378183228 1.0 [-1,-1] 1.0 1.0 1.0 0.00048380039118235755 0.17655271186088778 90.4754989197306 180.99124462760605 1866.0674471887014 1866.0674471887014 376.98776332456947 -1033.8310703749603 -1507.0770589748417
179.0101492050812 -0.4586159049129325 39627775652397345 9 28-30-31-32-33-34-35-38-445 0.8600977887700402 1.0 1 0.747158000663682 1.0 [-1,-1] 1.0 1.0 1.0 0.0006812235016579503 0.1321480675826358 90.45861590491293 180.9898507949188 3033.1412302721337 3033.1412302721337 624.4467295272598 -1719.893751430365 -2419.0860853946992
179.15790644770547 -0.6514724098477962 39627769612602786 9 28-30-31-32-33-34-35-38-445 0.8622117567572998 1.0 1 0.7873084445864772 1.0 [-1,-1] 1.0 1.0 1.0 0.0006812235016579503 0.1321480675826358 90.6514724098478 180.84209355229453 3038.846653377913 3038.846653377913 265.83474141485794 -1307.9376097592512 -2730.0586224439016
178.99174594218158 -0.48974187307498745 39627775648208607 9 28-30-31-32-33-34-35-38-445 0.771133755526486 1.0 1 0.7809040214459492 1.0 [-1,-1] 1.0 1.0 1.0 0.0007324854237337303 0.12404708914385561 90.48974187307499 181.00825405781842 2786.3301120284646 2786.3301120284646 577.5257797455172 -1503.7988705911957 -2273.474966595087
180.55972090511028 1.1933112820852874 39627817956148520 7 28-30-31-32-33-34-36 0.5604050308693868 1.0 1 1.5313140918202361 1.0 [-1,-1] 1.0 1.0 1.0 0.000677088223595666 0.13284793461577618 88.80668871791471 179.44027909488972 2145.704470986474 2145.704470986474 -1492.7415976615926 -578.1172813413076 1428.8284041257705
180.57113611486253 1.1958114890610696 39627817956148752 7 28-30-31-32-33-34-36 1.0226350400237527 1.0 1 1.5404329027546473 1.0 [-1,-1] 1.0 1.0 1.0 0.00020304675497218746 0.33812883710054276 88.80418851093893 179.42886388513747 3451.5153926128332 3451.5153926128332 -2406.248406609897 -900.4552267541607 2304.8009666220128
178.65386153844466 0.5558932731940076 39627799803202881 7 28-30-31-32-33-34-36 0.7157149682644303 1.0 1 1.097345538384603 1.0 [-1,-1] 1.0 1.0 1.0 0.0006167714992318164 0.14396928707710532 89.444106726806 181.34613846155534 2625.7305759413757 2625.7305759413757 1693.6031618408938 -1992.2045473224946 239.35419207427879
180.07373769722437 -0.22168870461221404 39627781708973867 8 28-30-31-32-33-34-36-37 0.8246830233372563 1.0 1 0.5230412675622891 1.0 [-1,-1] 1.0 1.0 1.0 0.0006627118749498285 0.13533979738261318 90.22168870461222 179.92626230277563 2936.4739988709475 2936.4739988709475 -1489.8726378169326 -1714.8363182752732 -1860.7781895362098
178.30043232330303 -0.712831207931012 39627769600017547 9 28-30-31-32-33-34-36-37-38 0.585112564468087 1.0 1 1.4822001673217917 1.0 [-1,-1] 1.0 1.0 1.0 0.0006621615122706149 0.13543705131792066 90.71283120793102 181.69956767669697 2225.1374135709952 2225.1374135709952 743.1688989836987 -418.44033365355875 -2055.19930518397
178.3060508748238 -0.7191738130447716 39627769600017675 9 28-30-31-32-33-34-36-37-38 0.5839475071523565 1.0 1 1.4803470465724606 1.0 [-1,-1] 1.0 1.0 1.0 0.0006621615122706149 0.13543705131792066 90.71917381304478 181.6939491251762 2221.4185870215083 2221.4185870215083 728.2496941474233 -415.446130577209 -2057.1235826578927
179.3672494024335 0.32957509820995534 39627793775986896 9 28-30-31-32-33-34-36-37-38 0.632764758091363 1.0 1 0.40347489208696724 1.0 [-1,-1] 1.0 1.0 1.0 0.000833303205902425 0.11070054926254569 89.67042490179004 180.6327505975665 2375.0039069417408 2375.0039069417408 -20.773009048022736 -2353.291893595303 -319.7331756672402
178.19649933355043 -0.37306008465797674 39627781675421893 9 28-30-31-32-33-34-36-37-38 0.464743411784147 1.0 1 1.4522259155138753 1.0 [-1,-1] 1.0 1.0 1.0 0.0005635091211985168 0.1554616369400361 90.37306008465798 181.80350066644957 1826.6905857733273 1826.6905857733273 1121.650410516064 -486.0024323857693 -1357.3873759753187
181.0209509955221 -0.32710793799197085 39627781725749688 9 28-30-31-32-33-34-36-37-38 0.5732831402433899 1.0 1 1.4581081568240257 1.0 [-1,-1] 1.0 1.0 1.0 0.0006621615122706149 0.13543705131792066 90.32710793799197 178.9790490044779 2187.2555257554136 2187.2555257554136 -1530.3575761344048 140.77823951973272 -1556.365609808102
180.73837542353644 -0.9333096253075427 39627763597972424 9 28-30-31-32-33-34-36-37-38 0.6799174283921269 1.0 1 1.4720227028562216 1.0 [-1,-1] 1.0 1.0 1.0 0.0007209928471550773 0.12577569469930108 90.93330962530754 179.26162457646356 2519.0795113404542 2519.0795113404542 -425.45855548868917 -82.19625006648198 -2481.5298463834256
