data_rosette/LRG_18_clustering_data.ecsv
# %ECSV 1.0
# ---
# datatype:
# - {name: RA, unit: deg, datatype: float64}
# - {name: DEC, unit: deg, datatype: float64}
# - {name: TARGETID, datatype: int64}
# - {name: NTILE, datatype: int64}
# - {name: TILES, datatype: string}
# - {name: Z, datatype: float64}
# - {name: COMP_TILE, datatype: float64}
# - {name: ROSETTE_NUMBER, datatype: int32}
# - {name: ROSETTE_R, unit: deg, datatype: float64}
# - {name: FRACZ_TILELOCID, datatype: float64}
# - {name: BITWEIGHTS, datatype: string, subtype: 'int64[2]'}
# - {name: PROB_OBS, datatype: float64}
# - {name: WEIGHT_ZFAIL, datatype: float64}
# - {name: WEIGHT, datatype: float64}
# - {name: NZ, unit: h3 / Mpc3, datatype: float64}
# - {name: WEIGHT_FKP, datatype: float64}
# - {name: distance, unit: Mpc, datatype: float64}
# - {name: x, unit: Mpc, datatype: float64}
# - {name: y, unit: Mpc, datatype: float64}
# - {name: z, unit: Mpc, datatype: float64}
# meta: !!omap
# - {EXTNAME: LSS}
# - {DESIDR: edr}
# - comments: ['Visit https://desidatamodel.readthedocs.io/en/latest/ for a more complet', e description]
# schema: astropy-2.0
RA DEC TARGETID NTILE TILES Z COMP_TILE ROSETTE_NUMBER ROSETTE_R FRACZ_TILELOCID BITWEIGHTS PROB_OBS WEIGHT_ZFAIL WEIGHT NZ WEIGHT_FKP distance x y z
[from data line 4318]
266.2953908090993 61.99101468914133 39633411299606575 2 542-550 0.6068072120622606 0.75 18 1.6839030639736785 1.0 [-1,-1] 1.0 1.0 1.0 0.0006106036532175123 0.14488555312656437 2293.906588476386 -69.6033607510838 -1074.9905490925557 2025.2303889160887
266.20414502224327 62.19570992384467 39633414130763370 2 542-550 0.6073722215991314 0.75 18 1.667422828797637 1.0 [-1,-1] 1.0 1.0 1.0 0.0006106036532175123 0.14488555312656437 2295.6854892608762 -70.89072233318102 -1068.479971310451 2030.6395352199872
270.2501327219982 60.90254025598389 39633399761080228 2 542-551 0.8732378864067509 1.0 18 1.636120863071003 1.0 [-1,-1] 1.0 1.0 1.0 0.0005346154933450218 0.1621399955636538 3068.488277681456 6.514367200762753 -1492.1813212241996 2681.2259841121345
273.34918389436007 62.73620277134388 39633419784684403 1 543 0.7054276291286429 0.5454545454545454 18 1.6777302453278282 0.5 [-3420399489672409452,302462472263963055] 0.3515625 1.0 2.8043478260869565 0.0005639081233901963 0.1550231922816235 2595.3191227222214 69.45582528060808 -1186.8539297702778 2306.996962826583
272.6240236394034 61.542311999114844 39633405607938798 1 543 0.5839587372279389 0.5454545454545454 18 1.672493846238076 0.3333333333333333 [5787864955924783392,5908890121991696552] 0.2890625 1.0 3.3947368421052633 0.0005369919189708607 0.1615383650856205 2221.4544456532735 48.462117167611225 -1057.4345295003054 1953.0344321421455
272.5639251737437 63.55763692385915 39633428001325490 1 543 0.6362946283749447 0.5454545454545454 18 1.6512814627797903 1.0 [-1393053021391433021,632213015504279143] 0.4609375 1.0 2.15 0.0007982518636535506 0.11473445525619816 2385.9333363933342 47.52762930043305 -1061.3861484949405 2136.323583624256
271.97911613806156 62.47787265524296 39633416982891220 7 543-544-545-546-547-548-549 0.4579359018174139 1.0 18 1.0393646478705747 1.0 [-1,-1] 1.0 1.0 1.0 0.0005330850268982689 0.1625298359500762 1803.2792792648122 28.777490076139546 -832.782307422458 1599.2065668746066
272.73457151560876 63.13307367959277 39633425283420055 7 543-544-545-546-547-548-549 0.4144810726411938 1.0 18 1.5026905496958778 1.0 [-1,-1] 1.0 1.0 1.0 0.0005613841910631427 0.1556117057517016 1651.5659636891392 35.60894458544835 -745.5255200303372 1473.2935330291245
269.1835336840351 62.89272237234148 39633422519369786 7 543-544-545-546-547-548-549 0.473059120757693 1.0 18 0.449121946514969 1.0 [-1,-1] 1.0 1.0 1.0 0.000668512811805897 0.13401699399284683 1855.1589982564699 -12.045395285032019 -845.2321713175033 1651.378937080849
269.1783796335541 62.90383070716485 39633422515180014 7 543-544-545-546-547-548-549 0.6985184059286109 1.0 18 0.45965240435506105 1.0 [-1,-1] 1.0 1.0 1.0 0.0005639081233901963 0.1550231922816235 2574.7869864369404 -16.817035228562226 -1172.6572693979879 2292.1867597076807
269.18126250569566 62.89975996654657 39633422519369768 7 543-544-545-546-547-548-549 0.6964750081986826 1.0 18 0.45553705393410343 1.0 [-1,-1] 1.0 1.0 1.0 0.0005639081233901963 0.1550231922816235 2568.698066754534 -16.72072395045582 -1170.0474335066965 2286.683007957912
268.4839136927501 61.60969243374914 39633405574384112 8 543-544-545-546-547-548-549-550 0.6904794294267464 1.0 18 1.0813590413052077 1.0 [-1,-1] 1.0 1.0 1.0 0.0005639081233901963 0.1550231922816235 2550.788673053389 -32.088775221411055 -1212.4126855464635 2244.0028175134435
267.93738855571365 61.61360795688971 39633405570189700 8 543-544-545-546-547-548-549-550 0.8244107079917179 1.0 18 1.2355093412412244 1.0 [-1,-1] 1.0 1.0 1.0 0.000762533893525711 0.11946670068019369 2935.7226828472367 -50.23300315435372 -1394.7831335931908 2582.735821996092
267.9846381055943 62.750495132490705 39633419742741757 8 543-544-545-546-547-548-549-550 0.7952911287940359 1.0 18 0.8346868133255163 1.0 [-1,-1] 1.0 1.0 1.0 0.0008239664519383997 0.11155322342262282 2854.665510869502 -45.96578639949955 -1306.2464427224008 2537.8578676323827
268.48163881056814 61.61476877273181 39633405574384092 8 543-544-545-546-547-548-549-550 0.6886143568977573 1.0 18 1.0776408805553448 1.0 [-1,-1] 1.0 1.0 1.0 0.0008053318504768218 0.11384060807160488 2545.2041761221626 -32.06129833216693 -1209.5587361081061 2239.197185422381
269.4398782416457 63.610050015868154 39633427976161494 8 543-544-545-546-547-548-549-550 0.564952650401659 1.0 18 1.0979405283314334 1.0 [-1,-1] 1.0 1.0 1.0 0.0006724560872077301 0.13333590500666823 2160.4144624088917 -9.387291351527669 -960.2109421231434 1935.2771054227783
271.0918637646286 62.47487732139145 39633416978694304 8 543-544-545-546-547-548-549-550 0.9127765451540578 1.0 18 0.6304975773471457 1.0 [-1,-1] 1.0 1.0 1.0 0.00042618922305278896 0.1953324009783564 3173.186673591142 27.94385805708631 -1466.1822891481977 2814.0082269320847
268.69770507923613 61.82286636761103 39633408460062801 9 543-544-545-546-547-548-549-550-551 1.0156977704227437 1.0 18 0.8474596946622617 1.0 [-1,-1] 1.0 1.0 1.0 0.00020130102782971312 0.3394727840281335 3434.4675420282388 -36.85817291277726 -1621.333256642395 3027.4555724635147
267.05298870027605 62.41985156190179 39633416945142227 9 543-544-545-546-547-548-549-550-551 0.7397467213885549 1.0 18 1.2413086340089003 1.0 [-1,-1] 1.0 1.0 1.0 0.0006073340474539246 0.1455520198534496 2696.036705731453 -64.17473667501424 -1246.5844506912542 2389.6700042304547
267.19015257436087 62.32637222387548 39633414139151328 9 543-544-545-546-547-548-549-550-551 0.7538833648819782 1.0 18 1.1915455868233311 1.0 [-1,-1] 1.0 1.0 1.0 0.0007242712797402853 0.12498917450484462 2736.917435700002 -62.3120655621603 -1269.590554638882 2423.834581793029
271.2776065286036 61.26607973993866 39633402697091118 9 543-544-545-546-547-548-549-550-551 0.8975296905705172 1.0 18 1.4503942179917801 1.0 [-1,-1] 1.0 1.0 1.0 0.0005723615213970424 0.15308410280969617 3133.105683779667 33.58352227637057 -1505.8432449741695 2747.300401181063
270.0497159611021 63.254733887232966 39633425266639200 9 543-544-545-546-547-548-549-550-551 0.6382475494991512 1.0 18 0.7490400277436203 1.0 [-1,-1] 1.0 1.0 1.0 0.0007982518636535506 0.11473445525619816 2391.97001727445 0.934039400798876 -1076.4450882011477 2136.0678039795353
269.9530835786448 63.80149334637294 39633430668907153 9 543-544-545-546-547-548-549-550-551 0.5086961011932521 1.0 18 1.2854432232792816 1.0 [-1,-1] 1.0 1.0 1.0 0.0007365189099627642 0.12316671624379881 1975.5578470067364 -0.7141762579120956 -872.1738589439135 1772.6085457869845
269.96659782365754 63.80279516018485 39633430668907251 9 543-544-545-546-547-548-549-550-551 0.5069209604261443 1.0 18 1.2872325455080909 1.0 [-1,-1] 1.0 1.0 1.0 0.0007365189099627642 0.12316671624379881 1969.6216671210855 -0.5069070432052954 -869.5131297155714 1767.3019470057532
272.39798007019897 63.11198928405097 39633422540344848 9 543-544-545-546-547-548-549-550-551 0.8209056290014696 1.0 18 1.3548833640416345 1.0 [-1,-1] 1.0 1.0 1.0 0.000762533893525711 0.11946670068019369 2926.0411793345866 55.36729611652727 -1322.1377272838647 2609.7132554698687
270.07684046964295 63.241195927533255 39633425266639446 9 543-544-545-546-547-548-549-550-551 0.6026172620719041 1.0 18 0.7383203193214668 1.0 [-1,-1] 1.0 1.0 1.0 0.0006106036532175123 0.14488555312656437 2280.6956552529273 1.377128492601686 -1026.8495694330327 2036.45543461228
270.011707913969 63.10026108602302 39633422523566090 9 543-544-545-546-547-548-549-550-551 0.4289920779259443 1.0 18 0.594366020806753 1.0 [-1,-1] 1.0 1.0 1.0 0.0005613841910631427 0.1556117057517016 1702.6667689899502 0.15741226260927357 -770.3386093754305 1518.4375286292104
271.19002629724736 61.53155487432814 39633405595356868 9 543-544-545-546-547-548-549-550-551 1.0146197870419618 1.0 18 1.2024570331437945 1.0 [-1,-1] 1.0 1.0 1.0 0.00020130102782971312 0.3394727840281335 3431.8122499798305 33.974127705938294 -1635.5052129526457 3016.8367168547534
270.0297416157221 63.79385588508018 39633430673096969 9 543-544-545-546-547-548-549-550-551 0.44456102648991 1.0 18 1.2810223376773684 1.0 [-1,-1] 1.0 1.0 1.0 0.0006285113834356281 0.1413409039925048 1757.003099975155 0.40275925803850005 -775.8960975209294 1576.4025428040507
270.1408988034277 63.249722510520186 39633425266639923 9 543-544-545-546-547-548-549-550-551 0.871923697041822 1.0 18 0.7533674638814453 1.0 [-1,-1] 1.0 1.0 1.0 0.0005346154933450218 0.1621399955636538 3064.9656084324947 3.3925130124306344 -1379.545326159882 2736.9430693384647
270.1320016028173 63.25071791934786 39633425266639854 9 543-544-545-546-547-548-549-550-551 0.8714059734073694 1.0 18 0.7533345367329363 1.0 [-1,-1] 1.0 1.0 1.0 0.0005346154933450218 0.1621399955636538 3063.5770944168203 3.176740311835669 -1378.8733361000595 2735.7271144521505
268.74999235784253 61.91504779485616 39633411316386486 9 543-544-545-546-547-548-549-550-551 0.6386387229556436 1.0 18 0.7580264386769281 1.0 [-1,-1] 1.0 1.0 1.0 0.0007982518636535506 0.11473445525619816 2393.178311856114 -24.578129066218505 -1126.3928195448323 2111.382855852516
268.67837746702264 62.202944962778815 39633414151733380 9 543-544-545-546-547-548-549-550-551 0.5886233048522654 1.0 18 0.5818061558247589 1.0 [-1,-1] 1.0 1.0 1.0 0.0005369919189708607 0.1615383650856205 2236.327662185299 -24.05389912498511 -1042.614231021924 1978.2665108277527
271.008923957032 62.34246576337805 39633414168512052 9 543-544-545-546-547-548-549-550-551 1.039520552752936 1.0 18 0.6179418725001686 1.0 [-1,-1] 1.0 1.0 1.0 0.00017557006270178804 0.37077784677498654 3492.7224214228595 28.547572242003557 -1621.0204241979611 3093.636651832615
269.8430012590052 63.796823572013835 39633430668906186 9 543-544-545-546-547-548-549-550-551 0.7224010640453947 1.0 18 1.277842088307016 1.0 [-1,-1] 1.0 1.0 1.0 0.0005823912580269674 0.15084542533972659 2645.394283823815 -3.2007282064222258 -1168.0842626540275 2373.5374080824304
271.4351185562391 61.714676632105494 39633408481035203 9 543-544-545-546-547-548-549-550-551 0.7594607706553979 1.0 18 1.133254022570673 1.0 [-1,-1] 1.0 1.0 1.0 0.0007242712797402853 0.12498917450484462 2752.9501278171265 32.67161193303269 -1304.1110615996397 2424.2444825214084
269.77256801191004 63.84210573869357 39633430668905539 9 543-544-545-546-547-548-549-550-551 0.48914535944974424 1.0 18 1.3222451466914529 1.0 [-1,-1] 1.0 1.0 1.0 0.000668512811805897 0.13401699399284683 1909.8266131561898 -3.342019411528931 -841.9334643252396 1714.2271042295406
269.2828152374898 61.59374108072072 39633405582770793 9 543-544-545-546-547-548-549-550-551 0.9612447347967337 1.0 18 0.9496603807421873 1.0 [-1,-1] 1.0 1.0 1.0 0.0003767415448896098 0.21544643941305056 3298.211995188535 -19.639359927850258 -1568.903476175716 2901.0960934086474
269.90996762588395 63.00580706478515 39633422523565423 9 543-544-545-546-547-548-549-550-551 0.645540517760425 1.0 18 0.492739515948215 1.0 [-1,-1] 1.0 1.0 1.0 0.0007982518636535506 0.11473445525619816 2414.449963254134 -1.7220845369464823 -1095.9179483022153 2151.401754687348
270.8387326560595 62.25464686602933 39633414168510765 9 543-544-545-546-547-548-549-550-551 0.49705413211149474 1.0 18 0.5783440913327802 1.0 [-1,-1] 1.0 1.0 1.0 0.0007365189099627642 0.12316671624379881 1936.5100694188804 13.1966813566221 -901.4316181136301 1713.8605936385059
272.23895247077724 63.111185231528864 39633422540343705 9 543-544-545-546-547-548-549-550-551 1.0441109299651268 1.0 18 1.2895859934912934 1.0 [-1,-1] 1.0 1.0 1.0 0.00017557006270178804 0.37077784677498654 3503.85462415846 61.90796736499764 -1583.4456657025567 3125.038312498127
269.7700165468975 63.841922677261316 39633430668905516 9 543-544-545-546-547-548-549-550-551 0.7265471931473789 1.0 18 1.3220458928865324 1.0 [-1,-1] 1.0 1.0 1.0 0.0005823912580269674 0.15084542533972659 2657.547909758148 -4.702664237808308 -1171.5684871010412 2385.364973676092
269.4962934460939 63.81960401656443 39633430668902948 9 543-544-545-546-547-548-549-550-551 0.6796664966577448 1.0 18 1.3038754436420539 1.0 [-1,-1] 1.0 1.0 1.0 0.0008053318504768218 0.11384060807160488 2518.323683819386 -9.76776658176456 -1111.0385162509338 2259.9672968051045
271.23386389813174 62.3236693622068 39633414168513846 9 543-544-545-546-547-548-549-550-551 0.750462021497003 1.0 18 0.7233596264880041 1.0 [-1,-1] 1.0 1.0 1.0 0.0007242712797402853 0.12498917450484462 2727.055642671883 27.27523877692629 -1266.3588609900862 2415.0411538460603
267.26477323005696 61.710607911673314 39633408447480977 9 543-544-545-546-547-548-549-550-551 0.8798605837614545 1.0 18 1.408559117794857 1.0 [-1,-1] 1.0 1.0 1.0 0.0005346154933450218 0.1621399955636538 3086.198203616553 -69.79741506993072 -1460.9607240387688 2717.598468440787
271.7589788229542 63.16794567371599 39633425279222624 8 543-544-545-546-547-548-549-551 0.9692434509651688 1.0 18 1.1301461977604248 1.0 [-1,-1] 1.0 1.0 1.0 0.0003767415448896098 0.21544643941305056 3318.5018747131576 45.978106996887874 -1497.1890391293134 2961.2101727609215
268.15007238246716 62.6668623204656 39633419742743086 8 543-544-545-546-547-548-549-551 0.4012495901429774 1.0 18 0.7419037819080474 1.0 [-1,-1] 1.0 1.0 1.0 0.00024055914515870672 0.3007331513712552 1604.5847946807755 -23.78409323488218 -736.3826459868575 1425.4358206945465
268.52194114179497 62.11483125491186 39633411316384706 8 543-544-545-546-547-548-549-551 0.7719679665378134 1.0 18 0.6921832375337653 1.0 [-1,-1] 1.0 1.0 1.0 0.0007064174578981374 0.12774458208408304 2788.706589205123 -33.64279558714561 -1303.8469844765712 2464.90073716012
267.76112360331757 63.2542165546372 39633425245671630 8 543-544-545-546-547-548-549-551 0.5505209967085327 1.0 18 1.159323968191153 1.0 [-1,-1] 1.0 1.0 1.0 0.0006724560872077301 0.13333590500666823 2113.5925298478755 -37.15885444847008 -950.4597038689989 1887.4636296061642
270.02054772409343 61.7346092229407 39633408468453693 8 543-544-545-546-547-548-549-551 0.7367059908604169 1.0 18 0.7970483108398099 1.0 [-1,-1] 1.0 1.0 1.0 0.0006073340474539246 0.1455520198534496 2687.1975046003586 0.4563649340076416 -1272.5391579407005 2366.7856497724956
267.67204067132855 63.59271720141921 39633427963577836 8 543-544-545-546-547-548-550-551 0.6442172998997686 1.0 18 1.4212195232009661 1.0 [-1,-1] 1.0 1.0 1.0 0.0007982518636535506 0.11473445525619816 2410.378670255533 -43.544523374802914 -1071.128831001892 2158.868276644829
268.2934574022646 63.161720581857985 39633425249865150 8 543-544-545-546-547-548-550-551 0.5875515713886771 1.0 18 0.9174489969898 1.0 [-1,-1] 1.0 1.0 1.0 0.0005369919189708607 0.1615383650856205 2232.914118063983 -30.021669337059127 -1007.6550458939439 1992.3944053585742
267.7732459240114 61.425639148374025 39633405570188329 8 543-544-545-546-547-548-550-551 1.0459688583898523 1.0 18 1.4292201885754103 1.0 [-1,-1] 1.0 1.0 1.0 0.00017557006270178804 0.37077784677498654 3508.351855964638 -65.19928542775328 -1676.7737979995825 3081.0244122324457
270.12471718102574 63.25178724110417 39633425266639804 8 543-544-545-546-547-548-550-551 0.8733026160089534 1.0 18 0.7535716607761445 1.0 [-1,-1] 1.0 1.0 1.0 0.0005346154933450218 0.1621399955636538 3068.661712958479 3.0063044255453866 -1381.1111031609637 2740.293376891692
271.2763432172846 62.876669116083086 39633422531956628 8 543-544-545-546-547-548-550-551 0.48880922696487256 1.0 18 0.7938716225838136 1.0 [-1,-1] 1.0 1.0 1.0 0.000668512811805897 0.13401699399284683 1908.689710585686 19.382994080049603 -869.969795606608 1698.785820981668
270.8634673821712 62.25305423612112 39633414168510953 8 543-544-545-546-547-548-550-551 0.46158136061522387 1.0 18 0.5892856870370367 1.0 [-1,-1] 1.0 1.0 1.0 0.0005330850268982689 0.1625298359500762 1815.8280655966942 12.73984369048614 -845.294251064685 1607.0304568701763
270.1292973647982 63.25352412862775 39633425266639836 8 543-544-545-546-547-548-550-551 0.8703019540654445 1.0 18 0.7557569942114893 1.0 [-1,-1] 1.0 1.0 1.0 0.0005346154933450218 0.1621399955636538 3060.6147195750887 3.1083494916424703 -1377.4062996698024 2733.1492248820005
