data_rosette/LRG_8_clustering_data.ecsv
# %ECSV 1.0
# ---
# datatype:
# - {name: RA, unit: deg, datatype: float64}
# - {name: DEC, unit: deg, datatype: float64}
# - {name: TARGETID, datatype: int64}
# - {name: NTILE, datatype: int64}
# - {name: TILES, datatype: string}
# - {name: Z, datatype: float64}
# - {name: COMP_TILE, datatype: float64}
# - {name: ROSETTE_NUMBER, datatype: int32}
# - {name: ROSETTE_R, unit: deg, datatype: float64}
# - {name: FRACZ_TILELOCID, datatype: float64}
# - {name: BITWEIGHTS, datatype: string, subtype: 'int64[2]'}
# - {name: PROB_OBS, datatype: float64}
# - {name: WEIGHT_ZFAIL, datatype: float64}
# - {name: WEIGHT, datatype: float64}
# - {name: NZ, unit: h3 / Mpc3, datatype: float64}
# - {name: WEIGHT_FKP, datatype: float64}
# - {name: theta, unit: deg, datatype: float64}
# - {name: phi, unit: deg, datatype: float64}
# - {name: rho, unit: Mpc, datatype: float64}
# - {name: r, unit: Mpc, datatype: float64}
# - {name: x, unit: Mpc, datatype: float64}
# - {name: y, unit: Mpc, datatype: float64}
# - {name: z, unit: Mpc, datatype: float64}
# meta: !!omap
# - {EXTNAME: LSS}
# - {DESIDR: edr}
# - comments: ['Visit https://desidatamodel.readthedocs.io/en/latest/ for a more complet', e description]
# schema: astropy-2.0
RA DEC TARGETID NTILE TILES Z COMP_TILE ROSETTE_NUMBER ROSETTE_R FRACZ_TILELOCID BITWEIGHTS PROB_OBS WEIGHT_ZFAIL WEIGHT NZ WEIGHT_FKP theta phi rho r x y z
[from data line 782]
217.4870992528883 -0.25273430498174815 39627782333929317 11 217-218-219-220-221-222-223-225-226-227-466 0.8865258499466608 1.0 8 1.236816779940076 1.0 [-1,-1] 1.0 1.0 1.0 0.0005690156306133545 0.15418916366201427 90.25273430498174 -217.4870992528883 3103.951216664775 3103.951216664775 -1762.7732372311136 1537.3797013597853 -2040.491931712394
216.98095185827142 -1.5732379749981562 39627752126551665 11 217-218-219-220-221-222-223-225-226-227-466 0.5355382666951305 1.0 8 1.1877329963766627 1.0 [-1,-1] 1.0 1.0 1.0 0.0007045118177349687 0.128340413101622 91.57323797499815 -216.98095185827142 2064.546752187656 2064.546752187656 908.9451750724164 -194.7410987215015 -1843.433715963206
216.99443178034878 -0.778715396024181 39627770245944709 11 217-218-219-220-221-222-223-225-226-227-466 0.8013686761004463 1.0 8 0.7170108047147968 1.0 [-1,-1] 1.0 1.0 1.0 0.0007229154976227362 0.12548315978664992 90.77871539602418 -216.99443178034878 2871.7008262969844 2871.7008262969844 -900.4952486710358 205.6640544295892 -2719.0947463432117
216.98919706369333 -0.758038465974627 39627770245944589 11 217-218-219-220-221-222-223-225-226-227-466 0.6143276888638604 1.0 8 0.7070372961463909 1.0 [-1,-1] 1.0 1.0 1.0 0.0007214233604467519 0.12571007283523317 90.75803846597462 -216.98919706369333 2317.534324490274 2317.534324490274 -771.708624944128 172.00512872273129 -2178.4961278529986
216.85859199047934 0.17439024406522727 39627794405133031 11 217-218-219-220-221-222-223-225-226-227-466 0.8285845130038745 1.0 8 0.9548278418317564 1.0 [-1,-1] 1.0 1.0 1.0 0.0006627118749498285 0.13533979738261318 89.82560975593478 -216.85859199047934 2947.2246553595846 2947.2246553595846 -2812.873711701742 250.1551594847577 -843.384282139431
216.10165886033147 -0.029446720477549055 39627788352752049 10 217-218-219-220-221-222-223-225-226-466 0.6201928838650748 1.0 8 0.6040436576954212 1.0 [-1,-1] 1.0 1.0 1.0 0.0007214233604467519 0.12571007283523317 90.02944672047755 -216.10165886033147 2335.8865665629633 2335.8865665629633 -1614.2237551436103 -1274.2425883732906 -1107.6793516876205
215.75943775131907 -1.3956140999657292 39627752109768924 10 217-218-219-220-221-222-223-225-226-466 0.805290878369484 1.0 8 0.9618295219440895 1.0 [-1,-1] 1.0 1.0 1.0 0.0007229154976227362 0.12548315978664992 91.39561409996573 -215.75943775131907 2882.661566035077 2882.661566035077 437.2556768296262 696.9054857408938 -2762.764543228452
217.02611248262355 0.31071539908412577 39627794409325156 10 217-218-219-220-221-222-223-225-226-466 0.5394682470829797 1.0 8 1.1647434973344193 1.0 [-1,-1] 1.0 1.0 1.0 0.0007045118177349687 0.128340413101622 89.68928460091587 -217.02611248262355 2077.4546533815974 2077.4546533815974 -1985.8855966871465 520.2572051372687 -318.4472864229599
217.46050310177952 -1.1792246277749738 39627758174736872 10 217-218-219-220-221-222-223-225-226-466 0.790203823959128 1.0 8 1.2968933969529777 1.0 [-1,-1] 1.0 1.0 1.0 0.0007229154976227362 0.12548315978664992 91.17922462777497 -217.46050310177952 2840.3576443545667 2840.3576443545667 159.77466475228007 -132.0317352311003 -2832.7850651326485
217.3901182550246 -0.39709153096481553 39627776294128472 10 217-218-219-220-221-222-223-225-226-466 0.7940706145873058 1.0 8 1.1088004514533314 1.0 [-1,-1] 1.0 1.0 1.0 0.0007229154976227362 0.12548315978664992 90.39709153096481 -217.3901182550246 2851.236868621383 2851.236868621383 -1510.7841079264897 1079.0759985561517 -2163.949641179913
215.3649210982251 -1.3487718375622542 39627758141180154 10 217-218-219-220-221-222-223-225-226-466 0.5474070458902346 1.0 8 1.1978173922632869 1.0 [-1,-1] 1.0 1.0 1.0 0.0007045118177349687 0.128340413101622 91.34877183756225 -215.3649210982251 2103.4357232820194 2103.4357232820194 83.40289789190376 498.3408123261249 -2041.8477498022037
216.64442099712616 -0.07051570238279313 39627788361141594 10 217-218-219-220-221-222-223-225-226-466 0.4550539487906209 1.0 8 0.631644313582645 1.0 [-1,-1] 1.0 1.0 1.0 0.0005635091211985168 0.1554616369400361 90.07051570238279 -216.64442099712616 1793.339260430259 1793.339260430259 -1530.511984268543 -193.05070017408735 -914.5109054424721
215.75743432835267 -1.400182124305191 39627752109768885 10 217-218-219-220-221-222-223-225-226-466 0.7971959451403163 1.0 8 0.9667339199835789 1.0 [-1,-1] 1.0 1.0 1.0 0.0007229154976227362 0.12548315978664992 91.40018212430519 -215.75743432835267 2860.011428468494 2860.011428468494 439.0628167033412 702.9098224010265 -2737.299215564693
215.64493116943993 -0.8823160463676725 39627764185173608 10 217-218-219-220-221-222-223-225-226-466 0.5632582143269705 1.0 8 0.7132635230241257 1.0 [-1,-1] 1.0 1.0 1.0 0.000677088223595666 0.13284793461577618 90.88231604636768 -215.64493116943993 2154.93829232794 2154.93829232794 -206.29487610819328 -431.64449001753746 -2101.1626548342856
217.1526687049729 0.26378198093736677 39627794409328410 10 217-218-219-220-221-222-223-225-226-466 0.5371052967345494 1.0 8 1.2137311075501322 1.0 [-1,-1] 1.0 1.0 1.0 0.0007045118177349687 0.128340413101622 89.73621801906263 -217.1526687049729 2069.697302519853 2069.697302519853 -1881.329735185669 757.4886391952347 -412.86355258647967
217.65874001510326 -0.6515556553760852 39627770258525530 10 217-218-219-220-221-222-223-225-226-466 1.0561326921239333 1.0 8 1.3596367391623874 1.0 [-1,-1] 1.0 1.0 1.0 0.0001568149373683449 0.39812733398474315 90.65155565537609 -217.65874001510326 3532.868111136792 3532.868111136792 -977.854374093932 1204.4163319261195 -3174.009957946295
217.14480645721466 0.2765332824852643 39627794409328203 10 217-218-219-220-221-222-223-225-226-466 0.7269318036594321 1.0 8 1.217369680376273 1.0 [-1,-1] 1.0 1.0 1.0 0.0006167714992318164 0.14396928707710532 89.72346671751474 -217.14480645721466 2658.6737745911933 2658.6737745911933 -2430.373464997541 956.4163988997351 -497.09026569677854
217.37711540419954 0.19476473476609557 39627794413521701 9 217-218-219-220-221-222-223-225-227 0.9252067444258134 1.0 8 1.338579644643338 1.0 [-1,-1] 1.0 1.0 1.0 0.0004951280553168204 0.17321314004730964 89.8052352652339 -217.37711540419954 3205.5948132224185 3205.5948132224185 -2537.284323654107 1762.8856126077817 -854.5529148964848
216.01170219849274 0.1492931420987519 39627794392547706 9 217-218-219-220-221-222-223-225-227 0.5433467135796453 1.0 8 0.8028408091078758 1.0 [-9150135783129090,-36028934457950209] 0.9375 1.0 1.0661157024793388 0.0007045118177349687 0.128340413101622 89.85070685790124 -216.01170219849274 2090.163229555812 2090.163229555812 -1442.8065674531829 -1366.3580201198756 -648.1954149446292
217.30563656719946 0.4791200592205372 39627800453318004 9 217-218-219-220-221-222-223-225-227 0.7409443800296208 1.0 8 1.4750505031920111 1.0 [-1,-1] 1.0 1.0 1.0 0.0007126833197713517 0.12705585074725267 89.52087994077947 -217.30563656719946 2699.5137425837597 2699.5137425837597 -2321.0387107902848 1377.9039978786298 39.17042304645701
215.31663107168814 0.2895734609880302 39627794379966721 9 217-218-219-220-221-222-223-225-227 0.5954999198661716 1.0 8 1.3260199354168731 1.0 [-1,-1] 1.0 1.0 1.0 0.0007756247847600315 0.11796159141779075 89.71042653901198 -215.31663107168814 2258.177264879411 2258.177264879411 -260.7565157470112 -2208.331378984981 -393.2468940805861
215.16869548690528 -0.44362564567525764 39627776256381388 9 217-218-219-220-221-222-223-225-227 0.6698620566381375 1.0 8 1.1420139619354766 1.0 [-1,-1] 1.0 1.0 1.0 0.000700708733790897 0.12894715825466588 90.44362564567525 -215.16869548690528 2488.7013028506185 2488.7013028506185 46.53401605910714 -1530.1879687970284 -1962.1400409523785
217.70994811571842 -0.7955051816012442 39627770258526669 9 217-218-219-220-221-222-223-225-227 0.5566581964284552 1.0 8 1.4233338366604713 1.0 [-1,-1] 1.0 1.0 1.0 0.000677088223595666 0.13284793461577618 90.79550518160124 -217.70994811571842 2133.554172836236 2133.554172836236 -384.6568612585822 526.7462820352802 -2031.411051923175
217.74877522611155 -0.7870022905041957 39627770258527622 9 217-218-219-220-221-222-223-225-227 0.5045305424867566 1.0 8 1.4606882429269878 1.0 [-1,-1] 1.0 1.0 1.0 0.0005337442823398631 0.16272042362546515 90.78700229050419 -217.74877522611155 1961.6178917485183 1961.6178917485183 -343.44146387334393 510.82157924321206 -1862.5396716043142
216.7417056293183 -0.9034076408334566 39627764201951894 10 217-218-219-220-221-222-223-225-227-466 0.565089077035187 1.0 8 0.535841415514985 1.0 [-1,-1] 1.0 1.0 1.0 0.000677088223595666 0.13284793461577618 90.90340764083345 -216.7417056293183 2160.8551281631962 2160.8551281631962 -435.0070848758683 -12.264996937439685 -2116.580565645236
217.46736901583995 -1.1564977516506736 39627758174737026 10 217-218-219-220-221-222-223-225-227-466 0.6741361958593419 1.0 8 1.293100643253492 1.0 [-1,-1] 1.0 1.0 1.0 0.0007209928471550773 0.12577569469930108 91.15649775165068 -217.46736901583995 2501.6366027143563 2501.6366027143563 96.4261843848982 -80.80347763286908 -2498.471228773233
215.395224526094 -0.8374395491276524 39627770220777211 10 217-218-219-220-221-222-223-225-227-466 0.7740504547498974 1.0 8 0.9353428345007996 1.0 [-1,-1] 1.0 1.0 1.0 0.0007324854237337303 0.12404708914385561 90.83743954912765 -215.395224526094 2794.633886433991 2794.633886433991 -144.60387602043582 -727.8163569726653 -2694.318397808258
215.81212233251557 -0.9658356985331755 39627764189365826 10 217-218-219-220-221-222-223-225-227-466 0.9588948441970587 1.0 8 0.6097664525911856 1.0 [-1,-1] 1.0 1.0 1.0 0.00041974738576830407 0.19815580287489248 90.96583569853317 -215.81212233251557 3292.2329052134087 3292.2329052134087 -264.97703258547386 -376.69178942650393 -3259.8601151200915
216.98370295850376 -1.4191695944673455 39627752126551717 10 217-218-219-220-221-222-223-225-227-466 0.7688552383512731 1.0 8 1.0669280526906115 1.0 [-1,-1] 1.0 1.0 1.0 0.0006416626200019751 0.139161677870846 91.41916959446735 -216.98370295850376 2779.8330127130844 2779.8330127130844 836.4150424994637 -181.60966256148893 -2644.7872099120614
216.054624637712 -0.021098162740160596 39627788352750961 10 217-218-219-220-221-222-223-225-227-466 0.8732926115429491 1.0 8 0.6287560135572638 1.0 [-1,-1] 1.0 1.0 1.0 0.0005690156306133545 0.15418916366201427 90.02109816274016 -216.054624637712 3068.634907620139 3068.634907620139 -2048.6426306006556 -1779.7197010645843 -1432.5436656496977
215.86145843125257 -0.6999823309397183 39627770229164944 10 217-218-219-220-221-222-223-225-227-466 0.9228079645245981 1.0 8 0.4497670232850482 1.0 [-1,-1] 1.0 1.0 1.0 0.0004951280553168204 0.17321314004730964 90.69998233093972 -215.86145843125257 3199.3593474189956 3199.3593474189956 -777.4273628198349 -996.8345961835792 -2939.0181553212324
215.39659233648743 -0.8370729902915489 39627770220777242 10 217-218-219-220-221-222-223-225-227-466 0.6577862999635999 1.0 8 0.9339269197303239 1.0 [-1,-1] 1.0 1.0 1.0 0.000700708733790897 0.12894715825466588 90.83707299029155 -215.39659233648743 2451.972644119354 2451.972644119354 -127.91676477161732 -639.2513874169643 -2363.718429188533
216.0305606826708 -0.03459641025673509 39627788352750402 10 217-218-219-220-221-222-223-225-227-466 0.5406837783474134 1.0 8 0.6263193669546443 1.0 [-1,-1] 1.0 1.0 1.0 0.0007045118177349687 0.128340413101622 90.03459641025674 -216.0305606826708 2081.440803621979 2081.440803621979 -1350.3205177831037 -1231.3115131967688 -996.4448181939447
217.61858922639027 -0.5138860303026466 39627776298322569 10 217-218-219-220-221-222-223-225-227-466 0.5500773685977591 1.0 8 1.3213358960838908 1.0 [-1,-1] 1.0 1.0 1.0 0.000677088223595666 0.13284793461577618 90.51388603030264 -217.61858922639027 2112.146715757598 2112.146715757598 -779.374368996727 884.8577941178767 -1752.3601302316274
215.81253457873638 -0.4132331870883719 39627776268961568 10 217-218-219-220-221-222-223-225-227-466 0.7721257873813502 1.0 8 0.5220015241062178 1.0 [-1,-1] 1.0 1.0 1.0 0.0007324854237337303 0.12404708914385561 90.41323318708837 -215.81253457873638 2789.1560497853534 2789.1560497853534 -1025.7198341990656 -1456.8883606585225 -2145.8719897427713
215.36629052212155 -0.8252457040160975 39627770220776518 10 217-218-219-220-221-222-223-225-227-466 0.8771628286741362 1.0 8 0.960423361086067 1.0 [-1,-1] 1.0 1.0 1.0 0.0005690156306133545 0.15418916366201427 90.8252457040161 -215.36629052212155 3078.9925444612136 3078.9925444612136 -142.06622374901988 -841.7778053350158 -2958.280311830303
216.09865719175343 0.5599544681001516 39627800432347475 10 217-218-219-220-221-222-223-225-227-466 0.7924881569755132 1.0 8 1.1772985623565357 1.0 [-1,-1] 1.0 1.0 1.0 0.0007229154976227362 0.12548315978664992 89.44004553189986 -216.09865719175343 2846.787694860262 2846.787694860262 -2219.0625676290906 -1762.5299221440741 271.0161878965834
215.8864806556263 -0.046870581620412514 39627788348559081 10 217-218-219-220-221-222-223-225-227-466 0.5087519902714824 1.0 8 0.6906110515159772 1.0 [-1,-1] 1.0 1.0 1.0 0.0005337442823398631 0.16272042362546515 90.04687058162041 -215.8864806556263 1975.7446400923811 1975.7446400923811 -1093.2041847967123 -1331.637288425775 -967.0644369796553
216.70665927902294 -1.2282905076470008 39627758162153875 10 217-218-219-220-221-222-223-225-227-466 0.7201331331921091 1.0 8 0.7483829100682503 1.0 [-1,-1] 1.0 1.0 1.0 0.0006167714992318164 0.14396928707710532 91.228290507647 -216.70665927902294 2638.733287291052 2638.733287291052 320.7563380595943 20.309724923130222 -2619.086911144032
215.38859558515924 -0.8433335197666272 39627770220777048 10 217-218-219-220-221-222-223-225-227-466 0.6317114852960427 1.0 8 0.9432582807583294 1.0 [-1,-1] 1.0 1.0 1.0 0.000833303205902425 0.11070054926254569 90.84333351976663 -215.38859558515924 2371.7381360799063 2371.7381360799063 -116.08388222990955 -605.2334861448368 -2290.274818809129
215.15866605951146 -0.4301039427692981 39627776256381102 9 217-218-219-220-221-222-223-225-466 0.8928557081926022 1.0 8 1.1538637762315793 1.0 [-1,-1] 1.0 1.0 1.0 0.0005275616701708153 0.16431404058018498 90.43010394276929 -215.15866605951146 3120.745474364025 3120.745474364025 78.93089637303262 -1951.1871308704115 -2434.27422647634
216.68540725049098 0.17829786607696899 39627794400940329 9 217-218-219-220-221-222-223-225-466 0.528941402382049 1.0 8 0.8684941112840285 1.0 [-1,-1] 1.0 1.0 1.0 0.0006865842838717192 0.13125169390769817 89.82170213392303 -216.68540725049098 2042.8102924948582 2042.8102924948582 -1952.6620507810596 -165.36594792518594 -576.9219269790666
216.56374619055146 -1.6685118700451633 39627746082555455 9 217-218-219-220-221-222-223-225-466 0.7030736518464338 1.0 8 1.1005682140804447 1.0 [-1,-1] 1.0 1.0 1.0 0.0005843703162771602 0.15074849413407446 91.66851187004517 -216.56374619055146 2588.333499327589 2588.333499327589 1350.7632645942108 282.46836151162415 -2189.7763656385396
215.53864416745103 0.5972449272729994 39627800423957456 9 217-218-219-220-221-222-223-225-466 0.5690577198009524 1.0 8 1.4188153605130696 1.0 [-1,-1] 1.0 1.0 1.0 0.000677088223595666 0.13284793461577618 89.402755072727 -215.53864416745103 2173.658092172693 2173.658092172693 -717.6006701060523 -2031.5525243652148 287.4597722751836
215.1527122138819 -0.4349771447754761 39627776256380952 9 217-218-219-220-221-222-223-225-466 0.8233399144852505 1.0 8 1.1590485415680074 1.0 [-1,-1] 1.0 1.0 1.0 0.0006627118749498285 0.13533979738261318 90.43497714477547 -215.1527122138819 2932.767175514959 2932.767175514959 84.57449654649037 -1822.0252278267985 -2296.5614578048203
216.3587981246011 0.054127336037031584 39627788356946258 9 217-218-219-220-221-222-223-225-466 0.6795324143076712 1.0 8 0.6567645508121911 1.0 [-1,-1] 1.0 1.0 1.0 0.0007209928471550773 0.12577569469930108 89.94587266396297 -216.3587981246011 2517.919769151821 2517.919769151821 -2116.396101969344 -922.6082631145903 -1004.779327159554
