data_rosette/LRG_15_clustering_data.ecsv
# %ECSV 1.0
# ---
# datatype:
# - {name: RA, unit: deg, datatype: float64}
# - {name: DEC, unit: deg, datatype: float64}
# - {name: TARGETID, datatype: int64}
# - {name: NTILE, datatype: int64}
# - {name: TILES, datatype: string}
# - {name: Z, datatype: float64}
# - {name: COMP_TILE, datatype: float64}
# - {name: ROSETTE_NUMBER, datatype: int32}
# - {name: ROSETTE_R, unit: deg, datatype: float64}
# - {name: FRACZ_TILELOCID, datatype: float64}
# - {name: BITWEIGHTS, datatype: string, subtype: 'int64[2]'}
# - {name: PROB_OBS, datatype: float64}
# - {name: WEIGHT_ZFAIL, datatype: float64}
# - {name: WEIGHT, datatype: float64}
# - {name: NZ, unit: h3 / Mpc3, datatype: float64}
# - {name: WEIGHT_FKP, datatype: float64}
# - {name: theta, unit: deg, datatype: float64}
# - {name: phi, unit: deg, datatype: float64}
# - {name: rho, unit: Mpc, datatype: float64}
# - {name: r, unit: Mpc, datatype: float64}
# - {name: x, unit: Mpc, datatype: float64}
# - {name: y, unit: Mpc, datatype: float64}
# - {name: z, unit: Mpc, datatype: float64}
# meta: !!omap
# - {EXTNAME: LSS}
# - {DESIDR: edr}
# - comments: ['Visit https://desidatamodel.readthedocs.io/en/latest/ for a more complet', e description]
# schema: astropy-2.0
RA DEC TARGETID NTILE TILES Z COMP_TILE ROSETTE_NUMBER ROSETTE_R FRACZ_TILELOCID BITWEIGHTS PROB_OBS WEIGHT_ZFAIL WEIGHT NZ WEIGHT_FKP theta phi rho r x y z
[from data line 2287]
267.5101630658111 66.50976523952251 39633458720409782 10 406-407-410-412-413-414-415-416-439-440 0.7479742651147883 0.8333333333333334 15 1.0188502004581437 1.0 [-1,-1] 1.0 1.0 1.0 0.0006073340474539246 0.1455520198534496 23.49023476047749 -267.5101630658111 2719.8719875306806 2719.8719875306806 2412.8095544373987 -1240.1924470491808 -194.8752853798077
270.3033078402518 66.68029444683606 39633461144717124 10 406-407-410-412-413-414-415-416-439-440 0.6161687207405471 0.8333333333333334 15 0.6991920805805274 1.0 [-1,-1] 1.0 1.0 1.0 0.0007056687116799521 0.12786279395313782 23.319705553163942 -270.3033078402518 2323.3019878143 2323.3019878143 -2237.4924661837867 284.19767814577216 -557.3071595531732
267.51992744376497 66.51356746276734 39633458720409854 10 406-407-410-412-413-414-415-416-439-440 0.7450171062438772 0.8333333333333334 15 1.0171863874352254 1.0 [-1,-1] 1.0 1.0 1.0 0.0006073340474539246 0.1455520198534496 23.48643253723266 -267.51992744376497 2711.318765564542 2711.318765564542 2392.364964803326 -1259.3654156929633 -204.54357345196982
273.07183685103513 65.72367148152256 39633451392958848 9 406-407-410-412-413-414-415-416-440 0.8415612039651079 1.0 15 1.3976621312207516 1.0 [-1,-1] 1.0 1.0 1.0 0.0006366829495309179 0.1397804201853648 24.27632851847744 -273.07183685103513 2982.80109720941 2982.80109720941 2185.2568363963596 550.3683933067535 1954.1877023831605
267.4969789119833 65.03811606067117 39633443767716921 9 406-407-410-412-413-414-415-416-440 0.8912926907817071 1.0 15 1.3488087914447253 1.0 [-1,-1] 1.0 1.0 1.0 0.0005723615213970424 0.15308410280969617 24.96188393932883 -267.4969789119833 3116.6044132698953 3116.6044132698953 474.44720694032264 -236.0124775529465 3071.224678703796
267.49247783347454 66.50363206636806 39633458720409651 9 406-407-410-412-413-414-415-439-440 0.47525618261695124 1.0 15 1.0222781672912191 1.0 [-1,-1] 1.0 1.0 1.0 0.000668512811805897 0.13401699399284683 23.496367933631944 -267.49247783347454 1862.6567777871464 1862.6567777871464 1667.8348752843967 -820.3160926300089 -122.05985742130844
268.874485696134 64.79929902934381 39633441204996309 8 406-407-410-412-413-414-415-440 0.8527998921795461 1.0 15 1.2715241623400564 1.0 [-1,-1] 1.0 1.0 1.0 0.0006576102792991648 0.1359368301360722 25.200700970656186 -268.874485696134 3013.3890844774187 3013.3890844774187 54.24904211162448 197.30968060755734 3006.433053606245
269.4391740657591 65.52869492476725 39633448859601033 9 406-407-410-412-413-414-416-439-440 0.7982905008994884 1.0 15 0.5055888787759483 1.0 [-1,-1] 1.0 1.0 1.0 0.0008239664519383997 0.11155322342262282 24.47130507523275 -269.4391740657591 2863.0805452467444 2863.0805452467444 -1301.3199312680813 -1182.9684045696674 2259.2880291907727
267.13323143541953 65.31140667986567 39633446313659508 9 406-407-410-412-413-414-416-439-440 0.696875636493591 1.0 15 1.2832243010284123 1.0 [-1,-1] 1.0 1.0 1.0 0.0005639081233901963 0.1550231922816235 24.68859332013433 -267.13323143541953 2569.8924562589677 2569.8924562589677 1098.9707130480215 -107.88532838703969 2320.5541072162687
271.6571283721846 64.94226018327763 39633443797077507 7 406-407-410-412-413-414-440 0.7623093296459879 1.0 15 1.3419291559037672 1.0 [-1,-1] 1.0 1.0 1.0 0.0007242712797402853 0.12498917450484462 25.057739816722375 -271.6571283721846 2761.1176420066104 2761.1176420066104 -18.726380470498423 206.04439930967771 2753.3553459711175
269.385760862865 66.5265576711108 39633458732992737 8 406-407-410-412-413-415-416-439 0.6900401313049209 1.0 15 0.5251518364084076 1.0 [-1,-1] 1.0 1.0 1.0 0.0005639081233901963 0.1550231922816235 23.473442328889206 -269.385760862865 2549.4738744715455 2549.4738744715455 -1785.232907873303 -1806.0958264486212 -225.34055769890824
269.33146419216666 66.52572804714596 39633458732992419 8 406-407-410-412-413-415-416-439 0.6943419820948968 1.0 15 0.5305416383538687 1.0 [-1,-1] 1.0 1.0 1.0 0.0005639081233901963 0.1550231922816235 23.47427195285404 -269.33146419216666 2562.3339911351754 2562.3339911351754 -1693.2066738305862 -1910.0443370169053 -224.35969435692255
266.8529228998192 66.9548335059445 39633463501916567 9 406-407-410-412-413-415-416-439-440 0.8076344142357892 0.5 15 1.4800875612967064 1.0 [-1,-1] 1.0 1.0 1.0 0.0008239664519383997 0.11155322342262282 23.045166494055493 -266.8529228998192 2889.198284545983 2889.198284545983 2470.2198815113024 455.7667715368863 -1427.5003027574392
269.02129828243994 67.55977460956298 39633468199538686 7 406-407-410-412-413-415-439 0.821481965032805 1.0 15 1.5648749053941384 1.0 [-1,-1] 1.0 1.0 1.0 0.000762533893525711 0.11946670068019369 22.44022539043702 -269.02129828243994 2927.634503143433 2927.634503143433 -512.5957216229356 -1163.0351406786888 -2637.354483514922
268.9818446953509 67.55476801920238 39633468199538438 6 406-407-410-412-413-439 0.7252489435631841 1.0 15 1.5628105138192747 1.0 [-1,-1] 1.0 1.0 1.0 0.0005823912580269674 0.15084542533972659 22.445231980797615 -268.9818446953509 2653.7456188041383 2653.7456188041383 -427.0829801620458 -1082.8570474335781 -2384.8242183023676
270.48962042600743 67.331211664795 39633465880087694 8 406-407-410-412-414-415-416-439 0.9694385361609493 1.0 15 1.345237789128981 1.0 [-1,-1] 1.0 1.0 1.0 0.0003767415448896098 0.21544643941305056 22.668788335204994 -270.48962042600743 3318.99553900579 3318.99553900579 -1979.9862945566351 640.0392006042271 -2585.678921095603
271.83339502571874 65.95378437671413 39633453863405608 8 406-407-410-412-414-415-416-440 0.5826759478590265 1.0 15 0.8584839798422289 1.0 [-1,-1] 1.0 1.0 1.0 0.0005369919189708607 0.1615383650856205 24.046215623285875 -271.83339502571874 2217.356800409659 2217.356800409659 167.83542077823043 1955.203075996601 1032.3194193022744
268.35345922950376 67.33980394653688 39633465867503245 5 406-407-410-412-415 0.6876712349635962 1.0 15 1.4277926290730822 1.0 [-1152921504615235585,-576460752840294434] 0.953125 1.0 1.048780487804878 0.0008053318504768218 0.11384060807160488 22.660196053463125 -268.35345922950376 2542.3778173019855 2542.3778173019855 394.269995520861 -1526.7967797852978 -1994.273734916657
268.3598091706222 67.33843139442016 39633465867503298 5 406-407-410-412-415 0.9408047944536978 1.0 15 1.4255723382622594 1.0 [-2252074825809931,-2449958197289549825] 0.9453125 1.0 1.0573770491803278 0.0003671239319408774 0.21984967794317842 22.661568605579845 -268.3598091706222 3245.9247472679544 3245.9247472679544 491.8393027929027 -1955.8485202066934 -2543.379273950311
268.4178478555296 67.32563734672081 39633465867503661 5 406-407-410-412-415 0.5052829808060995 1.0 15 1.4051512357619944 1.0 [-36028797021061121,-1] 0.984375 1.0 1.015748031496063 0.0007365189099627642 0.12316671624379881 22.67436265327919 -268.4178478555296 1964.1385089659 1964.1385089659 232.1324622218538 -1218.0160484219125 -1523.2831346050798
267.4362690494779 65.87733347085961 39633453834044809 7 406-407-410-412-415-416-439 0.7458630772845465 1.0 15 0.9455898933673816 1.0 [-1,-1] 1.0 1.0 1.0 0.0006073340474539246 0.1455520198534496 24.12266652914039 -267.4362690494779 2713.7672014465475 2713.7672014465475 2115.9932098603726 -896.857008294492 1443.1745099414957
267.4143696301992 65.88418917451074 39633453834044616 7 406-407-410-412-415-416-439 0.7397913670473046 1.0 15 0.9532868122984196 1.0 [-1,-1] 1.0 1.0 1.0 0.0006073340474539246 0.1455520198534496 24.115810825489262 -267.4143696301992 2696.1663661652406 2696.1663661652406 2130.359342226734 -848.4087671266032 1418.1271843141128
269.51940882800847 65.67823642124216 39633451367793494 7 406-407-410-412-415-416-439 0.842577439211516 1.0 15 0.35245678527839136 1.0 [-1,-1] 1.0 1.0 1.0 0.0006366829495309179 0.1397804201853648 24.32176357875784 -269.51940882800847 2985.5754598954977 2985.5754598954977 -1713.1130648916146 -1322.8686489922131 2056.4345336385954
267.42067587609495 65.88497448630885 39633453834044665 7 406-407-410-412-415-416-439 0.738161205651786 1.0 15 0.9506176128892636 1.0 [-1,-1] 1.0 1.0 1.0 0.0006073340474539246 0.1455520198534496 24.11502551369115 -267.42067587609495 2691.429753308164 2691.429753308164 2122.2631672851458 -860.7298842515679 1413.8377672609925
270.3282987542521 67.52116703787205 39633468212117575 6 406-407-410-412-415-439 0.7576864221592008 1.0 15 1.519582920343027 1.0 [-1,-1] 1.0 1.0 1.0 0.0007242712797402853 0.12498917450484462 22.478832962127953 -270.3282987542521 2747.855503404604 2747.855503404604 -1272.878777481297 194.10946970388514 -2427.5112768430067
268.3428628958279 67.31891423746093 39633465867503166 6 406-407-410-412-415-439 0.9394126714794491 1.0 15 1.4102252317714337 1.0 [9223090561877794815,-1125899974475777] 0.9453125 1.0 1.0573770491803278 0.0003671239319408774 0.21984967794317842 22.68108576253907 -268.3428628958279 3242.340472607871 3242.340472607871 537.1368920581324 -1992.5852803575124 -2500.7718008654324
268.4370588307625 67.35251224240767 39633465867503778 7 406-407-410-412-415-439-440 0.9477037766335695 1.0 15 1.4273107222012797 1.0 [-1,-1] 1.0 1.0 1.0 0.0003671239319408774 0.21984967794317842 22.64748775759233 -268.4370588307625 3263.6438214174013 3263.6438214174013 335.19287782486526 -1963.1326365586206 -2585.5612502916774
273.04563521174924 65.86357778887844 39633451392958655 8 406-407-410-413-414-415-416-439 0.7902607112135391 1.0 15 1.3605250097662978 1.0 [-1,-1] 1.0 1.0 1.0 0.0008239664519383997 0.11155322342262282 24.136422211121555 -273.04563521174924 2840.517881197757 2840.517881197757 2296.287176507965 642.7547499028618 1543.5262770314553
269.31537909278006 65.2303284972576 39633446330435097 9 406-407-410-413-414-415-416-439-440 0.6928234627538291 1.0 15 0.8079940494389513 1.0 [-1,-1] 1.0 1.0 1.0 0.0005639081233901963 0.1550231922816235 24.769671502742398 -269.31537909278006 2557.798315626419 2557.798315626419 -591.5733421122424 -689.3580106188009 2391.058079076957
271.9079234852555 65.18867773172352 39633446347213471 8 406-407-410-413-414-415-439-440 0.7050826267413152 1.0 15 1.2247457735149014 1.0 [-1,-1] 1.0 1.0 1.0 0.0005639081233901963 0.1550231922816235 24.811322268276484 -271.9079234852555 2594.295924890643 2594.295924890643 130.7013866316923 809.083323260365 2461.437114666697
266.147461914079 66.18071227412112 39633456279325442 7 406-407-410-413-414-415-440 0.9620435096985952 1.0 15 1.4600812429955112 1.0 [-1,-1] 1.0 1.0 1.0 0.0003767415448896098 0.21544643941305056 23.81928772587888 -266.147461914079 3300.24251586703 3300.24251586703 2013.9790007923912 2475.878076067549 839.9505939944792
268.25233207807685 64.6459696830416 39633441200801923 7 406-407-410-413-414-416-440 0.8064968741201632 1.0 15 1.505980792083642 1.0 [-1,-1] 1.0 1.0 1.0 0.0008239664519383997 0.11155322342262282 25.3540303169584 -268.25233207807685 2886.0265505630564 2886.0265505630564 -219.49070188212377 594.2040654387328 2815.651720465134
272.4907091275929 65.31834438330196 39633446351407675 7 406-407-410-413-414-439-440 0.6119364046586259 1.0 15 1.3362616542209647 1.0 [-1,-1] 1.0 1.0 1.0 0.0007056687116799521 0.12786279395313782 24.681655616698038 -272.4907091275929 2310.033147281523 2310.033147281523 681.223338418957 741.6664063404414 2078.9706218315746
268.09215707884186 64.82265442101566 39633441200800752 7 406-407-410-413-414-439-440 0.8990888470460336 1.0 15 1.3774796897030193 1.0 [-1,-1] 1.0 1.0 1.0 0.0005723615213970424 0.15308410280969617 25.177345578984344 -268.09215707884186 3137.221158514081 3137.221158514081 -68.7794035265945 121.81073274237923 3134.1008497602184
269.3852185658655 66.67450664700006 39633461140521087 7 406-407-410-413-415-416-440 0.7219880329593088 1.0 15 0.668961053201526 1.0 [-1,-1] 1.0 1.0 1.0 0.0005823912580269674 0.15084542533972659 23.325493352999942 -269.3852185658655 2644.1818799884795 2644.1818799884795 -1806.112996474709 -1829.202941476128 -619.4112182707387
272.11659095967644 66.57080519493951 39633458749771430 7 406-407-410-413-415-439-440 0.6896983215437332 1.0 15 1.1062194128523795 1.0 [-1,-1] 1.0 1.0 1.0 0.0008053318504768218 0.11384060807160488 23.42919480506049 -272.11659095967644 2548.450610766722 2548.450610766722 910.686358567106 2356.155753582896 -337.3142995713039
266.59332488781274 65.79644164251529 39633451346822780 6 406-407-410-414-416-439 0.6193674690490677 1.0 15 1.2996154206294248 1.0 [-1,-1] 1.0 1.0 1.0 0.0007056687116799521 0.12786279395313782 24.20355835748471 -266.59332488781274 2333.3077985919176 2333.3077985919176 1689.6029518076741 799.6689998787112 1396.4586062055819
268.2945762935491 67.44081339567546 39633468195344314 6 406-407-410-416-439-440 0.9647158471997586 1.0 15 1.5297017724060622 1.0 [-1,-1] 1.0 1.0 1.0 0.0003767415448896098 0.21544643941305056 22.559186604324537 -268.2945762935491 3307.028747387795 3307.028747387795 545.4364419175164 -1693.4406757052825 -2787.686657740516
270.7381690494582 65.98065137454502 39633453855018058 8 406-407-411-412-413-414-415-416 0.7818543961381167 1.0 15 0.41193314846601115 1.0 [-1,-1] 1.0 1.0 1.0 0.0007064174578981374 0.12774458208408304 24.01934862545498 -270.7381690494582 2816.7795485598417 2816.7795485598417 -2139.586897847189 1344.994917308095 1243.946785100158
271.0491537450832 66.45328182666513 39633458745574094 9 406-407-411-412-413-414-415-416-439 0.5612049839262786 1.0 15 0.6857574275419572 1.0 [-1,-1] 1.0 1.0 1.0 0.0006724560872077301 0.13333590500666823 23.546718173334867 -271.0491537450832 2148.2949918580325 2148.2949918580325 -1381.5255058947919 1644.8369793858717 -32.71024073903118
269.70685563291926 66.50620836449109 39633458737184909 9 406-407-411-412-413-414-415-416-439 0.9549601526619996 1.0 15 0.4862976061500796 1.0 [-1,-1] 1.0 1.0 1.0 0.0003767415448896098 0.21544643941305056 23.493791635508913 -269.70685563291926 3282.202795432839 3282.202795432839 -2919.3474314464747 -1483.3424094196064 -223.51971114702735
271.5746057583853 66.9285586545423 39633463531278147 10 406-407-411-412-413-414-415-416-439-440 0.47328638068182866 1.0 15 1.169349114243472 1.0 [-1,-1] 1.0 1.0 1.0 0.000668512811805897 0.13401699399284683 23.0714413454577 -271.5746057583853 1855.9350141479852 1855.9350141479852 -282.06586054704763 1612.630113552578 -874.2755537687959
266.63359023414847 66.22699063522994 39633456283519311 9 406-407-411-412-413-414-415-416-440 0.8303729498022485 1.0 15 1.270164208211615 1.0 [-1,-1] 1.0 1.0 1.0 0.0006366829495309179 0.1397804201853648 23.77300936477006 -266.63359023414847 2952.1442998545836 2952.1442998545836 2656.7527159072206 1128.8522765548817 618.4767670659724
266.5215274182063 65.37313850656216 39633446309464987 8 406-407-411-412-413-414-415-439 0.7226637438938087 1.0 15 1.4702043325813037 1.0 [-1,-1] 1.0 1.0 1.0 0.0005823912580269674 0.15084542533972659 24.626861493437843 -266.5215274182063 2646.1651910999262 2646.1651910999262 1116.6780730391463 630.277435961986 2314.729066975155
272.57663541748417 66.87453662849533 39633461161492884 8 406-407-411-412-413-414-415-439 0.8126308420230325 1.0 15 1.422498577782308 1.0 [-1,-1] 1.0 1.0 1.0 0.000762533893525711 0.11946670068019369 23.125463371504665 -272.57663541748417 2903.1037581472515 2903.1037581472515 1939.4341638579538 1777.7367627088743 -1227.2972570419388
273.06531132698706 65.6884802742501 39633451392958801 9 406-407-411-412-413-414-415-439-440 0.7905306783966517 1.0 15 1.4038552570053073 1.0 [-1,-1] 1.0 1.0 1.0 0.0008239664519383997 0.11155322342262282 24.311519725749903 -273.06531132698706 2841.278234545081 2841.278234545081 2013.4177244034863 521.08501296985 1935.8412854404432
273.083900924636 65.69326623977281 39633451392958936 9 406-407-411-412-413-414-415-439-440 0.8428874093479097 1.0 15 1.4100026881092618 1.0 [-1,-1] 1.0 1.0 1.0 0.0006366829495309179 0.1397804201853648 24.30673376022719 -273.083900924636 2986.4213532794 2986.4213532794 2135.53286891741 510.5294077853191 2024.2459309290732
