data_rosette/LRG_4_clustering_data.ecsv
# %ECSV 1.0
# ---
# datatype:
# - {name: RA, unit: deg, datatype: float64}
# - {name: DEC, unit: deg, datatype: float64}
# - {name: TARGETID, datatype: int64}
# - {name: NTILE, datatype: int64}
# - {name: TILES, datatype: string}
# - {name: Z, datatype: float64}
# - {name: COMP_TILE, datatype: float64}
# - {name: ROSETTE_NUMBER, datatype: int32}
# - {name: ROSETTE_R, unit: deg, datatype: float64}
# - {name: FRACZ_TILELOCID, datatype: float64}
# - {name: BITWEIGHTS, datatype: string, subtype: 'int64[2]'}
# - {name: PROB_OBS, datatype: float64}
# - {name: WEIGHT_ZFAIL, datatype: float64}
# - {name: WEIGHT, datatype: float64}
# - {name: NZ, unit: h3 / Mpc3, datatype: float64}
# - {name: WEIGHT_FKP, datatype: float64}
# - {name: theta, unit: deg, datatype: float64}
# - {name: phi, unit: deg, datatype: float64}
# - {name: rho, unit: Mpc, datatype: float64}
# - {name: r, unit: Mpc, datatype: float64}
# - {name: x, unit: Mpc, datatype: float64}
# - {name: y, unit: Mpc, datatype: float64}
# - {name: z, unit: Mpc, datatype: float64}
# meta: !!omap
# - {EXTNAME: LSS}
# - {DESIDR: edr}
# - comments: ['Visit https://desidatamodel.readthedocs.io/en/latest/ for a more complet', e description]
# schema: astropy-2.0
RA DEC TARGETID NTILE TILES Z COMP_TILE ROSETTE_NUMBER ROSETTE_R FRACZ_TILELOCID BITWEIGHTS PROB_OBS WEIGHT_ZFAIL WEIGHT NZ WEIGHT_FKP theta phi rho r x y z
[from data line 4217]
194.73759251791415 28.069756588122985 39628438616671143 6 110-111-114-115-118-454 1.0905070957137015 1.0 4 0.13070218351992466 1.0 [-1,-1] 1.0 1.0 1.0 4.689797466212482e-05 0.6886505109163528 61.930243411877015 165.26240748208585 3614.7188098230154 3614.7188098230154 915.4631983954321 -2683.250013031393 2242.384573180736
195.29486094876358 26.94200710079873 39628417158614319 6 110-111-114-116-117-118 0.8714221873700105 1.0 4 1.3475175807213977 1.0 [-1,-1] 1.0 1.0 1.0 0.0005690156306133545 0.15418916366201427 63.05799289920127 164.70513905123642 3063.6205861488793 3063.6205861488793 155.5816175111043 669.0657826231924 2985.6182667398466
196.2385229841546 27.524272324437543 39628427929587360 7 110-111-114-116-117-118-119 0.6295946486919755 1.0 4 1.4792953777635067 1.0 [-1,-1] 1.0 1.0 1.0 0.0007214233604467519 0.12571007283523317 62.47572767556245 163.7614770158454 2365.168346210437 2365.168346210437 -759.9414164921739 -320.0975371665127 2216.765191921692
193.9942967274472 27.264782221356878 39628422523130256 8 110-111-114-116-117-118-119-454 0.4444422550603019 1.0 4 1.1497977186911006 1.0 [-1,-1] 1.0 1.0 1.0 0.0005288673958748294 0.16397488484989944 62.73521777864312 166.0057032725528 1756.5904949381656 1756.5904949381656 148.8416071986085 -81.0628989530619 1748.3950209512068
193.20590194283253 28.375229768897587 39628449249233404 8 110-111-114-116-117-118-119-454 0.8113160317091016 1.0 4 1.370936186636416 1.0 [-1,-1] 1.0 1.0 1.0 0.0006627118749498285 0.13533979738261318 61.62477023110242 166.79409805716747 2899.4485962031727 2899.4485962031727 2596.865532995938 774.0539409458707 1031.4708246326886
194.45057235927237 28.90793967341384 39628459873406501 8 110-111-114-116-117-118-119-454 0.9909694403540661 1.0 4 0.7552150656171303 1.0 [-1,-1] 1.0 1.0 1.0 0.0002622817504223413 0.28340640119267335 61.092060326586164 165.54942764072763 3373.1319471729385 3373.1319471729385 1920.6406109831544 -2714.2746226915024 -567.337685240332
194.27825397175343 26.756194129239514 39628411747959182 6 110-111-114-116-117-119 0.7996214028631325 1.0 4 1.5032376078488519 1.0 [-1,-1] 1.0 1.0 1.0 0.0007229154976227362 0.12548315978664992 63.24380587076048 165.72174602824657 2866.80963932744 2866.80963932744 -813.8817922330801 809.4443357948605 2626.9742677959016
194.89790839753007 28.504000366719776 39628449274398705 7 110-111-114-116-117-119-454 0.6445144930628282 1.0 4 0.3306953463239251 1.0 [-562949953421569,-1157425104234233857] 0.9609375 1.0 1.0403225806451613 0.000833303205902425 0.11070054926254569 61.49599963328022 165.10209160246993 2411.2933635900145 2411.2933635900145 393.2211559910663 -2311.846446813737 561.3188168313926
194.8990752912126 28.500849404713477 39628449274398724 7 110-111-114-116-117-119-454 0.6425959172869976 1.0 4 0.32821099932905856 1.0 [-549825560577,-35201686175745] 0.9375 1.0 1.0661157024793388 0.000833303205902425 0.11070054926254569 61.49915059528652 165.1009247087874 2405.385504429699 2405.385504429699 389.27064313533316 -2304.8872217065014 567.3118071463048
194.8706350234537 28.520585004178994 39628449274398278 5 110-111-114-116-119 0.6478354862757058 1.0 4 0.3377037460859526 1.0 [-648518346341351425,-18014401219003393] 0.9375 1.0 1.0661157024793388 0.000833303205902425 0.11070054926254569 61.479414995821 165.1293649765463 2421.5033744237335 2421.5033744237335 459.8055470597127 -2318.8554752193227 524.5633768040018
194.88940715886702 28.515755863704356 39628449274398565 6 110-111-114-116-119-454 0.6564529288243663 0.8 4 0.338750039431513 1.0 [9203105219251011455,-141287244169217] 0.921875 1.0 1.084033613445378 0.000700708733790897 0.12894715825466588 61.484244136295644 165.11059284113298 2447.9005845819865 2447.9005845819865 420.2785063757329 -2349.8975748767557 541.8160542691189
194.88830361293859 28.512843181230664 39628449274398553 6 110-111-114-116-119-454 0.6463451067975977 0.8 4 0.33568402113367246 1.0 [-2449958336876038721,-72063101664624897] 0.8515625 1.0 1.1727272727272726 0.000833303205902425 0.11070054926254569 61.487156818769336 165.11169638706141 2416.9239289501547 2416.9239289501547 417.2425069471839 -2318.1583825726498 541.8225558579477
194.89914426850103 28.507408868184 39628449274398725 6 110-111-114-116-119-454 0.6436942160605835 0.8 4 0.3342561476460589 1.0 [-1152932499723124737,-288230513591713793] 0.953125 1.0 1.048780487804878 0.000833303205902425 0.11070054926254569 61.492591131816 165.10085573149897 2408.768334270186 2408.768334270186 390.27082288906865 -2311.7804174543326 552.743045599787
194.89089904280078 28.513740002307266 39628449274398596 6 110-111-114-116-119-454 0.6438825562625548 0.8 4 0.33735255228178557 1.0 [-387339478242849,-144203149077385257] 0.8515625 1.0 1.1727272727272726 0.000833303205902425 0.11070054926254569 61.486259997692734 165.10910095719922 2409.3482067533514 2409.3482067533514 410.0199334625843 -2312.4400060570915 538.0182654293504
194.24245756092338 26.87593313447566 39628417141837624 6 110-111-114-117-118-119 0.7677076682423781 1.0 4 1.3984536605929 1.0 [-1,-1] 1.0 1.0 1.0 0.0006416626200019751 0.139161677870846 63.12406686552434 165.75754243907662 2776.5573655882167 2776.5573655882167 -586.9465902472245 543.3738231924114 2658.854902560235
195.54789902540728 27.080634552910002 39628417162808779 7 110-111-114-117-118-119-454 0.7315431040675562 1.0 4 1.3238474390082478 1.0 [-1,-1] 1.0 1.0 1.0 0.0007126833197713517 0.12705585074725267 62.91936544709 164.45210097459272 2672.1519023545434 2672.1519023545434 108.16097276184892 206.9924362665016 2661.92620569329
193.28027693333678 28.75090765309862 39628454559224051 7 110-111-115-116-117-118-454 0.7332365884721304 1.0 4 1.4044595464079181 1.0 [-1,-1] 1.0 1.0 1.0 0.0007126833197713517 0.12705585074725267 61.24909234690138 166.71972306666322 2677.0922279618403 2677.0922279618403 2615.09015952899 571.9269145553542 -32.029033009512084
193.613334723856 28.287217849296134 39628443935047799 6 110-111-115-116-117-454 0.6896335682573637 1.0 4 1.0051252944809455 1.0 [-1,-1] 1.0 1.0 1.0 0.0007209928471550773 0.12577569469930108 61.712782150703866 166.386665276144 2548.256737176042 2548.256737176042 2276.7802392248045 -269.32611329909975 1112.3612657467584
193.64207666469142 27.013561183074735 39628417133448859 6 110-111-115-116-118-119 0.8062133660514464 1.0 4 1.5399576138396038 1.0 [-1,-1] 1.0 1.0 1.0 0.0007229154976227362 0.12548315978664992 62.986438816925265 166.35792333530858 2885.2357230749813 2885.2357230749813 -439.48417164117814 64.84333094764273 2850.8304374368695
195.198906931119 28.282453517694144 39628443956022515 5 110-111-115-117-118 0.6420911438865364 1.0 4 0.40397433094640334 1.0 [-1,-1] 1.0 1.0 1.0 0.000833303205902425 0.11070054926254569 61.717546482305856 164.801093068881 2403.830011146854 2403.830011146854 -285.1036479435133 -2138.7718335284007 1059.608265598729
196.26653676344253 27.512680112949536 39628427929587874 4 110-111-116-117 0.9463473167086737 1.0 4 1.5066850748338547 1.0 [-1,-1] 1.0 1.0 1.0 0.0004445766401596716 0.18918261239264766 62.48731988705046 163.73346323655747 3260.165665788441 3260.165665788441 -1026.3703155325823 -398.8533215363102 3068.5762450489624
193.12462007552705 28.24340209060566 39628443926660581 6 110-111-116-117-118-119 0.9030708510696017 1.0 4 1.432808631133146 1.0 [-1,-1] 1.0 1.0 1.0 0.0005275616701708153 0.16431404058018498 61.756597909394344 166.87537992447295 3147.7144976772315 3147.7144976772315 2580.7178387617314 1003.8442251218135 1496.762762522502
194.36873071263398 26.881406827903184 39628417146029570 6 110-111-116-117-118-119 0.6408340676002263 1.0 4 1.3612371345729752 1.0 [-1,-1] 1.0 1.0 1.0 0.000833303205902425 0.11070054926254569 63.118593172096816 165.63126928736602 2399.9541665713036 2399.9541665713036 -436.05808935603017 520.177209222352 2301.9663367121107
195.36442679074582 26.862193504608964 39628411760546476 6 110-111-116-117-118-119 0.46039178048216967 1.0 4 1.4444935912192227 1.0 [-1,-1] 1.0 1.0 1.0 0.0005635091211985168 0.1554616369400361 63.13780649539103 164.63557320925418 1811.7361850364764 1811.7361850364764 160.24366444195638 521.6414440665528 1727.5995415630616
194.939239619047 28.574696145696223 39628449274399396 6 110-111-116-117-118-119 0.8302483905724978 1.0 4 0.4100170850674288 1.0 [-1,-1] 1.0 1.0 1.0 0.0006232532477076302 0.14268566385842998 61.42530385430378 165.060760380953 2951.8018331120174 2951.8018331120174 369.2621729273455 -2888.568923100371 482.6479939947966
196.092374887539 27.500809761218036 39628427929584701 7 110-111-116-117-118-119-454 0.7445120895184233 1.0 4 1.3775064666816603 1.0 [-1,-1] 1.0 1.0 1.0 0.0007126833197713517 0.12705585074725267 62.499190238781964 163.907625112461 2709.856531014564 2709.856531014564 -756.8192889987778 -458.6195927009864 2561.29167641494
196.23480744827452 27.483649135532264 39628427929587297 5 110-111-116-117-119 0.6287264276100253 1.0 4 1.495617744715515 1.0 [-1,-1] 1.0 1.0 1.0 0.0007214233604467519 0.12571007283523317 62.51635086446774 163.76519255172548 2362.471294692936 2362.471294692936 -674.5136696914803 -287.06968924927105 2245.8612871595114
194.97019680948085 26.577997818749076 39628406345698489 4 110-111-116-119 0.7152714635366924 1.0 4 1.6337417214927648 1.0 [-1,-1] 1.0 1.0 1.0 0.0006167714992318164 0.14396928707710532 63.422002181250924 165.02980319051915 2624.4234064690777 2624.4234064690777 -140.26271625402364 1453.7009810987138 2180.52242465067
194.96504719882262 26.57293638950895 39628406345698393 4 110-111-116-119 0.6835574800984964 1.0 4 1.6382282425430037 1.0 [-1,-1] 1.0 1.0 1.0 0.0007209928471550773 0.12577569469930108 63.42706361049105 165.03495280117738 2530.0306780641326 2530.0306780641326 -143.5073307569675 1411.2678049630376 2094.9424957834703
195.07887288425175 26.59297955398573 39628406349890110 4 110-111-116-119 0.6271758114916254 1.0 4 1.6333283121142597 1.0 [-4611687186692079618,-35433480193] 0.9375 1.0 1.0661157024793388 0.0007214233604467519 0.12571007283523317 63.40702044601427 164.92112711574825 2357.650894157425 2357.650894157425 16.014461278824772 1282.4037270508088 1978.3078518262644
195.09153575248365 26.599663096226664 39628406349890335 4 110-111-116-119 0.7085319587390693 1.0 4 1.6288064410645215 1.0 [-1,-1] 1.0 1.0 1.0 0.0005843703162771602 0.15074849413407446 63.400336903773336 164.90846424751635 2604.5161999910115 2604.5161999910115 35.26055386133336 1401.7108033610843 2194.8731519379053
194.973885082341 26.572847197175307 39628406345698548 4 110-111-116-119 0.9226173090010117 1.0 4 1.639249860979647 1.0 [-1,-1] 1.0 1.0 1.0 0.0004951280553168204 0.17321314004730964 63.42715280282469 165.026114917659 3198.8633694615824 3198.8633694615824 -165.68966474683734 1786.1162042864648 2648.5963634092113
194.89530904224927 28.527723944564855 39628449274398666 5 110-111-116-119-454 0.6306714573924252 1.0 4 0.351784334174061 1.0 [-234227931272971265,-1152921506754331649] 0.9140625 1.0 1.0932203389830508 0.000833303205902425 0.11070054926254569 61.472276055435145 165.10469095775073 2368.511375863753 2368.511375863753 394.2621384105147 -2282.066588586453 496.563781471591
194.8966448770712 28.52988992599544 39628449274398693 5 110-111-116-119-454 0.5295012821487226 1.0 4 0.35422907403625403 0.5 [8935141660669509631,8646906877904379647] 0.90625 1.0 1.1025641025641026 0.0006865842838717192 0.13125169390769817 61.47011007400456 165.1033551229288 2044.6584553994123 2044.6584553994123 337.8777291161505 -1971.3969131394667 424.3360110429061
194.27511903906054 26.736538819346244 39628411747959141 4 110-111-117-119 0.7997671476509901 1.0 4 1.5229029266254848 1.0 [-1,-1] 1.0 1.0 1.0 0.0007229154976227362 0.12548315978664992 63.263461180653756 165.72488096093946 2867.2178238709575 2867.2178238709575 -853.1011086900978 843.1465917925524 2604.2773225260858
194.31975370007348 26.64494475931611 39628411747959808 3 110-111-118 0.7926932789675253 1.0 4 1.6012586616358981 1.0 [-1,-1] 1.0 1.0 1.0 0.0007229154976227362 0.12548315978664992 63.35505524068389 165.68024629992652 2847.3646476877857 2847.3646476877857 -966.2588249001569 1044.2371332159832 2466.454566745072
195.55868346114724 26.831932990986733 39628411764740232 3 110-111-119 0.5053615324500673 1.0 4 1.5446510704240126 1.0 [-1,-1] 1.0 1.0 1.0 0.0005337442823398631 0.16272042362546515 63.16806700901327 164.44131653885276 1964.4015855612256 1964.4015855612256 306.31931562349473 571.1254931400323 1854.415740150241
192.87159725782413 28.306293775244708 39628443922467230 2 110-112 0.9360517939216746 0.5 4 1.6580124058409895 0.5 [-9140613565831169968,181771410081919552] 0.2890625 1.0 3.3947368421052633 0.0004445766401596716 0.18918261239264766 61.69370622475529 167.12840274217587 3233.675064284365 3233.675064284365 2382.4890666705087 1715.2801628286695 1355.8075938629465
195.41994738107192 26.97517987363703 39628417162805810 7 110-112-113-114-115-116-117 0.6452297483246834 1.0 4 1.3611503074698659 0.3333333333333333 [-1,-1] 1.0 1.0 1.0 0.000833303205902425 0.11070054926254569 63.02482012636297 164.58005261892808 2413.4940788393087 2413.4940788393087 160.2543309250715 434.21115987787107 2368.6985639058585
195.41490919788887 26.984972190939207 39628417162805676 7 110-112-113-114-115-116-117 0.6435302744016264 1.0 4 1.3503796626081135 1.0 [-1,-1] 1.0 1.0 1.0 0.000833303205902425 0.11070054926254569 63.0150278090608 164.58509080211113 2408.263527246578 2408.263527246578 149.8104915567725 412.2965392436587 2367.974154633735
194.49692614796385 27.880424530429075 39628438612477502 7 110-112-113-114-115-116-117 0.5463475799102123 1.0 4 0.3898990469835458 1.0 [-1,-1] 1.0 1.0 1.0 0.0007045118177349687 0.128340413101622 62.119575469570925 165.50307385203615 2099.9756728103866 2099.9756728103866 739.998094221182 -1155.8744139654268 1589.41970104958
195.58906985409365 28.53461062517725 39628449282789375 9 110-112-113-114-115-116-117-118-119 0.7486997763718117 1.0 4 0.8105967159899682 1.0 [-1,-1] 1.0 1.0 1.0 0.0007126833197713517 0.12705585074725267 61.46538937482275 164.41093014590635 2721.96809682717 2721.96809682717 -1330.5592769908658 -2309.471755931105 552.324668211526
195.93046699905136 27.740955571851728 39628433285712175 9 110-112-113-114-115-116-117-118-119 0.6768661724751778 1.0 4 1.1391519331035478 1.0 [-1,-1] 1.0 1.0 1.0 0.0007209928471550773 0.12577569469930108 62.25904442814827 164.06953300094864 2509.8810324336146 2509.8810324336146 -1034.5386077600517 -883.323025535467 2109.2588979503657
195.18420203141704 29.013614507078767 39628459885987088 9 110-112-113-114-115-116-117-118-119 0.9795759833444343 1.0 4 0.8984849266173828 1.0 [-1,-1] 1.0 1.0 1.0 0.0003578035202613049 0.22475091060875194 60.98638549292123 164.81579796858296 3344.570335647254 3344.570335647254 -378.39722107754017 -3196.8806549839264 -907.1495747460405
195.07862142515086 26.84040735530914 39628411756351936 9 110-112-113-114-115-116-117-118-119 0.564674280796758 1.0 4 1.390474934264182 1.0 [-1,-1] 1.0 1.0 1.0 0.000677088223595666 0.13284793461577618 63.15959264469086 164.92137857484914 2159.5151994895004 2159.5151994895004 8.505535182043031 695.1039885296923 2044.5693917858491
193.7414138800232 27.39842369548936 39628427891839498 10 110-112-113-114-115-116-117-118-119-454 0.7675987575627989 1.0 4 1.1993690088464821 1.0 [-1,-1] 1.0 1.0 1.0 0.0006416626200019751 0.139161677870846 62.601576304510644 166.2585861199768 2776.246370413397 2776.246370413397 614.6198719229816 -154.2074580994759 2702.9625195583894
