data_rosette/LRG_6_clustering_data.ecsv
# %ECSV 1.0
# ---
# datatype:
# - {name: RA, unit: deg, datatype: float64}
# - {name: DEC, unit: deg, datatype: float64}
# - {name: TARGETID, datatype: int64}
# - {name: NTILE, datatype: int64}
# - {name: TILES, datatype: string}
# - {name: Z, datatype: float64}
# - {name: COMP_TILE, datatype: float64}
# - {name: ROSETTE_NUMBER, datatype: int32}
# - {name: ROSETTE_R, unit: deg, datatype: float64}
# - {name: FRACZ_TILELOCID, datatype: float64}
# - {name: BITWEIGHTS, datatype: string, subtype: 'int64[2]'}
# - {name: PROB_OBS, datatype: float64}
# - {name: WEIGHT_ZFAIL, datatype: float64}
# - {name: WEIGHT, datatype: float64}
# - {name: NZ, unit: h3 / Mpc3, datatype: float64}
# - {name: WEIGHT_FKP, datatype: float64}
# - {name: theta, unit: deg, datatype: float64}
# - {name: phi, unit: deg, datatype: float64}
# - {name: rho, unit: Mpc, datatype: float64}
# - {name: r, unit: Mpc, datatype: float64}
# - {name: x, unit: Mpc, datatype: float64}
# - {name: y, unit: Mpc, datatype: float64}
# - {name: z, unit: Mpc, datatype: float64}
# meta: !!omap
# - {EXTNAME: LSS}
# - {DESIDR: edr}
# - comments: ['Visit https://desidatamodel.readthedocs.io/en/latest/ for a more complet', e description]
# schema: astropy-2.0
RA DEC TARGETID NTILE TILES Z COMP_TILE ROSETTE_NUMBER ROSETTE_R FRACZ_TILELOCID BITWEIGHTS PROB_OBS WEIGHT_ZFAIL WEIGHT NZ WEIGHT_FKP theta phi rho r x y z
[from data line 1069]
216.01572578291072 51.980935583150305 39633278956732565 10 163-164-165-166-168-169-170-171-173-460 0.9201500769769095 1.0 6 0.6075817373598329 1.0 [-1,-1] 1.0 1.0 1.0 0.00042618922305278896 0.1953324009783564 38.019064416849695 143.98427421708928 3192.4399473047265 3192.4399473047265 866.850255661092 -506.724421223758 3030.424691745821
215.66749825647787 53.360952003956044 39633297352952749 10 163-164-165-166-168-169-170-171-173-460 0.7640133545797608 1.0 6 0.8668512689761048 1.0 [-1,-1] 1.0 1.0 1.0 0.0007242712797402853 0.12498917450484462 36.639047996043956 144.33250174352213 2765.996760241512 2765.996760241512 -2373.7041492337166 433.8066245065481 1352.0645332643762
217.155358336438 53.37223758196836 39633297369728280 10 163-164-165-166-168-169-170-171-173-460 0.8739386270933344 1.0 6 1.325150960577585 1.0 [-1,-1] 1.0 1.0 1.0 0.0005346154933450218 0.1621399955636538 36.62776241803164 142.844641663562 3070.365471411099 3070.365471411099 263.24616857604997 2682.4267668770667 1470.521071969041
216.8188778664822 51.5137901457096 39633271465705681 10 163-164-165-166-168-169-170-171-173-460 0.48163743305209716 1.0 6 1.2773439827229545 1.0 [-1,-1] 1.0 1.0 1.0 0.000668512811805897 0.13401699399284683 38.4862098542904 143.1811221335178 1884.3775341759283 1884.3775341759283 315.5240340909434 -1296.8885346565291 1330.189236121827
213.97481959612733 52.53279335703653 39633286359679208 10 163-164-165-166-168-169-170-171-173-460 0.502355121398484 1.0 6 0.928686529123372 1.0 [-1,-1] 1.0 1.0 1.0 0.0007365189099627642 0.12316671624379881 37.46720664296347 146.02518040387267 1954.32392885059 1954.32392885059 -26.43073963752926 -448.3881276389323 1902.0072349685402
217.7522973742848 52.088212091264126 39633278973510966 10 163-164-165-166-168-169-170-171-173-460 0.6490228127770181 1.0 6 1.4376855326127802 0.5 [-1,-1] 1.0 1.0 1.0 0.0007982518636535506 0.11473445525619816 37.911787908735874 142.2477026257152 2425.1486639078153 2425.1486639078153 -327.7148542060367 -393.23796583258917 2370.5089999015877
215.47409797065046 54.01300553206913 39633308140702187 9 163-164-165-166-168-169-170-171-460 0.9508778064589025 1.0 6 1.5130848490645248 1.0 [-1,-1] 1.0 1.0 1.0 0.0003767415448896098 0.21544643941305056 35.98699446793087 144.52590202934954 3271.7715660709405 3271.7715660709405 -3238.8958307370176 -40.941707834051556 -460.8326754303455
215.4705496577748 54.01091206452882 39633308140702156 9 163-164-165-166-168-169-170-171-460 0.9489603113132696 1.0 6 1.5110147476417097 1.0 [-1,-1] 1.0 1.0 1.0 0.0003671239319408774 0.21984967794317842 35.98908793547118 144.5294503422252 3266.86326048204 3266.86326048204 -3234.82750806954 -52.370858908760326 -453.3694397079648
213.7869151718461 53.01409560602966 39633293695518944 9 163-164-165-166-168-169-170-171-460 0.500524506088214 1.0 6 1.157175024419397 1.0 [-1,-1] 1.0 1.0 1.0 0.0007365189099627642 0.12316671624379881 36.98590439397034 146.2130848281539 1948.1786319819528 1948.1786319819528 164.0038490104066 -1264.0257286661029 1473.3437062990336
217.27471718554128 52.50863646910078 39633286393233802 8 163-164-165-166-168-169-170-172 0.815153769074663 1.0 6 1.0802805832409188 1.0 [-1,-1] 1.0 1.0 1.0 0.000762533893525711 0.11946670068019369 37.49136353089922 142.72528281445872 2910.10935946803 2910.10935946803 129.33749807605363 586.1304551085123 2847.535668828249
216.97508984311958 52.911193240946716 39633293729072273 9 163-164-165-166-168-169-170-172-173 0.967885051886305 1.0 6 0.9837989940134738 1.0 [-1,-1] 1.0 1.0 1.0 0.0003767415448896098 0.21544643941305056 37.088806759053284 143.02491015688042 3315.0628598574935 3315.0628598574935 -156.46045628750048 1893.4672204627393 2716.605193151548
216.32591117646132 53.379823284290474 39633300976831413 9 163-164-165-166-168-169-170-172-173 0.8135200188710932 1.0 6 1.0108403213475676 1.0 [-1,-1] 1.0 1.0 1.0 0.000762533893525711 0.11946670068019369 36.620176715709526 143.67408882353868 2905.5740193357333 2905.5740193357333 -1711.037832896881 1905.7167864215992 1372.2075084276748
216.5485791719425 52.871493834381624 39633290063252559 9 163-164-165-166-168-169-170-172-173 0.7396763456370867 1.0 6 0.7362219538301239 1.0 [-1,-1] 1.0 1.0 1.0 0.0006073340474539246 0.1455520198534496 37.128506165618376 143.4514208280575 2695.832312531052 2695.832312531052 -709.522173101645 1271.5732052443768 2268.74232271278
215.40002545227608 51.071018917067555 39633263865628371 9 163-164-165-166-168-169-170-172-173 0.9973742603696113 1.0 6 1.4303183481256527 1.0 [-1,-1] 1.0 1.0 1.0 0.00023297360745577845 0.30751381291380364 38.928981082932445 144.59997454772392 3389.1039172190053 3389.1039172190053 3182.043767836533 276.6165609541339 1133.1840536681555
214.37584108988088 52.730812736125024 39633290042280114 9 163-164-165-166-168-169-170-172-173 0.6878743037089791 1.0 6 0.7205077071966235 1.0 [-1,-1] 1.0 1.0 1.0 0.0008053318504768218 0.11384060807160488 37.269187263874976 145.62415891011912 2542.9865131527613 2542.9865131527613 -470.45511428204026 -949.7934893839922 2311.5675891149044
215.7330686769758 51.81290693023525 39633275211221692 10 163-164-165-166-168-169-170-172-173-460 0.6197518465378438 1.0 6 0.7018129122141968 1.0 [-1,-1] 1.0 1.0 1.0 0.0007056687116799521 0.12786279395313782 38.18709306976475 144.2669313230242 2334.508835273955 2334.508835273955 1061.4802438188067 -266.895482952034 2062.0276416998695
215.7502429773293 53.92722564058111 39633308144895395 10 163-164-165-166-168-169-170-172-173-460 0.9720712064226735 1.0 6 1.435068565131503 1.0 [-1,-1] 1.0 1.0 1.0 0.00030269805442075816 0.25472307248715254 36.07277435941889 144.2497570226707 3325.6519677767865 3325.6519677767865 -3205.909133915663 864.88421996977 -184.61560578948337
214.55861195256765 53.15807850369067 39633297344561667 10 163-164-165-166-168-169-170-172-173-460 0.6564249682307942 1.0 6 0.869801037486223 1.0 [-1,-1] 1.0 1.0 1.0 0.0006371005092682059 0.1397016056866948 36.84192149630933 145.44138804743235 2447.8151586970885 2447.8151586970885 -1109.108141449122 -1481.3731592187175 1602.2520853052065
216.29508423427265 53.5366175800478 39633300976831116 10 163-164-165-166-168-169-170-172-173-460 0.8122504795873842 1.0 6 1.1416200815112807 1.0 [-1,-1] 1.0 1.0 1.0 0.000762533893525711 0.11946670068019369 36.4633824199522 143.70491576572735 2902.046651788128 2902.046651788128 -1892.9600930814706 1981.8964401526216 954.286830919321
216.95510709072653 52.920239283795624 39633293729072139 10 163-164-165-166-168-169-170-172-173-460 0.6382807798316853 1.0 6 0.9765884804906827 1.0 [-1,-1] 1.0 1.0 1.0 0.0007982518636535506 0.11473445525619816 37.079760716204376 143.04489290927347 2392.0726735443736 2392.0726735443736 -141.983313149603 1381.336936070095 1947.757860554867
216.66499855631213 52.38831610320861 39633286384846960 10 163-164-165-166-168-169-170-172-173-460 0.8275974687100788 1.0 6 0.7188274216709543 1.0 [-1,-1] 1.0 1.0 1.0 0.000762533893525711 0.11946670068019369 37.61168389679139 143.33500144368787 2944.507216485808 2944.507216485808 -98.35078201590629 237.54955558164 2933.2609976367303
216.67202169739195 53.42775786434699 39633300981024886 10 163-164-165-166-168-169-170-172-173-460 0.8767350496081657 1.0 6 1.1657584630643891 1.0 [-1,-1] 1.0 1.0 1.0 0.0005346154933450218 0.1621399955636538 36.57224213565301 143.32797830260805 3077.84888411803 3077.84888411803 -1045.1942881235589 2575.519141941334 1321.9015859867422
216.82095184831567 53.50760302788208 39633300981026055 10 163-164-165-166-168-169-170-172-173-460 0.8104179602699826 1.0 6 1.2833579241255115 1.0 [-1,-1] 1.0 1.0 1.0 0.000762533893525711 0.11946670068019369 36.49239697211792 143.17904815168433 2896.9502973848003 2896.9502973848003 -634.4848080327188 2631.652783648246 1031.578247255149
214.0784931064797 51.73744880567768 39633275194444181 10 163-164-165-166-168-169-170-172-173-460 0.6415024939514136 1.0 6 1.1589864919914006 1.0 [-1,-1] 1.0 1.0 1.0 0.0007982518636535506 0.11473445525619816 38.26255119432232 145.9215068935203 2402.015442503067 2402.015442503067 207.62168495511864 1265.9975190791226 2030.719503930838
214.03526300457187 51.731396744233635 39633275194443811 10 163-164-165-166-168-169-170-172-173-460 0.43699393302071216 1.0 6 1.1830725899753667 1.0 [-1,-1] 1.0 1.0 1.0 0.0006285113834356281 0.1413409039925048 38.268603255766365 145.96473699542813 1730.6567765271059 1730.6567765271059 111.08391487047902 926.541490079803 1457.5164181431849
216.5201075886639 51.586272644694176 39633271461512266 10 163-164-165-166-168-169-170-172-173-460 0.4806758791882001 1.0 6 1.108384917873432 1.0 [-1,-1] 1.0 1.0 1.0 0.000668512811805897 0.13401699399284683 38.413727355305824 143.4798924113361 1881.1098978579682 1881.1098978579682 631.074167013179 -1058.9611420480996 1420.887449159863
215.1496092939396 52.09184632327265 39633278944152873 10 163-164-165-166-168-169-170-172-173-460 0.8078717851103447 1.0 6 0.4609877495629671 1.0 [-1,-1] 1.0 1.0 1.0 0.0008239664519383997 0.11155322342262282 37.90815367672735 144.8503907060604 2889.85985668638 2889.85985668638 565.9527297517492 198.37180586377022 2826.9482000228295
217.63871007650215 52.36065923355408 39633282693859443 10 163-164-165-166-168-169-170-172-173-460 0.41689608835408415 1.0 6 1.3114006656862802 1.0 [-1,-1] 1.0 1.0 1.0 0.0005613841910631427 0.1556117057517016 37.63934076644592 142.36128992349785 1660.101168220898 1660.101168220898 54.44336481086981 82.88550224072385 1657.1366275219323
216.5992485513516 53.434507273380795 39633300981024277 10 163-164-165-166-168-169-170-172-173-460 0.9621304474672706 1.0 6 1.145224502933736 1.0 [-1,-1] 1.0 1.0 1.0 0.0003767415448896098 0.21544643941305056 36.565492726619205 143.4007514486484 3300.4634575981754 3300.4634575981754 -1322.834822822358 2681.518961504765 1397.3629183429234
216.78806266032484 53.52358541045717 39633300981025803 10 163-164-165-166-168-169-170-172-173-460 0.5751287554207103 1.0 6 1.2838143490006038 1.0 [-1,-1] 1.0 1.0 1.0 0.0005369919189708607 0.1615383650856205 36.47641458954283 143.21193733967516 2193.183777220895 2193.183777220895 -548.8549775906561 1987.2416598956959 748.1202305872185
216.9372151528118 52.399887656228564 39633286389040181 9 163-164-165-166-168-169-170-172-460 0.9171852723438062 1.0 6 0.8816045228155636 1.0 [-1,-1] 1.0 1.0 1.0 0.00042618922305278896 0.1953324009783564 37.600112343771436 143.0627848471882 3184.708608813828 3184.708608813828 -37.78150886229325 312.4941331709512 3169.1148444596847
213.29788782990306 52.10689002971169 39633278927373374 9 163-164-165-166-168-169-170-172-460 0.7992061422499651 1.0 6 1.4026902694024952 1.0 [-1,-1] 1.0 1.0 1.0 0.0008239664519383997 0.11155322342262282 37.89310997028831 146.70211217009694 2865.6464300210737 2865.6464300210737 -320.11690326422445 450.2506174255506 2811.890647170504
215.11876879789102 52.928328479368815 39633293708102718 9 163-164-165-166-168-169-170-173-460 0.45004709600894466 1.0 6 0.48662101330724267 1.0 [-1,-1] 1.0 1.0 1.0 0.0005330850268982689 0.1625298359500762 37.071671520631185 144.88123120210898 1776.0294299362338 1776.0294299362338 -972.8656954693042 -375.0675648451885 1437.7542197398523
214.71259630419715 52.019642615371126 39633278939958349 9 163-164-165-166-168-169-170-173-460 0.4416212870794141 1.0 6 0.680451162639392 1.0 [-1,-1] 1.0 1.0 1.0 0.0006285113834356281 0.1413409039925048 37.980357384628874 145.28740369580285 1746.7819876259498 1746.7819876259498 346.6592796936479 338.94146648173523 1678.1517626233795
214.7666189191036 53.6019199465216 39633300964245684 9 163-164-165-166-168-169-170-173-460 0.46416604211846474 1.0 6 1.186813728687769 1.0 [-1,-1] 1.0 1.0 1.0 0.0005330850268982689 0.1625298359500762 36.3980800534784 145.2333810808964 1824.7087009941338 1824.7087009941338 -1322.0745055656753 -1159.827526275213 486.29307471040045
214.3533727445177 52.311695366754904 39633282660305280 9 163-164-165-166-168-169-170-173-460 0.8654311385631046 1.0 6 0.7244093039999133 1.0 [-1,-1] 1.0 1.0 1.0 0.0006576102792991648 0.1359368301360722 37.688304633245096 145.6466272554823 3047.521606819927 3047.521606819927 -13.951538550929858 -29.83353988004498 3047.3436397138735
217.7146880809052 53.15758430340777 39633297373923979 8 163-164-165-166-168-169-171-172 0.7038215938476681 1.0 6 1.4908710776346827 1.0 [-1,-1] 1.0 1.0 1.0 0.0005639081233901963 0.1550231922816235 36.84241569659223 142.2853119190948 2590.554163704589 2590.554163704589 1195.8539615423258 1549.928237954014 1696.6515950375529
217.17556725318494 52.1199852728027 39633278965123932 9 163-164-165-166-168-169-171-172-173 0.5246448963921111 1.0 6 1.0926044951934237 1.0 [-1,-1] 1.0 1.0 1.0 0.0006888416087567301 0.1305783864573065 37.8800147271973 142.82443274681506 2028.6066436678113 2028.6066436678113 -42.98000858623152 -362.4429602031912 1995.503128084308
214.89835537780334 51.541370642123965 39633271444735010 9 163-164-165-166-168-169-171-172-173 0.508455075901922 1.0 6 1.0276316807205992 1.0 [-1,-1] 1.0 1.0 1.0 0.0007365189099627642 0.12316671624379881 38.458629357876035 145.10164462219666 1974.7522173433035 1974.7522173433035 1131.1006934191723 754.6880589199758 1432.0277493723927
217.3086529567392 51.53737254280708 39633271469900749 9 163-164-165-166-168-169-171-172-173 0.5654712034496115 1.0 6 1.4714966095444117 1.0 [-1,-1] 1.0 1.0 1.0 0.0006724560872077301 0.13333590500666823 38.46262745719292 142.6913470432608 2162.0892236747854 2162.0892236747854 -371.4916156398228 -1448.1190281643874 1561.9139127711808
217.07063167359672 53.65744034844984 39633304583930366 9 163-164-165-166-168-169-171-172-173 0.8500779234347421 1.0 6 1.493199224266954 1.0 [-1,-1] 1.0 1.0 1.0 0.0006576102792991648 0.1359368301360722 36.34255965155016 142.92936832640328 3005.9997364338583 3005.9997364338583 38.46959678858833 2937.022767740601 639.1023136687036
213.27069733642355 52.08794134214608 39633278927373127 10 163-164-165-166-168-169-171-172-173-460 0.9363600751742323 1.0 6 1.4243007595260841 1.0 [-1,-1] 1.0 1.0 1.0 0.0003671239319408774 0.21984967794317842 37.91205865785392 146.72930266357645 3234.470631568151 3234.470631568151 -411.09852822233694 546.1453967721604 3161.4116264977074
217.1231683613416 51.64465046749691 39633275227996880 10 163-164-165-166-168-169-171-172-173-460 0.7260769565748346 1.0 6 1.3141120648523839 1.0 [-1,-1] 1.0 1.0 1.0 0.0005823912580269674 0.15084542533972659 38.35534953250309 142.8768316386584 2656.171035450401 2656.171035450401 -106.29270039564966 -1617.1475893288725 2104.466703403994
213.8096430863375 52.43476170846223 39633286355487360 10 163-164-165-166-168-169-171-172-173-460 0.5033435854517986 1.0 6 1.0318280154869999 1.0 [-1,-1] 1.0 1.0 1.0 0.0007365189099627642 0.12316671624379881 37.56523829153777 146.1903569136625 1957.6393355572463 1957.6393355572463 27.72288897513971 -259.8191646471444 1940.1229886865287
215.5298508109397 51.563601806232505 39633271448931062 10 163-164-165-166-168-169-171-172-173-460 0.589721754488418 1.0 6 0.9365782421444445 1.0 [-1,-1] 1.0 1.0 1.0 0.0005369919189708607 0.1615383650856205 38.436398193767495 144.4701491890603 2239.8239901044385 2239.8239901044385 1504.3929956636005 -64.89892341046517 1658.1318858841807
217.82434324298669 52.1529764283406 39633282698051949 10 163-164-165-166-168-169-171-172-173-460 0.5822041732432732 1.0 6 1.4622491086967784 1.0 [-1,-1] 1.0 1.0 1.0 0.0005369919189708607 0.1615383650856205 37.8470235716594 142.17565675701331 2215.8489949368873 2215.8489949368873 -226.57808262492708 -235.16245028351483 2191.654115688303
216.7309591326077 53.04587460316959 39633293724879648 10 163-164-165-166-168-169-171-172-173-460 0.9997788829361349 1.0 6 0.9233186959031863 1.0 [-1,-1] 1.0 1.0 1.0 0.00023297360745577845 0.30751381291380364 36.95412539683041 143.2690408673923 3395.0849129132553 3395.0849129132553 -738.4000057881759 2180.0833542197684 2495.717044457787
