data_rosette/LRG_1_clustering_data.ecsv
# %ECSV 1.0
# ---
# datatype:
# - {name: RA, unit: deg, datatype: float64}
# - {name: DEC, unit: deg, datatype: float64}
# - {name: TARGETID, datatype: int64}
# - {name: NTILE, datatype: int64}
# - {name: TILES, datatype: string}
# - {name: Z, datatype: float64}
# - {name: COMP_TILE, datatype: float64}
# - {name: ROSETTE_NUMBER, datatype: int32}
# - {name: ROSETTE_R, unit: deg, datatype: float64}
# - {name: FRACZ_TILELOCID, datatype: float64}
# - {name: BITWEIGHTS, datatype: string, subtype: 'int64[2]'}
# - {name: PROB_OBS, datatype: float64}
# - {name: WEIGHT_ZFAIL, datatype: float64}
# - {name: WEIGHT, datatype: float64}
# - {name: NZ, unit: h3 / Mpc3, datatype: float64}
# - {name: WEIGHT_FKP, datatype: float64}
# - {name: theta, unit: deg, datatype: float64}
# - {name: phi, unit: deg, datatype: float64}
# - {name: rho, unit: Mpc, datatype: float64}
# - {name: r, unit: Mpc, datatype: float64}
# - {name: x, unit: Mpc, datatype: float64}
# - {name: y, unit: Mpc, datatype: float64}
# - {name: z, unit: Mpc, datatype: float64}
# meta: !!omap
# - {EXTNAME: LSS}
# - {DESIDR: edr}
# - comments: ['Visit https://desidatamodel.readthedocs.io/en/latest/ for a more complet', e description]
# schema: astropy-2.0
RA DEC TARGETID NTILE TILES Z COMP_TILE ROSETTE_NUMBER ROSETTE_R FRACZ_TILELOCID BITWEIGHTS PROB_OBS WEIGHT_ZFAIL WEIGHT NZ WEIGHT_FKP theta phi rho r x y z
[from data line 2431]
178.43839542185788 0.6351940491326876 39627805838806476 9 28-29-31-33-34-35-36-37-445 0.6252724032922492 1.0 1 1.32391139986542 1.0 [-1,-1] 1.0 1.0 1.0 0.0007214233604467519 0.12571007283523317 89.36480595086731 181.56160457814212 2351.7275415777267 2351.7275415777267 1843.9193009867465 -1403.9952712242482 399.2259005171327
179.6413481019023 -0.6313879261162394 39627769620991498 9 28-29-31-33-34-35-36-37-445 0.8539313845128025 1.0 1 0.6327403176430438 1.0 [-1,-1] 1.0 1.0 1.0 0.0006812235016579503 0.1321480675826358 90.63138792611623 180.3586518980977 3016.457201360582 3016.457201360582 -384.97095540083876 -1324.1774239211315 -2682.790629384909
179.358287674975 1.2325147113129125 39627817935177892 9 28-29-31-33-34-35-36-38-445 0.8546465993824334 1.0 1 1.2559889925892567 1.0 [-1,-1] 1.0 1.0 1.0 0.0006812235016579503 0.1321480675826358 88.76748528868708 180.641712325025 3018.395478913887 3018.395478913887 0.2925735046524842 -2171.334869139509 2096.6678486559213
179.38600557900438 -0.8681744640573223 39627769616796886 9 28-29-31-33-34-35-36-38-445 0.673962383973623 1.0 1 0.8941571492132023 1.0 [-1,-1] 1.0 1.0 1.0 0.0007209928471550773 0.12577569469930108 90.86817446405732 180.61399442099562 2501.1112329968446 2501.1112329968446 -16.263479884235693 -589.4667196862414 -2430.6011366382995
179.38479808756833 -0.8690148511314895 39627769616796845 9 28-29-31-33-34-35-36-38-445 0.676980805281354 1.0 1 0.8952626001919581 1.0 [-1,-1] 1.0 1.0 1.0 0.0007209928471550773 0.12577569469930108 90.8690148511315 180.61520191243167 2510.2269196241728 2510.2269196241728 -15.554300986947933 -589.5848144393019 -2439.956351722146
179.39102754089654 -0.8474305343061386 39627769616797001 9 28-29-31-33-34-35-36-38-445 0.5897833823203209 1.0 1 0.8728143071385956 1.0 [-1,-1] 1.0 1.0 1.0 0.0006621615122706149 0.13543705131792066 90.84743053430614 180.60897245910346 2240.0200801817673 2240.0200801817673 -18.68506909072636 -572.8684933529354 -2165.4474173099065
178.6577474934446 -0.047339506448658815 39627787723607615 9 28-29-31-33-34-35-36-38-445 0.5601382079177809 1.0 1 0.9434408370147096 1.0 [-1,-1] 1.0 1.0 1.0 0.000677088223595666 0.13284793461577618 90.04733950644867 181.3422525065554 2144.8401272308042 2144.8401272308042 1205.5575265684683 -1429.3293445020906 -1050.7082594415986
180.22276326611234 -0.5453433378608529 39627775669180062 9 28-29-31-33-34-35-36-38-445 0.9362816675918221 1.0 1 0.8277812089665659 1.0 [-1,-1] 1.0 1.0 1.0 0.0004445766401596716 0.18918261239264766 90.54534333786086 179.77723673388766 3234.2683025268566 3234.2683025268566 -1308.5838261863476 -1116.7247405026924 -2738.800043179978
179.38531416068736 -0.8684788713102576 39627769616796863 9 28-29-31-33-34-35-36-38-445 0.6750881973247302 1.0 1 0.8946183709187369 1.0 [-1,-1] 1.0 1.0 1.0 0.0007209928471550773 0.12577569469930108 90.86847887131026 180.61468583931264 2504.5131686771233 2504.5131686771233 -15.857552268622804 -589.5389550679122 -2434.0868042390366
180.60066474708327 0.830556397455488 39627805876554107 9 28-29-31-33-34-35-36-38-445 0.864504652374193 1.0 1 1.3004167507834088 1.0 [-1,-1] 1.0 1.0 1.0 0.0006812235016579503 0.1321480675826358 89.16944360254452 179.39933525291673 3045.0268116465736 3045.0268116465736 -2691.307523470536 -917.4936878093657 1089.6134317212495
179.8571294783716 0.6917075934000334 39627805863971165 9 28-29-31-33-34-35-36-38-445 0.5924744185349006 1.0 1 0.7379510494128063 1.0 [-1,-1] 1.0 1.0 1.0 0.0007756247847600315 0.11796159141779075 89.30829240659996 180.1428705216284 2248.575367735727 2248.575367735727 -1047.8581828882684 -1923.9999112674059 506.26944840170904
179.47210505205277 0.9497516144405448 39627811895382398 9 28-29-31-33-34-35-36-38-445 0.663148332340858 1.0 1 0.9583234050402504 1.0 [-1,-1] 1.0 1.0 1.0 0.000700708733790897 0.12894715825466588 89.05024838555946 180.52789494794723 2468.3147193356936 2468.3147193356936 -247.69085571873757 -2169.398235214221 1151.0595513404107
180.22958726931512 -0.012908415110800497 39627787748775225 8 28-29-31-33-34-35-36-445 0.49319647935164673 1.0 1 0.6297195805743914 0.5 [-1,-1] 1.0 1.0 1.0 0.0005337442823398631 0.16272042362546515 90.0129084151108 179.77041273068488 1923.510619989346 1923.510619989346 -1307.0188119155011 -1100.0636270525947 -883.9994043814056
178.21479171313374 -0.09884245938436494 39627787715220608 7 28-29-31-33-34-35-37 0.7099280018168105 1.0 1 1.3887296087483731 1.0 [-1,-1] 1.0 1.0 1.0 0.0005843703162771602 0.15074849413407446 90.09884245938437 181.78520828686626 2608.6465460175527 2608.6465460175527 2007.2243226756448 -913.6783254228293 -1393.2979717781623
179.8290311434717 0.07739678878979775 39627787744577252 7 28-29-31-33-34-35-37 1.0270331536124628 1.0 1 0.24175503239628826 1.0 [-1,-1] 1.0 1.0 1.0 0.00020304675497218746 0.33812883710054276 89.9226032112102 180.1709688565283 3462.2876480976715 3462.2876480976715 -1453.6740342018736 -2857.446042881562 -1307.3904055321261
179.82752828859248 0.06800572052677895 39627787744577221 7 28-29-31-33-34-35-37 0.9463622973738263 1.0 1 0.23747394767348978 1.0 [-1,-1] 1.0 1.0 1.0 0.0004445766401596716 0.18918261239264766 89.93199427947322 180.17247171140752 3260.2040936139215 3260.2040936139215 -1359.4953463824472 -2682.288585465705 -1259.3772585932409
178.4422317781131 1.0317749198485096 39627811878604196 7 28-29-31-33-34-35-37 0.4503381311698671 1.0 1 1.5507552485837985 1.0 [-1,-1] 1.0 1.0 1.0 0.0005635091211985168 0.1554616369400361 88.96822508015148 181.5577682218869 1777.037027911025 1777.037027911025 1188.9811697369973 -912.5398935100749 954.7016912786488
178.19198425031976 -0.10514537348444646 39627787715220047 7 28-29-31-33-34-35-37 0.7949876430254723 1.0 1 1.4119354359586864 1.0 [-1,-1] 1.0 1.0 1.0 0.0007229154976227362 0.12548315978664992 90.10514537348445 181.80801574968024 2853.81320145221 2853.81320145221 2209.2155936440918 -945.4115707282912 -1539.4197645592835
178.43757815311145 1.0341042163426057 39627811878604105 7 28-29-31-33-34-35-37 0.48637779239675377 1.0 1 1.5557793394517827 1.0 [-1,-1] 1.0 1.0 1.0 0.00048380039118235755 0.17655271186088778 88.96589578365739 181.56242184688855 1900.4589911639932 1900.4589911639932 1274.1913977349288 -968.5495258018859 1024.7401988325198
178.4332245132669 -0.26999931074859684 39627781679616237 8 28-29-31-33-34-35-37-38 0.9630605982762351 1.0 1 1.1976036852410767 1.0 [-1,-1] 1.0 1.0 1.0 0.00041974738576830407 0.19815580287489248 90.2699993107486 181.5667754867331 3302.826611681931 3302.826611681931 1957.7152691608637 -1474.7121016476344 -2213.874153826899
179.35863240551424 -0.7872979718785478 39627769616796269 9 28-29-31-33-34-35-37-38-445 0.7176776747412817 1.0 1 0.8234638701789154 1.0 [-1,-1] 1.0 1.0 1.0 0.0006167714992318164 0.14396928707710532 90.78729797187854 180.64136759448576 2631.51115537204 2631.51115537204 -0.17324124343014313 -825.0096473474298 -2498.841734207797
179.9582595461436 0.8386973417111786 39627805863973314 9 28-29-31-33-34-35-37-38-445 1.0621497017910015 1.0 1 0.912005463789039 1.0 [-1,-1] 1.0 1.0 1.0 0.0001568149373683449 0.39812733398474315 89.16130265828882 180.0417404538564 3547.3136218755662 3547.3136218755662 -1863.9976364879494 -2725.5502561982166 1296.27255777831
180.50119965610853 -0.9317359707976018 39627763597967400 9 28-29-31-33-34-35-37-38-445 0.783919574471906 1.0 1 1.2962334456192346 1.0 [-1,-1] 1.0 1.0 1.0 0.0007324854237337303 0.12404708914385561 90.9317359707976 179.49880034389147 2822.6225327965894 2822.6225327965894 -445.72008206133154 -203.34892721598843 -2779.780708059249
180.18425571904967 -0.34929023161017997 39627781708976823 9 28-29-31-33-34-35-37-38-445 0.6534840224726658 1.0 1 0.6807012430920911 1.0 [-1,-1] 1.0 1.0 1.0 0.000700708733790897 0.12894715825466588 90.34929023161018 179.81574428095033 2438.8217810567976 2438.8217810567976 -1231.066297683445 -1135.328612406698 -1772.9513226018662
180.37281886733277 0.9576480806536939 39627811912157202 9 28-29-31-33-34-35-37-38-445 0.608540503817519 1.0 1 1.2305621602504773 1.0 [-1,-1] 1.0 1.0 1.0 0.0007756247847600315 0.11796159141779075 89.0423519193463 179.62718113266723 2299.3618199731386 2299.3618199731386 -1719.9816263084497 -1069.7350068183187 1088.2991314427006
178.44068978315067 -0.2838362416842245 39627781679616415 9 28-29-31-33-34-35-37-38-445 0.8844799843119183 1.0 1 1.1935460595817355 1.0 [-1,-1] 1.0 1.0 1.0 0.0005690156306133545 0.15418916366201427 90.28383624168423 181.55931021684933 3098.5095584816954 3098.5095584816954 1803.2306173631407 -1379.5614596703729 -2108.5376457627517
180.9819636087179 -0.1564356161399931 39627781721559429 8 28-29-31-33-34-35-38-445 0.6142245183248862 1.0 1 1.3907878242046787 1.0 [-1,-1] 1.0 1.0 1.0 0.0007214233604467519 0.12571007283523317 90.15643561613999 179.0180363912821 2317.2109160515733 2317.2109160515733 -1881.8992823800359 99.35267128019869 -1348.3510548650029
178.64814801853004 1.1689326750512172 39627817922595335 7 28-29-31-33-34-35-445 0.9763311655907756 1.0 1 1.5074150334224503 1.0 [-1,-1] 1.0 1.0 1.0 0.0003578035202613049 0.22475091060875194 88.83106732494878 181.35185198146996 3336.4009361067915 3336.4009361067915 1657.8189894611019 -1927.6832706866512 2160.3806638070205
178.15543032584753 -0.11951431322845353 39627787715219130 7 28-29-31-33-34-36-37 0.467799370225018 1.0 1 1.4495041179146424 1.0 [-1,-1] 1.0 1.0 1.0 0.0005635091211985168 0.1554616369400361 90.11951431322845 181.84456967415247 1837.169053338032 1837.169053338032 1430.059603482094 -551.0580448983764 -1013.1410031108088
178.14464294492902 -0.1346969637431725 39627781675420672 7 28-29-31-33-34-36-37 0.8162067720271198 1.0 1 1.4615757002661205 1.0 [-1,-1] 1.0 1.0 1.0 0.0006627118749498285 0.13533979738261318 90.13469696374317 181.85535705507098 2913.0301595655737 2913.0301595655737 2253.693934603039 -840.6297872240483 -1643.152433739413
179.237996618922 -0.35336914631784583 39627781692200136 8 28-29-31-33-34-36-37-38 0.7104181056226436 1.0 1 0.5058799659135144 1.0 [-1,-1] 1.0 1.0 1.0 0.0006167714992318164 0.14396928707710532 90.35336914631785 180.762003381078 2610.0957402832796 2610.0957402832796 214.3828009070166 -1771.592507687108 -1904.7571432671116
179.29240174298644 1.3002407217331693 39627817935176556 8 28-29-31-33-34-36-37-38 0.7075350828589088 1.0 1 1.3361236392025928 0.5 [-1,-1] 1.0 1.0 1.0 0.0005843703162771602 0.15074849413407446 88.69975927826682 180.70759825701356 2601.564686935651 2601.564686935651 115.11542745515695 -1741.0928538432959 1929.632849266465
179.24169513324722 -0.3506799092293869 39627781692200210 8 28-29-31-33-34-36-37-38 0.70824779676199 1.0 1 0.5013553362315001 1.0 [-1,-1] 1.0 1.0 1.0 0.0005843703162771602 0.15074849413407446 90.35067990922938 180.75830486675278 2603.675046103396 2603.675046103396 207.91218350332156 -1773.08191697309 -1895.2774956072883
180.028601059966 -0.24001713607379385 39627781708972696 9 28-29-31-33-34-36-37-38-445 0.6784572665655904 1.0 1 0.4912290908149982 1.0 [-1,-1] 1.0 1.0 1.0 0.0007209928471550773 0.12577569469930108 90.24001713607379 179.971398940034 2514.6797615720147 2514.6797615720147 -1189.9641614657628 -1501.4468386324702 -1628.8821284695616
179.27760520092332 -0.7436695229778071 39627769616794322 9 28-29-31-33-34-36-37-38-445 0.7711680094589324 1.0 1 0.8105411334851952 1.0 [-1,-1] 1.0 1.0 1.0 0.0007324854237337303 0.12404708914385561 90.74366952297781 180.72239479907668 2786.4277173236865 2786.4277173236865 79.77251219783003 -984.9232976624476 -2605.329512343701
180.61293331356666 -0.8144285021603279 39627769637768020 9 28-29-31-33-34-36-37-38-445 0.7223347936104768 1.0 1 1.2997148059565342 1.0 [-1,-1] 1.0 1.0 1.0 0.0006167714992318164 0.14396928707710532 90.81442850216033 179.38706668643334 2645.199775308232 2645.199775308232 -723.116301818835 -236.65568695913407 -2533.4124715814582
179.7417436083387 -0.3854327826436039 39627775660791188 9 28-29-31-33-34-36-37-38-445 0.8689046344950146 1.0 1 0.4106694259065977 1.0 [-1,-1] 1.0 1.0 1.0 0.0006812235016579503 0.1321480675826358 90.3854327826436 180.2582563916613 3056.862531233258 3056.862531233258 -754.5058958074939 -1870.9747976338426 -2296.6459663318883
179.26359362859498 -0.3537210136441585 39627781696389428 9 28-29-31-33-34-36-37-38-445 0.7449071874909878 1.0 1 0.4881458434291515 1.0 [-1,-1] 1.0 1.0 1.0 0.0007126833197713517 0.12705585074725267 90.35372101364416 180.73640637140502 2711.0005429788844 2711.0005429788844 175.4364133810008 -1844.4844361251314 -1979.0460261914002
180.46640775821226 0.42522776145668534 39627799832565295 9 28-29-31-33-34-36-37-38-445 0.8210743317615967 1.0 1 0.9651255203615409 1.0 [-1,-1] 1.0 1.0 1.0 0.0006627118749498285 0.13533979738261318 89.57477223854332 179.53359224178774 2926.5076279662744 2926.5076279662744 -2616.6116515051963 -1305.570576259624 -115.22079741588551
180.46029816467657 0.42225641943266057 39627799832565155 9 28-29-31-33-34-36-37-38-445 0.8226629450599019 1.0 1 0.9583318925559262 1.0 [-1,-1] 1.0 1.0 1.0 0.0006627118749498285 0.13533979738261318 89.57774358056734 179.53970183532343 2930.8976813911513 2930.8976813911513 -2612.1821049726323 -1323.3541793802679 -124.09506501691062
180.45523683383078 0.4226005331172037 39627799832565041 9 28-29-31-33-34-36-37-38-445 0.8224766086338238 1.0 1 0.9539433885381592 1.0 [-1,-1] 1.0 1.0 1.0 0.0006627118749498285 0.13533979738261318 89.5773994668828 179.54476316616922 2930.382967601839 2930.382967601839 -2605.0310163815575 -1336.3429774282786 -123.06578394970518
178.25226906060453 -0.12068209064106701 39627787719409734 8 28-29-31-33-34-36-37-445 0.7935998105517046 1.0 1 1.353122376499756 1.0 [-1,-1] 1.0 1.0 1.0 0.0007229154976227362 0.12548315978664992 90.12068209064107 181.74773093939547 2849.913619815735 2849.913619815735 2123.6968019849623 -1064.4920206031445 -1574.4129927443764
179.6330926620074 -0.6463732150128346 39627769620991273 8 28-29-31-33-34-36-37-445 0.5592820901454348 1.0 1 0.6472197547246124 1.0 [-1,-1] 1.0 1.0 1.0 0.000677088223595666 0.13284793461577618 90.64637321501283 180.3669073379926 2142.0658812860715 2142.0658812860715 -257.8331396143787 -914.9747095556961 -1919.580577303265
178.2339550270209 -0.13370059268585746 39627781675422831 8 28-29-31-33-34-36-37-445 1.0713828728814472 1.0 1 1.372571065351491 1.0 [-1,-1] 1.0 1.0 1.0 0.0001075182622224553 0.4910338705006151 90.13370059268586 181.7660449729791 3569.3824905538295 3569.3824905538295 2660.416598383072 -1273.1034707949561 -2010.4433440338328
178.42650692494183 1.0227777154796487 39627811878603901 8 28-29-31-33-34-36-37-445 0.48861680022678444 1.0 1 1.5566033453287433 1.0 [-1,-1] 1.0 1.0 1.0 0.00048380039118235755 0.17655271186088778 88.97722228452035 181.57349307505817 1908.038760930561 1908.038760930561 1299.2322197407875 -965.0770956656258 1010.5611074162991
179.6337082962595 -0.6463611283451848 39627769620991296 8 28-29-31-33-34-36-37-445 0.5595931944910288 1.0 1 0.6472394528077162 1.0 [-1,-1] 1.0 1.0 1.0 0.000677088223595666 0.13284793461577618 90.64636112834519 180.3662917037405 2143.074180461777 2143.074180461777 -258.5243207197043 -915.2687595359045 -1920.4726544202442
179.6486655907437 -0.6459489258004372 39627769620991695 8 28-29-31-33-34-36-37-445 0.5646378114695862 1.0 1 0.6477794795482651 1.0 [-1,-1] 1.0 1.0 1.0 0.000677088223595666 0.13284793461577618 90.64594892580044 180.3513344092563 2159.397375379742 2159.397375379742 -274.48624540639014 -919.0050260202013 -1934.7051682437896
178.75020446778564 -1.078118023722764 39627763568607268 8 28-29-31-33-34-36-37-445 0.4375595234625537 1.0 1 1.3727365682812422 1.0 [-1,-1] 1.0 1.0 1.0 0.0005288673958748294 0.16397488484989944 91.07811802372277 181.24979553221436 1732.630117584163 1732.630117584163 27.785576530931785 -39.906347324055226 -1731.9476232091447
