data_rosette/LRG_6_clustering_data.ecsv
# %ECSV 1.0
# ---
# datatype:
# - {name: RA, unit: deg, datatype: float64}
# - {name: DEC, unit: deg, datatype: float64}
# - {name: TARGETID, datatype: int64}
# - {name: NTILE, datatype: int64}
# - {name: TILES, datatype: string}
# - {name: Z, datatype: float64}
# - {name: COMP_TILE, datatype: float64}
# - {name: ROSETTE_NUMBER, datatype: int32}
# - {name: ROSETTE_R, unit: deg, datatype: float64}
# - {name: FRACZ_TILELOCID, datatype: float64}
# - {name: BITWEIGHTS, datatype: string, subtype: 'int64[2]'}
# - {name: PROB_OBS, datatype: float64}
# - {name: WEIGHT_ZFAIL, datatype: float64}
# - {name: WEIGHT, datatype: float64}
# - {name: NZ, unit: h3 / Mpc3, datatype: float64}
# - {name: WEIGHT_FKP, datatype: float64}
# - {name: theta, unit: deg, datatype: float64}
# - {name: phi, unit: deg, datatype: float64}
# - {name: rho, unit: Mpc, datatype: float64}
# - {name: r, unit: Mpc, datatype: float64}
# - {name: x, unit: Mpc, datatype: float64}
# - {name: y, unit: Mpc, datatype: float64}
# - {name: z, unit: Mpc, datatype: float64}
# meta: !!omap
# - {EXTNAME: LSS}
# - {DESIDR: edr}
# - comments: ['Visit https://desidatamodel.readthedocs.io/en/latest/ for a more complet', e description]
# schema: astropy-2.0
RA DEC TARGETID NTILE TILES Z COMP_TILE ROSETTE_NUMBER ROSETTE_R FRACZ_TILELOCID BITWEIGHTS PROB_OBS WEIGHT_ZFAIL WEIGHT NZ WEIGHT_FKP theta phi rho r x y z
[from data line 4567]
213.89354221825195 53.838331833130624 39633304550377347 4 164-169-172-460 0.7140489770943397 0.6 6 1.6486937507243982 1.0 [-1,-1] 1.0 1.0 1.0 0.0005823912580269674 0.15084542533972659 36.161668166869376 -213.89354221825195 2620.8184697295655 2620.8184697295655 -2527.7596286150138 686.646065038754 87.39503753934515
213.68700278545194 53.714049489729675 39633304550375789 4 164-169-172-460 0.8199522206541715 0.6 6 1.6303830706862714 0.3333333333333333 [2526151385348272048,1636140176180331367] 0.484375 1.0 2.0476190476190474 0.000762533893525711 0.11946670068019369 36.285950510270325 -213.68700278545194 2923.4041953368 2923.4041953368 -2882.1847209559296 169.38560163564227 458.92465782470896
212.95434162521542 51.81750593523689 39633275181861960 2 164-170 0.5711793708863093 0.7272727272727273 6 1.704195243078228 1.0 [-2594215402906615894,8064741860511185148] 0.7265625 1.0 1.372340425531915 0.0005369919189708607 0.1615383650856205 38.18249406476311 -212.95434162521542 2180.4899464761015 2180.4899464761015 791.859050413845 632.4721716899181 1930.666880380682
212.914857452597 52.04575006354145 39633278923179500 2 164-170 0.4593099156053797 0.7272727272727273 6 1.6456781972903685 1.0 [-1,-1] 1.0 1.0 1.0 0.0005330850268982689 0.1625298359500762 37.95424993645855 -212.914857452597 1808.012281275009 1808.012281275009 345.0177418179804 298.62427415702 1749.4841268088935
212.88231186254126 52.03260393262713 39633278923179188 2 164-170 0.7175343365676979 0.7272727272727273 6 1.6686863629423585 0.5 [-1,-1] 1.0 1.0 1.0 0.0005823912580269674 0.15084542533972659 37.96739606737287 -212.88231186254126 2631.0892280121634 2631.0892280121634 512.2137521181857 473.3528633717715 2536.9676120597987
212.83169489611967 52.149842185641376 39633282643528630 2 164-170 0.6072264065730263 0.7272727272727273 6 1.667885111193675 1.0 [-6354860551411237557,4017205881933888733] 0.7265625 1.0 1.372340425531915 0.0006106036532175123 0.14488555312656437 37.850157814358624 -212.83169489611967 2295.2264574244896 2295.2264574244896 241.45976209622864 246.93360355915132 2269.0935347805953
212.7957793466556 52.635092848958436 39633290025503431 2 164-170 0.8247315900229899 0.7272727272727273 6 1.6491388484557394 1.0 [-1,-1] 1.0 1.0 1.0 0.000762533893525711 0.11946670068019369 37.364907151041564 -212.7957793466556 2936.607981042392 2936.607981042392 -648.2868395420979 -712.4565661540942 2774.1298184011343
212.80822006513637 52.19389265714147 39633282643528379 2 164-170 0.4513260353623184 0.7272727272727273 6 1.6724951207771628 1.0 [-1,-1] 1.0 1.0 1.0 0.0005330850268982689 0.1625298359500762 37.80610734285853 -212.80822006513637 1780.45595768188 1780.45595768188 129.7046645879197 139.02867083758045 1770.274313747497
212.7779537618166 52.21995945525228 39633282643528102 2 164-170 0.5584148059253482 0.7272727272727273 6 1.6856656925176194 0.5 [6887590132018642795,7078521645510229370] 0.6328125 1.0 1.5731707317073171 0.0006724560872077301 0.13333590500666823 37.78004054474772 -212.7779537618166 2139.2539790519822 2139.2539790519822 114.09119996652292 129.96458781319552 2132.2523281484496
213.0656585416383 51.694114113499545 39633275186053521 2 164-170 0.47303037684010046 0.7272727272727273 6 1.6986699119463466 0.5 [-1,-1] 1.0 1.0 1.0 0.000668512811805897 0.13401699399284683 38.305885886500455 -213.0656585416383 1855.060839925255 1855.060839925255 894.7333039457009 564.2510259780232 1523.9172596690908
212.85041159754005 52.145838029439126 39633282643528883 2 164-170 0.4643687150703901 0.7272727272727273 6 1.657626630331751 1.0 [-1,-1] 1.0 1.0 1.0 0.0005330850268982689 0.1625298359500762 37.854161970560874 -212.85041159754005 1825.4044764770115 1825.4044764770115 200.82215298251964 197.82850263369218 1803.50654258849
215.11694256570408 50.95612910412068 39633263861435309 2 164-170 0.7938728404010597 0.7272727272727273 6 1.5619895804755894 1.0 [-1,-1] 1.0 1.0 1.0 0.0008239664519383997 0.11155322342262282 39.04387089587932 -215.11694256570408 2850.6810474331114 2850.6810474331114 227.98135474646887 -2768.795795611828 638.8871404908464
214.91238915282815 50.9358817704946 39633263861433212 2 164-170 0.6953679008292021 0.7272727272727273 6 1.605909593594059 1.0 [-1,-1] 1.0 1.0 1.0 0.0005639081233901963 0.1550231922816235 39.0641182295054 -214.91238915282815 2565.395943168693 2565.395943168693 710.1753506865098 -2408.756256957078 524.2142797309201
214.91650878434518 50.93614424613653 39633263861433247 2 164-170 0.6952894431008465 0.7272727272727273 6 1.6050771949356675 1.0 [-1,-1] 1.0 1.0 1.0 0.0005639081233901963 0.1550231922816235 39.06385575386347 -214.91650878434518 2565.1618461122994 2565.1618461122994 700.1438780618419 -2411.3091939043566 524.8255121038881
214.98399693708964 50.951902128906475 39633263861433900 2 164-170 0.6934506210651767 0.7272727272727273 6 1.5807372342705512 0.5 [6610648133761496319,-2309560509709811873] 0.7421875 1.0 1.34375 0.0005639081233901963 0.1550231922816235 39.048097871093525 -214.98399693708964 2559.672087017888 2559.672087017888 532.9639908158832 -2439.4198743705 563.1174425271626
212.92692594750832 52.001631811274294 39633278923179603 2 164-170 0.7174871036521827 0.7272727272727273 6 1.6520996424794416 1.0 [-1,-1] 1.0 1.0 1.0 0.0005823912580269674 0.15084542533972659 37.998368188725706 -212.92692594750832 2630.9501861000867 2630.9501861000867 592.5468753848326 500.489230207692 2514.0202092779336
213.56689552388494 51.30958788481118 39633267648889901 2 164-170 0.8498562887316662 0.7272727272727273 6 1.6849784340997886 0.5 [-3294380842397396856,-6473774805529876055] 0.3203125 1.0 3.0714285714285716 0.0006366829495309179 0.1397804201853648 38.69041211518882 -213.56689552388494 3005.39753089816 3005.39753089816 2509.9929857740412 154.31992554986576 1645.762707887183
215.1266697186857 50.99380629641277 39633263861435392 3 164-170-172 0.7610969090131238 0.7142857142857143 6 1.5238202722911192 1.0 [-1,-1] 1.0 1.0 1.0 0.0007242712797402853 0.12498917450484462 39.00619370358723 -215.1266697186857 2757.6430599187815 2757.6430599187815 192.65450507819537 -2655.3271671928123 718.8303852502971
212.89216655332518 52.6855382571262 39633290029695147 3 164-170-172 0.809900075548539 0.7142857142857143 6 1.5949345049662518 0.5 [-1,-1] 1.0 1.0 1.0 0.0008239664519383997 0.11155322342262282 37.3144617428738 -212.89216655332518 2895.509004770801 2895.509004770801 -805.1693538605747 -729.5035850980045 2683.93353636816
212.8268397383853 52.20482554884017 39633282643528588 3 164-170-172 0.47036303566603266 0.7142857142857143 6 1.659138640712103 0.25 [973816077106548800,50103784013111320] 0.2109375 1.0 4.607142857142857 0.000668512811805897 0.13401699399284683 37.79517445115983 -212.8268397383853 1845.9446776899988 1845.9446776899988 123.16881450507572 127.19056857567662 1837.434013914743
213.01440345726186 52.561175809828455 39633286347098673 3 164-170-172 0.9718648535389144 0.7142857142857143 6 1.5132442864883593 1.0 [-1,-1] 1.0 1.0 1.0 0.00030269805442075816 0.25472307248715254 37.438824190171545 -213.01440345726186 3325.13059995787 3325.13059995787 -699.4986257661708 -492.9614091766859 3213.1268615462354
213.73224679469917 51.354313898540596 39633267648891520 3 164-170-172 1.0961614229110013 0.7142857142857143 6 1.5813411310310694 1.0 [-1,-1] 1.0 1.0 1.0 5.9370222311395755e-05 0.6353792046182113 38.645686101459404 -213.73224679469917 3628.0273439842654 3628.0273439842654 2927.957247668771 -305.4513820019808 2120.4594355362046
213.69849108578754 51.354564288847214 39633267648891173 3 164-170-172 0.9190483367562736 0.7142857142857143 6 1.5955758087970071 1.0 [-1,-1] 1.0 1.0 1.0 0.00042618922305278896 0.1953324009783564 38.645435711152786 -213.69849108578754 3189.5685260552705 3189.5685260552705 2581.2349854906174 -181.47666651018497 1864.843036717566
212.90777678813532 52.55537002366307 39633286347097786 3 164-170-172 0.5186313338961569 0.7142857142857143 6 1.5779382780919138 1.0 [-1,-1] 1.0 1.0 1.0 0.0006888416087567301 0.1305783864573065 37.44462997633693 -212.90777678813532 2008.6644763424752 2008.6644763424752 -379.99036346021023 -333.62956430849584 1943.973152082325
212.92303077422412 51.914101904446625 39633278923179564 3 164-170-172 0.6536463511451681 0.7142857142857143 6 1.6842598841625414 0.3333333333333333 [-1,-1] 1.0 1.0 1.0 0.0006371005092682059 0.1397016056866948 38.085898095553375 -212.92303077422412 2439.3186003917194 2439.3186003917194 700.6323927938305 596.4741829268494 2259.116648933108
212.84758573266612 52.22548346677201 39633282643528842 3 164-170-172 0.4722315381373653 0.7142857142857143 6 1.6427235999322254 0.5 [-289204825346409237,-7241958661126467603] 0.6875 1.0 1.449438202247191 0.000668512811805897 0.13401699399284683 37.77451653322799 -212.84758573266612 1852.3321861303082 1852.3321861303082 99.1322813867393 98.20804071122686 1847.0686233329309
213.0276075092646 52.558500863010224 39633286347098791 3 164-170-172 0.5273101647698792 0.7142857142857143 6 1.5051590151998258 1.0 [-1,-1] 1.0 1.0 1.0 0.0006888416087567301 0.1305783864573065 37.441499136989776 -213.0276075092646 2037.4220019237275 2037.4220019237275 -428.2117124698083 -293.3912028365071 1970.1890125885668
217.64818631957868 52.87576782532965 39633293733268962 4 164-170-172-173 0.6240950668949633 1.0 6 1.3552121404010933 1.0 [-1,-1] 1.0 1.0 1.0 0.0007056687116799521 0.12786279395313782 37.12423217467035 -217.64818631957868 2348.0602652354837 2348.0602652354837 815.1417592291053 -982.6277094392324 1970.6277441923976
212.93740828468844 52.56550402483541 39633286347098057 3 164-170-173 0.9715720515548933 1.0 6 1.5601379525281074 1.0 [-4194305,-281474976727041] 0.9765625 1.0 1.0238095238095237 0.00030269805442075816 0.25472307248715254 37.43449597516459 -212.93740828468844 3324.390702240474 3324.390702240474 -670.0706384673734 -554.0392575956511 3208.6787594973885
216.5467104997537 51.09717263979356 39633263878210860 3 164-170-173 0.8117335404272874 1.0 6 1.5449309352582008 1.0 [-1,-1] 1.0 1.0 1.0 0.000762533893525711 0.11946670068019369 38.90282736020644 -216.5467104997537 2900.609581285013 2900.609581285013 -2640.219837237835 -599.2336897667135 1041.0063108102702
215.8774564262609 52.827960312958055 39633290059056113 4 164-170-173-460 0.7524397053739353 1.0 6 0.3999533407526469 1.0 [-1,-1] 1.0 1.0 1.0 0.0007242712797402853 0.12498917450484462 37.172039687041945 -215.8774564262609 2732.758679849079 2732.758679849079 862.578995140116 1070.2610734692853 2361.8782174468524
212.93231783321903 52.54936092099629 39633286347098014 4 164-170-173-460 0.7595025151662984 1.0 6 1.5629252639983235 1.0 [-1,-1] 1.0 1.0 1.0 0.0007242712797402853 0.12498917450484462 37.45063907900371 -212.93231783321903 2753.0699213853845 2753.0699213853845 -519.5811966791167 -434.0809823933034 2668.5207649218114
212.92407014129617 53.02226602930455 39633293687130020 3 164-170-460 0.9299899633257005 1.0 6 1.6438504993319907 1.0 [-1,-1] 1.0 1.0 1.0 0.00042618922305278896 0.1953324009783564 36.97773397069545 -212.92407014129617 3218.001944929585 3218.001944929585 -1619.661297575668 -1375.9764086560522 2416.38629393731
213.41895933462334 53.411112923235585 39633300947471195 3 164-170-460 0.901121274900871 1.0 6 1.5496930735831145 1.0 [-1,-1] 1.0 1.0 1.0 0.0005723615213970424 0.15308410280969617 36.588887076764415 -213.41895933462334 3142.580109216631 3142.580109216631 -2753.659365656455 -585.0251683817283 1396.7517292405387
213.31361008555578 53.488349190527394 39633300947470301 2 164-172 0.5803818293520369 0.5909090909090909 6 1.6456710735014677 1.0 [-1,-1] 1.0 1.0 1.0 0.0005369919189708607 0.1615383650856205 36.511650809472606 -213.31361008555578 2210.020665355938 2210.020665355938 -1948.9702257407384 -634.4033729587923 826.5825795738165
214.58333643859675 54.02932842823909 39633308132313020 2 164-172 0.7035421949480858 0.5909090909090909 6 1.624602142713451 1.0 [-1,-1] 1.0 1.0 1.0 0.0005639081233901963 0.1550231922816235 35.97067157176091 -214.58333643859675 2589.7247374050185 2589.7247374050185 -1477.2238853531207 2087.8669148458353 -406.5655592421167
213.3368847033702 53.46838126084269 39633300947470494 2 164-172 0.6248989925078874 0.5909090909090909 6 1.6227422917695697 0.25 [2263250196907265,4042263249336668576] 0.2421875 1.0 4.03125 0.0007056687116799521 0.12786279395313782 36.53161873915731 -213.3368847033702 2350.564691850762 2350.564691850762 -2070.8248881872423 -621.1548011264575 922.4995209089886
212.8359133846089 52.25050985582464 39633282643528698 2 164-172 0.5701754009827051 0.5909090909090909 6 1.6453172262766864 1.0 [-1,-1] 1.0 1.0 1.0 0.0005369919189708607 0.1615383650856205 37.74949014417536 -212.8359133846089 2177.2581963527027 2177.2581963527027 76.9835939961793 78.06724584961412 2174.4958691535635
212.8090245264193 52.68789374426658 39633290025503536 2 164-172 0.5877908518123057 0.5909090909090909 6 1.6453238420354404 0.5 [-5626526317057920128,8314306508867147389] 0.4765625 1.0 2.0806451612903225 0.0005369919189708607 0.1615383650856205 37.31210625573342 -212.8090245264193 2233.676435529914 2233.676435529914 -575.5776041717569 -615.9596609055602 2068.48121489044
212.83134148836226 52.10237970426488 39633278923178668 2 164-172 0.5956752631272426 0.5909090909090909 6 1.6795464021604567 0.5 [-1251749806837042622,5703309161390606642] 0.4609375 1.0 2.15 0.0006106036532175123 0.14488555312656437 37.89762029573512 -212.83134148836226 2258.7332020714957 2258.7332020714957 311.31039900722203 318.5929047432711 2214.3757753952605
213.56875971498238 51.38935285658065 39633271427960051 2 164-172 0.8281255340447692 0.5909090909090909 6 1.6280003817719426 1.0 [-1,-1] 1.0 1.0 1.0 0.000762533893525711 0.11946670068019369 38.61064714341935 -213.56875971498238 2945.9612380091817 2945.9612380091817 2324.4942290624795 138.5658631617484 1804.4981841149238
212.78316284725574 52.53391948409516 39633286347096651 2 164-172 0.5908411632419857 0.5909090909090909 6 1.6535178416048564 1.0 [-1,-1] 1.0 1.0 1.0 0.0006106036532175123 0.14488555312656437 37.46608051590484 -212.78316284725574 2243.3846268926172 2243.3846268926172 -343.79948253929064 -387.54142160772426 2182.7478430918463
212.73098858876034 52.70011005734244 39633290025502893 2 164-172 0.8535473345398101 0.5909090909090909 6 1.6935838082785681 1.0 [-1,-1] 1.0 1.0 1.0 0.0006576102792991648 0.1359368301360722 37.29988994265756 -212.73098858876034 3015.4160580090224 3015.4160580090224 -731.0525534743792 -916.1731702672066 2778.294960769968
212.85499069736542 52.09107728834061 39633278923178909 2 164-172 0.8411776196724815 0.5909090909090909 6 1.6684352876630295 1.0 [-4620693373475356673,-649654141855662339] 0.859375 1.0 1.162162162162162 0.0006366829495309179 0.1397804201853648 37.90892271165939 -212.85499069736542 2981.7534558927396 2981.7534558927396 444.40678799516024 433.7902590480984 2916.364567345294
212.86529804630086 52.053470790401164 39633278923179028 2 164-172 0.5939654626664023 0.5909090909090909 6 1.6726292588445655 0.3333333333333333 [-4966251021310787174,-9071617233015258976] 0.3671875 1.0 2.6875 0.0006106036532175123 0.14488555312656437 37.946529209598836 -212.86529804630086 2253.309636682092 2253.309636682092 398.8483261788576 381.37177762001676 2184.692174816318
212.85066897333465 52.24357407718262 39633282643528889 2 164-172 0.46907378111718023 0.5909090909090909 6 1.6376121996354343 1.0 [-1,-1] 1.0 1.0 1.0 0.0005330850268982689 0.1625298359500762 37.75642592281738 -212.85066897333465 1841.5331510678225 1841.5331510678225 75.16835408489464 74.0097106126869 1838.5093493808993
215.05624215935262 51.00205874270943 39633263861434717 3 164-172-173 1.0711592002226928 1.0 6 1.5229164932688888 1.0 [-1,-1] 1.0 1.0 1.0 0.00012850791192818028 0.44600300211103894 38.99794125729057 -215.05624215935262 3568.8492705743943 3568.8492705743943 489.4189887066174 -3402.6566050582146 958.6877477189759
