data_rosette/LRG_18_clustering_data.ecsv
# %ECSV 1.0
# ---
# datatype:
# - {name: RA, unit: deg, datatype: float64}
# - {name: DEC, unit: deg, datatype: float64}
# - {name: TARGETID, datatype: int64}
# - {name: NTILE, datatype: int64}
# - {name: TILES, datatype: string}
# - {name: Z, datatype: float64}
# - {name: COMP_TILE, datatype: float64}
# - {name: ROSETTE_NUMBER, datatype: int32}
# - {name: ROSETTE_R, unit: deg, datatype: float64}
# - {name: FRACZ_TILELOCID, datatype: float64}
# - {name: BITWEIGHTS, datatype: string, subtype: 'int64[2]'}
# - {name: PROB_OBS, datatype: float64}
# - {name: WEIGHT_ZFAIL, datatype: float64}
# - {name: WEIGHT, datatype: float64}
# - {name: NZ, unit: h3 / Mpc3, datatype: float64}
# - {name: WEIGHT_FKP, datatype: float64}
# - {name: theta, unit: deg, datatype: float64}
# - {name: phi, unit: deg, datatype: float64}
# - {name: rho, unit: Mpc, datatype: float64}
# - {name: r, unit: Mpc, datatype: float64}
# - {name: x, unit: Mpc, datatype: float64}
# - {name: y, unit: Mpc, datatype: float64}
# - {name: z, unit: Mpc, datatype: float64}
# meta: !!omap
# - {EXTNAME: LSS}
# - {DESIDR: edr}
# - comments: ['Visit https://desidatamodel.readthedocs.io/en/latest/ for a more complet', e description]
# schema: astropy-2.0
RA DEC TARGETID NTILE TILES Z COMP_TILE ROSETTE_NUMBER ROSETTE_R FRACZ_TILELOCID BITWEIGHTS PROB_OBS WEIGHT_ZFAIL WEIGHT NZ WEIGHT_FKP theta phi rho r x y z
[from data line 542]
268.491600675152 63.098332504724155 39633422510984775 9 541-542-543-544-545-546-547-548-550 0.8091670266539972 1.0 18 0.8091109327961832 1.0 [-1,-1] 1.0 1.0 1.0 0.0008239664519383997 0.11155322342262282 26.901667495275845 -268.491600675152 2893.4681318631397 2893.4681318631397 -324.3120338833138 2818.262682833793 -569.5392746180974
272.3298896281622 62.09096001060474 39633411345745902 9 541-542-543-544-545-546-547-548-550 0.8285327204504804 1.0 18 1.2821192653539393 1.0 [-1,-1] 1.0 1.0 1.0 0.000762533893525711 0.11946670068019369 27.90903998939526 -272.3298896281622 2947.0821050651853 2947.0821050651853 -578.8120648651983 -879.372986441575 -2752.630138300232
268.91860007851614 62.95010855955028 39633422515177864 9 541-542-543-544-545-546-547-548-550 0.9392788396397886 1.0 18 0.5684625522534623 1.0 [-1,-1] 1.0 1.0 1.0 0.0003671239319408774 0.21984967794317842 27.04989144044972 -268.91860007851614 3241.9957420677383 3241.9957420677383 937.3178181371345 2901.850332009416 -1100.56183379437
268.7565354246816 62.37275568311748 39633414151734018 10 541-542-543-544-545-546-547-548-550-551 0.5248334110063803 0.9900990099009901 18 0.47376075583143235 1.0 [-1,-1] 1.0 1.0 1.0 0.0006888416087567301 0.1305783864573065 27.627244316882518 -268.7565354246816 2029.2306223781577 2029.2306223781577 183.25576714088496 1209.5524564858442 -1619.0049714611475
268.8641799793609 63.48272162840921 39633427971967013 10 541-542-543-544-545-546-547-548-550-551 0.59752948648754 0.9900990099009901 18 1.0398450716254501 1.0 [-1,-1] 1.0 1.0 1.0 0.0006106036532175123 0.14488555312656437 26.51727837159079 -268.8641799793609 2264.6085081702267 2264.6085081702267 567.8322118432044 2151.777761601943 419.3694542352439
272.25986849275654 62.31392357899381 39633414176902662 10 541-542-543-544-545-546-547-548-550-551 0.761508000952561 0.9900990099009901 18 1.1893216642814968 1.0 [-1,-1] 1.0 1.0 1.0 0.0007242712797402853 0.12498917450484462 27.68607642100619 -272.25986849275654 2758.821462514227 2758.821462514227 -750.1618067872721 -1334.5125098930282 -2295.0881217517126
268.1815932174262 63.400769676811976 39633427967771624 10 541-542-543-544-545-546-547-548-550-551 0.6558035350171034 0.9900990099009901 18 1.1274335879572364 1.0 [-1,-1] 1.0 1.0 1.0 0.0006371005092682059 0.1397016056866948 26.599230323188024 -268.1815932174262 2445.9161653230717 2445.9161653230717 -1002.0869288482903 2216.6356792963443 254.66436753215936
269.3161174368751 61.10477860062641 39633399756882601 10 541-542-543-544-545-546-547-548-550-551 0.6819585782433218 0.9900990099009901 18 1.428653257821949 1.0 [-1,-1] 1.0 1.0 1.0 0.0008053318504768218 0.11384060807160488 28.89522139937359 -269.3161174368751 2525.2233390314072 2525.2233390314072 -957.5268359222011 -1114.1365533938044 -2053.921860945426
267.10907522615497 62.759417021308145 39633419734355126 10 541-542-543-544-545-546-547-548-550-551 0.9486448403319834 0.9900990099009901 18 1.2280074786879842 1.0 [-1,-1] 1.0 1.0 1.0 0.0003671239319408774 0.21984967794317842 27.240582978691855 -267.10907522615497 3266.0551996983204 3266.0551996983204 -2798.655094087508 206.63421627810806 -1670.9124849846592
269.67774790297443 61.56609809645066 39633405582773782 10 541-542-543-544-545-546-547-548-550-551 0.6805960690567513 0.9900990099009901 18 0.9542162983462598 1.0 [-1,-1] 1.0 1.0 1.0 0.0008053318504768218 0.11384060807160488 28.43390190354934 -269.67774790297443 2521.12305588164 2521.12305588164 -351.69657589339494 -191.77681208490944 -2489.0947422204304
271.5119110239157 62.77391880031824 39633419767909594 10 541-542-543-544-545-546-547-548-550-551 0.48610632875566123 0.9900990099009901 18 0.8571761526940401 1.0 [-1,-1] 1.0 1.0 1.0 0.000668512811805897 0.13401699399284683 27.226081199681758 -271.5119110239157 1899.53930271136 1899.53930271136 384.6374826760864 -1600.4800155877472 -948.033379776265
266.86411346683656 63.01821843273544 39633422498401431 10 541-542-543-544-545-546-547-548-550-551 0.5706819005912324 0.9900990099009901 18 1.4026697353187263 1.0 [-1,-1] 1.0 1.0 1.0 0.0005369919189708607 0.1615383650856205 26.981781567264562 -266.86411346683656 2178.8888504833235 2178.8888504833235 -2064.4369524985677 -357.05754508884263 -598.4702176500475
268.45090117653587 61.48402696044202 39633405574383836 10 541-542-543-544-545-546-547-548-550-551 0.9162863208726055 0.9900990099009901 18 1.1973585941391713 1.0 [-1,-1] 1.0 1.0 1.0 0.00042618922305278896 0.1953324009783564 28.515973039557977 -268.45090117653587 3182.361709978885 3182.361709978885 117.76745207005231 -752.3602661799937 -3089.9046765630537
269.10180571692405 63.4139367595183 39633427971968873 10 541-542-543-544-545-546-547-548-550-551 0.86380217863915 0.9900990099009901 18 0.9384143329129278 1.0 [-1,-1] 1.0 1.0 1.0 0.0006576102792991648 0.1359368301360722 26.5860632404817 -269.10180571692405 3043.134301576118 3043.134301576118 1437.3072221858627 2658.496181493147 356.6684447324724
271.0687972752802 61.50797431437628 39633405595355692 10 541-542-543-544-545-546-547-548-550-551 0.4271485541226622 0.9900990099009901 18 1.1911114631771018 1.0 [-1,-1] 1.0 1.0 1.0 0.0005613841910631427 0.1556117057517016 28.492025685623723 -271.0687972752802 1696.1992535956438 1696.1992535956438 -230.05719458769812 285.09306616139634 -1656.1665190262574
271.822660935018 62.26542785734175 39633414172708817 10 541-542-543-544-545-546-547-548-550-551 0.8081512951699246 0.9900990099009901 18 1.002564542121333 1.0 [-1,-1] 1.0 1.0 1.0 0.0008239664519383997 0.11155322342262282 27.73457214265825 -271.822660935018 2890.6387526677267 2890.6387526677267 -111.16139699159683 -1481.4259131520719 -2479.6799805791184
271.5542757827917 62.23868556941458 39633414172706568 10 541-542-543-544-545-546-547-548-550-551 0.8063281419451945 0.9900990099009901 18 0.8912841769177862 1.0 [-1,-1] 1.0 1.0 1.0 0.0008239664519383997 0.11155322342262282 27.761314430585422 -271.5542757827917 2885.5558993430636 2885.5558993430636 272.32379195365456 -1389.8320485852705 -2514.0881999832086
272.40014306596066 62.26228070972262 39633414176903911 10 541-542-543-544-545-546-547-548-550-551 0.7478405737570866 0.9900990099009901 18 1.2638869086345759 1.0 [-1,-1] 1.0 1.0 1.0 0.0006073340474539246 0.1455520198534496 27.737719290277383 -272.40014306596066 2719.485632734294 2719.485632734294 -844.0092235167219 -1104.7757187246898 -2337.2464886235875
268.71987991559956 61.55399694930389 39633405578576094 10 541-542-543-544-545-546-547-548-550-551 0.9119593570662345 0.9900990099009901 18 1.075842277345074 1.0 [-1,-1] 1.0 1.0 1.0 0.00042618922305278896 0.1953324009783564 28.446003050696113 -268.71987991559956 3171.0476765467324 3171.0476765467324 -61.463136673389386 -538.2030614860399 -3124.43644748453
268.6407939748944 62.32759270433429 39633414147543398 10 541-542-543-544-545-546-547-548-550-551 0.7000244116633223 0.9900990099009901 18 0.5396789970186677 1.0 [-1,-1] 1.0 1.0 1.0 0.0005639081233901963 0.1550231922816235 27.672407295665707 -268.6407939748944 2579.26974152808 2579.26974152808 50.554211823121065 1459.5885540149543 -2125.953415345173
267.47779019544805 62.265701492322584 39633414139153332 10 541-542-543-544-545-546-547-548-550-551 0.7720855786547011 0.9900990099009901 18 1.0741614090562162 1.0 [-1,-1] 1.0 1.0 1.0 0.0007064174578981374 0.12774458208408304 27.734298507677416 -267.47779019544805 2789.041542768928 2789.041542768928 -1295.963500005873 613.941580712684 -2392.1344170876814
268.67100247816853 61.542881723916 39633405574385587 10 541-542-543-544-545-546-547-548-550-551 0.7141892946068515 0.9900990099009901 18 1.096062175054864 1.0 [-1,-1] 1.0 1.0 1.0 0.0005823912580269674 0.15084542533972659 28.457118276084003 -268.67100247816853 2621.232382032961 2621.232382032961 -30.86735249645748 -475.45598739918756 -2577.5662961821786
270.4050933054476 63.71795981199735 39633430673099890 10 541-542-543-544-545-546-547-548-550-551 0.5563766837475868 0.9900990099009901 18 1.2362171995725169 1.0 [-1,-1] 1.0 1.0 1.0 0.0006724560872077301 0.13333590500666823 26.282040188002647 -270.4050933054476 2132.6401614514616 2132.6401614514616 1895.5694730942967 -440.0877993453872 872.5211514777512
271.7165834030677 61.381782917929925 39633405599551246 10 541-542-543-544-545-546-547-548-550-551 0.7809113913095732 0.9900990099009901 18 1.4723347389775325 1.0 [-1,-1] 1.0 1.0 1.0 0.0007064174578981374 0.12774458208408304 28.618217082070075 -271.7165834030677 2814.1090868908254 2814.1090868908254 -29.578746713166087 948.3029531571757 -2649.350214618251
269.15492153199114 62.28484792680409 39633414151737528 10 541-542-543-544-545-546-547-548-550-551 0.5730575341789425 0.9900990099009901 18 0.35534368045639203 1.0 [-1,-1] 1.0 1.0 1.0 0.0005369919189708607 0.1615383650856205 27.71515207319591 -269.15492153199114 2186.5304061286033 2186.5304061286033 605.0482016383238 989.6334349256675 -1853.4987335027693
269.1604080300634 62.28965737921433 39633414151737584 10 541-542-543-544-545-546-547-548-550-551 0.5659459020715392 0.9900990099009901 18 0.3502448757105851 1.0 [-1,-1] 1.0 1.0 1.0 0.0006724560872077301 0.13333590500666823 27.710342620785667 -269.1604080300634 2163.62188648608 2163.62188648608 608.7081336153403 983.4545320762481 -1828.538011388005
271.3740532635548 62.37795991605273 39633416978696548 10 541-542-543-544-545-546-547-548-550-551 0.8584273631029471 0.9900990099009901 18 0.7735670265671066 1.0 [-1,-1] 1.0 1.0 1.0 0.0006576102792991648 0.1359368301360722 27.62204008394727 -271.3740532635548 3028.6277685491605 3028.6277685491605 671.1539422079816 -1711.5208450997097 -2406.8308920808972
272.5029736848937 62.131678901895484 39633414181094350 10 541-542-543-544-545-546-547-548-550-551 0.6775281933116046 0.9900990099009901 18 1.3450344540869574 1.0 [-1,-1] 1.0 1.0 1.0 0.0008053318504768218 0.11384060807160488 27.868321098104516 -272.5029736848937 2511.8782475649696 2511.8782475649696 -680.0018827549137 -722.3503808270873 -2307.6697548303564
272.14166618514906 62.24101818659399 39633414176901606 10 541-542-543-544-545-546-547-548-550-551 0.8235295710124348 0.9900990099009901 18 1.1522478688705666 1.0 [-1,-1] 1.0 1.0 1.0 0.000762533893525711 0.11946670068019369 27.75898181340601 -272.14166618514906 2933.290787303735 2933.290787303735 -554.8307617885671 -1334.9370622718827 -2552.312815551221
272.0562201735209 62.58898619101161 39633416982891811 10 541-542-543-544-545-546-547-548-550-551 1.0148925848882686 0.9900990099009901 18 1.0743244343202412 1.0 [-1,-1] 1.0 1.0 1.0 0.00020130102782971312 0.3394727840281335 27.411013808988393 -272.0562201735209 3432.484365028609 3432.484365028609 -791.9698828278335 -2485.5821023640015 -2230.832632284921
269.08512549826156 63.42282533201964 39633427971968763 10 541-542-543-544-545-546-547-548-550-551 0.4407549881542138 0.9900990099009901 18 0.9491843772911771 1.0 [-1,-1] 1.0 1.0 1.0 0.0006285113834356281 0.1413409039925048 26.57717466798036 -269.08512549826156 1743.766540434373 1743.766540434373 797.2088106935847 1535.214893362584 219.76144085960877
270.3418444555082 61.075326815217124 39633399765271210 10 541-542-543-544-545-546-547-548-550-551 0.8998941604441033 0.9900990099009901 18 1.473308119860783 1.0 [-1,-1] 1.0 1.0 1.0 0.0005723615213970424 0.15308410280969617 28.924673184782876 -270.3418444555082 3139.345325208279 3139.345325208279 -1874.9604701411536 311.96845005744063 -2498.5371705227635
271.2034599560583 62.18051469147054 39633414168513600 10 541-542-543-544-545-546-547-548-550-551 0.5107169241742656 0.9900990099009901 18 0.7633943538903907 1.0 [-1,-1] 1.0 1.0 1.0 0.0006888416087567301 0.1305783864573065 27.819485308529458 -271.2034599560583 1982.3078528070118 1982.3078528070118 450.961923587121 -745.0270019412138 -1780.761784505001
269.55330626111714 62.281369698062186 39633414155931042 10 541-542-543-544-545-546-547-548-550-551 0.5737555977348052 0.9900990099009901 18 0.2522802033098869 1.0 [-1,-1] 1.0 1.0 1.0 0.0005369919189708607 0.1615383650856205 27.718630301937814 -269.55330626111714 2188.7737274556634 2188.7737274556634 937.2964611441467 674.3396636885515 -1859.427813039062
270.6220651188946 61.600169067253276 39633405591162593 10 541-542-543-544-545-546-547-548-550-551 0.9710032389280555 0.9900990099009901 18 1.010318683082062 1.0 [-1,-1] 1.0 1.0 1.0 0.00030269805442075816 0.25472307248715254 28.399830932746724 -270.6220651188946 3322.9529721210765 3322.9529721210765 -375.40280541789355 179.07544153240292 -3296.8198578103484
267.63556224050166 61.55397609158409 39633405565997184 10 541-542-543-544-545-546-547-548-550-551 0.5227832152528296 0.9900990099009901 18 1.3774408106616127 1.0 [-1,-1] 1.0 1.0 1.0 0.0006888416087567301 0.1305783864573065 28.44602390841591 -267.63556224050166 2022.4406979387036 2022.4406979387036 285.14136217586554 -195.15385789193195 -1992.7056360649904
268.74458368774606 63.067802976808935 39633422515176514 10 541-542-543-544-545-546-547-548-550-551 0.810844720339172 0.9900990099009901 18 0.7092516168846644 1.0 [-1,-1] 1.0 1.0 1.0 0.000762533893525711 0.11946670068019369 26.932197023191065 -268.74458368774606 2898.1376481490565 2898.1376481490565 389.44905239740535 2795.707119172154 -656.9269114717739
271.13477516067445 61.68933355927534 39633408476843107 10 541-542-543-544-545-546-547-548-550-551 0.887710841131154 0.9900990099009901 18 1.0591785457288068 1.0 [-1,-1] 1.0 1.0 1.0 0.0005346154933450218 0.1621399955636538 28.31066644072466 -271.13477516067445 3107.1000497536106 3107.1000497536106 -64.93240106131191 92.31510782289351 -3105.0495041688064
268.7289527969035 63.06755318840002 39633422515176388 10 541-542-543-544-545-546-547-548-550-551 0.892360686358498 0.9900990099009901 18 0.7136213591853225 1.0 [-1,-1] 1.0 1.0 1.0 0.0005723615213970424 0.15308410280969617 26.93244681159998 -268.7289527969035 3119.434381155186 3119.434381155186 372.0795646816406 3015.191442140823 -707.8475987951809
268.93520567835435 63.1038183135111 39633422515177997 10 541-542-543-544-545-546-547-548-550-551 0.8604337740326725 0.9900990099009901 18 0.6875371517860023 1.0 [-1,-1] 1.0 1.0 1.0 0.0006576102792991648 0.1359368301360722 26.8961816864889 -268.93520567835435 3034.048510260227 3034.048510260227 962.252698148299 2818.172270237485 -580.8830887391389
268.77519745852646 63.08983395128304 39633422515176757 10 541-542-543-544-545-546-547-548-550-551 0.8739810477777973 0.9900990099009901 18 0.7177064785731907 1.0 [-1,-1] 1.0 1.0 1.0 0.0005346154933450218 0.1621399955636538 26.91016604871696 -268.77519745852646 3070.4790856462178 3070.4790856462178 505.5344418002295 2962.338268766441 -629.9434299573326
269.7078641809631 61.20220215577191 39633402684507835 10 541-542-543-544-545-546-547-548-550-551 0.9051577483461181 0.9900990099009901 18 1.31783917302967 1.0 [-1,-1] 1.0 1.0 1.0 0.0005723615213970424 0.15308410280969617 28.797797844228093 -269.7078641809631 3153.2039191539648 3153.2039191539648 -1405.9591026047758 -712.5952574161644 -2730.967219993438
269.36598333391817 61.13205574170192 39633402680315238 10 541-542-543-544-545-546-547-548-550-551 0.679909190162868 0.9900990099009901 18 1.398539287827745 1.0 [-1,-1] 1.0 1.0 1.0 0.0008053318504768218 0.11384060807160488 28.86794425829808 -269.36598333391817 2519.054698933098 2519.054698933098 -970.5334724911744 -1021.5145564294878 -2088.111435243294
268.9278886777662 63.00809553195514 39633422515177935 10 541-542-543-544-545-546-547-548-550-551 0.5208643204122432 0.9900990099009901 18 0.610721926553492 1.0 [-1,-1] 1.0 1.0 1.0 0.0006888416087567301 0.1305783864573065 26.991904468044858 -268.9278886777662 2016.077979520463 2016.077979520463 611.1536479775641 1833.6672814870801 -573.3462643767809
