data_rosette/LRG_16_clustering_data.ecsv
# %ECSV 1.0
# ---
# datatype:
# - {name: RA, unit: deg, datatype: float64}
# - {name: DEC, unit: deg, datatype: float64}
# - {name: TARGETID, datatype: int64}
# - {name: NTILE, datatype: int64}
# - {name: TILES, datatype: string}
# - {name: Z, datatype: float64}
# - {name: COMP_TILE, datatype: float64}
# - {name: ROSETTE_NUMBER, datatype: int32}
# - {name: ROSETTE_R, unit: deg, datatype: float64}
# - {name: FRACZ_TILELOCID, datatype: float64}
# - {name: BITWEIGHTS, datatype: string, subtype: 'int64[2]'}
# - {name: PROB_OBS, datatype: float64}
# - {name: WEIGHT_ZFAIL, datatype: float64}
# - {name: WEIGHT, datatype: float64}
# - {name: NZ, unit: h3 / Mpc3, datatype: float64}
# - {name: WEIGHT_FKP, datatype: float64}
# - {name: theta, unit: deg, datatype: float64}
# - {name: phi, unit: deg, datatype: float64}
# - {name: rho, unit: Mpc, datatype: float64}
# - {name: r, unit: Mpc, datatype: float64}
# - {name: x, unit: Mpc, datatype: float64}
# - {name: y, unit: Mpc, datatype: float64}
# - {name: z, unit: Mpc, datatype: float64}
# meta: !!omap
# - {EXTNAME: LSS}
# - {DESIDR: edr}
# - comments: ['Visit https://desidatamodel.readthedocs.io/en/latest/ for a more complet', e description]
# schema: astropy-2.0
RA DEC TARGETID NTILE TILES Z COMP_TILE ROSETTE_NUMBER ROSETTE_R FRACZ_TILELOCID BITWEIGHTS PROB_OBS WEIGHT_ZFAIL WEIGHT NZ WEIGHT_FKP theta phi rho r x y z
[from data line 2121]
195.11547512723246 24.600903789930882 39628362666213886 7 481-482-483-486-487-490-491 0.663315716461333 1.0 16 0.34663561686739314 1.0 [-1,-1] 1.0 1.0 1.0 0.000700708733790897 0.12894715825466588 65.39909621006912 -195.11547512723246 2468.824003982077 2468.824003982077 1265.9577837858453 -443.1644988519826 -2072.6910235892365
194.32240067371745 23.861519529794272 39628346086132306 8 481-482-483-486-488-489-490-491 0.8539858402647731 1.0 16 0.9246454290962289 1.0 [-1,-1] 1.0 1.0 1.0 0.0006812235016579503 0.1321480675826358 66.13848047020574 -194.32240067371745 3016.604809178425 3016.604809178425 -444.87408849753683 -218.39018388766024 -2975.6171372882304
194.85187397949983 25.372079045810047 39628379124666356 8 481-482-483-486-488-489-490-491 0.8098432515438176 1.0 16 0.6783876148880097 1.0 [-1,-1] 1.0 1.0 1.0 0.0007229154976227362 0.12548315978664992 64.62792095418996 -194.85187397949983 2895.350834003785 2895.350834003785 2814.6523382011583 -206.20171131214246 -646.7375984718312
194.18181263745834 24.077328272299834 39628351614226953 8 481-482-483-486-488-489-490-491 1.049650767293976 1.0 16 0.8096335961084326 1.0 [-1,-1] 1.0 1.0 1.0 0.00017111768859933566 0.3774092623312036 65.92267172770016 -194.18181263745834 3517.2497764013924 3517.2497764013924 147.63765210884455 100.3407644426737 -3512.71701739074
196.32024593911356 24.877330842092732 39628373672068239 8 481-482-483-486-488-489-490-491 1.0639851512652636 1.0 16 1.4365425168246038 1.0 [-1,-1] 1.0 1.0 1.0 0.0001568149373683449 0.39812733398474315 65.12266915790727 -196.32024593911356 3551.710086975686 3551.710086975686 78.21060854106304 -2669.004047604212 -2341.995951428781
194.06496818618962 25.628456823276316 39628390034051647 7 481-482-483-486-488-489-491 0.573422381629417 1.0 16 1.116440195607193 1.0 [-1,-1] 1.0 1.0 1.0 0.0006621615122706149 0.13543705131792066 64.37154317672369 -194.06496818618962 2187.7030113524083 2187.7030113524083 1652.8736361998403 1431.5808533315383 68.04020142870155
195.18564931018375 25.143160321111864 39628379133050939 7 481-482-483-486-488-489-491 0.6886920920648247 1.0 16 0.5937011116998038 1.0 [-1,-1] 1.0 1.0 1.0 0.0007209928471550773 0.12577569469930108 64.85683967888814 -195.18564931018375 2545.4370614136624 2545.4370614136624 2100.6084917700646 -905.2703067872004 -1116.7718968397808
194.5519007511509 24.707748702135962 39628368152366880 7 481-482-483-486-488-489-491 0.7398786347520732 1.0 16 0.18013590943999025 1.0 [-1,-1] 1.0 1.0 1.0 0.0007126833197713517 0.12705585074725267 65.29225129786404 -194.5519007511509 2696.419799884972 2696.419799884972 1654.4923354471234 381.884207890314 -2094.6358396920505
196.28143709227288 24.10236522554848 39628351647779888 7 481-482-483-486-488-489-491 0.8737955094465204 1.0 16 1.5172819282446683 1.0 [-1,-9] 0.9921875 1.0 1.0078125 0.0005690156306133545 0.15418916366201427 65.89763477445152 -196.28143709227288 3069.982141771388 3069.982141771388 15.822933804814621 -231.97638448861977 -3061.164311597898
195.54461238019343 24.750262832297583 39628368169142932 6 481-482-483-486-488-490 0.8511057507572679 1.0 16 0.7235130879101526 1.0 [-1,-1] 1.0 1.0 1.0 0.0006812235016579503 0.1321480675826358 65.24973716770242 -195.54461238019343 3008.7914067089077 3008.7914067089077 1436.0309435462445 -1381.0063476399005 -2254.6534824760442
194.38315871068085 24.0400011035671 39628351618419918 7 481-482-483-486-488-490-491 0.5056789572543013 1.0 16 0.7397678654884202 1.0 [-1,-1] 1.0 1.0 1.0 0.0005337442823398631 0.16272042362546515 65.9599988964329 -194.38315871068085 1965.464542879459 1965.464542879459 24.387424306377145 10.184179497941159 -1965.2868506505647
195.1870090197955 25.137530030781026 39628379133050966 6 481-482-483-486-488-491 0.4218644391532948 1.0 16 0.5903435771990223 1.0 [-1,-1] 1.0 1.0 1.0 0.0006262316776515472 0.14210347001521706 64.86246996921898 -195.1870090197955 1677.621871593565 1677.621871593565 1379.8106735926679 -596.8638904614915 -744.5073171917227
193.87110097007997 25.792244631496924 39628390034047530 7 481-482-483-486-489-490-491 0.7642430362747984 1.0 16 1.3508922501960847 1.0 [-1,-1] 1.0 1.0 1.0 0.0006416626200019751 0.139161677870846 64.20775536850307 -193.87110097007997 2766.654020334593 2766.654020334593 1670.9206005407666 2138.9997735916286 535.7973343504182
193.87898372847772 25.188564009128125 39628379112080976 6 481-482-483-486-489-491 1.048084396739767 1.0 16 0.9286643264098776 1.0 [-1,-1] 1.0 1.0 1.0 0.00017111768859933566 0.3774092623312036 64.81143599087187 -193.87898372847772 3513.4667241628013 3513.4667241628013 2004.6562381118529 2524.9433940719387 -1396.589648225634
195.0264080032798 24.587710634181565 39628362662023067 6 481-482-483-486-490-491 0.44743657403576176 1.0 16 0.2751842314978424 1.0 [5742075768074532751,-4649018854507307650] 0.75 1.0 1.3298969072164948 0.0005288673958748294 0.16397488484989944 65.41228936581844 -195.0264080032798 1766.9836331079455 1766.9836331079455 911.6364259344812 -230.51141051664885 -1495.9995575542075
196.18945759957901 25.17415091067354 39628379145636701 6 481-482-483-486-490-491 0.6084229189796341 1.0 16 1.3887001300438653 1.0 [-1,-1] 1.0 1.0 1.0 0.0007756247847600315 0.11796159141779075 64.82584908932645 -196.18945759957901 2298.9919243332506 2298.9919243332506 334.13093411363866 -2069.372204001487 -944.1499183518894
193.61498009743633 23.956524411252158 39628351605837509 7 481-482-483-487-488-489-490 0.5380279336240411 1.0 16 1.2737182553073525 1.0 [-1,-1] 1.0 1.0 1.0 0.0007045118177349687 0.128340413101622 66.04347558874784 -193.61498009743633 2072.7275583468495 2072.7275583468495 -57.416938235778794 -133.18490333495012 -2067.6471187941574
193.80574101335466 25.26796870066349 39628379112079467 8 481-482-483-487-488-489-490-491 0.5738648796146033 1.0 16 1.0272009237451305 1.0 [-1,-1] 1.0 1.0 1.0 0.0006621615122706149 0.13543705131792066 64.73203129933651 -193.80574101335466 2189.124833323037 2189.124833323037 1165.8482927613663 1712.2129695938554 -708.0904185848116
196.17608497566118 24.459767427576168 39628362678801567 8 481-482-483-487-488-489-490-491 0.7053776010300166 1.0 16 1.318912023314329 1.0 [-1,-1] 1.0 1.0 1.0 0.0005843703162771602 0.15074849413407446 65.54023257242383 -196.17608497566118 2595.170764183453 2595.170764183453 188.0209977961445 -1073.077214817297 -2355.433015540926
193.80810543234367 25.265202735746282 39628379112079519 8 481-482-483-487-488-489-490-491 0.5708366695705873 1.0 16 1.0238944804723804 1.0 [-1,-1] 1.0 1.0 1.0 0.0006621615122706149 0.13543705131792066 64.73479726425371 -193.80810543234367 2179.38702254895 2179.38702254895 1163.583751284493 1700.2319276092758 -710.6419915397151
195.43536622486525 24.80991784149274 39628368169141100 8 481-482-483-487-488-489-490-491 0.6310693812831513 1.0 16 0.6320166446674805 1.0 [-1,-1] 1.0 1.0 1.0 0.000833303205902425 0.11070054926254569 65.19008215850727 -195.43536622486525 2369.7462043356513 2369.7462043356513 1324.5213504417393 -1020.8163804135125 -1679.0694395011399
194.72238249199523 26.1777781246276 39628400918270621 8 481-482-483-487-488-489-490-491 0.974606187766797 1.0 16 1.4779885393781333 1.0 [-1,-1] 1.0 1.0 1.0 0.0003578035202613049 0.22475091060875194 63.8222218753724 -194.72238249199523 3332.0516306548466 3332.0516306548466 2781.9312988931642 156.96153757340946 1827.235450978008
193.80208513226805 25.265932105707087 39628379107890514 8 481-482-483-487-488-489-490-491 0.5073084598000037 1.0 16 1.0288479680556466 1.0 [-1,-1] 1.0 1.0 1.0 0.0005337442823398631 0.16272042362546515 64.7340678942929 -193.80208513226805 1970.9180324432364 1970.9180324432364 1043.2676099751561 1544.2916072405856 -641.3064917751359
194.7224149589337 26.188627310714615 39628400918270622 8 481-482-483-487-488-489-490-491 0.7745799967079975 1.0 16 1.4888356823130442 1.0 [-1,-1] 1.0 1.0 1.0 0.0007324854237337303 0.12404708914385561 63.811372689285385 -194.7224149589337 2796.1399073609773 2796.1399073609773 2317.7563595444935 130.6964677493273 1558.6283305026761
194.11230113846182 23.470567786306745 39628340541264124 7 481-482-483-487-488-489-491 0.9633311769492554 1.0 16 1.3602999458045077 1.0 [-1,-1] 1.0 1.0 1.0 0.00041974738576830407 0.19815580287489248 66.52943221369325 -194.11230113846182 3303.5138036314297 3303.5138036314297 -1370.4613383033304 -1077.8423949221797 -2805.939226481511
195.06822420992614 23.682702274273026 39628346098713785 7 481-482-483-487-488-490-491 0.5964699894144811 1.0 16 1.0579000978107236 1.0 [-1,-1] 1.0 1.0 1.0 0.0007756247847600315 0.11796159141779075 66.31729772572697 -195.06822420992614 2261.2521896836765 2261.2521896836765 -730.5869578723751 217.60256955924433 -2128.8854558329867
193.363445220394 25.40814478721981 39628384568870503 5 481-482-483-487-489 0.8799913892538136 1.0 16 1.441939192080875 1.0 [-1,-1] 1.0 1.0 1.0 0.0005690156306133545 0.15418916366201427 64.59185521278019 -193.363445220394 3086.547287186026 3086.547287186026 469.48638200614954 2994.888905059898 -580.5145471866468
194.9767100971583 24.72053425875158 39628368160753948 6 481-482-483-487-489-490 0.5967132862081489 1.0 16 0.20697212106890395 1.0 [-1,-1] 1.0 1.0 1.0 0.0007756247847600315 0.11796159141779075 65.27946574124842 -194.9767100971583 2262.02310673559 2262.02310673559 1418.536054475013 -284.5482367860367 -1738.831877583957
195.12615698834455 24.602196134722455 39628362666214107 6 481-482-483-487-490-491 0.6622212407901285 1.0 16 0.3555903437934197 1.0 [-1,-1] 1.0 1.0 1.0 0.000700708733790897 0.12894715825466588 65.39780386527755 -195.12615698834455 2465.493000766747 2465.493000766747 1261.9643998205563 -456.9559753140606 -2068.1617023434455
195.12276031772996 24.602916237753583 39628362666214034 6 481-482-483-487-490-491 0.6622700826341607 1.0 16 0.352423335683436 1.0 [-1,-1] 1.0 1.0 1.0 0.000700708733790897 0.12894715825466588 65.39708376224641 -195.12276031772996 2465.6416967593354 2465.6416967593354 1264.9872348843678 -453.19637685875426 -2067.3193551988898
194.51013905832355 24.555996188767423 39628362653634971 6 481-482-483-487-490-491 1.0306306974574533 1.0 16 0.2613027012277652 1.0 [-1,-1] 1.0 1.0 1.0 0.00017111768859933566 0.3774092623312036 65.44400381123258 -194.51013905832355 3471.07850005116 3471.07850005116 1690.212376789057 465.24340311309624 -2995.849904572364
194.50821057365286 24.57688841979949 39628362653634931 6 481-482-483-487-490-491 0.9127685736631722 1.0 16 0.2519086126724236 1.0 [-1,-1] 1.0 1.0 1.0 0.0004951280553168204 0.17321314004730964 65.42311158020051 -194.50821057365286 3173.1658131736344 3173.1658131736344 1599.1191437989412 443.48861769811737 -2704.6473130154786
195.0694528008247 24.6816896293307 39628368160755678 7 481-482-483-488-489-490-491 0.7328489223305348 1.0 16 0.29082372674333895 1.0 [-1,-1] 1.0 1.0 1.0 0.0007126833197713517 0.12705585074725267 65.3183103706693 -195.0694528008247 2675.9617554770043 2675.9617554770043 1561.9653682131689 -467.31551583919577 -2121.9452664793725
193.83446261565146 25.760524661091072 39628390029858968 7 481-482-483-488-489-490-491 1.022853332044016 1.0 16 1.3455807379726332 1.0 [-1,-1] 1.0 1.0 1.0 0.00020304675497218746 0.33812883710054276 64.23947533890893 -193.83446261565146 3452.0507070434464 3452.0507070434464 1997.1368824550907 2759.2778538555426 560.7888033467418
193.87595984523796 25.188995519215606 39628379112080931 5 481-482-483-489-491 1.0501880522736193 1.0 16 0.9312224603274197 1.0 [-1,-1] 1.0 1.0 1.0 0.0001568149373683449 0.39812733398474315 64.81100448078439 -193.87595984523796 3518.5466167222867 3518.5466167222867 2000.272946129943 2535.126641669535 -1397.21556881028
194.7591248421254 24.596182098872507 39628362657828368 3 481-482-484 0.6876703371227695 1.0 16 0.10414863316590986 1.0 [7450597259463045326,1095042199173655707] 0.5390625 1.0 1.8428571428571427 0.0007209928471550773 0.12577569469930108 65.4038179011275 -194.7591248421254 2542.375125869048 2542.375125869048 1370.8864961390564 26.899806595642545 -2140.9385548740897
193.3202051593263 24.677032084809923 39628368135588381 6 481-482-484-485-486-487 0.7463324678327607 1.0 16 1.29929715496536 1.0 [-1,-1] 1.0 1.0 1.0 0.0007126833197713517 0.12705585074725267 65.32296791519008 -193.3202051593263 2715.1251841374688 2715.1251841374688 184.18430701823925 1633.8405792513727 -2160.681806323475
193.9342985216628 24.051248492429373 39628351614222455 6 481-482-484-485-486-487 0.8875948893413473 1.0 16 0.9863571871959654 0.5 [-4613942216824555553,-19140453329273090] 0.859375 1.0 1.162162162162162 0.0005690156306133545 0.15418916366201427 65.94875150757062 -193.9342985216628 3106.792033846776 3106.792033846776 50.947935269634165 57.35014520698921 -3105.8448142671723
193.66710702344946 23.715723783337232 39628346077741638 7 481-482-484-485-486-487-488 0.8065842164908337 1.0 16 1.3943613001848387 1.0 [-1,-1] 1.0 1.0 1.0 0.0007229154976227362 0.12548315978664992 66.28427621666276 -193.66710702344946 2886.2701592022404 2886.2701592022404 -391.2359426971711 -791.3323532737737 -2747.959784222719
193.45596541962024 25.504436501161834 39628384568872357 7 481-482-484-485-486-487-488 0.7614301809335677 1.0 16 1.421345529133234 1.0 [-1,-1] 1.0 1.0 1.0 0.0006416626200019751 0.139161677870846 64.49556349883817 -193.45596541962024 2758.5984125332843 2758.5984125332843 674.2662008781911 2662.65336312164 -255.94405607762712
196.1706436634958 24.68133527167613 39628368177533169 8 481-482-484-485-486-487-488-489 0.8069141243616185 1.0 16 1.290892223595362 1.0 [-1,-1] 1.0 1.0 1.0 0.0007229154976227362 0.12548315978664992 65.31866472832387 -196.1706436634958 2887.190197029277 2887.190197029277 312.8721255801817 -1730.1962567921908 -2290.065322177336
196.15776342066275 24.68077774753989 39628368177532904 8 481-482-484-485-486-487-488-489 0.42069216074793864 1.0 16 1.2792020478314976 1.0 [-1,-1] 1.0 1.0 1.0 0.0006262316776515472 0.14210347001521706 65.31922225246011 -196.15776342066275 1673.4925493703192 1673.4925493703192 194.10973680040613 -999.7223821883363 -1327.9510086704727
194.18076840246061 24.669883348338598 39628368148171043 8 481-482-484-485-486-487-488-489 0.6869176559551285 1.0 16 0.5180897611764637 1.0 [-1,-1] 1.0 1.0 1.0 0.0007209928471550773 0.12577569469930108 65.3301166516614 -194.18076840246061 2540.1183165496686 2540.1183165496686 1259.3202027695409 857.8108521527165 -2032.356816825391
193.619760750109 25.784338843505765 39628390029853818 9 481-482-484-485-486-487-488-489-490 0.9311677729788941 1.0 16 1.490256277263183 1.0 [-1,-1] 1.0 1.0 1.0 0.0004445766401596716 0.18918261239264766 64.21566115649424 -193.619760750109 3221.0516415089232 3221.0516415089232 1266.819352626538 2900.308066850355 598.7950587980552
193.56343853338473 25.728603059766684 39628390025664396 9 481-482-484-485-486-487-488-489-490 0.9741560931117224 1.0 16 1.486735361926426 1.0 [-1,-1] 1.0 1.0 1.0 0.0003578035202613049 0.22475091060875194 64.27139694023332 -193.56343853338473 3330.9160475178674 3330.9160475178674 1149.3539753166833 3095.7949408769714 435.93673747040293
194.5976828438136 23.863029187248095 39628346090326223 9 481-482-484-485-486-487-488-489-490 0.8144992258653613 1.0 16 0.8484084198268115 1.0 [-1,-1] 1.0 1.0 1.0 0.0006627118749498285 0.13533979738261318 66.13697081275191 -194.5976828438136 2908.292864346737 2908.292864346737 -465.72249019136467 -85.25822137556017 -2869.494900261713
194.15653174053088 25.026916027237363 39628373638514651 9 481-482-484-485-486-487-488-489-490 0.6442775485999863 1.0 16 0.6299306927869288 1.0 [-1,-1] 1.0 1.0 1.0 0.000833303205902425 0.11070054926254569 64.97308397276264 -194.15653174053088 2410.5641155086387 2410.5641155086387 1648.657907932084 1182.5078962951181 -1301.6994786780251
