data_rosette/LRG_10_clustering_data.ecsv
# %ECSV 1.0
# ---
# datatype:
# - {name: RA, unit: deg, datatype: float64}
# - {name: DEC, unit: deg, datatype: float64}
# - {name: TARGETID, datatype: int64}
# - {name: NTILE, datatype: int64}
# - {name: TILES, datatype: string}
# - {name: Z, datatype: float64}
# - {name: COMP_TILE, datatype: float64}
# - {name: ROSETTE_NUMBER, datatype: int32}
# - {name: ROSETTE_R, unit: deg, datatype: float64}
# - {name: FRACZ_TILELOCID, datatype: float64}
# - {name: BITWEIGHTS, datatype: string, subtype: 'int64[2]'}
# - {name: PROB_OBS, datatype: float64}
# - {name: WEIGHT_ZFAIL, datatype: float64}
# - {name: WEIGHT, datatype: float64}
# - {name: NZ, unit: h3 / Mpc3, datatype: float64}
# - {name: WEIGHT_FKP, datatype: float64}
# - {name: theta, unit: deg, datatype: float64}
# - {name: phi, unit: deg, datatype: float64}
# - {name: rho, unit: Mpc, datatype: float64}
# - {name: r, unit: Mpc, datatype: float64}
# - {name: x, unit: Mpc, datatype: float64}
# - {name: y, unit: Mpc, datatype: float64}
# - {name: z, unit: Mpc, datatype: float64}
# meta: !!omap
# - {EXTNAME: LSS}
# - {DESIDR: edr}
# - comments: ['Visit https://desidatamodel.readthedocs.io/en/latest/ for a more complet', e description]
# schema: astropy-2.0
RA DEC TARGETID NTILE TILES Z COMP_TILE ROSETTE_NUMBER ROSETTE_R FRACZ_TILELOCID BITWEIGHTS PROB_OBS WEIGHT_ZFAIL WEIGHT NZ WEIGHT_FKP theta phi rho r x y z
[from data line 465]
217.92814298933362 1.4557932095491461 39627824620900380 10 271-272-273-274-275-276-277-278-279-472 0.8525594732162909 1.0 10 0.981789475800736 1.0 [-1,-1] 1.0 1.0 1.0 0.0006812235016579503 0.1321480675826358 88.54420679045086 -217.92814298933362 3012.736903784963 3012.736903784963 -661.5868261993674 1511.6386069275738 2520.681504052687
217.9144963055382 1.7388835957586168 39627830660697625 10 271-272-273-274-275-276-277-278-279-472 0.4513451293235791 1.0 10 0.7042574963907177 1.0 [-1,-1] 1.0 1.0 1.0 0.0005635091211985168 0.1554616369400361 88.26111640424138 -217.9144963055382 1780.5220179437606 1780.5220179437606 -215.0798521316122 473.72179939125704 1702.8173625997226
217.92459371952071 1.7651141559298003 39627830660697848 10 271-272-273-274-275-276-277-278-279-472 0.6619498426329649 1.0 10 0.6765934345606559 1.0 [-1,-1] 1.0 1.0 1.0 0.000700708733790897 0.12894715825466588 88.2348858440702 -217.92459371952071 2464.6666651783444 2464.6666651783444 -265.99762569122936 601.9438250957016 2375.182238270808
217.94782126068014 1.860111301427468 39627830660698428 10 271-272-273-274-275-276-277-278-279-472 0.7433507791394383 1.0 10 0.5789636520428111 1.0 [-1,-1] 1.0 1.0 1.0 0.0007126833197713517 0.12705585074725267 88.13988869857253 -217.94782126068014 2706.4923511394277 2706.4923511394277 -180.7029657126529 436.0470024143603 2665.016003074715
218.15843389226004 3.835209966187287 39627878962301163 10 271-272-273-274-275-276-277-278-279-472 0.46716622854264295 1.0 10 1.4093747736260804 1.0 [-1,-1] 1.0 1.0 1.0 0.0005635091211985168 0.1554616369400361 86.16479003381271 -218.15843389226004 1834.9996768190877 1834.9996768190877 323.90715929955394 -1757.4927442938365 -416.5659849713709
217.94463150156184 1.8575812245727457 39627830660698358 10 271-272-273-274-275-276-277-278-279-472 0.7979138737668552 1.0 10 0.5820224620626236 1.0 [-1,-1] 1.0 1.0 1.0 0.0007229154976227362 0.12548315978664992 88.14241877542726 -217.94463150156184 2862.024717884062 2862.024717884062 -195.30724448716066 467.0699243771263 2816.8930139024665
217.97516579063068 1.6836436944506716 39627830660699117 10 271-272-273-274-275-276-277-278-279-472 0.8610307194377242 1.0 10 0.75009372785512 1.0 [-1,-1] 1.0 1.0 1.0 0.0006812235016579503 0.1321480675826358 88.31635630554933 -217.97516579063068 3035.6600244959445 3035.6600244959445 -373.8605728747246 976.8456140786097 2849.7776584547582
217.92624779318774 1.7574343594734543 39627830660697890 10 271-272-273-274-275-276-277-278-279-472 0.9533609704601564 1.0 10 0.6838410137753239 1.0 [-1,-1] 1.0 1.0 1.0 0.00041974738576830407 0.19815580287489248 88.24256564052655 -217.92624779318774 3278.119562138657 3278.119562138657 -362.22327547315433 823.3804406249114 3152.2859661486877
218.02287305069223 3.9285085349707134 39627884989518886 10 271-272-273-274-275-276-277-278-279-472 0.6759374736710442 1.0 10 1.498753280281255 1.0 [-1,-1] 1.0 1.0 1.0 0.0007209928471550773 0.12577569469930108 86.07149146502928 -218.02287305069223 2507.0779337676286 2507.0779337676286 743.1027640171553 -2258.89261971549 -794.129826092382
217.51745425717445 2.4773347420653815 39627848775893370 10 271-272-273-274-275-276-277-278-279-472 0.7610989464950081 1.0 10 0.5341588979712424 1.0 [-1,-1] 1.0 1.0 1.0 0.0006416626200019751 0.139161677870846 87.52266525793462 -217.51745425717445 2757.648901122189 2757.648901122189 864.9135752231543 -801.8192851663902 2492.716952080676
218.41360218938726 2.1667522463737767 39627842748681516 10 271-272-273-274-275-276-277-278-279-472 0.7524798109544762 1.0 10 0.44865696428064905 1.0 [-1,-1] 1.0 1.0 1.0 0.0006416626200019751 0.139161677870846 87.83324775362622 -218.41360218938726 2732.874261345689 2732.874261345689 -26.073993346685082 -356.97139623214105 2709.334475008351
217.31069591375183 2.0730710641090613 39627836692104440 10 271-272-273-274-275-276-277-278-279-472 0.6839843351082343 1.0 10 0.8204409884520764 1.0 [-1,-1] 1.0 1.0 1.0 0.0007209928471550773 0.12577569469930108 87.92692893589094 -217.31069591375183 2531.3132907634626 2531.3132907634626 81.7176751170964 -49.07321506996168 2529.5179416505243
217.78366240485505 1.6473851315086112 39627830660694797 10 271-272-273-274-275-276-277-278-279-472 0.9803472842957877 1.0 10 0.8266382941358131 1.0 [-1,-1] 1.0 1.0 1.0 0.0003578035202613049 0.22475091060875194 88.35261486849139 -217.78366240485505 3346.5099230115916 3346.5099230115916 -669.3824054678747 1074.768084120179 3097.7297211702844
219.2018448524385 2.0121813686178056 39627836721467242 10 271-272-273-274-275-276-277-278-279-472 0.8892803758910718 1.0 10 1.2244673274913775 1.0 [-1,-1] 1.0 1.0 1.0 0.0005690156306133545 0.15418916366201427 87.9878186313822 -219.2018448524385 3111.2672828743125 3111.2672828743125 54.80901314512402 47.075705648536164 3110.428259179089
217.93587704781442 1.301373406912486 39627818581103105 10 271-272-273-274-275-276-277-278-279-472 0.7849153108234141 1.0 10 1.1343755146244305 1.0 [-1,-1] 1.0 1.0 1.0 0.0007324854237337303 0.12404708914385561 88.69862659308751 -217.93587704781442 2825.437149840015 2825.437149840015 -745.4221416469837 1739.6998715926284 2097.8287049278083
219.2026741127492 2.0102268484300336 39627836721467256 10 271-272-273-274-275-276-277-278-279-472 0.8961282244929708 1.0 10 1.2259148391045067 1.0 [-1,-1] 1.0 1.0 1.0 0.0005275616701708153 0.16431404058018498 87.98977315156996 -219.2026741127492 3129.4031695320864 3129.4031695320864 59.80962761474726 51.284630178204424 3128.411240970333
218.114910668733 1.6706753567879744 39627830664891172 10 271-272-273-274-275-276-277-278-279-472 0.8799139404579317 1.0 10 0.7620904497540614 1.0 [-1,-1] 1.0 1.0 1.0 0.0005690156306133545 0.15418916366201427 88.32932464321203 -218.114910668733 3086.340601137417 3086.340601137417 -246.45112075948884 1072.949125507635 2883.321058324595
218.31545737453854 1.626667799094399 39627830669084473 10 271-272-273-274-275-276-277-278-279-472 0.8391551908725627 1.0 10 0.8460028424515361 1.0 [-1,-1] 1.0 1.0 1.0 0.0006232532477076302 0.14268566385842998 88.3733322009056 -218.31545737453854 2976.225820924483 2976.225820924483 -29.84396258242918 1182.5289233682631 2731.053793031636
217.98534790380108 1.474436388163211 39627824620901670 10 271-272-273-274-275-276-277-278-279-472 0.6187902862950365 1.0 10 0.9577456666318591 1.0 [-1,-1] 1.0 1.0 1.0 0.0007214233604467519 0.12571007283523317 88.52556361183679 -217.98534790380108 2331.5037890516137 2331.5037890516137 -431.5402029977977 1162.8876465451726 1974.177117958589
218.63988438695597 2.2058330999088467 39627842752875928 10 271-272-273-274-275-276-277-278-279-472 0.7635192770648805 1.0 10 0.6305908038754858 1.0 [-1,-1] 1.0 1.0 1.0 0.0006416626200019751 0.139161677870846 87.79416690009116 -218.63988438695597 2764.582591534219 2764.582591534219 -138.20377197135966 -448.05252485824525 2724.5303371030936
218.06125978706157 1.5904480703379849 39627824625091953 10 271-272-273-274-275-276-277-278-279-472 0.7833503492608687 1.0 10 0.8396273382462126 1.0 [-1,-1] 1.0 1.0 1.0 0.0007324854237337303 0.12404708914385561 88.40955192966202 -218.06125978706157 2821.0127596117854 2821.0127596117854 -334.8907287732811 1167.1232449857107 2546.327653835662
218.65636405242518 2.202957820096188 39627842752876285 10 271-272-273-274-275-276-277-278-279-472 0.8292035241441935 1.0 10 0.6470118617904136 1.0 [-1,-1] 1.0 1.0 1.0 0.0006627118749498285 0.13533979738261318 87.79704217990381 -218.65636405242518 2948.9280352737946 2948.9280352737946 -152.68022063758667 -467.4897520485324 2907.631104383674
217.23769356317194 1.3558608549406201 39627818568520163 10 271-272-273-274-275-276-277-278-279-472 0.4718237827651316 1.0 10 1.3464313255558906 1.0 [-1,-1] 1.0 1.0 1.0 0.00048380039118235755 0.17655271186088778 88.64413914505938 -217.23769356317194 1850.9388796240223 1850.9388796240223 -1038.2304467658992 524.5159962902574 1439.7691638411175
217.6548398913219 3.4518147223786757 39627872922503673 10 271-272-273-274-275-276-277-278-279-472 0.8764503345433589 1.0 10 1.0953728306028965 1.0 [-1,-1] 1.0 1.0 1.0 0.0005690156306133545 0.15418916366201427 86.54818527762133 -217.6548398913219 3077.087540636495 3077.087540636495 1925.6346150101758 -2352.9771319834813 473.1782735690173
217.74693375903124 1.2938216934080413 39627818576910098 10 271-272-273-274-275-276-277-278-279-472 0.9311572209767793 1.0 10 1.1758615198563778 1.0 [-1,-1] 1.0 1.0 1.0 0.0004445766401596716 0.18918261239264766 88.70617830659197 -217.74693375903124 3221.024328738478 3221.024328738478 -1217.2350948274252 1803.287923825949 2375.1819117762598
219.2034319376193 2.011836341521387 39627836721467277 10 271-272-273-274-275-276-277-278-279-472 0.8937836875703552 1.0 10 1.2260759078470116 1.0 [-1,-1] 1.0 1.0 1.0 0.0005275616701708153 0.16431404058018498 87.98816365847861 -219.2034319376193 3123.202235304905 3123.202235304905 55.912537411052746 47.86953589466712 3122.334783188222
217.97632437108985 3.264595602275246 39627866895290242 10 271-272-273-274-275-276-277-278-279-472 0.6576774851492789 1.0 10 0.8378331738277348 1.0 [-1,-1] 1.0 1.0 1.0 0.000700708733790897 0.12894715825466588 86.73540439772475 -217.97632437108985 2451.64045215009 2451.64045215009 823.1751505897793 -2158.3294685253036 821.302309363289
217.97752809040432 1.4912752691844586 39627824620901486 10 271-272-273-274-275-276-277-278-279-472 0.8515814147320149 1.0 10 0.9415147541953889 1.0 [-1,-1] 1.0 1.0 1.0 0.0006812235016579503 0.1321480675826358 88.50872473081554 -217.97752809040432 3010.0827688937243 3010.0827688937243 -553.5362746303911 1456.6115708639063 2575.359897157017
217.97688879238035 3.269871976992911 39627866895290251 10 271-272-273-274-275-276-277-278-279-472 0.8656600998999269 1.0 10 0.8430402577687092 1.0 [-1,-1] 1.0 1.0 1.0 0.0006812235016579503 0.1321480675826358 86.73012802300708 -217.97688879238035 3048.1379287370173 3048.1379287370173 1023.8463039110823 -2689.0378673482833 1005.9616923818755
217.9915474696841 3.2526170864991983 39627866895290598 10 271-272-273-274-275-276-277-278-279-472 0.9202183387228654 1.0 10 0.8246860705182173 1.0 [-1,-1] 1.0 1.0 1.0 0.0004951280553168204 0.17321314004730964 86.7473829135008 -217.9915474696841 3192.6177932047094 3192.6177932047094 1024.603576901959 -2814.4087353879277 1105.48602608045
218.1057499220161 1.6800014598731803 39627830664890959 10 271-272-273-274-275-276-277-278-279-472 0.837880287509138 1.0 10 0.7520650390706773 1.0 [-1,-1] 1.0 1.0 1.0 0.0006232532477076302 0.14268566385842998 88.31999854012682 -218.1057499220161 2972.737839680146 2972.737839680146 -240.79698011819087 1006.0045225457557 2786.959271042479
217.6364657203447 2.9457565351145747 39627860855491987 9 271-272-273-274-275-276-277-278-280 1.0579292838698693 1.0 10 0.6607860199412323 1.0 [-1,-1] 1.0 1.0 1.0 0.0001568149373683449 0.39812733398474315 87.05424346488543 -217.6364657203447 3537.186622965078 3537.186622965078 1808.5549360959483 -2128.8777842899585 2169.953370089494
218.0798726836056 3.646263224563061 39627878962299461 9 271-272-273-274-275-276-277-278-280 0.7315668938468692 1.0 10 1.2166289772199437 1.0 [-1,-1] 1.0 1.0 1.0 0.0007126833197713517 0.12705585074725267 86.35373677543694 -218.0798726836056 2672.221338402398 2672.221338402398 688.5321829954787 -2579.774453308714 -107.02375646700233
216.8110443353003 2.3950326412555185 39627848763311371 9 271-272-273-274-275-276-277-278-280 0.5990076425785223 1.0 10 1.2383512503941243 1.0 [-1,-1] 1.0 1.0 1.0 0.0007756247847600315 0.11796159141779075 87.60496735874449 -216.8110443353003 2269.2874572687624 2269.2874572687624 797.9430302230517 -32.854891083268456 2124.1170025136767
218.07844113384857 3.627321378673261 39627878962299428 9 271-272-273-274-275-276-277-278-280 0.6514520826947281 1.0 10 1.1976581708528609 1.0 [-1,-1] 1.0 1.0 1.0 0.000700708733790897 0.12894715825466588 86.37267862132674 -218.07844113384857 2432.5987162253796 2432.5987162253796 630.5169648976207 -2348.9031232084026 -51.37109050300248
217.92206580167627 3.5920887026888093 39627872926698229 9 271-272-273-274-275-276-277-278-280 0.8550899668718621 1.0 10 1.1690900679276295 1.0 [-1,-1] 1.0 1.0 1.0 0.0006812235016579503 0.1321480675826358 86.40791129731119 -217.92206580167627 3019.5966149176083 3019.5966149176083 1227.3537802563162 -2758.5775982668383 42.61512938821152
218.08543278285143 3.6537402362564926 39627878962299576 9 271-272-273-274-275-276-277-278-280 0.6505375007132663 1.0 10 1.22425163448455 1.0 [-1,-1] 1.0 1.0 1.0 0.000700708733790897 0.12894715825466588 86.3462597637435 -218.08543278285143 2429.7951822639484 2429.7951822639484 612.8149831284259 -2348.4101744407676 -115.46461271525514
217.88668862941648 3.83122181147291 39627878958106739 9 271-272-273-274-275-276-277-278-280 0.6780463402724829 1.0 10 1.410677952724193 1.0 [-1,-1] 1.0 1.0 1.0 0.0007209928471550773 0.12577569469930108 86.16877818852709 -217.88668862941648 2513.4408558325626 2513.4408558325626 1074.516577841744 -2201.882763203875 -560.8131211172393
217.87743479120616 3.8312516830573213 39627878958106510 9 271-272-273-274-275-276-277-278-280 0.8986803889325841 1.0 10 1.4118054828244753 1.0 [-1,-1] 1.0 1.0 1.0 0.0005275616701708153 0.16431404058018498 86.16874831694268 -217.87743479120616 3136.143382405264 3136.143382405264 1366.0838732889267 -2734.854046961145 -699.8453457475465
216.791205833573 2.452993862688748 39627848763310938 9 271-272-273-274-275-276-277-278-280 0.7913295938559572 1.0 10 1.2578616109933862 1.0 [-1,-1] 1.0 1.0 1.0 0.0007229154976227362 0.12548315978664992 87.54700613731126 -216.791205833573 2843.5276255962413 2843.5276255962413 1152.9507654241522 -24.57625636885031 2599.1825441203146
218.64405157500488 2.5659219031511524 39627848792673345 10 271-272-273-274-275-276-277-278-280-281 0.4931102552386855 1.0 10 0.6088526251917916 1.0 [-1,-1] 1.0 1.0 1.0 0.0005337442823398631 0.16272042362546515 87.43407809684885 -218.64405157500488 1923.219717557783 1923.219717557783 -290.6970937248479 -928.6735894546091 1658.8654695159755
219.47278404780977 2.2080247375080178 39627842765459391 10 271-272-273-274-275-276-277-278-280-281 0.5818396235191642 1.0 10 1.438843416870301 1.0 [-1,-1] 1.0 1.0 1.0 0.0006621615122706149 0.13543705131792066 87.79197526249199 -219.47278404780977 2214.683586974677 2214.683586974677 -344.37833305029267 -161.5807475083362 2181.7696065751697
216.96117120018238 1.9771723557765495 39627836683718983 10 271-272-273-274-275-276-277-278-280-281 0.6430255233156742 1.0 10 1.1784914251256249 1.0 [-1,-1] 1.0 1.0 1.0 0.000833303205902425 0.11070054926254569 88.02282764422345 -216.96117120018238 2406.70898771087 2406.70898771087 -137.5168967792935 26.629533694938274 2402.629418483771
218.1755922252803 1.928907294493788 39627836704689879 10 271-272-273-274-275-276-277-278-280-281 0.7130085124055398 1.0 10 0.5165698341774815 1.0 [-1,-1] 1.0 1.0 1.0 0.0006167714992318164 0.14396928707710532 88.07109270550622 -218.1755922252803 2617.748177534143 2617.748177534143 -45.73141932664133 274.47564721191753 2602.917070779877
218.35871495349306 2.247663570196784 39627842748680388 10 271-272-273-274-275-276-277-278-280-281 0.8599195527260249 1.0 10 0.3583192666200901 1.0 [-1,-1] 1.0 1.0 1.0 0.0006812235016579503 0.1321480675826358 87.75233642980322 -218.35871495349306 3032.6598551412562 3032.6598551412562 -11.515585395762368 -638.779486232539 2964.6001342924596
218.30325959175397 1.5115530958039636 39627824629286204 11 271-272-273-274-275-276-277-278-280-281-472 0.7997082592315832 0.9803921568627451 10 0.9526845772848231 1.0 [-1,-1] 1.0 1.0 1.0 0.0007229154976227362 0.12548315978664992 88.48844690419604 -218.30325959175397 2867.052900567391 2867.052900567391 -53.66770991853405 1433.1521401817245 2482.576696631251
