data_rosette/LRG_3_clustering_data.ecsv
# %ECSV 1.0
# ---
# datatype:
# - {name: RA, unit: deg, datatype: float64}
# - {name: DEC, unit: deg, datatype: float64}
# - {name: TARGETID, datatype: int64}
# - {name: NTILE, datatype: int64}
# - {name: TILES, datatype: string}
# - {name: Z, datatype: float64}
# - {name: COMP_TILE, datatype: float64}
# - {name: ROSETTE_NUMBER, datatype: int32}
# - {name: ROSETTE_R, unit: deg, datatype: float64}
# - {name: FRACZ_TILELOCID, datatype: float64}
# - {name: BITWEIGHTS, datatype: string, subtype: 'int64[2]'}
# - {name: PROB_OBS, datatype: float64}
# - {name: WEIGHT_ZFAIL, datatype: float64}
# - {name: WEIGHT, datatype: float64}
# - {name: NZ, unit: h3 / Mpc3, datatype: float64}
# - {name: WEIGHT_FKP, datatype: float64}
# - {name: distance, unit: Mpc, datatype: float64}
# - {name: x, unit: Mpc, datatype: float64}
# - {name: y, unit: Mpc, datatype: float64}
# - {name: z, unit: Mpc, datatype: float64}
# meta: !!omap
# - {EXTNAME: LSS}
# - {DESIDR: edr}
# - comments: ['Visit https://desidatamodel.readthedocs.io/en/latest/ for a more complet', e description]
# schema: astropy-2.0
RA DEC TARGETID NTILE TILES Z COMP_TILE ROSETTE_NUMBER ROSETTE_R FRACZ_TILELOCID BITWEIGHTS PROB_OBS WEIGHT_ZFAIL WEIGHT NZ WEIGHT_FKP distance x y z
[from data line 5008]
192.9723070744313 61.92769019369913 39633410716599960 6 84-86-87-89-90-451 0.40894942837991993 1.0 3 1.4542812305631172 1.0 [-1,-1] 1.0 1.0 1.0 0.00024055914515870672 0.3007331513712552 1631.9696202859304 -748.3813545377313 -172.39649529913515 1439.9755685861653
190.44478817104124 60.303052945646535 39633390177094661 7 84-86-87-89-90-91-92 0.9520315870869691 1.0 3 1.5199801725536495 1.0 [-1,-1] 1.0 1.0 1.0 0.0003767415448896098 0.21544643941305056 3274.7222686663285 -1595.455919301672 -294.11032200885364 2844.6134122147864
188.98630252785782 60.629718223118566 39633396141394244 7 84-86-87-89-90-91-92 0.5247030860434981 1.0 3 1.2502222960732332 1.0 [-1,-1] 1.0 1.0 1.0 0.0006888416087567301 0.1305783864573065 2028.799257576353 -982.8149943742565 -155.42176024296705 1768.034273089317
192.10116112747076 62.867323912258264 39633419155539136 8 84-86-87-89-90-91-92-451 0.5706240597790427 1.0 3 1.4775993582003257 1.0 [-1,-1] 1.0 1.0 1.0 0.0005369919189708607 0.1615383650856205 2178.702659819769 -971.5239915275127 -208.29729037057953 1938.9426635711693
192.34707501969856 60.74042841737653 39633396170752991 6 84-86-87-89-90-92 0.8794375755308315 1.0 3 1.5829344454434424 1.0 [-1,-1] 1.0 1.0 1.0 0.0005346154933450218 0.1621399955636538 3085.069124858613 -1473.003012570421 -322.4345969805006 2691.45863070276
189.5530791995935 61.89446615388342 39633410691432617 8 84-86-87-89-90-92-451-452 0.9546569017957846 1.0 3 0.18898860469824386 1.0 [-1,-1] 1.0 1.0 1.0 0.0003767415448896098 0.21544643941305056 3281.4287941832745 -1524.4337994876755 -256.5547486251412 2894.4872055741685
189.513317246004 61.907731560135225 39633410687241757 7 84-86-87-89-90-92-452 0.7863678814886544 1.0 3 0.21184453455577473 1.0 [-1,-1] 1.0 1.0 1.0 0.0007064174578981374 0.12774458208408304 2829.540046521626 -1314.0858000384376 -220.21654443979892 2496.1931132350196
189.5216281705247 61.90479436583613 39633410687241807 7 84-86-87-89-90-92-452 0.7877651542211698 1.0 3 0.20698329997739245 1.0 [-1,-1] 1.0 1.0 1.0 0.0007064174578981374 0.12774458208408304 2833.483349426524 -1316.0115098766364 -220.73551499214125 2499.6034545044786
193.0214503069994 61.918577831864795 39633410716600264 6 84-86-87-89-92-451 0.5476741105037671 1.0 3 1.476819875441026 1.0 [-1,-1] 1.0 1.0 1.0 0.0006094867785671962 0.14511252611805409 2104.307563579551 -965.0806577519589 -223.18702171478745 1856.587514637873
193.27881560635439 61.54421120648542 39633404970403360 4 84-86-87-90 0.5854838846289767 0.75 3 1.6233880226635093 1.0 [-1,-1] 1.0 1.0 1.0 0.0005369919189708607 0.1615383650856205 2226.3221021551008 -1032.4373910561467 -243.65483058805222 1957.3490898724715
193.1273799622385 61.22040427867497 39633402063750486 4 84-86-87-90 1.0026266803297734 0.75 3 1.6447436039123753 0.5 [-722834491885748292,7628833025370521599] 0.78125 1.0 1.2772277227722773 0.00023297360745577845 0.30751381291380364 3402.1572917056815 -1595.1365630606372 -372.0035430738267 2981.9166565539276
193.1995002912401 61.43353713388008 39633404970402721 4 84-86-87-90 0.6498505007651767 0.75 3 1.6105219348126547 1.0 [-1,-1] 1.0 1.0 1.0 0.0007982518636535506 0.11473445525619816 2427.688244484238 -1130.1977153002965 -265.075081589561 2132.1488076251244
193.21795946106766 61.63296777179913 39633407856083633 5 84-86-87-90-92 0.47920248955655786 1.0 3 1.5808373589430684 1.0 [-36028797035741217,-9024868750196737] 0.9453125 1.0 1.0573770491803278 0.000668512811805897 0.13401699399284683 1876.099222995603 -867.753703225786 -203.81677702058667 1650.8211673187318
192.42588813314612 60.766640012533436 39633396170753443 5 84-86-87-90-92 0.8371389341193848 1.0 3 1.5937760963599954 1.0 [-1,-1] 1.0 1.0 1.0 0.0006366829495309179 0.1397804201853648 2970.7083558429586 -1416.8136586531605 -312.1778615894617 2592.352633200671
193.02414497510986 61.152767592989825 39633402063749776 5 84-86-87-90-92 0.6508036896658647 1.0 3 1.625982981247899 1.0 [-1,-1] 1.0 1.0 1.0 0.0006371005092682059 0.1397016056866948 2430.611311546004 -1142.5436010688943 -264.28416521343246 2128.9949148575593
192.8971995701514 61.110809470324995 39633399131931170 5 84-86-87-90-92 1.010357279272305 1.0 3 1.589186774433086 1.0 [-1,-1] 1.0 1.0 1.0 0.00020130102782971312 0.3394727840281335 3421.296378325797 -1611.188292659251 -368.9285003237451 2995.5355039778538
193.18021019571827 61.36731611108886 39633402063750804 5 84-86-87-90-92 0.40124333558757064 1.0 3 1.6196291536570593 1.0 [-1,-1] 1.0 1.0 1.0 0.00024055914515870672 0.3007331513712552 1604.5624991500626 -748.6400676266688 -175.3191613969146 1408.3401771126585
193.17280572667744 61.262908758642965 39633402063750750 5 84-86-87-90-92 0.5055987143251228 1.0 3 1.649718262464804 1.0 [-1,-1] 1.0 1.0 1.0 0.0007365189099627642 0.12316671624379881 1965.1958534319408 -919.987287015117 -215.32044665483937 1723.15270342736
193.10634832910307 61.24577527536887 39633402063750368 5 84-86-87-90-92 1.0424078908333114 1.0 3 1.625962558203325 1.0 [-1,-1] 1.0 1.0 1.0 0.00017557006270178804 0.37077784677498654 3499.7280311211716 -1639.7009069451742 -381.76187462727876 3068.181073316813
193.16188499242253 61.277785960853834 39633402063750686 5 84-86-87-90-92 1.033098808747914 1.0 3 1.639651523665082 1.0 [-1,-1] 1.0 1.0 1.0 0.00017557006270178804 0.37077784677498654 3477.098823676785 -1627.0716042781846 -380.4844520226874 3049.2762757636588
193.02931862882986 61.198484502180804 39633402063749810 5 84-86-87-90-92 0.6537581663001383 1.0 3 1.6096162552238036 1.0 [-1,-1] 1.0 1.0 1.0 0.0006371005092682059 0.1397016056866948 2439.660790667666 -1145.1119407127444 -264.9871885190781 2137.8599595574606
190.05584788452072 62.03507850325857 39633410691435694 6 84-86-87-90-92-452 0.9462342420262242 1.0 3 0.24626024188426585 1.0 [-1,-1] 1.0 1.0 1.0 0.0003671239319408774 0.21984967794317842 3259.8755999561877 -1505.1732277991812 -266.9156629650818 2879.235751092678
190.9276642707077 60.37129587605765 39633390181288496 6 84-86-87-90-92-452 0.9488754481264003 1.0 3 1.5125934525810922 1.0 [-1,-1] 1.0 1.0 1.0 0.0003671239319408774 0.21984967794317842 3266.6459031601125 -1585.6724095636598 -306.14645625039145 2839.523342659231
192.9773673152833 61.147155154683105 39633402063749418 4 84-86-87-92 0.6495615310172262 1.0 3 1.6079135863447416 1.0 [-1,-1] 1.0 1.0 1.0 0.0007982518636535506 0.11473445525619816 2426.801749123893 -1141.1708076849402 -262.98527737407346 2125.5433802025705
193.04271626767397 61.31613893900834 39633402063749910 4 84-86-87-92 0.5813756486967868 1.0 3 1.5728547895705167 1.0 [-1,-1] 1.0 1.0 1.0 0.0005369919189708607 0.1615383650856205 2213.199958871702 -1034.8790547630263 -239.73346203545938 1941.5991520246866
190.7546458810631 60.32702310244629 39633390181287414 5 84-86-87-92-452 0.6697654675652817 1.0 3 1.5298851558430182 1.0 [-1,-1] 1.0 1.0 1.0 0.0006371005092682059 0.1397016056866948 2488.4085954987754 -1210.2463028999593 -229.87411268222579 2162.0913756795126
186.94063648225435 61.84067593103148 39633407805752182 9 84-86-88-89-90-91-92-451-452 0.8262601427350972 1.0 3 1.3979944585360788 1.0 [-1,-1] 1.0 1.0 1.0 0.000762533893525711 0.11946670068019369 2940.8228357697776 -1377.6774606911488 -167.70879012257802 2592.74324363293
187.75969652603737 62.54813165488448 39633416328578559 7 84-86-88-89-90-92-451 0.7249283619207368 1.0 3 1.2480287666725396 1.0 [-1,-1] 1.0 1.0 1.0 0.0005823912580269674 0.15084542533972659 2652.806242949395 -1211.753962976698 -165.1213525032124 2354.096054707424
188.20637302451175 62.256089561852846 39633413518394586 7 84-86-88-89-90-92-452 0.7667903578479385 1.0 3 0.9159579341711452 1.0 [-1,-1] 1.0 1.0 1.0 0.0007242712797402853 0.12498917450484462 2773.93733799023 -1278.1018831460524 -184.32241291835143 2455.037510811351
189.25796657196062 62.13236682072668 39633413526783185 8 84-86-88-89-91-92-451-452 0.9317614457433475 1.0 3 0.448907171370737 1.0 [-1,-1] 1.0 1.0 1.0 0.0003671239319408774 0.21984967794317842 3222.588026469962 -1486.7143910515158 -242.33901863343382 2848.8639328398385
190.4613994425411 61.74595932653901 39633407830920614 8 84-86-88-89-91-92-451-452 0.796982811228258 1.0 3 0.27096564050187494 1.0 [-1,-1] 1.0 1.0 1.0 0.0008239664519383997 0.11155322342262282 2859.413568227815 -1331.0941321004314 -245.77625917052032 2518.73547560701
192.9072439177454 62.2877198647098 39633413556142702 6 84-86-88-90-91-451 0.7741488599403824 1.0 3 1.4915969903693578 1.0 [-1,-1] 1.0 1.0 1.0 0.0007064174578981374 0.12774458208408304 2794.913787999707 -1266.8836188612415 -290.3236617624543 2474.3203410295837
193.14031360849114 62.2048192646437 39633413556144040 6 84-86-88-90-92-451 0.645560604313995 1.0 3 1.573872999576082 1.0 [-1,-1] 1.0 1.0 1.0 0.0007982518636535506 0.11473445525619816 2414.5117405291253 -1096.4356565624205 -255.96193746207575 2135.925860778454
192.32123554682465 61.094878781945866 39633399127736430 7 84-86-88-91-92-451-452 0.6365928587696723 1.0 3 1.3550338875399406 1.0 [-1,-1] 1.0 1.0 1.0 0.0007982518636535506 0.11473445525619816 2386.8556619646142 -1127.1380947570183 -246.19349448967938 2089.504350239792
192.30936891361935 61.09712878436052 39633399127736342 7 84-86-88-91-92-451-452 0.6373029059107425 1.0 3 1.3489861783450696 1.0 [-1,-1] 1.0 1.0 1.0 0.0007982518636535506 0.11473445525619816 2389.050923022343 -1128.145525999931 -246.16875270639602 2091.4714748595607
192.6767347506637 60.96084765551246 39633399127738562 3 84-86-89 0.7520692866628027 1.0 3 1.5724337781332716 1.0 [-2913906543559421461,3508387658345027496] 0.5390625 1.0 1.8428571428571427 0.0007242712797402853 0.12498917450484462 2731.691025929907 -1293.659902022693 -290.9869249704288 2388.2852695063207
190.2938712696766 62.119451149274155 39633410695628240 5 84-86-89-451-452 0.6413165842189403 1.0 3 0.36922968741259415 1.0 [-1,-1] 1.0 1.0 1.0 0.0007982518636535506 0.11473445525619816 2401.442223113094 -1104.9104494941987 -200.6741706303107 2122.6934603919435
188.8595854513677 60.3185661720866 39633390164511282 4 84-86-89-452 0.8248814558200771 1.0 3 1.5645962220629355 1.0 [-1,-1] 1.0 1.0 1.0 0.000762533893525711 0.11946670068019369 2937.021394972271 -1436.9937750434667 -223.9888706538215 2551.660743679382
189.83800316530804 61.96464522213333 39633410691434472 4 84-86-89-90 0.8506767344511811 0.5 3 0.16721764481312804 1.0 [-1,-1] 1.0 1.0 1.0 0.0006576102792991648 0.1359368301360722 3007.62636994483 -1392.8456427431513 -241.53773767524984 2654.7046762225086
192.05588210854955 60.586815846272486 39633393188604944 4 84-86-89-90 0.40525899582100294 0.5 3 1.5970058853101536 1.0 [-1,-1] 1.0 1.0 1.0 0.00024055914515870672 0.3007331513712552 1618.86005306422 -777.4941139258224 -166.0542117110157 1410.1903321859863
190.08292859388482 60.23632590722345 39633390177091996 6 84-86-89-90-91-452 0.9905281334430955 1.0 3 1.566182472942026 1.0 [-1,-1] 1.0 1.0 1.0 0.00023297360745577845 0.30751381291380364 3372.0292237700833 -1648.1016071852225 -293.06499997843036 2927.1923551657137
190.40962386345615 60.282526556506035 39633390177094414 6 84-86-89-90-91-92 0.7552386803001792 1.0 3 1.5373913697309054 1.0 [-1,-1] 1.0 1.0 1.0 0.0007242712797402853 0.12498917450484462 2740.8183856718583 -1336.3257578848754 -245.49370029390838 2380.346977893414
190.36513260360718 60.27205462204155 39633390177094008 7 84-86-89-90-91-92-452 0.9329459740089048 1.0 3 1.5444480188151255 1.0 [-1,-1] 1.0 1.0 1.0 0.0003671239319408774 0.21984967794317842 3225.6518865621333 -1573.4408733263956 -287.79077715298376 2801.1230569208133
190.09156985370973 60.22494296131699 39633390177092055 7 84-86-89-90-91-92-452 0.9134693007313636 1.0 3 1.5777888946002374 1.0 [-1,-1] 1.0 1.0 1.0 0.00042618922305278896 0.1953324009783564 3174.9991518711045 -1552.299283355742 -276.27098014629985 2755.841231784677
190.1217501764113 60.232484292308165 39633390177092268 7 84-86-89-90-91-92-452 0.8066556156820734 1.0 3 1.5711917690797033 1.0 [-1,-1] 1.0 1.0 1.0 0.0008239664519383997 0.11155322342262282 2886.4692908055385 -1410.776060047875 -251.8500686145787 2505.5912312462415
190.12385165761214 60.22285086370196 39633390177092288 7 84-86-89-90-91-92-452 0.8113875988940001 1.0 3 1.5808733908578987 1.0 [-1,-1] 1.0 1.0 1.0 0.000762533893525711 0.11946670068019369 2899.647627034575 -1417.6243480910512 -253.12626955374174 2516.7885609102073
190.12554158239118 60.23334690866094 39633390177092302 7 84-86-89-90-91-92-452 0.8077155825298941 1.0 3 1.5704577659776406 1.0 [-1,-1] 1.0 1.0 1.0 0.0008239664519383997 0.11155322342262282 2889.424517920545 -1412.1665825654202 -252.19472884928746 2508.178105036903
191.84138098414985 60.458175983609664 39633393188603568 5 84-86-89-90-92 0.825551698020309 1.0 3 1.6366604706762737 1.0 [-1,-1] 1.0 1.0 1.0 0.000762533893525711 0.11946670068019369 2938.8698421087024 -1418.1992308084177 -297.346392376881 2556.8050401880264
192.67532679602365 61.01581678731803 39633399127738555 5 84-86-89-90-92 0.9295696555534174 1.0 3 1.5422258108303182 1.0 [-1,-1] 1.0 1.0 1.0 0.00042618922305278896 0.1953324009783564 3216.9131272028817 -1520.824018255593 -342.0443900964227 2814.0060427566073
192.7910294016549 61.0951510168214 39633399127739364 5 84-86-89-90-92 0.5939944931821155 1.0 3 1.5510042163004853 1.0 [-1,-1] 1.0 1.0 1.0 0.0006106036532175123 0.14488555312656437 2253.4017699117157 -1062.1668670157476 -241.143514004939 1972.6811422296696
191.88090875862432 60.5266673410907 39633393188603805 5 84-86-89-90-92 0.5360602348942768 1.0 3 1.5917681152478724 1.0 [-1,-1] 1.0 1.0 1.0 0.0006094867785671962 0.14511252611805409 2066.2629128482586 -994.8605862940861 -209.30381892425294 1798.857067761216
191.89006961448405 60.528642816336756 39633393188603872 5 84-86-89-90-92 0.5357521836588426 1.0 3 1.5928275682353177 1.0 [-1,-1] 1.0 1.0 1.0 0.0006094867785671962 0.14511252611805409 2065.250147841092 -994.2788385928357 -209.3474422488729 1798.0104039487615
192.00818756907773 60.59615659101188 39633393188604628 5 84-86-89-90-92 0.5457238835426553 1.0 3 1.5749156373376443 1.0 [-1,-1] 1.0 1.0 1.0 0.0006094867785671962 0.14511252611805409 2097.9377373078128 -1007.4693526816751 -214.2946980640722 1827.6832426350634
192.1854795845635 60.62354476565003 39633393192796552 5 84-86-89-90-92 0.8993509726943733 1.0 3 1.6108498294743296 1.0 [-1,-1] 1.0 1.0 1.0 0.0005723615213970424 0.15308410280969617 3137.912676695455 -1504.6084850837722 -324.9087548188602 2734.4256388174117
190.62054815473687 60.3209170146264 39633390181286527 5 84-86-89-90-92 0.5251919221881106 1.0 3 1.5195981313234772 1.0 [-1,-1] 1.0 1.0 1.0 0.0006888416087567301 0.1305783864573065 2030.4170889526013 -988.121582434056 -185.28873667036723 1764.0514101073902
192.24142528553278 60.601861407465584 39633393192796943 5 84-86-89-90-92 0.5364595502464555 1.0 3 1.6453511207679288 1.0 [-1,-1] 1.0 1.0 1.0 0.0006094867785671962 0.14511252611805409 2067.5754409350416 -991.8455892993612 -215.1953582942229 1801.3332530972039
189.8005674976797 61.8808839275467 39633410691434213 5 84-86-89-90-92 0.9451812361206885 1.0 3 0.09351023732586956 1.0 [-1,-1] 1.0 1.0 1.0 0.0003671239319408774 0.21984967794317842 3257.173433264187 -1512.722622698113 -261.30799778366685 2872.7281756953
192.20319085227342 60.61539146500264 39633393192796672 5 84-86-89-90-92 0.5619310931802955 1.0 3 1.6227249961705374 1.0 [-1,-1] 1.0 1.0 1.0 0.0006724560872077301 0.13333590500666823 2150.6452915503364 -1031.412035810439 -223.05930153563526 1873.955423816541
193.03268592311147 61.88408494344701 39633410716600336 6 84-86-89-90-92-451 0.41518912520672524 1.0 3 1.4805718306370237 1.0 [-1,-1] 1.0 1.0 1.0 0.0005613841910631427 0.1556117057517016 1654.0696509096322 -759.4132444640858 -175.78074108835514 1458.882814092781
187.44064085844695 60.87112899906981 39633396128811240 6 84-86-89-90-92-452 0.9648008593677518 1.0 3 1.5013324348058785 1.0 [-1,-1] 1.0 1.0 1.0 0.0003767415448896098 0.21544643941305056 3307.24445449014 -1596.3299734725636 -208.47857448547438 2888.9674940243567
