data_rosette/LRG_17_clustering_data.ecsv
# %ECSV 1.0
# ---
# datatype:
# - {name: RA, unit: deg, datatype: float64}
# - {name: DEC, unit: deg, datatype: float64}
# - {name: TARGETID, datatype: int64}
# - {name: NTILE, datatype: int64}
# - {name: TILES, datatype: string}
# - {name: Z, datatype: float64}
# - {name: COMP_TILE, datatype: float64}
# - {name: ROSETTE_NUMBER, datatype: int32}
# - {name: ROSETTE_R, unit: deg, datatype: float64}
# - {name: FRACZ_TILELOCID, datatype: float64}
# - {name: BITWEIGHTS, datatype: string, subtype: 'int64[2]'}
# - {name: PROB_OBS, datatype: float64}
# - {name: WEIGHT_ZFAIL, datatype: float64}
# - {name: WEIGHT, datatype: float64}
# - {name: NZ, unit: h3 / Mpc3, datatype: float64}
# - {name: WEIGHT_FKP, datatype: float64}
# - {name: theta, unit: deg, datatype: float64}
# - {name: phi, unit: deg, datatype: float64}
# - {name: rho, unit: Mpc, datatype: float64}
# - {name: r, unit: Mpc, datatype: float64}
# - {name: x, unit: Mpc, datatype: float64}
# - {name: y, unit: Mpc, datatype: float64}
# - {name: z, unit: Mpc, datatype: float64}
# meta: !!omap
# - {EXTNAME: LSS}
# - {DESIDR: edr}
# - comments: ['Visit https://desidatamodel.readthedocs.io/en/latest/ for a more complet', e description]
# schema: astropy-2.0
RA DEC TARGETID NTILE TILES Z COMP_TILE ROSETTE_NUMBER ROSETTE_R FRACZ_TILELOCID BITWEIGHTS PROB_OBS WEIGHT_ZFAIL WEIGHT NZ WEIGHT_FKP theta phi rho r x y z
[from data line 47]
213.70496598794472 0.29659495702594507 39627794350609197 10 511-512-513-514-515-516-517-518-519-520 0.8384520822158469 1.0 17 1.273900899800041 1.0 [-1,-1] 1.0 1.0 1.0 0.0006232532477076302 0.14268566385842998 89.70340504297405 -213.70496598794472 2974.302531681991 2974.302531681991 2923.8070473259017 -224.59545772105466 -497.37790496599666
211.80978681612322 0.5081497844793027 39627800361043005 10 511-512-513-514-515-516-517-518-519-520 1.0441146979855833 1.0 17 1.4860978765769928 1.0 [-1,-1] 1.0 1.0 1.0 0.00017111768859933566 0.3774092623312036 89.4918502155207 -211.80978681612322 3503.8637498164235 3503.8637498164235 -858.3036784772595 3393.687702729101 152.51147214320812
211.9747706280482 -0.6681713568129092 39627770162057827 10 511-512-513-514-515-516-517-518-519-520 0.6407767437361821 1.0 17 0.8279899548370853 1.0 [-1,-1] 1.0 1.0 1.0 0.000833303205902425 0.11070054926254569 90.6681713568129 -211.9747706280482 2399.777353643509 2399.777353643509 -84.11419222941831 1014.3678159305183 -2173.226652636624
213.077507390928 -1.765060792430002 39627746023835486 10 511-512-513-514-515-516-517-518-519-520 0.7755091112588938 1.0 17 1.197639990464573 1.0 [-1,-1] 1.0 1.0 1.0 0.0007324854237337303 0.12404708914385561 91.76506079243 -213.077507390928 2798.781148737209 2798.781148737209 -1460.080520859937 -896.7769363907862 -2212.9464334885524
212.2126703024223 -1.1852711001261644 39627758086656238 10 511-512-513-514-515-516-517-518-519-520 0.6395975231377743 1.0 17 0.8291029562540321 1.0 [-1,-1] 1.0 1.0 1.0 0.000833303205902425 0.11070054926254569 91.18527110012616 -212.2126703024223 2396.138729673974 2396.138729673974 -29.25509790553498 -187.02485295835652 -2388.6495463893502
212.26656993452795 -0.2632724219739282 39627782250037715 10 511-512-513-514-515-516-517-518-519-520 0.823871292647837 1.0 17 0.6308059358075413 1.0 [-1,-1] 1.0 1.0 1.0 0.0006627118749498285 0.13533979738261318 90.26327242197392 -212.26656993452795 2934.23407583504 2934.23407583504 454.6622209714524 2142.9549809545506 -1952.1157307431592
213.69540480992723 0.3328133545295711 39627794350608980 10 511-512-513-514-515-516-517-518-519-520 0.8270813479813778 1.0 17 1.293007524930022 1.0 [-1,-1] 1.0 1.0 1.0 0.0006627118749498285 0.13533979738261318 89.66718664547042 -213.69540480992723 2943.0856372330777 2943.0856372330777 2910.995217332728 -195.63422286033665 -386.7649978985264
212.2652055412132 -0.2547018884196557 39627782250037679 10 511-512-513-514-515-516-517-518-519-520 0.6403497418804839 1.0 17 0.6365682386362259 1.0 [-1,-1] 1.0 1.0 1.0 0.000833303205902425 0.11070054926254569 90.25470188841966 -212.2652055412132 2398.4600909831024 2398.4600909831024 372.0597520871639 1765.486678047385 -1580.2655278631876
213.9072135816673 -0.028801526870309516 39627788315005129 10 511-512-513-514-515-516-517-518-519-520 0.7063273332321021 1.0 17 1.2458501285599168 1.0 [-1,-1] 1.0 1.0 1.0 0.0005843703162771602 0.15074849413407446 90.02880152687031 -213.9072135816673 2597.9864285762555 2597.9864285762555 2199.681738369243 -629.9403701253386 -1230.4913096148325
211.97471911069027 -0.6654911730109159 39627770162057825 10 511-512-513-514-515-516-517-518-519-520 0.6401103751110575 1.0 17 0.8278251645471978 1.0 [-1,-1] 1.0 1.0 1.0 0.000833303205902425 0.11070054926254569 90.66549117301092 -211.97471911069027 2397.7215159648126 2397.7215159648126 -84.57527369377308 1019.2905770641537 -2168.6314142123015
212.23852566301935 -0.2700841284543795 39627782245848735 10 511-512-513-514-515-516-517-518-519-520 0.9286257957977012 1.0 17 0.6512133808002545 1.0 [-1,-1] 1.0 1.0 1.0 0.0004951280553168204 0.17321314004730964 90.27008412845439 -212.23852566301935 3214.467043512378 3214.467043512378 429.42753590506493 2346.2767747923644 -2154.8493361030264
213.4900653141407 -1.157035108196232 39627758107628891 10 511-512-513-514-515-516-517-518-519-520 0.7490354145521797 1.0 17 0.8867708561708931 1.0 [-1,-1] 1.0 1.0 1.0 0.0007126833197713517 0.12705585074725267 91.15703510819623 -213.4900653141407 2722.937493021123 2722.937493021123 -137.07648552580065 -19.07041268214943 -2719.4181266175647
211.56441318900505 -0.7021116272488054 39627770157860263 10 511-512-513-514-515-516-517-518-519-520 0.558401969755757 1.0 17 1.2397193333150596 0.5 [-1,-1] 1.0 1.0 1.0 0.000677088223595666 0.13284793461577618 90.70211162724881 -211.56441318900505 2139.2123505961954 2139.2123505961954 -398.1218673934644 740.8778965980214 -1966.9337563779143
213.50762686975264 0.2531378089730998 39627794350604457 10 511-512-513-514-515-516-517-518-519-520 0.8066193613217624 1.0 17 1.1084069956518698 1.0 [-1,-1] 1.0 1.0 1.0 0.0007229154976227362 0.12548315978664992 89.7468621910269 -213.50762686975264 2886.3681788437043 2886.3681788437043 2801.546107935391 339.7232147896386 -605.8455300541348
211.7550079261753 0.4278644744441789 39627800361042012 10 511-512-513-514-515-516-517-518-519-520 1.0573281583701797 1.0 17 1.4657701254945505 1.0 [-1,-1] 1.0 1.0 1.0 0.0001568149373683449 0.39812733398474315 89.57213552555582 -211.7550079261753 3535.7421849731218 3535.7421849731218 -1052.6006861147464 3372.926452901542 -129.89125261653774
212.78977299668244 0.11103418455601886 39627788298224447 10 511-512-513-514-515-516-517-518-519-520 0.6390217594882267 1.0 17 0.7111077273926951 1.0 [-1,-1] 1.0 1.0 1.0 0.000833303205902425 0.11070054926254569 89.88896581544398 -212.78977299668244 2394.361193376356 2394.361193376356 1501.7484114411002 1670.4434500451216 -829.0572436702615
211.61349816939617 -0.9520854149105854 39627764118063001 10 511-512-513-514-515-516-517-518-519-520 1.0152227985365851 1.0 17 1.237533048016488 1.0 [-1,-1] 1.0 1.0 1.0 0.00020304675497218746 0.33812883710054276 90.95208541491058 -211.61349816939617 3433.2977964919073 3433.2977964919073 -226.37187447504985 475.88748635335173 -3392.61265607719
211.47876482787368 -0.8395668317700506 39627770153669254 10 511-512-513-514-515-516-517-518-519-520 0.924706471416918 1.0 17 1.342675168101806 1.0 [-1,-1] 1.0 1.0 1.0 0.0004951280553168204 0.17321314004730964 90.83956683177006 -211.47876482787368 3204.2951216535707 3204.2951216535707 -461.7750582449536 706.7609814974943 -3091.077471896885
211.47493828821965 -0.8609827347489356 39627770153669178 10 511-512-513-514-515-516-517-518-519-520 0.7342325222153453 1.0 17 1.35041182301877 1.0 [-1,-1] 1.0 1.0 1.0 0.0007126833197713517 0.12705585074725267 90.86098273474893 -211.47493828821965 2679.9952484363844 2679.9952484363844 -357.92893667879764 543.2699006227318 -2599.8306142914294
211.44377466607062 -0.8307503201904554 39627770153668491 10 511-512-513-514-515-516-517-518-519-520 0.5668661407619726 1.0 17 1.3756102800797727 1.0 [-1,-1] 1.0 1.0 1.0 0.000677088223595666 0.13284793461577618 90.83075032019046 -211.44377466607062 2166.5918086079614 2166.5918086079614 -339.35630334338026 481.7085926952631 -2084.9254653900175
212.3824297938568 -0.28644605470708917 39627782250040758 10 511-512-513-514-515-516-517-518-519-520 0.9646822229235651 1.0 17 0.5221782113677617 1.0 [-1,-1] 1.0 1.0 1.0 0.00041974738576830407 0.19815580287489248 90.28644605470708 -212.3824297938568 3306.9434272545795 3306.9434272545795 771.6863346630847 2290.788127684938 -2256.693330077052
212.95132768898637 -0.05885120624983955 39627788298227560 10 511-512-513-514-515-516-517-518-519-520 1.0318830282646072 1.0 17 0.5619084971566112 1.0 [-1,-1] 1.0 1.0 1.0 0.00017111768859933566 0.3774092623312036 90.05885120624984 -212.95132768898637 3474.134324291123 3474.134324291123 2345.3775969127764 1884.9019345318263 -1736.6513548538078
212.4945618526449 -0.19172662059377032 39627782250043559 10 511-512-513-514-515-516-517-518-519-520 0.5056296086565971 1.0 17 0.5098772068477007 1.0 [-1,-1] 1.0 1.0 1.0 0.0005337442823398631 0.16272042362546515 90.19172662059377 -212.4945618526449 1965.299303103278 1965.299303103278 659.0298442318042 1410.621520219907 -1199.261415156225
214.1808323025228 -0.896482836880394 39627764160008086 10 511-512-513-514-515-516-517-518-519-520 0.5747329699405141 1.0 17 1.4121864217383029 1.0 [-1,-1] 1.0 1.0 1.0 0.0006621615122706149 0.13543705131792066 90.8964828368804 -214.1808323025228 2191.9130454637907 2191.9130454637907 388.3947342290244 -239.48194651252638 -2143.8938235351316
213.60457226841805 0.4343498102642595 39627800390404064 10 511-512-513-514-515-516-517-518-519-520 0.7714119814572312 1.0 17 1.3104186855110787 1.0 [-1,-1] 1.0 1.0 1.0 0.0007324854237337303 0.12404708914385561 89.56565018973573 -213.60457226841805 2787.1228478022963 2787.1228478022963 2785.062727239413 66.09686291722423 -84.32424797083131
211.57101936416578 -1.2684866829214712 39627758078264710 10 511-512-513-514-515-516-517-518-519-520 0.5578744790532271 1.0 17 1.3988742447008036 1.0 [-1,-1] 1.0 1.0 1.0 0.000677088223595666 0.13284793461577618 91.26848668292148 -211.57101936416578 2137.5013863577456 2137.5013863577456 161.4794823473638 -305.32276826883566 -2109.4109511043043
213.51131961820371 -1.0755497765886033 39627764151615771 10 511-512-513-514-515-516-517-518-519-520 0.7504337762390197 1.0 17 0.855577063539009 1.0 [-1,-1] 1.0 1.0 1.0 0.0006416626200019751 0.139161677870846 91.0755497765886 -213.51131961820371 2726.9741423925425 2726.9741423925425 82.96281380068282 9.749571819170576 -2725.694423564967
213.071202520759 -1.2215857152558791 39627758103430648 10 511-512-513-514-515-516-517-518-519-520 0.9521890588863413 1.0 17 0.6781594964731956 1.0 [-1,-1] 1.0 1.0 1.0 0.00041974738576830407 0.19815580287489248 91.22158571525588 -213.071202520759 3275.124833948467 3275.124833948467 -320.08586877852326 -199.38599528730543 -3253.3418110363937
213.09096974560435 -1.2851190243169461 39627758103431098 10 511-512-513-514-515-516-517-518-519-520 0.9422573620264284 1.0 17 0.7443302699433038 1.0 [-1,-1] 1.0 1.0 1.0 0.0004445766401596716 0.18918261239264766 91.28511902431694 -213.09096974560435 3249.6614926029106 3249.6614926029106 -496.8656677674362 -296.03603650138155 -3197.778446014162
213.09301964449202 -1.2690944322966182 39627758103431145 10 511-512-513-514-515-516-517-518-519-520 0.49796109828091784 1.0 17 0.7304273093288479 1.0 [-1,-1] 1.0 1.0 1.0 0.0005337442823398631 0.16272042362546515 91.26909443229661 -213.09301964449202 1939.5619549059738 1939.5619549059738 -270.5726023535452 -160.4584245227038 -1913.8819550259636
213.11474754822396 -1.3208959845971817 39627758103431621 10 511-512-513-514-515-516-517-518-519-520 0.6854507140574404 1.0 17 0.7865925866132656 1.0 [-1,-1] 1.0 1.0 1.0 0.0007209928471550773 0.12577569469930108 91.32089598459719 -213.11474754822396 2535.7169239228438 2535.7169239228438 -470.57574583691417 -265.4200414239303 -2477.492883402348
212.98739320442576 0.7366032661264507 39627806417622898 10 511-512-513-514-515-516-517-518-519-520 0.47271759529874097 1.0 17 1.3496750948422809 1.0 [-1,-1] 1.0 1.0 1.0 0.00048380039118235755 0.17655271186088778 89.26339673387355 -212.98739320442576 1853.9926045728926 1853.9926045728926 1431.4421607753757 1067.7913507346211 498.07986253414674
213.12868823812735 -1.3627285785780148 39627758103431933 10 511-512-513-514-515-516-517-518-519-520 0.9130334821164994 1.0 17 0.8305164384971372 1.0 [-1,-1] 1.0 1.0 1.0 0.0004951280553168204 0.17321314004730964 91.36272857857801 -213.12868823812735 3173.8589931591628 3173.8589931591628 -706.8889218900669 -385.81931383883654 -3069.988993080484
213.6647673032341 -0.7266154154524608 39627770191417280 10 511-512-513-514-515-516-517-518-519-520 0.8542688184260969 1.0 17 0.8739298734194509 1.0 [-1,-1] 1.0 1.0 1.0 0.0006812235016579503 0.1321480675826358 90.72661541545246 -213.6647673032341 3017.371772357278 3017.371772357278 1117.2609521888864 -40.76106780986073 -2802.6057362182582
213.65869175221724 -0.7324599162398495 39627770191417147 10 511-512-513-514-515-516-517-518-519-520 0.8390912164018739 1.0 17 0.8687906151000685 1.0 [-1,-1] 1.0 1.0 1.0 0.0006232532477076302 0.14268566385842998 90.73245991623985 -213.65869175221724 2976.050858272932 2976.050858272932 1086.0179238703013 -33.01567073704723 -2770.6233496354716
213.76887273406754 -1.6493412363558329 39627746036416904 10 511-512-513-514-515-516-517-518-519-520 0.7075324007026272 1.0 17 1.4280908556173175 1.0 [-1,-1] 1.0 1.0 1.0 0.0005843703162771602 0.15074849413407446 91.64934123635584 -213.76887273406754 2601.556743292987 2601.556743292987 -1331.322658895005 188.38960790438503 -2227.1476875410794
212.98773587589682 0.7302220545562804 39627806417622909 10 511-512-513-514-515-516-517-518-519-520 0.47631480096138684 1.0 17 1.3434038279176832 1.0 [-1,-1] 1.0 1.0 1.0 0.00048380039118235755 0.17655271186088778 89.26977794544372 -212.98773587589682 1866.2659222359089 1866.2659222359089 1443.822238645736 1076.256464293863 489.89576315450597
211.52112442601782 -0.33880412499931156 39627782237454791 10 511-512-513-514-515-516-517-518-519-520 0.727875757551581 1.0 17 1.3052330862447266 1.0 [-1,-1] 1.0 1.0 1.0 0.0006167714992318164 0.14396928707710532 90.33880412499931 -211.52112442601782 2661.4358822717913 2661.4358822717913 -944.2317752740149 1588.2277818022483 -1915.5155502157168
211.78099525181662 0.10176130018034504 39627788281447232 10 511-512-513-514-515-516-517-518-519-520 0.5442233890888846 1.0 17 1.2372578499600324 1.0 [-1,-1] 1.0 1.0 1.0 0.0007045118177349687 0.128340413101622 89.89823869981966 -211.78099525181662 2093.031692283013 2093.031692283013 -534.1914416466306 1882.4253085597327 -742.8971168784966
213.25056858458763 0.25095952971675567 39627794346410039 10 511-512-513-514-515-516-517-518-519-520 0.530579711124002 1.0 17 0.962880343177119 1.0 [-1,-1] 1.0 1.0 1.0 0.0007045118177349687 0.128340413101622 89.74904047028325 -213.25056858458763 2048.216582452981 2048.216582452981 1860.5383755241728 738.2339411808392 -434.2795987907407
213.05624652312926 -1.145762697006223 39627758103430352 10 511-512-513-514-515-516-517-518-519-520 0.9169242353598237 1.0 17 0.6029124867193577 1.0 [-1,-1] 1.0 1.0 1.0 0.0004951280553168204 0.17321314004730964 91.14576269700622 -213.05624652312926 3184.0272471926055 3184.0272471926055 -105.92060393159548 -68.19911312830033 -3181.534098119365
213.04886658661258 -1.1336034810793145 39627758103430190 10 511-512-513-514-515-516-517-518-519-520 0.944270359899283 1.0 17 0.5887721384421807 1.0 [-1,-1] 1.0 1.0 1.0 0.0004445766401596716 0.18918261239264766 91.13360348107932 -213.04886658661258 3254.8346307294505 3254.8346307294505 -74.66111998057988 -48.855220005331205 -3253.6114331673343
211.94572591890193 0.5839071105147998 39627800361045630 10 511-512-513-514-515-516-517-518-519-520 0.8651306779936859 1.0 17 1.4599295432993493 1.0 [-1,-1] 1.0 1.0 1.0 0.0006812235016579503 0.1321480675826358 89.4160928894852 -211.94572591890193 3046.712693673117 3046.712693673117 -337.43184855178544 3006.179640208477 362.6044072647989
212.56228503917023 0.8378873680991896 39627806413424331 10 511-512-513-514-515-516-517-518-519-520 0.7615169722383844 1.0 17 1.4574036079936223 1.0 [-1,-1] 1.0 1.0 1.0 0.0006416626200019751 0.139161677870846 89.16211263190081 -212.56228503917023 2758.847175595755 2758.847175595755 1242.3432375009959 2248.4769380177886 1006.067829587234
212.26869544180005 -0.27378043946473185 39627782250037771 10 511-512-513-514-515-516-517-518-519-520 0.6401165013231119 1.0 17 0.6234473192148607 1.0 [-1,-1] 1.0 1.0 1.0 0.000833303205902425 0.11070054926254569 90.27378043946473 -212.26869544180005 2397.740419961398 2397.740419961398 371.7188102158996 1733.8584751996523 -1613.9141971079732
212.98736659688058 0.7317014097553223 39627806417622897 10 511-512-513-514-515-516-517-518-519-520 0.4727134713374519 1.0 17 1.3448171844388632 1.0 [-1,-1] 1.0 1.0 1.0 0.00048380039118235755 0.17655271186088778 89.26829859024468 -212.98736659688058 1853.9785187632199 1853.9785187632199 1433.3426211564524 1069.2683691425802 489.31629153644616
