data_rosette/LRG_10_clustering_data.ecsv
# %ECSV 1.0
# ---
# datatype:
# - {name: RA, unit: deg, datatype: float64}
# - {name: DEC, unit: deg, datatype: float64}
# - {name: TARGETID, datatype: int64}
# - {name: NTILE, datatype: int64}
# - {name: TILES, datatype: string}
# - {name: Z, datatype: float64}
# - {name: COMP_TILE, datatype: float64}
# - {name: ROSETTE_NUMBER, datatype: int32}
# - {name: ROSETTE_R, unit: deg, datatype: float64}
# - {name: FRACZ_TILELOCID, datatype: float64}
# - {name: BITWEIGHTS, datatype: string, subtype: 'int64[2]'}
# - {name: PROB_OBS, datatype: float64}
# - {name: WEIGHT_ZFAIL, datatype: float64}
# - {name: WEIGHT, datatype: float64}
# - {name: NZ, unit: h3 / Mpc3, datatype: float64}
# - {name: WEIGHT_FKP, datatype: float64}
# - {name: theta, unit: deg, datatype: float64}
# - {name: phi, unit: deg, datatype: float64}
# - {name: rho, unit: Mpc, datatype: float64}
# - {name: r, unit: Mpc, datatype: float64}
# - {name: x, unit: Mpc, datatype: float64}
# - {name: y, unit: Mpc, datatype: float64}
# - {name: z, unit: Mpc, datatype: float64}
# meta: !!omap
# - {EXTNAME: LSS}
# - {DESIDR: edr}
# - comments: ['Visit https://desidatamodel.readthedocs.io/en/latest/ for a more complet', e description]
# schema: astropy-2.0
RA DEC TARGETID NTILE TILES Z COMP_TILE ROSETTE_NUMBER ROSETTE_R FRACZ_TILELOCID BITWEIGHTS PROB_OBS WEIGHT_ZFAIL WEIGHT NZ WEIGHT_FKP theta phi rho r x y z
[from data line 4771]
219.10643751660768 1.8750932809879663 39627836721465390 8 273-274-275-277-278-279-280-281 0.7730642172156545 1.0 10 1.1926434498758505 1.0 [-1,-1] 1.0 1.0 1.0 0.0007324854237337303 0.12404708914385561 88.12490671901203 -219.10643751660768 2791.8277325119384 2791.8277325119384 308.86955708150884 321.25310623940356 2756.0294132070794
216.74016125063213 2.8232122061808953 39627854798918138 9 273-274-275-277-278-279-280-281-472 0.7914369422508447 1.0 10 1.3662662155948369 1.0 [-1,-1] 1.0 1.0 1.0 0.0007229154976227362 0.12548315978664992 87.1767877938191 -216.74016125063213 2843.829788185678 2843.829788185678 2014.837539114868 59.922499429826374 2006.0425840963153
217.88135763212648 3.3633561717046945 39627866895288125 9 273-274-275-277-278-279-280-281-472 0.9548093439163735 1.0 10 0.9484306663574315 1.0 [-1,-1] 1.0 1.0 1.0 0.00041974738576830407 0.19815580287489248 86.6366438282953 -217.88135763212648 3281.81789664721 3281.81789664721 1412.298552429834 -2855.33875431418 789.1654475900868
218.901349175161 3.1293971440991872 39627866912065805 9 273-274-275-277-278-279-280-281-472 0.6740579334486979 1.0 10 1.1010168484100564 1.0 [-1,-1] 1.0 1.0 1.0 0.0007209928471550773 0.12577569469930108 86.87060285590081 -218.901349175161 2501.4000509713383 2501.4000509713383 -1181.7547272978131 -1882.1676865943477 1147.9994682266913
216.71421335606863 2.773157353117072 39627854798917700 9 273-274-275-277-278-279-280-281-472 0.7326322837057525 1.0 10 1.3778247931966863 1.0 [-1,-1] 1.0 1.0 1.0 0.0007126833197713517 0.12705585074725267 87.22684264688293 -216.71421335606863 2675.329900055555 2675.329900055555 1796.707408051305 100.14371529351145 1979.6979063160213
216.7071983422965 2.7705670124903765 39627854798917609 9 273-274-275-277-278-279-280-281-472 0.7337308066703472 1.0 10 1.3839745008464457 1.0 [-1,-1] 1.0 1.0 1.0 0.0007126833197713517 0.12705585074725267 87.22943298750963 -216.7071983422965 2678.533030776833 2678.533030776833 1792.9808003706905 112.55800608733594 1986.7284016015494
218.2638293386621 2.1864981733842073 39627842748678450 8 273-274-275-277-278-279-280-472 0.8380050936154686 1.0 10 0.323947353707282 1.0 [-1,-1] 1.0 1.0 1.0 0.0006232532477076302 0.14268566385842998 87.81350182661579 -218.2638293386621 2973.0794122359216 2973.0794122359216 34.36124196189369 -446.181554819187 2939.2078042647927
217.66144161128972 1.7999676520347703 39627830656503361 8 273-274-275-277-278-279-281-472 0.7026012315287476 1.0 10 0.7400751487498523 1.0 [-1,-1] 1.0 1.0 1.0 0.0005843703162771602 0.15074849413407446 88.20003234796523 -217.66144161128972 2586.930347168163 2586.930347168163 -379.0924610121863 469.5119885350811 2515.56276402024
216.64801474144434 1.8442426350521812 39627830639725841 7 273-274-275-277-278-280-281 0.8260827345378478 1.0 10 1.5185268128016225 1.0 [-1,-1] 1.0 1.0 1.0 0.0006627118749498285 0.13533979738261318 88.15575736494782 -216.64801474144434 2940.3338467951444 2940.3338467951444 -554.5219081886763 -67.92085855430265 2886.772478204884
216.62085629386252 1.8528304253889407 39627830639725230 7 273-274-275-277-278-280-281 0.5859402425307169 1.0 10 1.5403594607267985 1.0 [-1,-1] 1.0 1.0 1.0 0.0006621615122706149 0.13543705131792066 88.14716957461106 -216.62085629386252 2227.777735220296 2227.777735220296 -399.99736288764035 -60.05966955622974 2190.7506894484827
216.54348815129305 2.3679598560399557 39627842719318986 7 273-274-275-277-278-280-281 0.6522437528929643 1.0 10 1.5064693804675717 1.0 [-1,-1] 1.0 1.0 1.0 0.000700708733790897 0.12894715825466588 87.63204014396004 -216.54348815129305 2435.0242191614147 2435.0242191614147 774.6469318674639 178.44332129671855 2301.613142979414
216.71105472270656 1.6888857016484005 39627830639727244 7 273-274-275-277-278-280-281 0.8899541314900763 1.0 10 1.5296027162985537 1.0 [-1,-1] 1.0 1.0 1.0 0.0005690156306133545 0.15418916366201427 88.3111142983516 -216.71105472270656 3113.0549555025304 3113.0549555025304 -1055.447045744907 -62.17255180217506 2928.0159260853784
216.71542988191675 2.7602925515615313 39627854798917722 7 273-274-275-277-278-280-281 0.6182760199683952 1.0 10 1.3735042817686838 1.0 [-1,-1] 1.0 1.0 1.0 0.0007214233604467519 0.12571007283523317 87.23970744843847 -216.71542988191675 2329.8958932444125 2329.8958932444125 1542.5485959740554 84.09532250173568 1744.10053584906
218.3313364274357 1.9318130450684892 39627836708882283 8 273-274-275-277-278-280-281-472 0.9409417978985923 1.0 10 0.5720361040380696 1.0 [-1,-1] 1.0 1.0 1.0 0.0004445766401596716 0.18918261239264766 88.0681869549315 -218.3313364274357 3246.277327631857 3246.277327631857 -3.1396555194620066 335.6746452124778 3228.8742872743323
219.06610145732435 2.9304187005909705 39627860880656126 8 273-274-275-277-278-280-281-472 0.8976575957571156 1.0 10 1.131643399394992 1.0 [-1,-1] 1.0 1.0 1.0 0.0005275616701708153 0.16431404058018498 87.06958129940902 -219.06610145732435 3133.4434404690905 3133.4434404690905 -1621.9651656046292 -1829.2381719005382 1959.9960476097638
218.33380012751348 1.9361183435441318 39627836708882335 8 273-274-275-277-278-280-281-472 1.0921745471043638 1.0 10 0.5695122765878563 1.0 [-1,-1] 1.0 1.0 1.0 4.689797466212482e-05 0.6886505109163528 88.06388165645586 -218.33380012751348 3618.6479922522485 3618.6479922522485 -2.4711435587541457 358.68746424335893 3600.8263618613173
217.4035016679049 3.444759247309181 39627872918309432 7 273-274-275-277-278-280-472 0.6636519397267189 1.0 10 1.2027418121434372 1.0 [-1,-1] 1.0 1.0 1.0 0.000700708733790897 0.12894715825466588 86.55524075269082 -217.4035016679049 2469.846843484314 2469.846843484314 1964.557487005475 -1443.27443516856 397.009087186978
217.7690749565383 1.0341215350235045 39627812541301145 6 273-274-275-277-278-281 0.9049564118285686 1.0 10 1.4238397238433975 1.0 [-1,-1] 1.0 1.0 1.0 0.0005275616701708153 0.16431404058018498 88.9658784649765 -217.7690749565383 3152.6746168826385 3152.6746168826385 -1436.3675374850588 2232.989516876126 1699.9892219412814
217.76514885387064 1.0299692039092845 39627812541301046 6 273-274-275-277-278-281 0.9041316206129232 1.0 10 1.428687652991254 1.0 [-1,-1] 1.0 1.0 1.0 0.0005275616701708153 0.16431404058018498 88.97003079609071 -217.76514885387064 3150.505623820142 3150.505623820142 -1447.9561503624975 2231.699057376746 1687.7878983016496
217.80813432626763 1.058499508106899 39627812541302008 6 273-274-275-277-278-281 0.854948803712156 1.0 10 1.392643388108982 1.0 [-1,-1] 1.0 1.0 1.0 0.0006812235016579503 0.1321480675826358 88.9415004918931 -217.80813432626763 3019.214221593548 3019.214221593548 -1270.4751016304328 2155.706387790389 1689.5199027089286
217.7618314149553 1.0321054812309471 39627812541300992 7 273-274-275-277-278-281-472 0.9211738756415526 1.0 10 1.4272597224160273 1.0 [-1,-1] 1.0 1.0 1.0 0.0004951280553168204 0.17321314004730964 88.96789451876906 -217.7618314149553 3195.1065452034627 3195.1065452034627 -1473.9509540301083 2255.342641423255 1717.4411169218333
217.75779967101425 1.0367631367623884 39627812541300916 7 273-274-275-277-278-281-472 1.0902883086970319 1.0 10 1.4235194598457634 1.0 [-1,-1] 1.0 1.0 1.0 4.689797466212482e-05 0.6886505109163528 88.96323686323761 -217.75779967101425 3614.202979175971 3614.202979175971 -1672.559746442682 2536.847189937465 1956.8887051057463
217.1487967752661 3.1796313840240464 39627866882706017 8 273-274-275-277-279-280-281-472 0.5529544305958574 1.0 10 1.1713914979430264 1.0 [-1,-1] 1.0 1.0 1.0 0.000677088223595666 0.13284793461577618 86.82036861597595 -217.1487967752661 2121.5163335348566 2121.5163335348566 1794.4139422456144 -714.4316599226564 877.7799044349848
217.48915364360067 1.2076135353233568 39627818572715219 8 273-274-275-277-279-280-281-472 1.0932995974261601 1.0 10 1.344785665104496 1.0 [-1,-1] 1.0 1.0 1.0 4.689797466212482e-05 0.6886505109163528 88.79238646467664 -217.48915364360067 3621.2969238404867 3621.2969238404867 -2006.2651450539956 1757.0077060134497 2449.819483016534
217.60906225192025 3.385791945334359 39627872922502549 7 273-274-275-277-279-281-472 0.8681751349899258 1.0 10 1.0523589847277384 1.0 [-1,-1] 1.0 1.0 1.0 0.0006812235016579503 0.1321480675826358 86.61420805466564 -217.60906225192025 3054.9023748153054 3054.9023748153054 1991.5488202845186 -2218.1255953904792 667.8927003263099
217.78350870041925 1.0043459139843478 39627812541301439 5 273-274-275-277-281 0.6308733960390898 1.0 10 1.4503240136357742 0.5 [-1,-1] 1.0 1.0 1.0 0.000833303205902425 0.11070054926254569 88.99565408601565 -217.78350870041925 2369.13806473385 2369.13806473385 -1074.6980148355792 1724.9565980097252 1217.5237499375658
217.77852825112393 1.0096567044273554 39627812541301349 5 273-274-275-277-281 0.9251178448276924 1.0 10 1.4460296766275231 1.0 [-1,-1] 1.0 1.0 1.0 0.0004951280553168204 0.17321314004730964 88.99034329557264 -217.77852825112393 3205.3638834681055 3205.3638834681055 -1460.9518627577606 2319.102696128719 1661.848357990245
218.4156546633335 2.7567242171477306 39627854828276832 7 273-274-275-278-279-280-281 0.9751835085890367 1.0 10 0.4900795338142587 1.0 [-1,-1] 1.0 1.0 1.0 0.0003578035202613049 0.22475091060875194 87.24327578285227 -218.4156546633335 3333.50776231544 3333.50776231544 -164.87143398274577 -2195.1837051599487 2503.2498701236364
217.2726364573306 3.1195710437332402 39627860851294868 8 273-274-275-278-279-280-281-472 0.5856558105090162 1.0 10 1.038450171634648 1.0 [-1,-1] 1.0 1.0 1.0 0.0006621615122706149 0.13543705131792066 86.88042895626675 -217.2726364573306 2226.8705371594574 2226.8705371594574 1724.8036659826078 -948.4177070096031 1041.3974054665462
218.29708980682025 2.3927392111394385 39627848788477155 8 273-274-275-278-279-280-281-472 0.46776487869013567 1.0 10 0.2496670966222552 1.0 [-1,-1] 1.0 1.0 1.0 0.0005635091211985168 0.1554616369400361 87.60726078886056 -218.29708980682025 1837.0508939058914 1837.0508939058914 28.006448803190512 -641.9483009472511 1721.0095887405178
218.2972423549184 2.383426454050516 39627848788477160 8 273-274-275-278-279-280-281-472 0.8445714674304016 1.0 10 0.2513763710404178 1.0 [-1,-1] 1.0 1.0 1.0 0.0006232532477076302 0.14268566385842998 87.61657354594948 -218.2972423549184 2991.0143112368733 2991.0143112368733 44.304207176658785 -1019.0866079111934 2811.701661418987
217.25297609175686 3.123564748210829 39627860851294338 8 273-274-275-278-279-280-281-472 0.5902395157091312 1.0 10 1.0558316525041787 1.0 [-1,-1] 1.0 1.0 1.0 0.0007756247847600315 0.11796159141779075 86.87643525178918 -217.25297609175686 2241.4711963600985 2241.4711963600985 1758.2374985208726 -922.2584278206057 1040.3044819767438
217.91655748590247 1.1021361562265406 39627812541304317 6 273-274-275-278-279-281 0.7001837249074204 1.0 10 1.3345454584340948 1.0 [-1,-1] 1.0 1.0 1.0 0.0005843703162771602 0.15074849413407446 88.89786384377346 -217.91655748590247 2579.7437108642407 2579.7437108642407 -853.1034827419356 1889.3294887713962 1535.4888942405269
217.06592450556667 3.3549258076441726 39627866882703808 6 273-274-275-278-279-281 0.9094698984047108 1.0 10 1.3495944631111076 0.5 [-1,-1] 1.0 1.0 1.0 0.0005275616701708153 0.16431404058018498 86.64507419235582 -217.06592450556667 3164.525071959693 3164.525071959693 2931.8175331107745 -894.1844582645709 786.8284680944445
217.6562047479224 3.8489322805083437 39627878953912674 5 273-274-275-278-280 0.7621033877402481 1.0 10 1.4724029387125477 1.0 [-1,-1] 1.0 1.0 1.0 0.0006416626200019751 0.139161677870846 86.15106771949165 -217.6562047479224 2760.5276291246796 2760.5276291246796 1694.2433980555234 -2076.0095602426068 -663.5031311812287
216.63865374022734 1.7353136369420579 39627830639725625 5 273-274-275-278-280 0.7202583288543227 1.0 10 1.5722061381526 1.0 [-1,-1] 1.0 1.0 1.0 0.0006167714992318164 0.14396928707710532 88.26468636305795 -216.63865374022734 2639.101231053311 2639.101231053311 -773.4310120506661 -102.09139607392478 2521.157893546745
216.57899566746173 2.4227812920144243 39627848759117575 6 273-274-275-279-280-281 0.6626369929535532 1.0 10 1.4697031378241936 1.0 [-1,-1] 1.0 1.0 1.0 0.000700708733790897 0.12894715825466588 87.57721870798558 -216.57899566746173 2466.7585912733857 2466.7585912733857 914.9146423990628 176.8078235988111 2283.980765737554
217.350164043885 1.926281897475316 39627836692105212 7 273-274-275-279-280-281-472 0.9715899417939666 1.0 10 0.8618536109028522 1.0 [-1,-1] 1.0 1.0 1.0 0.0003578035202613049 0.22475091060875194 88.07371810252468 -217.350164043885 3324.435913755631 3324.435913755631 -302.7921547143649 198.497142983343 3304.6618495602725
217.4044349931575 3.5081408507140983 39627872918309466 7 273-274-275-279-280-281-472 0.6672281289420892 1.0 10 1.2561892297154247 1.0 [-1,-1] 1.0 1.0 1.0 0.000700708733790897 0.12894715825466588 86.4918591492859 -217.4044349931575 2480.7131743297505 2480.7131743297505 1988.2280103561934 -1463.5232960603453 242.87197042248684
218.37379762878012 1.7562487247801255 39627830669085770 9 273-274-276-277-278-279-280-281-472 1.0306882389554182 1.0 10 0.747425321875723 1.0 [-1,-1] 1.0 1.0 1.0 0.00017111768859933566 0.3774092623312036 88.24375127521988 -218.37379762878012 3471.2189566206184 3471.2189566206184 31.66149273514068 955.9540891277763 3336.8413768352852
217.4492541972525 3.4934297114547475 39627872918310684 9 273-274-276-277-278-279-280-281-472 0.8606294461682302 1.0 10 1.220985004574119 1.0 [-1,-1] 1.0 1.0 1.0 0.0006812235016579503 0.1321480675826358 86.50657028854525 -217.4492541972525 3034.576810496878 3034.576810496878 2345.8266674243378 -1894.5018665130992 341.49135125887943
218.05454473221687 2.1866379860249796 39627842744485285 9 273-274-276-277-278-279-280-281-472 0.759868190776647 1.0 10 0.2434043773243383 1.0 [-1,-1] 1.0 1.0 1.0 0.0006416626200019751 0.139161677870846 87.81336201397502 -218.05454473221687 2754.119165357053 2754.119165357053 117.1152256307014 -398.0546421066667 2722.6841357031913
218.76039101798165 3.3905860371814738 39627872939283084 9 273-274-276-277-278-279-280-281-472 0.7898891034510636 1.0 10 1.1941809402464485 1.0 [-1,-1] 1.0 1.0 1.0 0.0007324854237337303 0.12404708914385561 86.60941396281852 -218.76039101798165 2839.4710575794857 2839.4710575794857 -1130.2585347680656 -2532.9927335479583 607.5025458454875
217.8828055994088 3.3803371698299567 39627872926697288 9 273-274-276-277-278-279-280-281-472 0.9554634956407092 1.0 10 0.9648949437220102 1.0 [-1,-1] 1.0 1.0 1.0 0.00041974738576830407 0.19815580287489248 86.61966283017004 -217.8828055994088 3283.4871943623634 3283.4871943623634 1414.6023470503094 -2870.4478959232392 735.3347754942837
217.37379000747336 1.6601700044906653 39627830652308319 9 273-274-276-277-278-279-280-281-472 0.8731158279207571 1.0 10 1.0243578281301577 1.0 [-1,-1] 1.0 1.0 1.0 0.0005690156306133545 0.15418916366201427 88.33982999550933 -217.37379000747336 3068.1612181724618 3068.1612181724618 -925.5723634205369 638.5273477757539 2854.6824493999516
218.86012794615002 2.0239259320253966 39627836717270949 9 273-274-276-277-278-279-280-281-472 0.8542730769505851 1.0 10 0.9056542805504132 1.0 [-1,-1] 1.0 1.0 1.0 0.0006812235016579503 0.1321480675826358 87.97607406797461 -218.86012794615002 3017.383313353069 3017.383313353069 17.194102362946147 30.069264618806226 3017.1844925146293
217.59067531105458 2.0142661106151 39627836696299309 9 273-274-276-277-278-279-280-281-472 0.833252864357541 1.0 10 0.6192703114051606 1.0 [-1,-1] 1.0 1.0 1.0 0.0006232532477076302 0.14268566385842998 87.9857338893849 -217.59067531105458 2960.0552612984734 2960.0552612984734 -42.65057258379613 45.78094434691578 2959.393887898965
217.31461253779963 2.860379526344104 39627854811498061 8 273-274-276-277-278-279-280-472 0.4161127923072102 1.0 10 0.8513911243130193 1.0 [-1,-1] 1.0 1.0 1.0 0.0006262316776515472 0.14210347001521706 87.1396204736559 -217.31461253779963 1657.3341695513056 1657.3341695513056 1041.176236930304 -630.8102426096008 1124.627507681003
