data_rosette/LRG_6_clustering_data.ecsv
# %ECSV 1.0
# ---
# datatype:
# - {name: RA, unit: deg, datatype: float64}
# - {name: DEC, unit: deg, datatype: float64}
# - {name: TARGETID, datatype: int64}
# - {name: NTILE, datatype: int64}
# - {name: TILES, datatype: string}
# - {name: Z, datatype: float64}
# - {name: COMP_TILE, datatype: float64}
# - {name: ROSETTE_NUMBER, datatype: int32}
# - {name: ROSETTE_R, unit: deg, datatype: float64}
# - {name: FRACZ_TILELOCID, datatype: float64}
# - {name: BITWEIGHTS, datatype: string, subtype: 'int64[2]'}
# - {name: PROB_OBS, datatype: float64}
# - {name: WEIGHT_ZFAIL, datatype: float64}
# - {name: WEIGHT, datatype: float64}
# - {name: NZ, unit: h3 / Mpc3, datatype: float64}
# - {name: WEIGHT_FKP, datatype: float64}
# - {name: theta, unit: deg, datatype: float64}
# - {name: phi, unit: deg, datatype: float64}
# - {name: rho, unit: Mpc, datatype: float64}
# - {name: r, unit: Mpc, datatype: float64}
# - {name: x, unit: Mpc, datatype: float64}
# - {name: y, unit: Mpc, datatype: float64}
# - {name: z, unit: Mpc, datatype: float64}
# meta: !!omap
# - {EXTNAME: LSS}
# - {DESIDR: edr}
# - comments: ['Visit https://desidatamodel.readthedocs.io/en/latest/ for a more complet', e description]
# schema: astropy-2.0
RA DEC TARGETID NTILE TILES Z COMP_TILE ROSETTE_NUMBER ROSETTE_R FRACZ_TILELOCID BITWEIGHTS PROB_OBS WEIGHT_ZFAIL WEIGHT NZ WEIGHT_FKP theta phi rho r x y z
[from data line 3945]
215.16877259842414 51.02191016780593 39633263861435805 6 164-165-166-170-172-173 0.6641287741593456 1.0 6 1.4922350536827027 1.0 [-1,-1] 1.0 1.0 1.0 0.0006371005092682059 0.1397016056866948 38.97808983219407 144.83122740157586 2471.2970832810925 2471.2970832810925 2248.176163797423 739.9485505456403 710.9777443156297
213.8929405828961 51.30681099274496 39633267653083512 6 164-165-166-170-172-173 0.595645590479351 1.0 6 1.5513217036991318 1.0 [-1,-1] 1.0 1.0 1.0 0.0006106036532175123 0.14488555312656437 38.69318900725504 146.1070594171039 2258.6391271852913 2258.6391271852913 -43.54441700228747 1892.817271266825 1231.583277003336
216.8650889028037 52.781861269703725 39633290067446103 6 164-165-166-172-173-460 0.6889380824316766 1.0 6 0.8749718228668011 1.0 [-1,-1] 1.0 1.0 1.0 0.0008053318504768218 0.11384060807160488 37.218138730296275 143.1349110971963 2546.1739466239083 2546.1739466239083 -225.2976436970454 1156.2213708377078 2257.298137116384
215.6793085886868 52.55529882701453 39633286376456908 4 164-165-166-460 0.9520747821380389 1.0 6 0.12230302248393106 1.0 [-1,-1] 1.0 1.0 1.0 0.0003767415448896098 0.21544643941305056 37.44470117298547 144.3206914113132 3274.8326974319034 3274.8326974319034 -808.9590096723787 157.73640659111513 3169.421673251245
215.68235522794768 52.56164965670831 39633286376456929 4 164-165-166-460 0.9848763047007336 1.0 6 0.12691253872017308 1.0 [-1,-1] 1.0 1.0 1.0 0.00030269805442075816 0.25472307248715254 37.43835034329169 144.31764477205232 3357.881258523396 3357.881258523396 -849.2057390436503 168.271185594185 3244.3644935821744
216.66078017853226 51.16286939822808 39633267682443527 3 164-165-167 0.7787188996951124 0.75 6 1.5173467017860374 1.0 [-1,-1] 1.0 1.0 1.0 0.0007064174578981374 0.12774458208408304 38.83713060177192 143.33921982146774 2807.8943536559477 2807.8943536559477 985.0086635605021 -2351.0113614526736 1177.6137789293027
215.66904673508472 50.90338722268042 39633263869821552 3 164-165-167 0.7653194869849891 0.75 6 1.6000451554633197 1.0 [-1283597568843976707,-34906178689] 0.828125 1.0 1.205607476635514 0.0007242712797402853 0.12498917450484462 39.09661277731958 144.33095326491528 2769.7331866435657 2769.7331866435657 2683.0345630608426 -494.6329487692732 477.58319129492673
215.67078388034105 50.90511404602781 39633263869821578 3 164-165-167 0.670695057942141 0.75 6 1.5983928137852053 1.0 [-5332261960954707979,-2310422647210737793] 0.84375 1.0 1.18348623853211 0.0008053318504768218 0.11384060807160488 39.09488595397219 144.32921611965895 2491.224948654447 2491.224948654447 2411.7349012234836 -448.9506019440962 433.7970355280659
216.53612665430558 51.27661550987776 39633267678251705 8 164-165-167-168-169-170-171-172 0.6355851970123676 0.6666666666666666 6 1.3804070433716036 1.0 [-1,-1] 1.0 1.0 1.0 0.0007982518636535506 0.11473445525619816 38.72338449012224 143.46387334569442 2383.738632117485 2383.738632117485 1014.3903885895238 -1765.9003771346554 1238.8776629765405
217.39205595722711 53.00271799128755 39633293733266655 9 164-165-167-168-169-170-171-172-173 0.9082973830389592 1.0 6 1.2506453327214266 1.0 [-1,-1] 1.0 1.0 1.0 0.0005723615213970424 0.15308410280969617 36.99728200871245 142.60794404277289 3161.4496219474577 3161.4496219474577 670.1230680009717 1927.9404859073509 2414.2792441314687
214.07244371935445 52.055373802109926 39633278935761779 9 164-165-167-168-169-170-171-172-173 0.8300309880703717 1.0 6 0.9800627994988224 1.0 [-1,-1] 1.0 1.0 1.0 0.0006366829495309179 0.1397804201853648 37.944626197890074 145.92755628064555 2951.2040388403902 2951.2040388403902 111.80216277071983 708.5392083444091 2862.704620722561
214.9955123095053 51.21901372402091 39633267661475481 9 164-165-167-168-169-170-171-172-173 0.7759097372548198 1.0 6 1.3183231928177814 1.0 [-1,-1] 1.0 1.0 1.0 0.0007064174578981374 0.12774458208408304 38.78098627597909 145.0044876904947 2799.9195702913817 2799.9195702913817 2179.5937114658723 1166.003073138 1315.0504501622127
214.7671304938994 52.72944249690576 39633290046474223 9 164-165-167-168-169-170-171-172-173 0.7470429443393151 1.0 6 0.5006452052244127 1.0 [-1,-1] 1.0 1.0 1.0 0.0006073340474539246 0.1455520198534496 37.27055750309424 145.2328695061006 2717.1799111904957 2717.1799111904957 -849.1870800089115 -744.2051422595815 2471.4584113752603
215.64435034501946 52.19657643165245 39633282672888512 9 164-165-167-168-169-170-171-172-173 0.7539619778144334 1.0 6 0.3159763958968375 1.0 [-1,-1] 1.0 1.0 1.0 0.0007242712797402853 0.12498917450484462 37.80342356834755 144.35564965498054 2737.143791762922 2737.143791762922 281.46609235912246 -44.73358309942009 2722.2659462626866
215.99451878443102 53.30240215796301 39633297357146279 10 164-165-167-168-169-170-171-172-173-460 0.4082421975757867 1.0 6 0.8560469397580536 1.0 [-1,-1] 1.0 1.0 1.0 0.00024055914515870672 0.3007331513712552 36.69759784203699 144.00548121556898 1629.4595419383747 1629.4595419383747 -1199.3032946906355 667.3509269601026 878.3238277786255
215.0663489117565 51.38871983382963 39633271444736807 10 164-165-167-168-169-170-171-172-173-460 0.9321492022973237 1.0 6 1.1429728603150902 1.0 [-1,-1] 1.0 1.0 1.0 0.0003671239319408774 0.21984967794317842 38.61128016617037 144.9336510882435 3223.591221649161 3223.591221649161 2327.3525053561257 1040.4178771105796 1972.9423004981188
217.3922642532612 52.93825146955839 39633293733266660 10 164-165-167-168-169-170-171-172-173-460 0.6078417932742836 1.0 6 1.2270677833186892 1.0 [-1,-1] 1.0 1.0 1.0 0.0006106036532175123 0.14488555312656437 37.06174853044161 142.6077357467388 2297.1634437600637 2297.1634437600637 449.076410917573 1291.1231668090666 1846.155798580909
215.86928186014302 51.71635963225408 39633275215413483 10 164-165-167-168-169-170-171-172-173-460 0.8010863218081862 1.0 6 0.815798284827963 1.0 [-1,-1] 1.0 1.0 1.0 0.0008239664519383997 0.11155322342262282 38.28364036774592 144.13071813985698 2870.910774363616 2870.910774363616 1469.6783890980569 -591.3478608480118 2394.2601810258043
215.86962590842046 51.71940041857845 39633275215413487 10 164-165-167-168-169-170-171-172-173-460 0.7998046852815235 1.0 6 0.8129346401251738 1.0 [-1,-1] 1.0 1.0 1.0 0.0008239664519383997 0.11155322342262282 38.28059958142155 144.13037409157954 2867.3229489493006 2867.3229489493006 1460.8868332042132 -588.3945111075514 2396.068123706082
215.35592436601831 52.68686561625508 39633290054860909 10 164-165-167-168-169-170-171-172-173-460 0.6360315877191862 1.0 6 0.20634599794687547 1.0 [-1,-1] 1.0 1.0 1.0 0.0007982518636535506 0.11473445525619816 37.31313438374492 144.64407563398169 2385.1197016966976 2385.1197016966976 -890.2420803558339 -117.12459316751013 2209.6485827979086
214.26366890539413 51.61356944289193 39633271436347822 10 164-165-167-168-169-170-171-172-173-460 0.5348540389699208 1.0 6 1.1677217021242412 1.0 [-1,-1] 1.0 1.0 1.0 0.0006094867785671962 0.14511252611805409 38.38643055710807 145.73633109460587 2062.296281445134 2062.296281445134 445.8730708402306 1230.1470653238807 1594.0518670472973
214.46008321848475 52.97754247203696 39633293703906273 10 164-165-167-168-169-170-171-172-173-460 0.7455669781476116 1.0 6 0.7902177157853222 1.0 [-1,-1] 1.0 1.0 1.0 0.0006073340474539246 0.1455520198534496 37.02245752796304 145.53991678151525 2712.910365039143 2712.910365039143 -879.4371634066462 -1453.4387550606584 2115.180538309629
214.0321571988023 52.58361662773732 39633286359679756 10 164-165-167-168-169-170-171-172-173-460 0.8117890396860176 1.0 6 0.8966077468034227 1.0 [-1,-1] 1.0 1.0 1.0 0.000762533893525711 0.11946670068019369 37.41638337226268 145.9678428011977 2900.763888519818 2900.763888519818 -93.83543355036977 -803.7871940558688 2785.5972779680164
217.38067793211792 52.93918151009625 39633293733266574 10 164-165-167-168-169-170-171-172-173-460 0.7523714333469508 1.0 6 1.2208386505902127 1.0 [-1,-1] 1.0 1.0 1.0 0.0007242712797402853 0.12498917450484462 37.06081848990375 142.61932206788208 2732.561918143186 2732.561918143186 517.0113683818208 1543.8615088935928 2194.5581611812263
216.42917244698282 53.248247730430286 39633297361340619 10 164-165-167-168-169-170-171-172-173-460 0.4044775211260525 1.0 6 0.9350723122758301 1.0 [-1,-1] 1.0 1.0 1.0 0.00024055914515870672 0.3007331513712552 36.751752269569714 143.57082755301718 1616.0803224592748 1616.0803224592748 -771.2543383945547 1061.4439087042974 943.5142727177973
217.3190543330682 52.99979413624529 39633293733266042 10 164-165-167-168-169-170-171-172-173-460 0.596607275749565 1.0 6 1.209142992087962 1.0 [-1,-1] 1.0 1.0 1.0 0.0006106036532175123 0.14488555312656437 37.00020586375471 142.6809456669318 2261.6872130531706 2261.6872130531706 376.2216019907038 1405.6484987320525 1731.4267682740997
214.97413432748536 51.94900405081706 39633278944151240 10 164-165-167-168-169-170-171-172-173-460 0.4708932930915453 1.0 6 0.6382463611127228 1.0 [-1,-1] 1.0 1.0 1.0 0.000668512811805897 0.13401699399284683 38.05099594918294 145.02586567251464 1847.7581016631104 1847.7581016631104 555.0059250444522 312.34731038207616 1734.5367056145847
214.4450188592358 52.96548439953196 39633293703906151 10 164-165-167-168-169-170-171-172-173-460 0.7445789676084775 1.0 6 0.7904138433916357 1.0 [-1,-1] 1.0 1.0 1.0 0.0006073340474539246 0.1455520198534496 37.03451560046804 145.5549811407642 2710.050196791654 2710.050196791654 -843.6173956109835 -1442.874834392431 2133.2590023787634
215.44462229073693 53.23420758833199 39633297352950657 10 164-165-167-168-169-170-171-172-173-460 0.6721639488976316 1.0 6 0.7349681813353571 1.0 [-1,-1] 1.0 1.0 1.0 0.0008053318504768218 0.11384060807160488 36.76579241166801 144.55537770926307 2495.671956715634 2495.671956715634 -2003.7435970573583 -84.43888202618632 1485.3485072502847
215.0049343569538 52.06260739398041 39633278944151511 10 164-165-167-168-169-170-171-172-173-460 0.6012298445997626 1.0 6 0.532016740235917 1.0 [-1,-1] 1.0 1.0 1.0 0.0006106036532175123 0.14488555312656437 37.93739260601959 144.9950656430462 2276.313689462644 2276.313689462644 476.119563623754 248.96549706504493 2211.996915739467
217.60505698609393 52.575603138170266 39633286393236301 9 164-165-167-168-169-170-171-172-460 0.6062528488286181 1.0 6 1.2825596726238577 1.0 [-1,-1] 1.0 1.0 1.0 0.0006106036532175123 0.14488555312656437 37.424396861829734 142.39494301390607 2292.1606121494406 2292.1606121494406 323.69293182641127 530.9035997491627 2206.210444528876
213.65045140791645 52.84298196901389 39633290033892563 9 164-165-167-168-169-170-171-173-460 0.4828916389535841 1.0 6 1.1727700107808996 1.0 [-1,-1] 1.0 1.0 1.0 0.000668512811805897 0.13401699399284683 37.15701803098611 146.34954859208355 1888.6368422332462 1888.6368422332462 255.66686245525042 -940.2665264792047 1617.8635407430959
216.94396186659392 52.0320081539306 39633278965122046 9 164-165-167-168-169-170-171-173-460 0.7675685675996946 1.0 6 0.9999445785364138 1.0 [-1,-1] 1.0 1.0 1.0 0.0007242712797402853 0.12498917450484462 37.9679918460694 143.05603813340608 2776.1601591387025 2776.1601591387025 83.57879493488687 -732.740849565328 2676.4100324136693
217.3825520505138 52.93403156133687 39633293733266592 9 164-165-167-168-169-170-171-173-460 0.7537489639692211 1.0 6 1.2201195325802134 1.0 [-1,-1] 1.0 1.0 1.0 0.0007242712797402853 0.12498917450484462 37.06596843866313 142.6174479494862 2736.53042015587 2736.53042015587 517.0377906210273 1534.384447462545 2206.1131047372096
213.6475345528339 52.84089671121177 39633290033892534 9 164-165-167-168-169-170-171-173-460 0.5841592622233046 1.0 6 1.1738798734392641 1.0 [-1,-1] 1.0 1.0 1.0 0.0005369919189708607 0.1615383650856205 37.15910328878823 146.3524654471661 2222.094698590427 2222.094698590427 302.97968978767864 -1101.5683412197347 1905.900140800206
213.63968336083386 52.81927997871349 39633290033892472 9 164-165-167-168-169-170-171-173-460 0.8440986991642383 1.0 6 1.1726351048845887 1.0 [-1,-1] 1.0 1.0 1.0 0.0006366829495309179 0.1397804201853648 37.18072002128651 146.36031663916614 2989.7253924940974 2989.7253924940974 404.0525401788416 -1425.191654057682 2596.926686778689
217.23962612153196 51.47987005682454 39633271469900183 8 164-165-167-168-169-170-172-173 0.9483844333040953 1.0 6 1.4791999654655548 1.0 [-1,-1] 1.0 1.0 1.0 0.0003671239319408774 0.21984967794317842 38.52012994317546 142.76037387846804 3265.388068236624 3265.388068236624 -432.75173129619935 -2350.2321559541488 2225.285147652176
216.33796715141645 52.19604011107859 39633282681275877 8 164-165-167-168-169-170-172-173 0.7999351017291843 1.0 6 0.5953233637991024 1.0 [-1,-1] 1.0 1.0 1.0 0.0008239664519383997 0.11155322342262282 37.80395988892141 143.66203284858355 2867.6881649605543 2867.6881649605543 197.7974397883021 -225.71827043312226 2851.940189881391
216.32065675150915 52.20598790375868 39633282681275739 8 164-165-167-168-169-170-172-173 0.801344901565631 1.0 6 0.5811124396989791 1.0 [-1,-1] 1.0 1.0 1.0 0.0008239664519383997 0.11155322342262282 37.79401209624132 143.67934324849085 2871.6343082707604 2871.6343082707604 182.85211130210618 -201.5165805834541 2858.7129575352615
215.60211871135093 53.572398408856266 39633300972634302 9 164-165-167-168-169-170-172-173-460 0.7579151036510161 1.0 6 1.0741546592277988 1.0 [-1,-1] 1.0 1.0 1.0 0.0007242712797402853 0.12498917450484462 36.427601591143734 144.39788128864907 2748.512416249866 2748.512416249866 -2608.870972335644 302.3564802594917 810.3661584920967
216.50330703336692 52.605270321838816 39633286384845584 9 164-165-167-168-169-170-172-173-460 0.8957035077930137 1.0 6 0.6190539834591214 1.0 [-1,-1] 1.0 1.0 1.0 0.0005723615213970424 0.15308410280969617 37.394729678161184 143.49669296663308 3128.280504180262 3128.280504180262 -493.42375277185226 797.2121145265293 2984.4806512167233
215.606732183823 53.573968339429854 39633300972634339 9 164-165-167-168-169-170-172-173-460 0.757366061865284 1.0 6 1.0758838455356843 1.0 [-1,-1] 1.0 1.0 1.0 0.0007242712797402853 0.12498917450484462 36.426031660570146 144.393267816177 2746.9350798717005 2746.9350798717005 -2607.211052486638 314.36056849114277 805.7793083712122
217.75407505500732 52.7822288233037 39633290075835228 9 164-165-167-168-169-170-172-173-460 0.4779987370783049 1.0 6 1.3965365633022644 1.0 [-1,-1] 1.0 1.0 1.0 0.000668512811805897 0.13401699399284683 37.2177711766963 142.24592494499268 1872.0022233168493 1872.0022233168493 556.032298033831 664.7985243599966 1659.2960343637342
217.18805417806146 52.859875596158744 39633290071639755 9 164-165-167-168-169-170-172-173-460 0.749533166682341 1.0 6 1.0848097297003743 1.0 [-1,-1] 1.0 1.0 1.0 0.0006073340474539246 0.1455520198534496 37.140124403841256 142.81194582193854 2724.3747462056913 2724.3747462056913 188.0418199011405 1432.5232359363388 2309.704572068487
216.49720558471736 52.60577252968718 39633286384845540 9 164-165-167-168-169-170-172-173-460 0.8961367913893589 1.0 6 0.6154812363059975 1.0 [-1,-1] 1.0 1.0 1.0 0.0005723615213970424 0.15308410280969617 37.39422747031282 143.50279441528264 3129.4258117151253 3129.4258117151253 -499.25791741804437 795.7474511994711 2985.1019139777814
215.5817512690554 53.58027273267505 39633300972634135 9 164-165-167-168-169-170-172-173-460 0.41192934083072075 1.0 6 1.081390208019962 1.0 [-1,-1] 1.0 1.0 1.0 0.0005613841910631427 0.1556117057517016 36.41972726732495 144.4182487309446 1642.5342361780786 1642.5342361780786 -1566.187628601863 149.2581233425561 471.9078741108638
215.02039245214027 53.29968044947753 39633297348756298 8 164-165-167-168-169-170-172-460 0.4173138373986678 1.0 6 0.8503981000886551 1.0 [-1,-1] 1.0 1.0 1.0 0.0005613841910631427 0.1556117057517016 36.70031955052247 144.97960754785973 1661.5763420309918 1661.5763420309918 -1247.8988948608992 -628.1634841791928 899.4414520945178
