data_rosette/LRG_5_clustering_data.ecsv
# %ECSV 1.0
# ---
# datatype:
# - {name: RA, unit: deg, datatype: float64}
# - {name: DEC, unit: deg, datatype: float64}
# - {name: TARGETID, datatype: int64}
# - {name: NTILE, datatype: int64}
# - {name: TILES, datatype: string}
# - {name: Z, datatype: float64}
# - {name: COMP_TILE, datatype: float64}
# - {name: ROSETTE_NUMBER, datatype: int32}
# - {name: ROSETTE_R, unit: deg, datatype: float64}
# - {name: FRACZ_TILELOCID, datatype: float64}
# - {name: BITWEIGHTS, datatype: string, subtype: 'int64[2]'}
# - {name: PROB_OBS, datatype: float64}
# - {name: WEIGHT_ZFAIL, datatype: float64}
# - {name: WEIGHT, datatype: float64}
# - {name: NZ, unit: h3 / Mpc3, datatype: float64}
# - {name: WEIGHT_FKP, datatype: float64}
# - {name: theta, unit: deg, datatype: float64}
# - {name: phi, unit: deg, datatype: float64}
# - {name: rho, unit: Mpc, datatype: float64}
# - {name: r, unit: Mpc, datatype: float64}
# - {name: x, unit: Mpc, datatype: float64}
# - {name: y, unit: Mpc, datatype: float64}
# - {name: z, unit: Mpc, datatype: float64}
# meta: !!omap
# - {EXTNAME: LSS}
# - {DESIDR: edr}
# - comments: ['Visit https://desidatamodel.readthedocs.io/en/latest/ for a more complet', e description]
# schema: astropy-2.0
RA DEC TARGETID NTILE TILES Z COMP_TILE ROSETTE_NUMBER ROSETTE_R FRACZ_TILELOCID BITWEIGHTS PROB_OBS WEIGHT_ZFAIL WEIGHT NZ WEIGHT_FKP theta phi rho r x y z
[from data line 1542]
210.56388084191428 4.2713714131717735 39627890899288494 10 136-137-138-140-141-142-143-144-146-457 0.8151442771041228 1.0 5 0.9202064945637483 1.0 [-1,-1] 1.0 1.0 1.0 0.0006627118749498285 0.13533979738261318 85.72862858682822 -210.56388084191428 2910.0830223776525 2910.0830223776525 2282.874032714162 -176.52694026511395 -1796.081175017062
208.91237669878436 5.412894487727202 39627920985031578 10 136-137-138-140-141-142-143-144-146-457 1.033608117525012 1.0 5 1.159163453406127 1.0 [-1,-1] 1.0 1.0 1.0 0.00017111768859933566 0.3774092623312036 84.5871055122728 -208.91237669878436 3478.3400716203596 3478.3400716203596 2.8735392770750976 -812.9330692404388 -3382.0084597095956
210.022573534063 5.368689520688446 39627914982985223 10 136-137-138-140-141-142-143-144-146-457 0.7179907989743488 1.0 5 0.36937428811095546 1.0 [-1,-1] 1.0 1.0 1.0 0.0006167714992318164 0.14396928707710532 84.63131047931155 -210.022573534063 2632.432733688099 2632.432733688099 -448.4723234899557 -224.509038055882 -2584.2156187685537
209.42070867428043 4.696051921073596 39627902928553786 10 136-137-138-140-141-142-143-144-146-457 0.8656186780841394 1.0 5 0.6523535851984656 1.0 [-1,-1] 1.0 1.0 1.0 0.0006812235016579503 0.1321480675826358 85.30394807892641 -209.42070867428043 3048.0264350777734 3048.0264350777734 681.9536670960657 1234.1984442205148 -2702.2506443982597
210.56473130621924 4.267433058971962 39627890899288517 10 136-137-138-140-141-142-143-144-146-457 0.8133198935649039 1.0 5 0.92384521332957 1.0 [-1,-1] 1.0 1.0 1.0 0.0006627118749498285 0.13533979738261318 85.73256694102804 -210.56473130621924 2905.0181580166172 2905.0181580166172 2285.77222322161 -178.70676809566402 -1783.9393860194912
209.0709179589817 5.919110861746462 39627933014299342 10 136-137-138-140-141-142-143-144-146-457 0.9001125271566451 1.0 5 1.3038885665181104 1.0 [-1,-1] 1.0 1.0 1.0 0.0005275616701708153 0.16431404058018498 84.08088913825354 -209.0709179589817 3139.921132815026 3139.921132815026 -327.62431855784143 -2096.6615668866575 -2314.2552365995184
211.17902413017262 5.449613403513448 39627921022780497 10 136-137-138-140-141-142-143-144-146-457 0.4756145750527521 1.0 5 1.2572648576880063 1.0 [-1,-1] 1.0 1.0 1.0 0.00048380039118235755 0.17655271186088778 84.55038659648655 -211.17902413017262 1863.8789016005737 1863.8789016005737 -386.309555510386 320.34246832892785 -1795.0460133762754
211.42512688550823 4.549488891225832 39627896939087515 10 136-137-138-140-141-142-143-144-146-457 0.5301406304101857 1.0 5 1.4899206516486896 1.0 [-1,-1] 1.0 1.0 1.0 0.0007045118177349687 0.128340413101622 85.45051110877417 -211.42512688550823 2046.7681770818074 2046.7681770818074 710.293407390744 -969.3370602605422 -1656.843055252211
209.56126549401827 4.393240450196513 39627896905535927 10 136-137-138-140-141-142-143-144-146-457 0.5161937128635963 1.0 5 0.7478989195646295 1.0 [-1,-1] 1.0 1.0 1.0 0.0006865842838717192 0.13125169390769817 85.60675954980348 -209.56126549401827 2000.560139831945 2000.560139831945 849.4644767869731 1128.2578753568614 -1416.928065378291
211.4288583983254 4.555366433159984 39627896939087583 10 136-137-138-140-141-142-143-144-146-457 0.5060499235297137 1.0 5 1.4916973643044829 1.0 [-1,-1] 1.0 1.0 1.0 0.0005337442823398631 0.16272042362546515 85.44463356684001 -211.4288583983254 1966.706535590389 1966.706535590389 673.5149061857384 -926.3761932792883 -1598.7931125711484
210.54817269142518 4.273294047567491 39627890899288196 10 136-137-138-140-141-142-143-144-146-457 0.6316107924654432 1.0 5 0.909190388003265 1.0 [-1,-1] 1.0 1.0 1.0 0.000833303205902425 0.11070054926254569 85.72670595243251 -210.54817269142518 2371.4258188034923 2371.4258188034923 1859.5312934707893 -114.44005866532396 -1467.2107059530829
211.4307740006825 4.558354494628513 39627896939087621 10 136-137-138-140-141-142-143-144-146-457 0.5054962038226757 1.0 5 1.4926298711732466 1.0 [-1,-1] 1.0 1.0 1.0 0.0005337442823398631 0.16272042362546515 85.44164550537148 -211.4307740006825 1964.8525831678012 1964.8525831678012 668.303645976238 -922.920349159299 -1600.697953851296
209.57703321293096 4.84184296991052 39627902928556788 10 136-137-138-140-141-142-143-144-146-457 0.7245700953422458 1.0 5 0.45010889276109367 1.0 [-1,-1] 1.0 1.0 1.0 0.0006167714992318164 0.14396928707710532 85.15815703008948 -209.57703321293096 2651.7562252612083 2651.7562252612083 535.5360586743922 688.4347246753108 -2504.2104220556826
209.91838419129107 3.7770193390287523 39627878823889554 10 136-137-138-140-141-142-143-144-146-457 0.7318614140720119 1.0 5 1.2256849429460772 1.0 [-1,-1] 1.0 1.0 1.0 0.0007126833197713517 0.12705585074725267 86.22298066097125 -209.91838419129107 2673.080881623527 2673.080881623527 2220.0962994472247 1417.7667147047036 -454.39120101228116
208.94210406483563 4.336295591812726 39627890869930856 9 136-137-138-140-141-142-143-144-457 0.8304152720619796 1.0 5 1.2458819744736944 1.0 [-1,-1] 1.0 1.0 1.0 0.0006232532477076302 0.14268566385842998 85.66370440818727 -208.94210406483563 2952.2606560500394 2952.2606560500394 57.61097540329898 2199.0103172297354 -1968.978816922942
211.09069594670254 4.1836229606723 39627890907677708 9 136-137-138-140-141-142-143-144-457 0.6847892242015439 1.0 5 1.3595750073683706 1.0 [-1,-1] 1.0 1.0 1.0 0.0007209928471550773 0.12577569469930108 85.8163770393277 -211.09069594670254 2533.7309126787713 2533.7309126787713 1747.3478775361089 -1205.6833907851624 -1383.0745800277182
209.61230324160044 6.012988768579137 39627933022688424 9 136-137-138-140-141-142-143-144-457 0.6583683793860063 1.0 5 1.0840050638780372 1.0 [-1,-1] 1.0 1.0 1.0 0.000700708733790897 0.12894715825466588 83.98701123142087 -209.61230324160044 2453.7492536165987 2453.7492536165987 -1167.821761543594 -1396.6838114806526 -1645.099408436192
210.27020305486076 6.217956563590686 39627939045706251 9 136-137-138-140-141-142-143-144-457 0.625547585846471 1.0 5 1.2472881084608822 1.0 [-1,-1] 1.0 1.0 1.0 0.0007214233604467519 0.12571007283523317 83.78204343640931 -210.27020305486076 2352.5843265856456 2352.5843265856456 -1982.6265944560853 -436.08313199050065 -1188.9812036551534
211.10037741147545 4.687501865239746 39627902957912413 9 136-137-138-140-141-142-143-144-457 0.8888185903425047 1.0 5 1.1401092593750268 1.0 [-1,-1] 1.0 1.0 1.0 0.0005690156306133545 0.15418916366201427 85.31249813476026 -211.10037741147545 3110.041613437109 3110.041613437109 1195.4762821733498 -842.0876561130726 -2744.8285329858895
209.05956105500744 3.8863683933246334 39627884842713502 9 136-137-138-140-141-142-143-145-146 0.9731268519748516 1.0 5 1.4557693611565121 1.0 [-1,-1] 1.0 1.0 1.0 0.0003578035202613049 0.22475091060875194 86.11363160667537 -209.05956105500744 3328.3181512304595 3328.3181512304595 457.89113039059254 3165.600583153037 -920.3316665533806
209.7566838186187 5.223666320873669 39627914978791003 9 136-137-138-140-141-142-143-145-146 0.8664539851095968 1.0 5 0.32978676533549967 1.0 [-1,-1] 1.0 1.0 1.0 0.0006812235016579503 0.1321480675826358 84.77633367912634 -209.7566838186187 3050.27426678179 3050.27426678179 -106.03487730928256 -94.89704808686278 -3046.95327460885
209.82137375402615 5.861145210703424 39627927012249399 9 136-137-138-140-141-142-143-145-146 0.7208879257350908 1.0 5 0.8793133773159858 1.0 [-1,-1] 1.0 1.0 1.0 0.0006167714992318164 0.14396928707710532 84.13885478929657 -209.82137375402615 2640.9511602760344 2640.9511602760344 -1313.1089771968136 -1030.380145181485 -2046.627616686595
210.74084458312535 5.636061899230042 39627927029025303 9 136-137-138-140-141-142-143-145-146 0.7207719338633943 1.0 5 0.9740148040317201 1.0 [-1,-1] 1.0 1.0 1.0 0.0006167714992318164 0.14396928707710532 84.36393810076996 -210.74084458312535 2640.6103973708364 2640.6103973708364 -1132.4956002599558 294.1692602522262 -2367.222303126064
210.47104992036398 4.1146191565968255 39627884863688019 10 136-137-138-140-141-142-143-145-146-457 0.8723072693965875 1.0 5 1.0021885765192629 1.0 [-1,-1] 1.0 1.0 1.0 0.0005690156306133545 0.15418916366201427 85.88538084340317 -210.47104992036398 3065.9940563291225 3065.9940563291225 2677.866979532875 41.933120405279425 -1492.5111747608653
210.40556555041613 4.79380737667449 39627902945330566 10 136-137-138-140-141-142-143-145-146-457 0.9976599899561851 1.0 5 0.4536519168527213 1.0 [-1,-1] 1.0 1.0 1.0 0.0002622817504223413 0.28340640119267335 85.2061926233255 -210.40556555041613 3389.8150524222324 3389.8150524222324 1263.2205690465375 102.72609743765655 -3143.973160265735
211.08095475217849 4.265991213153027 39627890907677503 10 136-137-138-140-141-142-143-145-146-457 0.9507279024111558 1.0 5 1.303684124027858 1.0 [-1,-1] 1.0 1.0 1.0 0.00041974738576830407 0.19815580287489248 85.73400878684697 -211.08095475217849 3271.3880502832926 3271.3880502832926 2141.683603833269 -1447.1872644307248 -2005.1982790431427
209.71889197398517 5.261680095123329 39627914978790239 10 136-137-138-140-141-142-143-145-146-457 0.8776232930350025 1.0 5 0.3832310710520532 1.0 [-1,-1] 1.0 1.0 1.0 0.0005690156306133545 0.15418916366201427 84.73831990487668 -209.71889197398517 3080.223261051003 3080.223261051003 -187.43082171656093 -180.9531003005981 -3069.18572270919
210.84602090857948 4.498201705188717 39627896930697489 10 136-137-138-140-141-142-143-145-146-457 0.4666921813987456 1.0 5 0.9811432026071579 1.0 [-1,-1] 1.0 1.0 1.0 0.0005635091211985168 0.1554616369400361 85.50179829481128 -210.84602090857948 1833.374876127957 1833.374876127957 1077.5863232319775 -404.7617413923963 -1426.9684947838143
209.23027771184462 5.59797013131821 39627920989227441 10 136-137-138-140-141-142-143-145-146-457 0.6120322429471458 1.0 5 0.9721017935525272 1.0 [-1,-1] 1.0 1.0 1.0 0.0007214233604467519 0.12571007283523317 84.4020298686818 -209.23027771184462 2310.333990862339 2310.333990862339 -291.93261915907266 -897.8438397522242 -2108.623943386731
211.2406327300515 4.720325238258505 39627902957915595 10 136-137-138-140-141-142-143-145-146-457 0.9058579169957278 1.0 5 1.2674129460865442 1.0 [-1,-1] 1.0 1.0 1.0 0.0005275616701708153 0.16431404058018498 85.27967476174149 -211.2406327300515 3155.044127922786 3155.044127922786 1014.2414618645953 -952.3267746824517 -2831.729404515506
210.8475083851167 5.509906949304889 39627921014395947 10 136-137-138-140-141-142-143-145-146-457 0.9091579768422122 1.0 5 0.9860251296289343 1.0 [-1,-1] 1.0 1.0 1.0 0.0005275616701708153 0.16431404058018498 84.49009305069511 -210.8475083851167 3163.707126956639 3163.707126956639 -967.3115429146372 364.9832340373128 -2990.006421894776
211.2378383294842 4.7076038266098 39627902957915539 10 136-137-138-140-141-142-143-145-146-457 0.4617553077631871 1.0 5 1.2675825152565485 1.0 [-1,-1] 1.0 1.0 1.0 0.0005635091211985168 0.1554616369400361 85.2923961733902 -211.2378383294842 1816.4261586097336 1816.4261586097336 600.5613732273565 -560.7503935891305 -1619.9657474028952
210.7444697452912 4.530388574161355 39627896926505828 10 136-137-138-140-141-142-143-145-146-457 0.8316582089429017 1.0 5 0.8780330836247009 1.0 [-1,-1] 1.0 1.0 1.0 0.0006232532477076302 0.14268566385842998 85.46961142583865 -210.7444697452912 2955.676528725025 2955.676528725025 1721.9171954181443 -453.94306832148186 -2359.0168726192283
210.32302792183856 4.820726498484178 39627902941139760 10 136-137-138-140-141-142-143-145-146-457 0.5511223134810772 1.0 5 0.36840385602926773 1.0 [-1,-1] 1.0 1.0 1.0 0.000677088223595666 0.13284793461577618 85.17927350151582 -210.32302792183856 2115.5516405060102 2115.5516405060102 728.0055775251144 120.23552734565537 -1982.702711125374
210.83656174954206 4.493935793377801 39627896930697276 10 136-137-138-140-141-142-143-145-146-457 0.469024821302373 1.0 5 0.9752635768061995 1.0 [-1,-1] 1.0 1.0 1.0 0.0005635091211985168 0.1554616369400361 85.5060642066222 -210.83656174954206 1841.3655546461691 1841.3655546461691 1091.813442866855 -398.362331841167 -1428.242964058527
210.89969808891294 4.086287562034758 39627884872076397 9 136-137-138-140-141-142-143-145-457 0.4655404733270105 1.0 5 1.2803245353284984 1.0 [-1,-1] 1.0 1.0 1.0 0.0005635091211985168 0.1554616369400361 85.91371243796524 -210.89969808891294 1829.4254574173233 1829.4254574173233 1486.1967647864199 -651.2380768702521 -844.9293744564084
211.13942635358666 4.648387065505689 39627902957913288 9 136-137-138-140-141-142-143-145-457 0.7879253581824329 1.0 5 1.1885862887725487 1.0 [-1,-1] 1.0 1.0 1.0 0.0007324854237337303 0.12404708914385561 85.35161293449431 -211.13942635358666 2833.935254919827 2833.935254919827 1135.448527872696 -868.0537414139744 -2447.1265540724357
211.14155260061312 4.012996704227524 39627884876270042 8 136-137-138-140-141-142-143-146 0.6200040855311223 1.0 5 1.506399647350786 1.0 [-1,-1] 1.0 1.0 1.0 0.0007214233604467519 0.12571007283523317 85.98700329577248 -211.14155260061312 2335.2968355404387 2335.2968355404387 1701.07014114552 -1306.2133120987248 -924.0013356507812
211.1229250983821 3.974934933560333 39627884876269590 8 136-137-138-140-141-142-143-146 0.7015279840272565 1.0 5 1.5178819792188938 1.0 [-1,-1] 1.0 1.0 1.0 0.0005843703162771602 0.15074849413407446 86.02506506643967 -211.1229250983821 2583.7411580700686 2583.7411580700686 1938.5410412812319 -1431.962846640995 -931.2676355448825
209.91975651286376 5.40489173905614 39627921001808752 8 136-137-138-140-141-142-143-146 0.5744036323684365 1.0 5 0.4127025186685268 1.0 [-1,-1] 1.0 1.0 1.0 0.0006621615122706149 0.13543705131792066 84.59510826094386 -209.91975651286376 2190.855422083528 2190.855422083528 -417.52889871912305 -265.83048956895726 -2134.209748366528
208.6788831040438 4.469201112154009 39627896892950554 9 136-137-138-140-141-142-143-146-457 0.827410051850172 1.0 5 1.4195750150743924 1.0 [-1,-1] 1.0 1.0 1.0 0.0006627118749498285 0.13533979738261318 85.53079888784599 -208.6788831040438 2943.9910551984394 2943.9910551984394 -449.45262088265804 1860.5529317501635 -2236.8322384179824
210.02398710968072 4.143880966232323 39627890886710141 9 136-137-138-140-141-142-143-146-457 0.6094216387728253 1.0 5 0.8564528677672733 1.0 [-1,-1] 1.0 1.0 1.0 0.0007756247847600315 0.11796159141779075 85.85611903376768 -210.02398710968072 2302.1328311854722 2302.1328311854722 1769.3708782542049 882.636288620324 -1179.0230912151474
209.67567877970313 5.94482836047785 39627933026878599 9 136-137-138-140-141-142-143-146-457 0.9432424535719618 1.0 5 0.9984617312631102 1.0 [-1,-1] 1.0 1.0 1.0 0.0004445766401596716 0.18918261239264766 84.05517163952214 -209.67567877970313 3252.193819230607 3252.193819230607 -1555.8201363182436 -1637.6904475690903 -2339.691932543555
209.6791600101422 5.955989456017151 39627933026878679 9 136-137-138-140-141-142-143-146-457 0.9971550258804169 1.0 5 1.0079253943068485 1.0 [-1,-1] 1.0 1.0 1.0 0.0002622817504223413 0.28340640119267335 84.04401054398285 -209.6791600101422 3388.5581966804075 3388.5581966804075 -1645.692751666462 -1720.2594994756398 -2411.3749757900086
208.8864212775432 5.345969588699034 39627914966205675 9 136-137-138-140-141-142-143-146-457 0.723485136060949 1.0 5 1.1617519096360749 1.0 [-1,-1] 1.0 1.0 1.0 0.0006167714992318164 0.14396928707710532 84.65403041130097 -208.8864212775432 2648.575001572095 2648.575001572095 13.133214527270175 -445.21275772760487 -2610.8547753533485
209.6772074044137 5.945574449797408 39627933026878627 9 136-137-138-140-141-142-143-146-457 0.9463982009755727 1.0 5 0.9986770903176585 1.0 [-1,-1] 1.0 1.0 1.0 0.0004445766401596716 0.18918261239264766 84.0544255502026 -209.6772074044137 3260.296190761678 3260.296190761678 -1563.4108638484006 -1640.6508295969386 -2343.830748505272
209.57856836521916 3.862737644400438 39627878819693513 8 136-137-138-140-141-142-144-145 0.9055598963631989 1.0 5 1.2123960192071288 1.0 [-1,-1] 1.0 1.0 1.0 0.0005275616701708153 0.16431404058018498 86.13726235559956 -209.57856836521916 3154.260953176714 3154.260953176714 1877.0395944473883 2405.3170247561916 -800.3340127909584
