data_rosette/LRG_2_clustering_data.ecsv
# %ECSV 1.0
# ---
# datatype:
# - {name: RA, unit: deg, datatype: float64}
# - {name: DEC, unit: deg, datatype: float64}
# - {name: TARGETID, datatype: int64}
# - {name: NTILE, datatype: int64}
# - {name: TILES, datatype: string}
# - {name: Z, datatype: float64}
# - {name: COMP_TILE, datatype: float64}
# - {name: ROSETTE_NUMBER, datatype: int32}
# - {name: ROSETTE_R, unit: deg, datatype: float64}
# - {name: FRACZ_TILELOCID, datatype: float64}
# - {name: BITWEIGHTS, datatype: string, subtype: 'int64[2]'}
# - {name: PROB_OBS, datatype: float64}
# - {name: WEIGHT_ZFAIL, datatype: float64}
# - {name: WEIGHT, datatype: float64}
# - {name: NZ, unit: h3 / Mpc3, datatype: float64}
# - {name: WEIGHT_FKP, datatype: float64}
# - {name: theta, unit: deg, datatype: float64}
# - {name: phi, unit: deg, datatype: float64}
# - {name: rho, unit: Mpc, datatype: float64}
# - {name: r, unit: Mpc, datatype: float64}
# - {name: x, unit: Mpc, datatype: float64}
# - {name: y, unit: Mpc, datatype: float64}
# - {name: z, unit: Mpc, datatype: float64}
# meta: !!omap
# - {EXTNAME: LSS}
# - {DESIDR: edr}
# - comments: ['Visit https://desidatamodel.readthedocs.io/en/latest/ for a more complet', e description]
# schema: astropy-2.0
RA DEC TARGETID NTILE TILES Z COMP_TILE ROSETTE_NUMBER ROSETTE_R FRACZ_TILELOCID BITWEIGHTS PROB_OBS WEIGHT_ZFAIL WEIGHT NZ WEIGHT_FKP theta phi rho r x y z
[from data line 334]
182.70359793283802 -0.7895078992015451 39627769671325149 12 55-56-57-58-59-60-61-62-63-64-65-448 0.5079490157356042 1.0 2 0.8834293272730754 1.0 [-1,-1] 1.0 1.0 1.0 0.0005337442823398631 0.16272042362546515 90.78950789920154 177.29640206716198 1973.0603236539587 1973.0603236539587 124.226275294296 601.746568608166 -1874.949583448117
183.0470381594911 -0.8651896658925509 39627769679709348 12 55-56-57-58-59-60-61-62-63-64-65-448 0.6722868026336491 1.0 2 0.8668090339382732 1.0 [-1,-1] 1.0 1.0 1.0 0.0007209928471550773 0.12577569469930108 90.86518966589256 176.9529618405089 2496.0437112268064 2496.0437112268064 309.8691525071639 508.8023606524383 -2423.9091308202724
183.0563908670578 -0.8666210522770312 39627769679709585 12 55-56-57-58-59-60-61-62-63-64-65-448 0.6714068241694062 1.0 2 0.8677174999372275 1.0 [-1,-1] 1.0 1.0 1.0 0.0007209928471550773 0.12577569469930108 90.86662105227703 176.9436091329422 2493.3802888911564 2493.3802888911564 312.4478211003908 502.3986016886751 -2422.1720147714177
183.07780744160698 -0.8644734663039134 39627769679710093 12 55-56-57-58-59-60-61-62-63-64-65-448 0.5093984415057041 1.0 2 0.8647582588323748 1.0 [-1,-1] 1.0 1.0 1.0 0.0005337442823398631 0.16272042362546515 90.86447346630392 176.92219255839302 1977.904757745599 1977.904757745599 258.58399194576543 396.5904153242888 -1920.4055801561753
183.08559264105133 -0.8593251228016472 39627769679710247 12 55-56-57-58-59-60-61-62-63-64-65-448 0.6700542977245572 1.0 2 0.8594458814293012 1.0 [-1,-1] 1.0 1.0 1.0 0.0007209928471550773 0.12577569469930108 90.85932512280165 176.91440735894867 2489.283826623897 2489.283826623897 336.1883962602671 506.94189563199006 -2413.8188097212897
183.09117651075533 -0.8567631282532577 39627769679710360 12 55-56-57-58-59-60-61-62-63-64-65-448 0.6703988376300125 1.0 2 0.8568085586023313 1.0 [-1,-1] 1.0 1.0 1.0 0.0007209928471550773 0.12577569469930108 90.85676312825326 176.90882348924467 2490.3276715753104 2490.3276715753104 342.60293548434083 510.4037435907958 -2413.264005230203
183.09382275085557 -0.8708354216736058 39627769679710408 12 55-56-57-58-59-60-61-62-63-64-65-448 0.6717187913892503 1.0 2 0.8708573287919793 1.0 [-1,-1] 1.0 1.0 1.0 0.0007209928471550773 0.12577569469930108 90.8708354216736 176.90617724914443 2494.3246803620646 2494.3246803620646 325.4390333972347 482.0715909751357 -2425.562208598141
183.54511991669506 -0.7342888510994072 39627769688098139 12 55-56-57-58-59-60-61-62-63-64-65-448 0.6799346438474767 1.0 2 0.8586623373780686 1.0 [-1,-1] 1.0 1.0 1.0 0.0007209928471550773 0.12577569469930108 90.73428885109941 176.45488008330494 2519.1313615097006 2519.1313615097006 791.8114369412212 459.36459425506933 -2346.921735894845
183.09626903345526 -0.8679207266674506 39627769679710469 12 55-56-57-58-59-60-61-62-63-64-65-448 0.7123209571354822 1.0 2 0.8679287452463978 1.0 [-1,-1] 1.0 1.0 1.0 0.0006167714992318164 0.14396928707710532 90.86792072666745 176.90373096654474 2615.7182145018105 2615.7182145018105 346.67488066560077 510.82902459414714 -2541.8206098039695
183.19044713422656 -0.8517376176826166 39627769679712779 12 55-56-57-58-59-60-61-62-63-64-65-448 0.9001749338894905 1.0 2 0.8565261530442205 1.0 [-1,-1] 1.0 1.0 1.0 0.0005275616701708153 0.16431404058018498 90.85173761768262 176.80955286577344 3140.085678315965 3140.085678315965 503.38159689977107 609.3745347873576 -3038.981360821478
183.19708712829663 -0.6948338009602396 39627769679712966 12 55-56-57-58-59-60-61-62-63-64-65-448 0.7997080255008077 1.0 2 0.7015835369731748 1.0 [-1,-1] 1.0 1.0 1.0 0.0007229154976227362 0.12548315978664992 90.69483380096024 176.80291287170337 2867.052245967717 2867.052245967717 735.9547895222989 878.9666057859382 -2627.8844789679906
183.19894015926434 -0.8522121462347525 39627769679713011 12 55-56-57-58-59-60-61-62-63-64-65-448 0.6360393202114643 1.0 2 0.8579358807039139 1.0 [-1,-1] 1.0 1.0 1.0 0.000833303205902425 0.11070054926254569 90.85221214623475 176.80105984073566 2385.143621623386 2385.143621623386 385.5706778119917 458.7655613820282 -2308.631522758051
183.22338581498946 -0.8607618091733199 39627769679713566 12 55-56-57-58-59-60-61-62-63-64-65-448 0.613064069609541 1.0 2 0.8695595471995378 1.0 [-1,-1] 1.0 1.0 1.0 0.0007214233604467519 0.12571007283523317 90.86076180917333 176.77661418501054 2313.5718604474228 2313.5718604474228 372.0794475308774 421.3575090457028 -2244.2436337773283
183.22481148496834 -0.8654112974523214 39627769679713595 12 55-56-57-58-59-60-61-62-63-64-65-448 0.4042268162447653 1.0 2 0.8743645897885327 1.0 [-1,-1] 1.0 1.0 1.0 0.0003379611466139912 0.2348475370676925 90.86541129745233 176.77518851503166 1615.1882838384436 1615.1882838384436 255.34878424476932 288.3375204880523 -1568.5954433544987
183.26242804295276 -0.6542458780596855 39627769683902820 12 55-56-57-58-59-60-61-62-63-64-65-448 0.43129227410155674 1.0 2 0.6741063650625273 1.0 [-1,-1] 1.0 1.0 1.0 0.0005288673958748294 0.16397488484989944 90.65424587805968 176.73757195704724 1710.7264239125664 1710.7264239125664 515.9954252123537 540.2783581125254 -1538.9713819261988
183.2629817813195 -0.6537789605128242 39627769683902833 12 55-56-57-58-59-60-61-62-63-64-65-448 0.6848926265418936 1.0 2 0.6737869376805699 1.0 [-1,-1] 1.0 1.0 1.0 0.0007209928471550773 0.12577569469930108 90.65377896051282 176.7370182186805 2534.0414134242096 2534.0414134242096 765.5051643218409 800.6420166368705 -2279.1094948556556
183.2837948504724 -0.6586742151821299 39627769683903408 12 55-56-57-58-59-60-61-62-63-64-65-448 0.6923453755334812 1.0 2 0.6838353461614535 1.0 [-1,-1] 1.0 1.0 1.0 0.0005843703162771602 0.15074849413407446 90.65867421518213 176.7162051495276 2556.36944598936 2556.36944598936 780.9372787840302 783.469092959546 -2304.6340037781456
183.29913627022262 -0.7143890711308784 39627769683903826 12 55-56-57-58-59-60-61-62-63-64-65-448 0.9738055295189999 1.0 2 0.7416231820035186 1.0 [-1,-1] 1.0 1.0 1.0 0.0003578035202613049 0.22475091060875194 90.71438907113088 176.70086372977738 3330.0313710064847 3330.0313710064847 911.3929868545231 886.7159268356164 -3077.6950174596204
183.88058585910088 1.0082053292066544 39627811970877896 12 55-56-57-58-59-60-61-62-63-64-65-448 0.9853746670789041 1.0 2 1.2750409320736296 1.0 [-1,-1] 1.0 1.0 1.0 0.0003578035202613049 0.22475091060875194 88.99179467079334 176.11941414089912 3359.130680255535 3359.130680255535 2823.0675031960695 543.5921766543468 1737.3993049706553
183.90714634693765 1.0057429454132574 39627811970878373 12 55-56-57-58-59-60-61-62-63-64-65-448 0.6192994783078135 1.0 2 1.2895492166358693 1.0 [-1,-1] 1.0 1.0 1.0 0.0007214233604467519 0.12571007283523317 88.99425705458674 176.09285365306235 2333.095323550431 2333.095323550431 1973.0318378094098 325.8308288352787 1201.7959172604264
183.96170070800972 0.8965730329062761 39627811970879285 12 55-56-57-58-59-60-61-62-63-64-65-448 0.9495573417537629 1.0 2 1.2435074206945467 1.0 [-1,-1] 1.0 1.0 1.0 0.0004445766401596716 0.18918261239264766 89.10342696709372 176.03829929199028 3268.3921062325053 3268.3921062325053 2950.524519709305 323.2174381374092 1368.3283620392501
182.33390158796138 -0.31708919513109485 39627781746722335 12 55-56-57-58-59-60-61-62-63-64-65-448 0.82710542314458 1.0 2 0.829123840327897 1.0 [-1,-1] 1.0 1.0 1.0 0.0006627118749498285 0.13533979738261318 90.31708919513109 177.66609841203862 2943.151958587014 2943.151958587014 -345.38559605017275 2060.055011615622 -2073.4091710255852
182.54019421495258 -0.6938288862183767 39627769671320690 12 55-56-57-58-59-60-61-62-63-64-65-448 0.6408162606884893 1.0 2 0.8914963385737655 1.0 [-1,-1] 1.0 1.0 1.0 0.000833303205902425 0.11070054926254569 90.69382888621837 177.45980578504742 2399.899242599241 2399.899242599241 38.63429079177367 961.0334107794089 -2198.7356706910277
183.55514767511744 -0.7531949981760209 39627769688098415 12 55-56-57-58-59-60-61-62-63-64-65-448 0.6977614616425061 1.0 2 0.8800285098576488 1.0 [-1,-1] 1.0 1.0 1.0 0.0005843703162771602 0.15074849413407446 90.75319499817603 176.44485232488256 2572.532325391783 2572.532325391783 773.6969639764404 438.54554338666685 -2413.9166057457305
183.64106918667758 -0.6852061766493853 39627769688100702 12 55-56-57-58-59-60-61-62-63-64-65-448 0.6990290723649069 1.0 2 0.8730689620014366 1.0 [-1,-1] 1.0 1.0 1.0 0.0005843703162771602 0.15074849413407446 90.68520617664939 176.35893081332242 2576.3074891019824 2576.3074891019824 957.0931401903739 438.64444911689225 -2351.3664211820387
182.48471412546505 -0.5400346781866596 39627775706928448 12 55-56-57-58-59-60-61-62-63-64-65-448 0.5080403891783204 1.0 2 0.8186592393951578 1.0 [-1,-1] 1.0 1.0 1.0 0.0005337442823398631 0.16272042362546515 90.54003467818666 177.51528587453495 1973.3658476637495 1973.3658476637495 -16.19528337445987 1058.3671576388697 -1665.4637315635273
182.6536498964867 -0.38282402682787714 39627775711121241 12 55-56-57-58-59-60-61-62-63-64-65-448 0.6879129809595855 1.0 2 0.5880303441886415 1.0 [-1,-1] 1.0 1.0 1.0 0.0007209928471550773 0.12577569469930108 90.38282402682788 177.3463501035133 2543.102439165617 2543.102439165617 257.59777547314974 1663.4759088570968 -1906.2689481847653
182.9078205944964 -0.4845062914185667 39627775715315045 12 55-56-57-58-59-60-61-62-63-64-65-448 0.7968233906495101 1.0 2 0.5212277716965359 1.0 [-1,-1] 1.0 1.0 1.0 0.0007229154976227362 0.12548315978664992 90.48450629141857 177.0921794055036 2858.966328486119 2858.966328486119 660.3590277969712 1528.5215983683595 -2324.0559685915214
183.1118024211528 -0.5174724705631778 39627775719508372 12 55-56-57-58-59-60-61-62-63-64-65-448 0.43498421335171755 1.0 2 0.5176070431784755 1.0 [-1,-1] 1.0 1.0 1.0 0.0005288673958748294 0.16397488484989944 90.51747247056318 176.8881975788472 1723.6394782283414 1723.6394782283414 549.7064220400554 783.5234099386487 -1433.4737411453696
183.24825930987456 -0.5417395704878464 39627775719511569 12 55-56-57-58-59-60-61-62-63-64-65-448 0.9113667824051368 1.0 2 0.5616599773587974 1.0 [-1,-1] 1.0 1.0 1.0 0.0004951280553168204 0.17321314004730964 90.54173957048785 176.75174069012544 3169.495955452705 3169.495955452705 1153.5512952095087 1242.6194317755394 -2677.8575333137787
183.24940510400893 -0.543101983191787 39627775719511597 12 55-56-57-58-59-60-61-62-63-64-65-448 0.9125946217227057 1.0 2 0.5632770017557318 1.0 [-1,-1] 1.0 1.0 1.0 0.0004951280553168204 0.17321314004730964 90.54310198319179 176.75059489599107 3172.7105775286104 3172.7105775286104 1153.6569232576694 1239.881021333986 -2682.88336778127
183.26314706629438 -0.41136817209066534 39627775723700531 12 55-56-57-58-59-60-61-62-63-64-65-448 0.6205062040414058 1.0 2 0.4425384513155372 1.0 [-1,-1] 1.0 1.0 1.0 0.0007214233604467519 0.12571007283523317 90.41136817209066 176.73685293370562 2336.865104750293 2336.865104750293 1034.1344977911267 1081.2436513015816 -1795.1090565193851
183.31275821357198 -0.5946680369502697 39627775723701651 12 55-56-57-58-59-60-61-62-63-64-65-448 0.7552506077971685 1.0 2 0.6315809577702994 1.0 [-1,-1] 1.0 1.0 1.0 0.0006416626200019751 0.139161677870846 90.59466803695027 176.68724178642802 2740.8527018758846 2740.8527018758846 974.27652143436 922.399038898515 -2390.0290387778127
183.36480665477902 -0.538856969538579 39627775723703008 12 55-56-57-58-59-60-61-62-63-64-65-448 0.5932479662458506 1.0 2 0.6004059714516897 1.0 [-1,-1] 1.0 1.0 1.0 0.0007756247847600315 0.11796159141779075 90.53885696953859 176.63519334522098 2251.0320236630782 2251.0320236630782 920.5064681726961 784.8288718919447 -1898.3826420018015
183.37043740032811 -0.5553217272908739 39627775723703132 12 55-56-57-58-59-60-61-62-63-64-65-448 1.0793211876562403 1.0 2 0.6176700722630383 1.0 [-1,-1] 1.0 1.0 1.0 0.0001075182622224553 0.4910338705006151 90.55532172729087 176.62956259967189 3588.262185819092 3588.262185819092 1436.0624351113797 1210.4971125582372 -3057.4575936763786
183.39084292566 -0.5831836066949372 39627775723703578 12 55-56-57-58-59-60-61-62-63-64-65-448 0.8381016088081036 1.0 2 0.651682288619333 1.0 [-1,-1] 1.0 1.0 1.0 0.0006232532477076302 0.14268566385842998 90.58318360669493 176.60915707434 2973.3435399043938 2973.3435399043938 1154.8324538607965 933.808185261767 -2575.875789501343
183.61569907347294 -0.6046164463783599 39627775727897758 12 55-56-57-58-59-60-61-62-63-64-65-448 0.9118032572707967 1.0 2 0.7946676726269569 1.0 [-1,-1] 1.0 1.0 1.0 0.0004951280553168204 0.17321314004730964 90.60461644637836 176.38430092652706 3170.6389654456966 3170.6389654456966 1369.2817745717578 670.0936064302759 -2780.1067299025485
183.63102246328316 -0.6027725720306917 39627775727898116 12 55-56-57-58-59-60-61-62-63-64-65-448 0.9106968378070817 1.0 2 0.8033114133292444 1.0 [-1,-1] 1.0 1.0 1.0 0.0004951280553168204 0.17321314004730964 90.60277257203069 176.36897753671684 3167.740972623635 3167.740972623635 1382.759734056002 650.619856639338 -2774.752635760261
183.64659570327046 -0.42995203305235075 39627775727898500 12 55-56-57-58-59-60-61-62-63-64-65-448 0.7945070252507697 1.0 2 0.6954279297893452 1.0 [-1,-1] 1.0 1.0 1.0 0.0007229154976227362 0.12548315978664992 90.42995203305234 176.35340429672954 2852.463114610941 2852.463114610941 1627.0044180403888 734.8178885572985 -2224.734841402273
183.66929272615758 -0.561300344382648 39627775727899059 12 55-56-57-58-59-60-61-62-63-64-65-448 0.9033900680025877 1.0 2 0.799463517939561 1.0 [-1,-1] 1.0 1.0 1.0 0.0005275616701708153 0.16431404058018498 90.56130034438264 176.33070727384242 3148.5546159208125 3148.5546159208125 1502.1700065151126 637.7981192954438 -2692.6000445639593
183.8476633177524 -0.4417414610438393 39627775732091211 12 55-56-57-58-59-60-61-62-63-64-65-448 0.6554882813536932 1.0 2 0.8684036382773018 1.0 [-1,-1] 1.0 1.0 1.0 0.000700708733790897 0.12894715825466588 90.44174146104383 176.1523366822476 2444.952529334807 2444.952529334807 1470.232848953532 333.635918044396 -1924.8104620323854
183.96293992158445 -0.4115828683990312 39627775732093943 12 55-56-57-58-59-60-61-62-63-64-65-448 0.8550540584736226 1.0 2 0.9560611678988462 1.0 [-1,-1] 1.0 1.0 1.0 0.0006812235016579503 0.1321480675826358 90.41158286839904 176.03706007841555 3019.4993466371193 3019.4993466371193 1921.491143168451 208.0818129235262 -2319.903026033125
184.00090918119537 -0.4230104039491217 39627775736283204 12 55-56-57-58-59-60-61-62-63-64-65-448 0.9280456506199483 1.0 2 0.9952690126399552 1.0 [-1,-1] 1.0 1.0 1.0 0.0004951280553168204 0.17321314004730964 90.42301040394912 175.99909081880463 3212.962872369974 3212.962872369974 2023.2612136080122 141.66125524676065 -2491.8821339500105
184.27704261356644 -0.6018542397821197 39627775740478170 12 55-56-57-58-59-60-61-62-63-64-65-448 0.784705130627386 1.0 2 1.321970832385986 1.0 [-1,-1] 1.0 1.0 1.0 0.0007324854237337303 0.12404708914385561 90.60185423978211 175.72295738643356 2824.8431811813075 2824.8431811813075 1336.1046358811127 -279.5205559413797 -2473.1420620436975
184.32698767606334 -0.5839007501770911 39627775740479330 12 55-56-57-58-59-60-61-62-63-64-65-448 0.8496863386152265 1.0 2 1.3588181345602262 1.0 [-1,-1] 1.0 1.0 1.0 0.0006232532477076302 0.14268566385842998 90.5839007501771 175.67301232393666 3004.9357036612755 3004.9357036612755 1450.1306372333672 -379.8346961107928 -2604.320510560452
182.42783039472172 -0.40415888067436595 39627775706927126 12 55-56-57-58-59-60-61-62-63-64-65-448 0.7011666227121358 1.0 2 0.7843142771292686 1.0 [-1,-1] 1.0 1.0 1.0 0.0005843703162771602 0.15074849413407446 90.40415888067436 177.57216960527828 2582.6668927710953 2582.6668927710953 -120.28525359952785 1663.4591254928678 -1971.9542273077498
182.3482217319704 -0.5403687070276703 39627775706925246 12 55-56-57-58-59-60-61-62-63-64-65-448 0.4207460794847387 1.0 2 0.9258251166581937 1.0 [-1,-1] 1.0 1.0 1.0 0.0006262316776515472 0.14210347001521706 90.54036870702767 177.6517782680296 1673.6825401126976 1673.6825401126976 -135.67754966775374 886.9551628874129 -1412.839476593717
