data_rosette/LRG_7_clustering_data.ecsv
# %ECSV 1.0
# ---
# datatype:
# - {name: RA, unit: deg, datatype: float64}
# - {name: DEC, unit: deg, datatype: float64}
# - {name: TARGETID, datatype: int64}
# - {name: NTILE, datatype: int64}
# - {name: TILES, datatype: string}
# - {name: Z, datatype: float64}
# - {name: COMP_TILE, datatype: float64}
# - {name: ROSETTE_NUMBER, datatype: int32}
# - {name: ROSETTE_R, unit: deg, datatype: float64}
# - {name: FRACZ_TILELOCID, datatype: float64}
# - {name: BITWEIGHTS, datatype: string, subtype: 'int64[2]'}
# - {name: PROB_OBS, datatype: float64}
# - {name: WEIGHT_ZFAIL, datatype: float64}
# - {name: WEIGHT, datatype: float64}
# - {name: NZ, unit: h3 / Mpc3, datatype: float64}
# - {name: WEIGHT_FKP, datatype: float64}
# - {name: distance, unit: Mpc, datatype: float64}
# - {name: x, unit: Mpc, datatype: float64}
# - {name: y, unit: Mpc, datatype: float64}
# - {name: z, unit: Mpc, datatype: float64}
# meta: !!omap
# - {EXTNAME: LSS}
# - {DESIDR: edr}
# - comments: ['Visit https://desidatamodel.readthedocs.io/en/latest/ for a more complet', e description]
# schema: astropy-2.0
RA DEC TARGETID NTILE TILES Z COMP_TILE ROSETTE_NUMBER ROSETTE_R FRACZ_TILELOCID BITWEIGHTS PROB_OBS WEIGHT_ZFAIL WEIGHT NZ WEIGHT_FKP distance x y z
[from data line 2479]
216.50502027434007 35.125658090420664 39632986294978823 9 190-191-194-195-196-197-198-200-463 0.6590680768101581 0.875 7 1.2877521443627729 1.0 [-1,-1] 1.0 1.0 1.0 0.0006371005092682059 0.1397016056866948 2455.884020665687 -1614.5609673014765 -1194.9312115174253 1413.045861099023
216.66068707145115 35.35749888249282 39632986294981143 9 190-191-194-195-196-197-198-200-463 0.5857517213177037 0.875 7 1.338027598741463 1.0 [-1,-1] 1.0 1.0 1.0 0.0005369919189708607 0.1615383650856205 2227.1764629432496 -1457.081708887524 -1084.5208118813443 1288.8143773678373
216.6764873623597 35.35165112003889 39632986299170927 9 190-191-194-195-196-197-198-200-463 0.5432722670230574 0.875 7 1.3248224969863494 1.0 [-1,-1] 1.0 1.0 1.0 0.0006094867785671962 0.14511252611805409 2089.9195717907987 -1367.1026696197184 -1018.134473523391 1209.2130916824055
216.92180522373485 34.00055198998178 39632961397590467 9 190-191-194-195-196-197-198-200-463 0.5321467139178606 0.875 7 0.8289231299661896 1.0 [-1,-1] 1.0 1.0 1.0 0.0006094867785671962 0.14511252611805409 2053.3825484930153 -1360.930279759671 -1022.6254981347258 1148.2533495068228
218.5497480660164 33.962873899736586 39632961422754117 9 190-191-194-195-196-197-198-200-463 0.6075616173588264 0.875 7 0.7587943872936288 1.0 [-1,-1] 1.0 1.0 1.0 0.0006106036532175123 0.14488555312656437 2296.2816542431583 -1489.4749641890003 -1186.8948771634186 1282.8305878919107
218.79413684019903 35.373990341144804 39632986324339960 8 190-191-194-195-196-197-198-463 0.6425108386645515 1.0 7 1.2702784683953996 1.0 [-1,-1] 1.0 1.0 1.0 0.0007982518636535506 0.11473445525619816 2405.1233624255487 -1528.4972477084584 -1228.6858338964746 1392.3525680713813
216.03695508617773 34.626608625982044 39632976375450648 8 190-191-194-195-196-197-199-200 0.4382172066922667 1.0 7 1.4702869119228985 1.0 [-1,-1] 1.0 1.0 1.0 0.0006285113834356281 0.1413409039925048 1734.9239306023755 -1154.428430119736 -839.8795194971716 985.8288073683373
217.29685646729246 33.87558016283239 39632961401785977 9 190-191-194-195-196-197-199-200-463 0.8406934417669755 1.0 7 0.6696574414309745 1.0 [-1,-1] 1.0 1.0 1.0 0.0006366829495309179 0.1397804201853648 2980.4307292066683 -1968.4832956581304 -1499.4117446134806 1661.2661636322632
217.71284017254536 33.782741184205186 39632956385397470 9 190-191-194-195-196-197-199-200-463 0.6773484002178642 1.0 7 0.6214647342706225 1.0 [-1,-1] 1.0 1.0 1.0 0.0008053318504768218 0.11384060807160488 2511.335919052094 -1651.2362665370324 -1276.8116162341544 1396.4164805113103
218.92131118988544 33.410136289657984 39632951364813535 9 190-191-194-195-196-197-199-200-463 0.9426809683336731 1.0 7 1.358629522157742 1.0 [-1,-1] 1.0 1.0 1.0 0.0003671239319408774 0.21984967794317842 3250.7506179517627 -2111.179868646276 -1704.8043146177183 1789.955695316862
216.28593089700024 34.748994568175256 39632976379643994 9 190-191-194-195-196-197-199-200-463 0.5372738646951786 1.0 7 1.2945799657611248 1.0 [-1,-1] 1.0 1.0 1.0 0.0006094867785671962 0.14511252611805409 2070.2510640771116 -1371.1603846989158 -1006.6991601417657 1180.0065545218793
218.8799989120973 35.434190814187346 39632991265226797 9 190-191-194-195-196-197-199-200-463 0.5483575731244779 1.0 7 1.3615213151128374 1.0 [-1,-1] 1.0 1.0 1.0 0.0006094867785671962 0.14511252611805409 2106.538103950864 -1336.1287882110355 -1077.3501345590041 1221.3023099447187
217.80380570993546 33.97616805345947 39632961410173103 9 190-191-194-195-196-197-199-200-463 0.5706461746504609 1.0 7 0.4238436376386199 1.0 [-1,-1] 1.0 1.0 1.0 0.0005369919189708607 0.1615383650856205 2178.7738487802767 -1427.572193375509 -1107.4903838557286 1217.6034520717121
216.28972677213244 34.72829065105735 39632976379644045 9 190-191-194-195-196-197-199-200-463 1.065014575781224 1.0 7 1.286280882849793 1.0 [-1,-1] 1.0 1.0 1.0 0.00014839258087788972 0.41078905010633954 3554.1738243643513 -2354.461542144932 -1728.8740756573575 2024.7609367224431
217.17280849545938 35.439361732857435 39632991240062523 8 190-191-194-195-196-197-199-463 0.7529361020599546 1.0 7 1.1596235124470544 1.0 [-1,-1] 1.0 1.0 1.0 0.0007242712797402853 0.12498917450484462 2734.189062648889 -1775.0088356747913 -1345.9777939661622 1585.3949797243636
216.09054431012638 34.231181823846846 39632966397201413 8 190-191-194-195-196-197-199-463 0.6784432399674026 1.0 7 1.4219552037809782 1.0 [-1,-1] 1.0 1.0 1.0 0.0008053318504768218 0.11384060807160488 2514.6374777517585 -1680.0440292592732 -1224.684531569454 1414.5676026257981
216.1197853164538 34.216953961153095 39632966397201828 8 190-191-194-195-196-197-199-463 0.8395744133752054 1.0 7 1.3998841291900068 1.0 [-1,-1] 1.0 1.0 1.0 0.0006366829495309179 0.1397804201853648 2977.3721785131024 -1988.7954049153163 -1451.3067768002234 1674.260005610039
216.1202436341403 34.180871020196264 39632966397201834 8 190-191-194-195-196-197-200-463 0.6517926852071207 1.0 7 1.4049776210460578 1.0 [-1,-1] 1.0 1.0 1.0 0.0006371005092682059 0.1397016056866948 2433.642390576038 -1626.2865638722822 -1186.788925146292 1367.2378522141812
217.63660396653478 34.164295782551704 39632966418172929 7 190-191-194-195-196-198-199 0.6785474950859954 1.0 7 0.27163224583463175 1.0 [-1,-1] 1.0 1.0 1.0 0.0008053318504768218 0.11384060807160488 2514.951750931829 -1647.902251495942 -1270.733540094586 1412.3160939068698
218.12766199755512 35.477239951715084 39632991252646108 8 190-191-194-195-196-198-199-200 0.818927710271963 1.0 7 1.1102206493254612 1.0 [-1,-1] 1.0 1.0 1.0 0.000762533893525711 0.11946670068019369 2920.568863647587 -1870.901290907378 -1468.433143182314 1695.0383331926669
218.1776559536761 35.035734103377315 39632981370865033 8 190-191-194-195-196-198-199-200 0.5114136179561501 1.0 7 0.7074717184555 1.0 [-1,-1] 1.0 1.0 1.0 0.0006888416087567301 0.1305783864573065 1984.6330560974343 -1277.4139268228441 -1004.419237562861 1139.3524573753832
217.56132913567856 34.03490852111531 39632961405979810 9 190-191-194-195-196-198-199-200-463 0.7688618181651498 1.0 7 0.4150205935356116 1.0 [-1,-1] 1.0 1.0 1.0 0.0007242712797402853 0.12498917450484462 2779.851787699984 -1826.1094990848906 -1404.3311998790289 1555.8772252260312
217.53394787512931 34.96430003361485 39632981362476012 9 190-191-194-195-196-198-199-200-463 0.7895198640517448 1.0 7 0.6052259051251432 1.0 [-1,-1] 1.0 1.0 1.0 0.0007064174578981374 0.12774458208408304 2838.4306726383484 -1844.5959319468418 -1417.1454629990194 1626.6079023294594
217.91406568129105 34.95396499635863 39632981366671548 9 190-191-194-195-196-198-199-200-463 0.827136553471123 1.0 7 0.5618508105617847 1.0 [-1,-1] 1.0 1.0 1.0 0.000762533893525711 0.11946670068019369 2943.237713813411 -1903.1553716227684 -1482.3165310512404 1686.2341395100545
218.36151055369078 34.88626117305339 39632981370867402 8 190-191-194-195-196-198-199-463 1.0430005422086104 1.0 7 0.6707107710740661 1.0 [-1,-1] 1.0 1.0 1.0 0.00017557006270178804 0.37077784677498654 3501.164535208686 -2251.9395506394744 -1782.4034972668878 2002.4882361201287
216.9404671879958 33.21189789446923 39632946281319633 7 190-191-194-195-196-198-200 0.6895667834969876 1.0 7 1.386230482661334 1.0 [-1,-1] 1.0 1.0 1.0 0.0008053318504768218 0.11384060807160488 2548.056773277547 -1703.8898385455527 -1281.1995241272136 1395.6649015157604
218.57306501888505 34.862534827192995 39632976413196659 8 190-191-194-195-196-198-200-463 0.9315407557949393 1.0 7 0.7864808711502096 1.0 [-1,-1] 1.0 1.0 1.0 0.0003671239319408774 0.21984967794317842 3222.016959099008 -2066.9184254250913 -1648.409021078641 1841.7353790885477
218.86008500358048 34.893056689286524 39632981379254559 7 190-191-194-195-196-198-463 0.655591995033149 1.0 7 1.001825477939093 1.0 [-1,-1] 1.0 1.0 1.0 0.0006371005092682059 0.1397016056866948 2445.269571399724 -1561.769710096734 -1258.3939143677103 1398.8078516079563
216.89478073486157 35.21525095990163 39632986299173579 8 190-191-194-195-196-199-200-463 0.542321999496632 1.0 7 1.1031908600074523 1.0 [-1,-1] 1.0 1.0 1.0 0.0006094867785671962 0.14511252611805409 2086.808453429805 -1363.479321952698 -1023.5350241296661 1203.3576834397115
217.53731157100975 34.978368532739836 39632981362476069 7 190-191-194-195-196-199-463 0.7721041715349488 1.0 7 0.617384336469384 1.0 [-1,-1] 1.0 1.0 1.0 0.0007064174578981374 0.12774458208408304 2789.094492199516 -1812.1410783717893 -1392.3805994997647 1598.8962019568
218.4693658506124 32.96443517176183 39632941239764191 6 190-191-194-195-197-198 0.9913000348554264 1.0 7 1.5398223919189906 1.0 [-2594073402546622465,-72057611217797377] 0.921875 1.0 1.084033613445378 0.00023297360745577845 0.30751381291380364 3373.9578383886733 -2216.3327862717097 -1761.016753444989 1835.832364298963
218.27372227912653 34.510766430228635 39632971426171269 8 190-191-194-195-197-198-199-200 0.4889378323625092 1.0 7 0.40601660285316354 1.0 [-1,-1] 1.0 1.0 1.0 0.000668512811805897 0.13401699399284683 1909.1247204818092 -1235.0230563449365 -974.4430665528658 1081.6357791318687
218.90580359114085 33.92473654651173 39632961426949096 8 190-191-194-195-197-198-199-200 0.7273290593545474 1.0 7 1.0310551372111623 1.0 [-1,-1] 1.0 1.0 1.0 0.0005823912580269674 0.15084542533972659 2659.8363793036665 -1717.4859588225017 -1386.1237234795956 1484.4637311574345
218.67828140037767 33.31197716852132 39632946306484438 9 190-191-194-195-197-198-199-200-463 0.8504191795638704 1.0 7 1.3098547622207448 1.0 [-1,-1] 1.0 1.0 1.0 0.0006576102792991648 0.1359368301360722 3006.926809569812 -1961.7127755774598 -1570.4077717029284 1651.3967587533016
216.86196958857673 33.600253202926226 39632951335453703 9 190-191-194-195-197-198-199-200-463 0.8506471935775739 1.0 7 1.1154929790360437 1.0 [-1,-1] 1.0 1.0 1.0 0.0006576102792991648 0.1359368301360722 3007.546137691187 -2004.2413197105457 -1502.7477093082766 1664.3616869162886
216.60676482765 34.50424987843485 39632971405197360 9 190-191-194-195-197-198-199-200-463 0.5252396589855401 1.0 7 0.9894420530684679 1.0 [-1,-1] 1.0 1.0 1.0 0.0006888416087567301 0.1305783864573065 2030.57505096158 -1343.2886673096737 -997.8603034422378 1150.2544973522984
217.50911561262595 35.20878808736887 39632986307562654 9 190-191-194-195-197-198-199-200-463 0.6314212992321329 1.0 7 0.8433170109549784 1.0 [-1,-1] 1.0 1.0 1.0 0.0007982518636535506 0.11473445525619816 2370.8380188526407 -1536.6239090118963 -1179.4814595381822 1366.9247823109336
216.6150413726244 34.50172340718715 39632971405197460 9 190-191-194-195-197-198-199-200-463 1.0769164625910697 1.0 7 0.9824054855905321 1.0 [-1,-1] 1.0 1.0 1.0 0.00012850791192818028 0.44600300211103894 3582.552192848629 -2369.7873919424082 -1760.9248767346633 2029.2687131014286
216.61896419605475 34.50164901938928 39632971405197517 9 190-191-194-195-197-198-199-200-463 0.9186914622908344 1.0 7 0.9791808875762508 1.0 [-1,-1] 1.0 1.0 1.0 0.00042618922305278896 0.1953324009783564 3188.638014595051 -2109.1155266853602 -1567.4508160301473 1806.140089401105
217.34492784772542 33.867630081934514 39632956381202523 9 190-191-194-195-197-198-199-200-463 0.48945643864077454 1.0 7 0.6521505168058113 1.0 [-1,-1] 1.0 1.0 1.0 0.000668512811805897 0.13401699399284683 1910.8785725096968 -1261.38729594859 -962.4836596083367 1064.8869486866408
217.41734967278896 34.310376994649104 39632966418170290 9 190-191-194-195-197-198-199-200-463 0.8339806775017621 1.0 7 0.3283660339446786 1.0 [-1,-1] 1.0 1.0 1.0 0.0006366829495309179 0.1397804201853648 2962.0523521045275 -1943.1997267678876 -1486.6209670399467 1669.6368044740707
218.1742249094943 35.68219153165009 39632996176757970 9 190-191-194-195-197-198-199-200-463 0.8292594897272836 1.0 7 1.3182875351812162 1.0 [-1,-1] 1.0 1.0 1.0 0.000762533893525711 0.11946670068019369 2949.082008709975 -1883.1358627273296 -1480.5105434393274 1720.1664301375156
218.91034334248835 33.91099265381504 39632961426949146 9 190-191-194-195-197-198-199-200-463 0.897391858973907 1.0 7 1.040842139312644 1.0 [-1,-1] 1.0 1.0 1.0 0.0005723615213970424 0.15308410280969617 3132.7416857357507 -2023.0431066368583 -1632.9930838709877 1747.7701926354862
216.59682880689846 33.56356306140044 39632951331259804 9 190-191-194-195-197-198-199-200-463 0.8295202704671836 1.0 7 1.3019043408977988 1.0 [-1,-1] 1.0 1.0 1.0 0.000762533893525711 0.11946670068019369 2949.7994045506653 -1973.3969867125102 -1465.4044834256172 1630.831248130089
216.59748767355345 33.56476374654078 39632951331259812 9 190-191-194-195-197-198-199-200-463 0.8342997251550189 1.0 7 1.3007090546637088 1.0 [-1,-1] 1.0 1.0 1.0 0.0006366829495309179 0.1397804201853648 2962.9275305572796 -1982.135132715741 -1471.9286154670353 1638.1410250517222
218.1600390132498 35.47784358761912 39632991252646514 9 190-191-194-195-197-198-199-200-463 0.8690158360781599 1.0 7 1.1175204386919741 1.0 [-1,-1] 1.0 1.0 1.0 0.0006576102792991648 0.1359368301360722 3057.1612532645995 -1957.5180585811054 -1538.205315035751 1774.3399864701807
217.1323794276209 33.81373308035875 39632956377008864 9 190-191-194-195-197-198-199-200-463 0.6939693786391775 1.0 7 0.8057747925553855 1.0 [-1,-1] 1.0 1.0 1.0 0.0005639081233901963 0.1550231922816235 2561.2214474044767 -1696.5278767139114 -1284.5817444168372 1425.3063558717001
216.96699856937178 34.91968499590318 39632981354087854 8 190-191-194-195-197-198-199-463 1.050087712272593 1.0 7 0.859960894666284 1.0 [-1,-1] 1.0 1.0 1.0 0.00014839258087788972 0.41078905010633954 3518.304457697126 -2304.9450455012047 -1734.8200911987367 2013.9746387291289
217.5749654184762 35.11654285094518 39632981362476710 8 190-191-194-195-197-198-199-463 0.7886326096033793 1.0 7 0.7400090112408637 1.0 [-1,-1] 1.0 1.0 1.0 0.0007064174578981374 0.12774458208408304 2835.9297559780666 -1838.527569293078 -1414.577528646936 1631.344345390706
218.73278227764123 33.07715513760279 39632941243958036 7 190-191-194-195-197-198-200 0.6273918953236398 0.9 7 1.5334721045814987 1.0 [-6935546793474430533,-1272267452138436609] 0.7734375 1.0 1.29 0.0007056687116799521 0.12786279395313782 2358.322907023066 -1541.5205274785828 -1236.439581412918 1287.0969499875778
218.39114346972022 33.09955081841955 39632941239763156 7 190-191-194-195-197-198-200 0.7713272261128873 0.9 7 1.3902281083561219 1.0 [-1,-1] 1.0 1.0 1.0 0.0007064174578981374 0.12774458208408304 2786.8813726225026 -1829.862011960539 -1449.870276121328 1521.9030799212794
218.7335304427158 33.07375503006824 39632941243958050 7 190-191-194-195-197-198-200 0.6269800207440799 0.9 7 1.536727992372068 0.5 [-1585267086282719233,-4611729998892630018] 0.921875 1.0 1.084033613445378 0.0007056687116799521 0.12786279395313782 2357.0419156697994 -1540.7266157251613 -1235.8358544668092 1286.2806181524854
216.9307053178098 33.21703884132194 39632946281319468 7 190-191-194-195-197-198-200 0.48786951629864644 0.9 7 1.3860251125577594 1.0 [-1,-1] 1.0 1.0 1.0 0.000668512811805897 0.13401699399284683 1905.51009947763 -1274.3061576975965 -957.8444486431636 1043.8613738752433
216.32700831809265 33.607251436597195 39632951327065815 7 190-191-194-195-197-198-200 0.7965452803619624 0.9 7 1.455845485888376 1.0 [-1,-1] 1.0 1.0 1.0 0.0008239664519383997 0.11155322342262282 2858.1860125443677 -1917.8023399148703 -1410.1581837714182 1581.9972705614305
216.9271839350848 33.21441074199821 39632946281319411 7 190-191-194-195-197-198-200 0.48715924347406453 0.9 7 1.3897990131795488 1.0 [-1,-1] 1.0 1.0 1.0 0.000668512811805897 0.13401699399284683 1903.1056198380572 -1272.795185110793 -956.5862947468066 1042.4711399940786
217.28835122884414 35.48904407499656 39632991240063802 7 190-191-194-195-197-198-463 0.8026535881349649 1.0 7 1.1670054332589752 1.0 [-1,-1] 1.0 1.0 1.0 0.0008239664519383997 0.11155322342262282 2875.294420825757 -1862.6040084901122 -1418.3256570914182 1669.2443333510187
