data_rosette/LRG_8_clustering_data.ecsv
# %ECSV 1.0
# ---
# datatype:
# - {name: RA, unit: deg, datatype: float64}
# - {name: DEC, unit: deg, datatype: float64}
# - {name: TARGETID, datatype: int64}
# - {name: NTILE, datatype: int64}
# - {name: TILES, datatype: string}
# - {name: Z, datatype: float64}
# - {name: COMP_TILE, datatype: float64}
# - {name: ROSETTE_NUMBER, datatype: int32}
# - {name: ROSETTE_R, unit: deg, datatype: float64}
# - {name: FRACZ_TILELOCID, datatype: float64}
# - {name: BITWEIGHTS, datatype: string, subtype: 'int64[2]'}
# - {name: PROB_OBS, datatype: float64}
# - {name: WEIGHT_ZFAIL, datatype: float64}
# - {name: WEIGHT, datatype: float64}
# - {name: NZ, unit: h3 / Mpc3, datatype: float64}
# - {name: WEIGHT_FKP, datatype: float64}
# - {name: theta, unit: deg, datatype: float64}
# - {name: phi, unit: deg, datatype: float64}
# - {name: rho, unit: Mpc, datatype: float64}
# - {name: r, unit: Mpc, datatype: float64}
# - {name: x, unit: Mpc, datatype: float64}
# - {name: y, unit: Mpc, datatype: float64}
# - {name: z, unit: Mpc, datatype: float64}
# meta: !!omap
# - {EXTNAME: LSS}
# - {DESIDR: edr}
# - comments: ['Visit https://desidatamodel.readthedocs.io/en/latest/ for a more complet', e description]
# schema: astropy-2.0
RA DEC TARGETID NTILE TILES Z COMP_TILE ROSETTE_NUMBER ROSETTE_R FRACZ_TILELOCID BITWEIGHTS PROB_OBS WEIGHT_ZFAIL WEIGHT NZ WEIGHT_FKP theta phi rho r x y z
[from data line 414]
217.4546554966378 -0.9920238259135593 39627764214534906 11 217-218-219-220-221-222-223-224-225-226-466 0.4301716722642785 0.9887640449438202 8 1.2192823568330253 1.0 [-1,-1] 1.0 1.0 1.0 0.0005288673958748294 0.16397488484989944 90.99202382591356 -217.4546554966378 1706.8013311162974 1706.8013311162974 -150.60013266368478 122.97533598001381 -1695.6908476142248
217.4567799739247 -1.0064261167225579 39627764214534953 11 217-218-219-220-221-222-223-224-225-226-466 1.0065425659330176 0.9887640449438202 8 1.2259908296940476 1.0 [-1,-1] 1.0 1.0 1.0 0.0002622817504223413 0.28340640119267335 91.00642611672255 -217.4567799739247 3411.8629264643005 3411.8629264643005 -262.74612596977227 215.48224428381272 -3394.899189175995
215.18371987034342 -0.8218389142797909 39627770216584132 11 217-218-219-220-221-222-223-224-225-226-466 0.8618494276688206 0.9887640449438202 8 1.1380247963725938 1.0 [-1,-1] 1.0 1.0 1.0 0.0006812235016579503 0.1321480675826358 90.8218389142798 -215.18371987034342 3037.8692712618445 3037.8692712618445 13.103966145451775 -852.117972238664 -2915.882877746652
215.48806958233683 0.20534187448914093 39627794379971867 11 217-218-219-220-221-222-223-224-225-226-466 0.5277003456384561 0.9887640449438202 8 1.1435855300490883 1.0 [-1,-1] 1.0 1.0 1.0 0.0006865842838717192 0.13125169390769817 89.79465812551086 -215.48806958233683 2038.7113287358518 2038.7113287358518 -561.5499734814665 -1888.8678798580672 -522.669725198769
215.33833555406088 -0.11504474989708745 39627788340169253 11 217-218-219-220-221-222-223-224-225-226-466 0.5601281818000757 0.9887640449438202 8 1.0770044431172636 1.0 [-1,-1] 1.0 1.0 1.0 0.000677088223595666 0.13284793461577618 90.11504474989708 -215.33833555406088 2144.8076459883528 2144.8076459883528 -249.0515687761124 -1777.0910401151596 -1174.7853376352111
215.3097268551903 -0.07516830230433989 39627788340168442 11 217-218-219-220-221-222-223-224-225-226-466 0.650309322446987 0.9887640449438202 8 1.120735611708125 1.0 [-1,-1] 1.0 1.0 1.0 0.000700708733790897 0.12894715825466588 90.07516830230433 -215.3097268551903 2429.0954875470616 2429.0954875470616 -230.05371362284512 -2070.995468829214 -1248.4221820196478
217.15348193209726 0.23455011345748095 39627794409328430 11 217-218-219-220-221-222-223-224-225-226-466 0.8924597895556751 0.9887640449438202 8 1.193685474746459 1.0 [-1,-1] 1.0 1.0 1.0 0.0005275616701708153 0.16431404058018498 89.76544988654251 -217.15348193209726 3119.6968926064546 3119.6968926064546 -2816.758977116033 1136.7878019643506 -711.4007730384259
216.72480605969324 0.2765608922671501 39627794400941252 11 217-218-219-220-221-222-223-224-225-226-466 0.7824376402365867 0.9887640449438202 8 0.9740709566780917 1.0 [-1,-1] 1.0 1.0 1.0 0.0007324854237337303 0.12404708914385561 89.72343910773284 -216.72480605969324 2818.4304540479243 2818.4304540479243 -2765.930405584137 -124.79218165858829 -526.8834094625199
216.804550364878 -0.012059350785495417 39627788365333859 11 217-218-219-220-221-222-223-224-225-226-466 0.5907612833363984 0.9887640449438202 8 0.7747488503890946 1.0 [-1,-1] 1.0 1.0 1.0 0.0007756247847600315 0.11796159141779075 90.01205935078549 -216.804550364878 2243.130623709407 2243.130623709407 -1991.8882140555745 69.06105459271565 -1029.1972155364529
216.81299035465446 -1.2876763871890866 39627758166345205 11 217-218-219-220-221-222-223-224-225-226-466 0.5857250375948821 0.9887640449438202 8 0.8578947203082192 1.0 [-1,-1] 1.0 1.0 1.0 0.0006621615122706149 0.13543705131792066 91.28767638718908 -216.81299035465446 2227.091351921493 2227.091351921493 401.6050285119937 -17.318798930704286 -2190.513490047706
216.80032984736454 -0.008694275940373104 39627788365333757 11 217-218-219-220-221-222-223-224-225-226-466 0.8773617872090015 0.9887640449438202 8 0.7745728695597454 1.0 [-1,-1] 1.0 1.0 1.0 0.0005690156306133545 0.15418916366201427 90.00869427594037 -216.80032984736454 3079.5243570448597 3079.5243570448597 -2739.714251141191 83.41375646627128 -1403.7372378613468
216.93096657851416 0.20797704177498644 39627794405134842 11 217-218-219-220-221-222-223-224-225-226-466 0.5930951684464666 0.9887640449438202 8 1.0251509479287138 1.0 [-1,-1] 1.0 1.0 1.0 0.0007756247847600315 0.11796159141779075 89.79202295822502 -216.93096657851416 2250.546855495968 2250.546855495968 -2148.6643092256413 349.11731865496307 -571.2441972202937
216.7523993264686 0.2763166601703032 39627794405130331 11 217-218-219-220-221-222-223-224-225-226-466 0.854190056267112 0.9887640449438202 8 0.9861999882003377 1.0 [-1,-1] 1.0 1.0 1.0 0.0006812235016579503 0.1321480675826358 89.72368333982969 -216.7523993264686 3017.158314289937 3017.158314289937 -2963.3772637958086 -51.84593285914654 -564.7578995932032
216.21439178413317 -1.548747404199767 39627752113968451 11 217-218-219-220-221-222-223-224-225-226-466 0.7941749871791762 0.9887640449438202 8 0.952600472093228 1.0 [-1,-1] 1.0 1.0 1.0 0.0007229154976227362 0.12548315978664992 91.54874740419977 -216.21439178413317 2851.5301687803 2851.5301687803 1037.559563983683 644.0133802156049 -2576.80833993401
216.78451400261014 -1.282195940977747 39627758166344557 11 217-218-219-220-221-222-223-224-225-226-466 0.7360369224841854 0.9887640449438202 8 0.8367072469225344 1.0 [-1,-1] 1.0 1.0 1.0 0.0007126833197713517 0.12705585074725267 91.28219594097774 -216.78451400261014 2685.2503758194953 2685.2503758194953 470.1414484595059 -6.874383268836789 -2643.764237244655
216.76961443260925 0.31702889312912635 39627794405130744 11 217-218-219-220-221-222-223-224-225-226-466 1.0401118626904926 0.9887640449438202 8 1.0302784348902798 1.0 [-1,-1] 1.0 1.0 1.0 0.00017111768859933566 0.3774092623312036 89.68297110687088 -216.76961443260925 3494.158090123492 3494.158090123492 -3456.1755910384513 -0.9631154949256177 -513.7996838204589
215.33694529191982 -0.01740032785404999 39627788340169215 11 217-218-219-220-221-222-223-224-225-226-466 0.9526672367420421 0.9887640449438202 8 1.125549569388455 1.0 [-1,-1] 1.0 1.0 1.0 0.00041974738576830407 0.19815580287489248 90.01740032785405 -215.33694529191982 3276.3470310144908 3276.3470310144908 -398.91589083454215 -2875.518136535963 -1518.7861686655872
215.13228092415363 -0.31145814946820516 39627782296178076 11 217-218-219-220-221-222-223-224-225-226-466 0.7805126731381946 0.9887640449438202 8 1.2028030134531085 1.0 [-1,-1] 1.0 1.0 1.0 0.0007324854237337303 0.12404708914385561 90.31145814946821 -215.13228092415363 2812.9795126316308 2812.9795126316308 134.03632990038196 -2003.0698554312946 -1970.4312104244023
215.12005046630492 -0.233993061625317 39627782296177736 11 217-218-219-220-221-222-223-224-225-226-466 0.6506112272824802 0.9887640449438202 8 1.235379899969385 1.0 [-1,-1] 1.0 1.0 1.0 0.000700708733790897 0.12894715825466588 90.23399306162531 -215.12005046630492 2430.0212394997698 2430.0212394997698 146.93376940816606 -1854.9584696184916 -1562.8636433861172
216.79621702351372 0.2075978946109826 39627794405131395 11 217-218-219-220-221-222-223-224-225-226-466 0.7472574081470315 0.9887640449438202 8 0.9478600791464498 1.0 [-1,-1] 1.0 1.0 1.0 0.0007126833197713517 0.12705585074725267 89.79240210538902 -216.79621702351372 2717.7999752301057 2717.7999752301057 -2627.6203211874704 69.1852637724776 -690.8411918235264
216.80852745358166 0.22243615126668242 39627794405131698 11 217-218-219-220-221-222-223-224-225-226-466 0.5943841779583743 0.9887640449438202 8 0.9669509533517151 1.0 [-1,-1] 1.0 1.0 1.0 0.0007756247847600315 0.11796159141779075 89.77756384873332 -216.80852745358166 2254.6383426071648 2254.6383426071648 -2187.2126216856923 84.54361865821693 -540.6915757040762
215.06890477897218 -0.41727538701332717 39627776256378701 11 217-218-219-220-221-222-223-224-225-226-466 0.5300325999319057 0.9887640449438202 8 1.244533245737893 1.0 [-1,-1] 1.0 1.0 1.0 0.0007045118177349687 0.128340413101622 90.41727538701333 -215.06890477897218 2046.411755446327 2046.411755446327 168.88851849412708 -1289.889020184927 -1579.7037876627842
216.90084032238673 0.3308171676898184 39627794405134055 11 217-218-219-220-221-222-223-224-225-226-466 0.9472739680778604 0.9887640449438202 8 1.107889778109107 1.0 [-1,-1] 1.0 1.0 1.0 0.0004445766401596716 0.18918261239264766 89.66918283231018 -216.90084032238673 3262.5420339923744 3262.5420339923744 -3205.7031146394265 422.1938330701094 -435.20159888923615
216.912152476236 0.21911908086464857 39627794405134350 11 217-218-219-220-221-222-223-224-225-226-466 0.5935764347234598 0.9887640449438202 8 1.0225831018718419 1.0 [-1,-1] 1.0 1.0 1.0 0.0007756247847600315 0.11796159141779075 89.78088091913536 -216.912152476236 2252.0748339357106 2252.0748339357106 -2162.4858173581047 309.72609734193435 -547.3261294666491
216.91594855292823 0.23300092911537654 39627794405134448 11 217-218-219-220-221-222-223-224-225-226-466 0.591825713723449 0.9887640449438202 8 1.0359887033043544 1.0 [-1,-1] 1.0 1.0 1.0 0.0007756247847600315 0.11796159141779075 89.76699907088462 -216.91594855292823 2246.514299915603 2246.514299915603 -2163.248576468945 318.22025915212896 -515.6723405375989
216.74671207643425 -1.2988390333635256 39627758162154766 11 217-218-219-220-221-222-223-224-225-226-466 0.7200468306824408 0.9887640449438202 8 0.8293795331927505 1.0 [-1,-1] 1.0 1.0 1.0 0.0006167714992318164 0.14396928707710532 91.29883903336352 -216.74671207643425 2638.479632246985 2638.479632246985 505.03439685662823 11.709310537169031 -2589.6675307499595
215.12065622148933 -0.379660133999938 39627776256380118 11 217-218-219-220-221-222-223-224-225-226-466 0.8480521776735148 0.9887640449438202 8 1.1997074787230848 1.0 [-1,-1] 1.0 1.0 1.0 0.0006232532477076302 0.14268566385842998 90.37966013399993 -215.12065622148933 3000.4925805863572 3000.4925805863572 156.1842612226813 -1987.0309575010788 -2242.8263812949162
216.35283701981368 -1.3664048051323827 39627758157957866 11 217-218-219-220-221-222-223-224-225-226-466 0.8670206467698156 0.9887640449438202 8 0.7682234130358468 1.0 [-1,-1] 1.0 1.0 1.0 0.0006812235016579503 0.1321480675826358 91.36640480513238 -216.35283701981368 3051.7985263376495 3051.7985263376495 717.8973718320274 318.061668386117 -2949.056524378052
216.7654744955954 -1.288549104292421 39627758166344072 11 217-218-219-220-221-222-223-224-225-226-466 0.6766112005791617 0.9887640449438202 8 0.8310865908819719 1.0 [-1,-1] 1.0 1.0 1.0 0.0007209928471550773 0.12577569469930108 91.28854910429241 -216.7654744955954 2509.111606653565 2509.111606653565 455.03062157470555 2.0106123453121656 -2467.5056525793348
216.27870454942482 -1.2615726171222368 39627758157955939 11 217-218-219-220-221-222-223-224-225-226-466 0.9069610404338326 0.9887640449438202 8 0.6619151752511945 1.0 [-1,-1] 1.0 1.0 1.0 0.0005275616701708153 0.16431404058018498 91.26157261712224 -216.27870454942482 3157.94183839812 3157.94183839812 430.9458929462267 230.5197711969678 -3119.8946980860387
217.02729023578567 0.5396246630393173 39627800449123029 11 217-218-219-220-221-222-223-224-225-226-466 1.006113423857678 0.9887640449438202 8 1.3519163709434545 1.0 [-1,-1] 1.0 1.0 1.0 0.0002622817504223413 0.28340640119267335 89.46037533696068 -217.02729023578567 3410.8003737690096 3410.8003737690096 -3289.158172510273 865.8261697697812 255.62227925884852
217.00744059458333 0.538265392442209 39627800449122525 11 217-218-219-220-221-222-223-224-225-226-466 0.879062230468684 0.9887640449438202 8 1.3401879318493508 1.0 [-1,-1] 1.0 1.0 1.0 0.0005690156306133545 0.15418916366201427 89.46173460755779 -217.00744059458333 3084.067027522983 3084.067027522983 -2989.3330680520226 723.7739811792751 226.95475908875673
216.2338301504598 -1.2946685911869376 39627758153766674 11 217-218-219-220-221-222-223-224-225-226-466 0.8692412535308561 0.9887640449438202 8 0.6978120449288424 1.0 [-1,-1] 1.0 1.0 1.0 0.0006812235016579503 0.1321480675826358 91.29466859118693 -216.2338301504598 3057.7667335451642 3057.7667335451642 492.55995690277535 292.6251898561936 -3003.6132547138996
217.49719260510872 -1.2196424705339182 39627758174737723 11 217-218-219-220-221-222-223-224-225-226-466 0.8690329007744769 0.9887640449438202 8 1.347906361672193 1.0 [-1,-1] 1.0 1.0 1.0 0.0006812235016579503 0.1321480675826358 91.21964247053391 -217.49719260510872 3057.207092582943 3057.207092582943 258.5371790284648 -230.11514923123843 -3037.551769450809
215.96398640719963 -0.8177011883539724 39627770229167485 11 217-218-219-220-221-222-223-224-225-226-466 0.8891061676624593 0.9887640449438202 8 0.4003517522838042 1.0 [-1,-1] 1.0 1.0 1.0 0.0005690156306133545 0.15418916366201427 90.81770118835398 -215.96398640719963 3110.8049398094113 3110.8049398094113 -612.8433256705733 -638.5103449487788 -2982.2533378499315
216.24106748819943 -1.2958036140300024 39627758153766859 11 217-218-219-220-221-222-223-224-225-226-466 0.8667094897200245 0.9887640449438202 8 0.6982941479334328 1.0 [-1,-1] 1.0 1.0 1.0 0.0006812235016579503 0.1321480675826358 91.29580361403 -216.24106748819943 3050.9616111078385 3050.9616111078385 496.5005874392823 290.1254210504442 -2996.2778841733766
216.69340551942832 -1.597483094479032 39627752122357123 11 217-218-219-220-221-222-223-224-225-226-466 0.8026634696598968 0.9887640449438202 8 1.0722311347593638 1.0 [-1,-1] 1.0 1.0 1.0 0.0007229154976227362 0.12548315978664992 91.59748309447903 -216.69340551942832 2875.3220463040493 2875.3220463040493 1352.5221199927616 103.65335651839207 -2535.2350515435173
216.9885135301981 0.2536850295180839 39627794405136238 11 217-218-219-220-221-222-223-224-225-226-466 0.8939942718195685 0.9887640449438202 8 1.0967296435358171 1.0 [-1,-1] 1.0 1.0 1.0 0.0005275616701708153 0.16431404058018498 89.74631497048192 -216.9885135301981 3123.759552866894 3123.759552866894 -2981.8249940347046 662.4759760807701 -654.0023166571681
216.11652615054237 0.2221681121612726 39627794392550046 11 217-218-219-220-221-222-223-224-225-226-466 1.0978543071841491 0.9887640449438202 8 0.8423907136768615 1.0 [-1,-1] 1.0 1.0 1.0 4.689797466212482e-05 0.6886505109163528 89.77783188783873 -216.11652615054237 3632.003427431132 3632.003427431132 -2799.619944511545 -2143.195280610126 -871.9467026918253
216.27757710050815 -1.2742222642298846 39627758157955903 11 217-218-219-220-221-222-223-224-225-226-466 0.9028996177710416 0.9887640449438202 8 0.6745949212021807 1.0 [-1,-1] 1.0 1.0 1.0 0.0005275616701708153 0.16431404058018498 91.27422226422989 -216.27757710050815 3147.2637782620054 3147.2637782620054 463.85522048013536 248.79651087739393 -3102.935371639022
216.98285043295616 0.3261339377822842 39627794405136071 11 217-218-219-220-221-222-223-224-225-226-466 0.7946711673779518 0.9887640449438202 8 1.1506502372541891 1.0 [-1,-1] 1.0 1.0 1.0 0.0007229154976227362 0.12548315978664992 89.67386606221771 -216.98285043295616 2852.92424471184 2852.92424471184 -2761.784670314932 597.1975172853037 -393.7985604675715
215.7973239961885 -1.4689165292283226 39627752109769671 11 217-218-219-220-221-222-223-224-225-226-466 0.7668145997400709 0.9887640449438202 8 1.003798731917519 1.0 [-1,-1] 1.0 1.0 1.0 0.0006416626200019751 0.139161677870846 91.46891652922832 -215.7973239961885 2774.006596567427 2774.006596567427 554.3331026745446 813.3567773953662 -2593.506923403876
215.31754976583926 -0.0906352566468239 39627788340168682 11 217-218-219-220-221-222-223-224-225-226-466 0.7576597131573586 0.9887640449438202 8 1.106625269148749 1.0 [-1,-1] 1.0 1.0 1.0 0.0006416626200019751 0.139161677870846 90.09063525664682 -215.31754976583926 2747.778772905637 2747.778772905637 -275.93951389784417 -2318.62204749135 -1448.4948637767598
