data_rosette/LRG_15_clustering_data.ecsv
# %ECSV 1.0
# ---
# datatype:
# - {name: RA, unit: deg, datatype: float64}
# - {name: DEC, unit: deg, datatype: float64}
# - {name: TARGETID, datatype: int64}
# - {name: NTILE, datatype: int64}
# - {name: TILES, datatype: string}
# - {name: Z, datatype: float64}
# - {name: COMP_TILE, datatype: float64}
# - {name: ROSETTE_NUMBER, datatype: int32}
# - {name: ROSETTE_R, unit: deg, datatype: float64}
# - {name: FRACZ_TILELOCID, datatype: float64}
# - {name: BITWEIGHTS, datatype: string, subtype: 'int64[2]'}
# - {name: PROB_OBS, datatype: float64}
# - {name: WEIGHT_ZFAIL, datatype: float64}
# - {name: WEIGHT, datatype: float64}
# - {name: NZ, unit: h3 / Mpc3, datatype: float64}
# - {name: WEIGHT_FKP, datatype: float64}
# - {name: theta, unit: deg, datatype: float64}
# - {name: phi, unit: deg, datatype: float64}
# - {name: rho, unit: Mpc, datatype: float64}
# - {name: r, unit: Mpc, datatype: float64}
# - {name: x, unit: Mpc, datatype: float64}
# - {name: y, unit: Mpc, datatype: float64}
# - {name: z, unit: Mpc, datatype: float64}
# meta: !!omap
# - {EXTNAME: LSS}
# - {DESIDR: edr}
# - comments: ['Visit https://desidatamodel.readthedocs.io/en/latest/ for a more complet', e description]
# schema: astropy-2.0
RA DEC TARGETID NTILE TILES Z COMP_TILE ROSETTE_NUMBER ROSETTE_R FRACZ_TILELOCID BITWEIGHTS PROB_OBS WEIGHT_ZFAIL WEIGHT NZ WEIGHT_FKP theta phi rho r x y z
[from data line 1015]
267.6069955782276 65.34690371193932 39633446317852902 10 406-407-408-409-410-413-414-415-439-440 0.8912341331352 1.0 15 1.103215086010171 1.0 [-1,-1] 1.0 1.0 1.0 0.0005723615213970424 0.15308410280969617 24.65309628806068 92.39300442177239 3116.4491953481283 3116.4491953481283 402.9313947005428 1380.5301591324603 2764.7854090464916
268.8246688314169 65.07789509959422 39633443780296764 9 406-407-408-409-410-413-414-415-440 0.4582268233607124 1.0 15 1.013870465512445 1.0 [-1,-1] 1.0 1.0 1.0 0.0005330850268982689 0.1625298359500762 24.922104900405785 91.17533116858311 1804.2817291062934 1804.2817291062934 376.34177879927097 26.06340562192724 1764.403616637753
272.0594087554869 67.07006490748529 39633463535471610 9 406-407-408-409-410-413-414-416-439 0.732147988660055 1.0 15 1.4006334088159587 1.0 [-1,-1] 1.0 1.0 1.0 0.0006073340474539246 0.1455520198534496 22.92993509251471 87.94059124451309 2673.917088292097 2673.917088292097 -2156.8066315604196 51.77989501475344 -1579.663442505949
270.84306811749667 65.82298079387026 39633451376183077 10 406-407-408-409-410-413-414-416-439-440 0.44884943729114163 1.0 15 0.4950065724549033 1.0 [-1,-1] 1.0 1.0 1.0 0.0006285113834356281 0.1413409039925048 24.177019206129742 89.15693188250333 1771.8811441495511 1771.8811441495511 -534.7054183193426 -1344.742281386996 1022.4094587115068
269.5004400470625 67.03742891672022 39633463518694168 9 406-407-408-409-410-413-414-416-440 0.9884896213086702 1.0 15 1.021527072084167 1.0 [-1,-1] 1.0 1.0 1.0 0.00030269805442075816 0.25472307248715254 22.962571083279784 90.49955995293749 3366.9317366623295 3366.9317366623295 2284.011948846622 -1584.8986962855026 -1899.372227706402
268.47323077330395 64.8284639696415 39633441200803346 9 406-407-408-409-410-413-414-416-440 0.5649994049252037 1.0 15 1.3010757733810454 1.0 [-1,-1] 1.0 1.0 1.0 0.0006724560872077301 0.13333590500666823 25.171536030358496 91.52676922669605 2160.565486283039 2160.565486283039 -76.49483145944497 -34.21392905604509 2158.939825084526
270.4005581514482 65.66425099632673 39633451371989661 9 406-407-408-409-410-413-414-439-440 0.4002672327470578 1.0 15 0.44929191457124323 1.0 [-1,-1] 1.0 1.0 1.0 0.00024055914515870672 0.3007331513712552 24.33574900367327 89.5994418485518 1601.0819842408187 1601.0819842408187 73.30039215447961 -1142.837303975745 1118.9340773307274
267.81166229607703 66.34119092831283 39633456291907421 9 406-407-408-409-410-413-414-439-440 0.8609079525504202 1.0 15 0.8386288517096676 1.0 [-1,-1] 1.0 1.0 1.0 0.0006576102792991648 0.1359368301360722 23.658809071687173 92.18833770392297 3035.3286500718586 3035.3286500718586 1418.1962155306176 2667.5391190231285 293.5550317793876
267.77779976029876 66.33993764038293 39633456291907177 9 406-407-408-409-410-413-414-439-440 0.6114176854518382 1.0 15 0.8508221237847502 1.0 [-1,-1] 1.0 1.0 1.0 0.0007056687116799521 0.12786279395313782 23.660062359617072 92.22220023970124 2308.4045440707546 2308.4045440707546 1009.1298776375073 2063.795763201608 226.13154785855994
269.59246495441545 66.51780227493842 39633458732993934 10 406-407-408-409-410-413-415-416-439-440 1.0887240766138289 1.0 15 0.5008696794030231 1.0 [-1,-1] 1.0 1.0 1.0 0.00012850791192818028 0.44600300211103894 23.48219772506158 90.40753504558455 3610.513113957225 3610.513113957225 2755.819586460313 -2314.8512441448447 -287.62313957655033
269.9644441965243 64.63627803398145 39633441213384609 9 406-407-408-409-410-413-415-416-440 0.7007107731024127 1.0 15 1.3871756682356204 1.0 [-1,-1] 1.0 1.0 1.0 0.0005639081233901963 0.1550231922816235 25.363721966018545 90.03555580347569 2581.311393048192 2581.311393048192 -283.40007826526636 518.5567654914138 2512.7578045809987
269.9506553298193 64.63035327282496 39633441213384477 9 406-407-408-409-410-413-415-416-440 0.7003882416909484 1.0 15 1.3926942013738117 1.0 [-1,-1] 1.0 1.0 1.0 0.0005639081233901963 0.1550231922816235 25.369646727175038 90.04934467018069 2580.352096922725 2580.352096922725 -297.7264445351632 527.3587997599859 2508.2800092162083
266.79339337379037 65.47308002043934 39633448842822359 9 406-407-408-409-410-413-415-439-440 0.739152538394215 1.0 15 1.324310067532531 1.0 [-1,-1] 1.0 1.0 1.0 0.0006073340474539246 0.1455520198534496 24.52691997956066 93.20660662620963 2694.310737984091 2694.310737984091 -775.1114284446651 1324.0462012526461 2214.8169864030037
270.1659865087622 65.52847754733847 39633448863796623 9 406-407-408-409-410-413-416-439-440 0.9122072660623256 1.0 15 0.5230642304537922 1.0 [-1,-1] 1.0 1.0 1.0 0.00042618922305278896 0.1953324009783564 24.47152245266153 89.83401349123778 3171.696690606581 3171.696690606581 573.0137774590072 -1861.4739970907397 2503.2438287553855
268.3833576883176 66.29805184522372 39633456296101403 9 406-407-408-409-410-413-416-439-440 0.535447905366109 1.0 15 0.6112017960417906 1.0 [-1,-1] 1.0 1.0 1.0 0.0006094867785671962 0.14511252611805409 23.701948154776275 91.61664231168243 2064.249601236411 2064.249601236411 1783.4806218756223 998.671921478545 288.0584677616249
268.3789897182326 66.29689973835791 39633456296101375 9 406-407-408-409-410-413-416-439-440 0.5324373290695779 1.0 15 0.6122636905966089 1.0 [-1,-1] 1.0 1.0 1.0 0.0006094867785671962 0.14511252611805409 23.703100261642092 91.62101028176738 2054.34008541756 2054.34008541756 1770.2721578623689 1001.4577537469848 289.01910163652514
270.9347015824876 65.95995921824927 39633453859209410 10 406-407-408-409-410-414-415-416-439-440 0.6045411975639895 1.0 15 0.4938442659299111 1.0 [-1,-1] 1.0 1.0 1.0 0.0006106036532175123 0.14488555312656437 24.040040781750733 89.0652984175124 2286.7660177338544 2286.7660177338544 -919.68770144661 -1810.1170146313127 1052.1167924771594
267.65565540689903 65.68463582433793 39633451355210322 10 406-407-408-409-410-414-415-416-439-440 0.44310585955052467 1.0 15 0.9124045178951558 1.0 [-1,-1] 1.0 1.0 1.0 0.0006285113834356281 0.1413409039925048 24.31536417566207 92.34434459310097 1751.9459116817409 1751.9459116817409 417.24678627913687 1207.7453055882295 1198.5703457151326
268.06809405870666 66.92348293834993 39633463510304764 10 406-407-408-409-410-414-415-416-439-440 0.6003411924783985 1.0 15 1.1208247361008026 1.0 [-1,-1] 1.0 1.0 1.0 0.0006106036532175123 0.14488555312656437 23.076517061650065 91.93190594129334 2273.505059978671 2273.505059978671 1363.4202428625752 1478.0529099739995 -1060.787487868597
271.2460287472343 65.54736606709874 39633448872184358 10 406-407-408-409-410-414-415-416-439-440 0.9347880559637839 1.0 15 0.7810412190432398 1.0 [-1,-1] 1.0 1.0 1.0 0.0003671239319408774 0.21984967794317842 24.452633932901264 88.75397125276572 3230.4122710884894 3230.4122710884894 -1430.7818624121587 -1442.2129625204514 2511.662492081584
268.06254156295904 66.92280411022524 39633463510304733 10 406-407-408-409-410-414-415-416-439-440 0.598888790489182 1.0 15 1.1215965626984812 1.0 [-1,-1] 1.0 1.0 1.0 0.0006106036532175123 0.14488555312656437 23.077195889774757 91.93745843704096 2268.9113989736675 2268.9113989736675 1352.938197524642 1483.129367057267 -1057.2816326049215
266.52873020379616 65.88687488354373 39633453825658364 8 406-407-408-409-410-414-415-439 0.6766278542278916 1.0 15 1.3110799140541536 1.0 [-1,-1] 1.0 1.0 1.0 0.0008053318504768218 0.11384060807160488 24.113125116456274 93.47126979620384 2509.1618658253137 2509.1618658253137 -1524.8669227324806 1497.9979285861884 1314.030571493614
266.5549936538235 65.88487336613456 39633453825658632 8 406-407-408-409-410-414-415-439 0.6760232720758096 1.0 15 1.3006939951778835 1.0 [-1,-1] 1.0 1.0 1.0 0.0008053318504768218 0.11384060807160488 24.115126633865444 93.44500634617651 2507.3369662011964 2507.3369662011964 -1482.0941646705792 1534.5132903030553 1317.3475285632594
266.53432210758274 65.88576422228533 39633453825658429 8 406-407-408-409-410-414-415-439 0.673931397520768 1.0 15 1.3089553655203692 1.0 [-1,-1] 1.0 1.0 1.0 0.0008053318504768218 0.11384060807160488 24.11423577771467 93.46567789241726 2501.017566450734 2501.017566450734 -1510.511331510914 1500.5853714886855 1312.1310635551781
268.03077150585915 66.92797950433243 39633463510304533 9 406-407-408-409-410-414-416-439-440 1.0244569081588106 1.0 15 1.1332655646455079 1.0 [-1,-1] 1.0 1.0 1.0 0.00020130102782971312 0.3394727840281335 23.072020495667573 91.96922849414085 3455.9810386872628 3455.9810386872628 1982.5363086665338 2317.042592706222 -1626.2436312465593
272.09693986315386 65.79787198656572 39633451384571890 8 406-407-408-409-410-414-416-440 0.8457370245823613 1.0 15 0.9912972287015549 1.0 [-1,-1] 1.0 1.0 1.0 0.0006366829495309179 0.1397804201853648 24.202128013434276 87.90306013684614 2994.190431221797 2994.190431221797 -2396.7552073439374 147.66875454690438 1788.556611746035
268.3737787686724 67.01860548172762 39633463510306783 8 406-407-408-409-410-414-416-440 0.44936700209355807 1.0 15 1.1353763360922384 1.0 [-1,-1] 1.0 1.0 1.0 0.0006285113834356281 0.1413409039925048 22.98139451827238 91.62622123132758 1773.67417938556 1773.67417938556 1287.0174036183664 736.9556189303861 -972.8323150108707
271.16312558416877 65.52582195968459 39633448872183770 9 406-407-408-409-410-415-416-439-440 0.5668797098770066 1.0 15 0.7681223069577207 1.0 [-1,-1] 1.0 1.0 1.0 0.0006724560872077301 0.13333590500666823 24.474178040315408 88.83687441583123 2166.6355883158258 2166.6355883158258 -852.6883874761103 -1015.4012818087198 1713.532177498066
271.7144349392807 66.44637942012535 39633458749768720 8 406-407-408-409-410-415-416-440 0.6985042096006251 1.0 15 0.9062611524118236 1.0 [-1,-1] 1.0 1.0 1.0 0.0005639081233901963 0.1550231922816235 23.553620579874647 88.2855650607193 2574.7447103057825 2574.7447103057825 -2443.166822365661 -812.2726379008734 -21.432756631923404
268.82988949533325 66.51845484629764 39633458728798780 9 406-407-408-409-411-412-413-414-415 0.4598452938675095 1.0 15 0.6161648595807904 1.0 [-1,-1] 1.0 1.0 1.0 0.0005330850268982689 0.1625298359500762 23.481545153702356 91.17011050466675 1809.8554173812333 1809.8554173812333 1800.3244726439364 115.24014076760103 -145.3552027943753
270.5442579549064 67.24881001353243 39633465880088050 9 406-407-408-409-411-412-413-414-415 0.971858720416751 1.0 15 1.2705075456657005 1.0 [-1,-1] 1.0 1.0 1.0 0.00030269805442075816 0.25472307248715254 22.751189986467566 89.45574204509359 3325.1151031397926 3325.1151031397926 -182.26953047167683 -2283.5803134569715 -2410.0683018084255
271.45002661584175 65.02261453555376 39633443797076037 9 406-407-408-409-411-412-413-414-415 0.8115581628466576 1.0 15 1.225761338992491 1.0 [-1,-1] 1.0 1.0 1.0 0.000762533893525711 0.11946670068019369 24.977385464446243 88.54997338415825 2900.1219366674386 2900.1219366674386 -374.02639559971254 -247.9360180748125 2865.1944495750354
267.48626672375417 67.16810712713028 39633465863307678 10 406-407-408-409-411-412-413-414-415-416 0.5985762444395042 1.0 15 1.4532864902887188 1.0 [-1,-1] 1.0 1.0 1.0 0.0006106036532175123 0.14488555312656437 22.831892872869716 92.51373327624583 2267.9223463837147 2267.9223463837147 274.6555246658284 1667.4503072895138 -1512.4964742825878
270.7317315311114 65.44081953076308 39633448867990742 11 406-407-408-409-411-412-413-414-415-416-439 0.7738522346469815 0.9473684210526315 15 0.7106021315548652 1.0 [-1,-1] 1.0 1.0 1.0 0.0007064174578981374 0.12774458208408304 24.55918046923692 89.2682684688886 2794.070022878655 2794.070022878655 -400.19440278548814 -1462.3657301717938 2346.9465703222586
271.1137733934885 65.82402739238486 39633451376185057 11 406-407-408-409-411-412-413-414-415-416-439 1.0435692325320807 0.9473684210526315 15 0.5975832400665455 1.0 [-1,-1] 1.0 1.0 1.0 0.00017557006270178804 0.37077784677498654 24.175972607615137 88.88622660651151 3502.542494479708 3502.542494479708 -1730.5898900633838 -2280.4341888102203 2018.0392633821602
266.67508613513854 65.40942459887212 39633448838631668 11 406-407-408-409-411-412-413-414-415-416-439 0.5290428782253934 0.9473684210526315 15 1.3967328726829527 1.0 [-1,-1] 1.0 1.0 1.0 0.0006888416087567301 0.1305783864573065 24.59057540112788 93.32491386486146 2043.1453107403215 2043.1453107403215 -636.2781054807557 840.5878940652559 1750.144258521829
271.09222778597183 65.81769918320055 39633451376184889 11 406-407-408-409-411-412-413-414-415-416-439 0.670655411082785 0.9473684210526315 15 0.5914856821637584 1.0 [-1,-1] 1.0 1.0 1.0 0.0008053318504768218 0.11384060807160488 24.182300816799454 88.90777221402817 2491.104864251706 2491.104864251706 -1190.2578354671161 -1640.663677165615 1448.1410249823912
270.71094383971916 65.45346661438069 39633448867990570 11 406-407-408-409-411-412-413-414-415-416-439 0.9295234423724792 0.9473684210526315 15 0.6952876239107675 1.0 [-1,-1] 1.0 1.0 1.0 0.00042618922305278896 0.1953324009783564 24.546533385619313 89.28905616028084 3216.793394210699 3216.793394210699 -433.94439097577623 -1725.8296679216753 2679.732069424033
268.0039140191107 66.2495807079376 39633456291908688 11 406-407-408-409-411-412-413-414-415-416-439 0.7848361885157107 0.9473684210526315 15 0.7350916476397491 1.0 [-1,-1] 1.0 1.0 1.0 0.0007064174578981374 0.12774458208408304 23.750419292062404 91.99608598088929 2825.2135592798313 2825.2135592798313 1746.9509614670258 2156.3395042903594 529.3334827921393
270.79940243951813 65.10296539793427 39633443792881208 11 406-407-408-409-411-412-413-414-415-416-439 1.0276934006241942 0.9473684210526315 15 1.0181486715699084 1.0 [-1,-1] 1.0 1.0 1.0 0.00020130102782971312 0.3394727840281335 24.89703460206573 89.20059756048187 3463.9023936700796 3463.9023936700796 -265.79169847251484 -764.0126776021457 3368.1239873792656
273.151360635333 65.68656353978703 39633451392959365 11 406-407-408-409-411-412-413-414-415-416-439 0.8425447388846763 0.9473684210526315 15 1.4385633710639114 1.0 [-1,-1] 1.0 1.0 1.0 0.0006366829495309179 0.1397804201853648 24.31343646021297 86.84863936466701 2985.4862131028576 2985.4862131028576 -958.3363520470912 1959.6269375737656 2038.2790855296487
268.35367772760503 64.9897964776618 39633443776103300 11 406-407-408-409-411-412-413-414-415-416-439 0.7225712784142105 0.9473684210526315 15 1.1776272303466755 1.0 [-1,-1] 1.0 1.0 1.0 0.0005823912580269674 0.15084542533972659 25.0102035223382 91.64632227239497 2645.89383939733 2645.89383939733 277.3699022608172 166.3147596311144 2626.053987908362
266.7698241561752 65.89499553825758 39633453829850030 11 406-407-408-409-411-412-413-414-415-416-439 0.7724101350177421 0.9473684210526315 15 1.212363670384342 1.0 [-1,-1] 1.0 1.0 1.0 0.0007064174578981374 0.12774458208408304 24.105004461742425 93.23017584382478 2789.9657396749676 2789.9657396749676 -1254.973896301845 2032.3250500743254 1441.736535918212
269.69240764962325 66.48471330882683 39633458737184822 11 406-407-408-409-411-412-413-414-415-416-439 1.0916237902522625 0.9473684210526315 15 0.4649598061191117 1.0 [-1,-1] 1.0 1.0 1.0 5.9370222311395755e-05 0.6353792046182113 23.515286691173173 90.30759235037675 3617.3506073347953 3617.3506073347953 2521.130123665452 -2588.5638092363765 -168.71787529391764
270.0313776680013 64.85527848810675 39633441213385123 11 406-407-408-409-411-412-413-414-415-416-439 0.6205998031403289 0.9473684210526315 15 1.1714360281550624 1.0 [-1,-1] 1.0 1.0 1.0 0.0007056687116799521 0.12786279395313782 25.144721511893252 89.96862233199869 2337.157390250893 2337.157390250893 -11.754209569613712 25.412403710798728 2336.9896694464437
268.9566754947102 65.71494501433637 39633451363599501 11 406-407-408-409-411-412-413-414-415-416-439 0.5329208937002674 0.9473684210526315 15 0.4393388944055686 1.0 [-1,-1] 1.0 1.0 1.0 0.0006094867785671962 0.14511252611805409 24.285054985663635 91.04332450528977 2055.932990535381 2055.932990535381 1538.393906440363 -96.83479543180208 1360.451275346749
