data_rosette/LRG_2_clustering_data.ecsv
# %ECSV 1.0
# ---
# datatype:
# - {name: RA, unit: deg, datatype: float64}
# - {name: DEC, unit: deg, datatype: float64}
# - {name: TARGETID, datatype: int64}
# - {name: NTILE, datatype: int64}
# - {name: TILES, datatype: string}
# - {name: Z, datatype: float64}
# - {name: COMP_TILE, datatype: float64}
# - {name: ROSETTE_NUMBER, datatype: int32}
# - {name: ROSETTE_R, unit: deg, datatype: float64}
# - {name: FRACZ_TILELOCID, datatype: float64}
# - {name: BITWEIGHTS, datatype: string, subtype: 'int64[2]'}
# - {name: PROB_OBS, datatype: float64}
# - {name: WEIGHT_ZFAIL, datatype: float64}
# - {name: WEIGHT, datatype: float64}
# - {name: NZ, unit: h3 / Mpc3, datatype: float64}
# - {name: WEIGHT_FKP, datatype: float64}
# - {name: theta, unit: deg, datatype: float64}
# - {name: phi, unit: deg, datatype: float64}
# - {name: rho, unit: Mpc, datatype: float64}
# - {name: r, unit: Mpc, datatype: float64}
# - {name: x, unit: Mpc, datatype: float64}
# - {name: y, unit: Mpc, datatype: float64}
# - {name: z, unit: Mpc, datatype: float64}
# meta: !!omap
# - {EXTNAME: LSS}
# - {DESIDR: edr}
# - comments: ['Visit https://desidatamodel.readthedocs.io/en/latest/ for a more complet', e description]
# schema: astropy-2.0
RA DEC TARGETID NTILE TILES Z COMP_TILE ROSETTE_NUMBER ROSETTE_R FRACZ_TILELOCID BITWEIGHTS PROB_OBS WEIGHT_ZFAIL WEIGHT NZ WEIGHT_FKP theta phi rho r x y z
[from data line 4856]
181.48955925329685 -0.3426888028149359 39627781729948624 3 56-58-62 0.7350199483465538 1.0 2 1.646488410703702 1.0 [-1,-1] 1.0 1.0 1.0 0.0007126833197713517 0.12705585074725267 90.34268880281493 -181.48955925329685 2682.2892530215486 2682.2892530215486 1390.9086883403918 1226.8650007824472 -1937.7437723881853
181.55103792517667 -0.5988210534035687 39627775694341363 3 56-58-62 0.4912878832998966 1.0 2 1.660657339441949 1.0 [-1,-1] 1.0 1.0 1.0 0.0005337442823398631 0.16272042362546515 90.59882105340357 -181.55103792517667 1917.0678675771055 1917.0678675771055 735.0813780825226 572.0754899600522 -1675.5698165937154
182.70011622415905 1.0581693014376286 39627811949908918 7 56-58-62-63-64-65-448 0.6928350554226873 1.0 2 1.1311989760784726 1.0 [-1,-1] 1.0 1.0 1.0 0.0005843703162771602 0.15074849413407446 88.94183069856237 -182.70011622415905 2557.8329577249738 2557.8329577249738 1873.083142797395 -993.6549258489265 1430.6358265220697
184.06678752595585 -0.5352485780616869 39627775736284765 7 56-58-62-63-64-65-448 0.8483480854097549 1.0 2 1.105052926402098 1.0 [-1,-1] 1.0 1.0 1.0 0.0006232532477076302 0.14268566385842998 90.53524857806168 -184.06678752595585 3001.297448219779 3001.297448219779 -453.8753365539114 -1557.1682728773264 -2525.274345789557
182.06907701881113 -1.2361538264117102 39627757583336955 4 56-58-62-64 0.9855422109232886 1.0 2 1.6095693719462758 1.0 [-1,-1] 1.0 1.0 1.0 0.0003578035202613049 0.22475091060875194 91.23615382641171 -182.06907701881113 3359.5506394579193 3359.5506394579193 -430.93948244073755 -62.178461913949796 -3331.2168197867036
181.9188657909316 0.9081746902178731 39627811937324232 4 56-58-62-64 1.0900638828854985 1.0 2 1.4898800113122364 1.0 [-1,-1] 1.0 1.0 1.0 4.689797466212482e-05 0.6886505109163528 89.09182530978212 -181.9188657909316 3613.6737862849413 3613.6737862849413 3124.384649324949 944.3056487767501 1550.8531969318954
181.4970277217621 -0.2747193915921843 39627781729948779 4 56-58-62-64 0.9286704725667639 1.0 2 1.6263367354343992 1.0 [-34359738373,-6755400653209641] 0.9296875 1.0 1.075 0.0004951280553168204 0.17321314004730964 90.27471939159219 -181.4970277217621 3214.58285767275 3214.58285767275 1793.0509483254532 1557.9238047381764 -2165.9604484345555
181.50086556713455 -0.2899343436186352 39627781734137905 4 56-58-62-64 0.5720654256317849 1.0 2 1.6251987661134433 1.0 [-1,-1] 1.0 1.0 1.0 0.0006621615122706149 0.13543705131792066 90.28993434361864 -181.50086556713455 2183.340493078623 2183.340493078623 1204.7967202990685 1038.721226637764 -1495.49282338818
181.60550295003495 -0.7419783321705478 39627769654544700 4 56-58-62-64 1.0339595520581546 1.0 2 1.6685108377453965 1.0 [-1,-1] 1.0 1.0 1.0 0.00017111768859933566 0.3774092623312036 90.74197833217055 -181.60550295003495 3479.1963454153974 3479.1963454153974 1018.0262619385909 706.7865902109828 -3250.9817679976504
181.63568525160613 -0.78013251602098 39627769654545383 4 56-58-62-64 0.40376779887478625 1.0 2 1.6591238381810216 1.0 [-1,-1] 1.0 1.0 1.0 0.0003379611466139912 0.2348475370676925 90.78013251602098 -181.63568525160613 1613.5546997867445 1613.5546997867445 433.2480562883163 281.8044451158318 -1528.5421635137334
181.67766932039456 -0.8736440959651688 39627769654546343 4 56-58-62-64 0.6968279009721757 1.0 2 1.6691679888414046 1.0 [-1,-1] 1.0 1.0 1.0 0.0005843703162771602 0.15074849413407446 90.87364409596518 -181.67766932039456 2569.750158060078 2569.750158060078 509.545251460841 301.78031256260704 -2500.5815632594586
181.53558380786745 -0.5475771140130349 39627775694340983 4 56-58-62-64 0.6744342886984146 1.0 2 1.657457149196094 1.0 [-1,-1] 1.0 1.0 1.0 0.0007209928471550773 0.12577569469930108 90.54757711401304 -181.53558380786745 2502.5374988314 2502.5374988314 1034.0166611019015 830.6939760305187 -2122.1335951837727
181.68292745401266 -0.8698925186083124 39627769654546463 4 56-58-62-64 0.5635789134228403 1.0 2 1.662724659084783 1.0 [-1,-1] 1.0 1.0 1.0 0.000677088223595666 0.13284793461577618 90.86989251860831 -181.68292745401266 2155.9751776202024 2155.9751776202024 435.6148611471713 254.91034971582218 -2096.0652119793294
182.4819645473975 -1.4270773848773974 39627751547736885 6 56-58-62-64-65-448 0.9562287680611538 1.0 2 1.555133014336419 1.0 [-1,-1] 1.0 1.0 1.0 0.00041974738576830407 0.19815580287489248 91.42707738487739 -182.4819645473975 3285.4392352470263 3285.4392352470263 -998.8359393440206 275.99581965115 -3117.733799141678
184.38506213694177 0.47227948637847694 39627799899671449 6 56-58-62-64-65-448 0.946878479221047 1.0 2 1.369085536742389 1.0 [-1,-1] 1.0 1.0 1.0 0.0004445766401596716 0.18918261239264766 89.52772051362152 -184.38506213694177 3261.5279749674105 3261.5279749674105 -1846.632329437436 -2688.2871812476087 25.016045076564776
182.15138802064345 -0.8677991821175868 39627769662934517 6 56-58-62-64-65-448 0.952712229966612 1.0 2 1.2856404224867 1.0 [-1,-1] 1.0 1.0 1.0 0.00041974738576830407 0.19815580287489248 90.8677991821176 -182.15138802064345 3276.462013478352 3276.462013478352 772.2532751654203 47.155026803393795 -3183.8034814055454
182.48280480242778 -1.4491761067122202 39627751547736901 5 56-58-62-65-448 0.6825199990760037 1.0 2 1.5751063663287332 1.0 [-1,-1] 1.0 1.0 1.0 0.0007209928471550773 0.12577569469930108 91.44917610671222 -182.48280480242778 2526.911868312075 2526.911868312075 -818.9240592402074 227.02383910869472 -2379.728377754552
181.54014379866217 -0.5018057587234124 39627775694341110 3 56-58-64 0.6304794762012156 0.7916666666666666 2 1.6385658891197525 1.0 [-1,-1] 1.0 1.0 1.0 0.000833303205902425 0.11070054926254569 90.5018057587234 -181.54014379866217 2367.9155171130215 2367.9155171130215 1052.8248488910976 837.9332747878574 -1948.4485009220446
182.59476255260267 1.441206216882475 39627824029501406 3 56-58-64 0.45284748633520955 0.7916666666666666 2 1.5271825034306645 1.0 [-2377900603268399169,-20971521] 0.953125 1.0 1.048780487804878 0.0005635091211985168 0.1554616369400361 88.55879378311752 -182.59476255260267 1785.7174219439016 1785.7174219439016 927.5218637966302 -373.0354529412744 1479.6399744742296
181.50314888731688 -0.5124042347833084 39627775694340208 3 56-58-64 0.674727682867351 0.7916666666666666 2 1.6770282022036633 1.0 [-1,-1] 1.0 1.0 1.0 0.0007209928471550773 0.12577569469930108 90.5124042347833 -181.50314888731688 2503.4240349745332 2503.4240349745332 1062.9192173221923 912.1781784520975 -2074.913397491848
181.60780411196396 0.6513983508289604 39627805893331548 3 56-58-64 0.6591413865375487 0.7916666666666666 2 1.6281500051477305 1.0 [-1,-1] 1.0 1.0 1.0 0.000700708733790897 0.12894715825466588 89.34860164917104 -181.60780411196396 2456.1076349719647 2456.1076349719647 1985.6046557394866 1371.7878441457806 456.11070621848444
181.51263028835675 -0.48147762555247503 39627775694340447 3 56-58-64 0.9021276542495829 0.7916666666666666 2 1.6587658032796557 1.0 [-1,-1] 1.0 1.0 1.0 0.0005275616701708153 0.16431404058018498 90.48147762555247 -181.51263028835675 3145.2312478851945 3145.2312478851945 1407.2499055881517 1184.6936230579176 -2551.2013494394164
181.49645512350614 -0.40546784234223543 39627775690151335 3 56-58-64 0.5099010389986612 0.7916666666666666 2 1.654000427718225 1.0 [-1,-1] 1.0 1.0 1.0 0.0005337442823398631 0.16272042362546515 90.40546784234223 -181.49645512350614 1979.5836045976614 1979.5836045976614 963.0100303712813 837.6963585879067 -1513.1515918125108
181.47806200206057 0.23469394803672747 39627793809544121 3 56-58-64 0.7262549364242712 0.7916666666666666 2 1.6388256174620002 1.0 [4253699225571827712,-4593353474426437319] 0.3046875 1.0 3.225 0.0006167714992318164 0.14396928707710532 89.76530605196328 -181.47806200206057 2656.6922149055217 2656.6922149055217 1920.1484475471336 1733.3427207015618 -605.4473360358003
182.58429931430567 1.4479827955129674 39627824029501177 3 56-58-64 0.7382158994967271 0.7916666666666666 2 1.5370571728002183 1.0 [-1,-1] 1.0 1.0 1.0 0.0007126833197713517 0.12705585074725267 88.55201720448703 -182.58429931430567 2691.5887482973 2691.5887482973 1389.7360175987942 -542.1080587601062 2240.402339754317
182.58062840910935 1.4368666383823847 39627824029501116 3 56-58-64 0.9210257692093187 0.7916666666666666 2 1.527833771887289 1.0 [-1,-1] 1.0 1.0 1.0 0.0004951280553168204 0.17321314004730964 88.56313336161762 -182.58062840910935 3194.720885988124 3194.720885988124 1679.3425064124967 -647.9851042812288 2639.349463438781
181.8612379743438 0.9515875859382108 39627811937323058 3 56-58-64 1.0332254907763492 0.7916666666666666 2 1.562020867178368 1.0 [-6005616237550773467,-2311437343782887633] 0.6796875 1.0 1.4659090909090908 0.00017111768859933566 0.3774092623312036 89.04841241406179 -181.8612379743438 3477.4075978137453 3477.4075978137453 2885.6459193458923 1057.0591987950936 1627.2790417558506
181.86867440572516 0.9574289278510646 39627811937323191 3 56-58-64 0.8590374661978069 0.7916666666666666 2 1.5597088647531867 0.25 [1682297830558428639,8819143345249843179] 0.5859375 1.0 1.6973684210526316 0.0006812235016579503 0.1321480675826358 89.04257107214893 -181.86867440572516 3030.2767813137402 3030.2767813137402 2513.5434231028044 899.6091852049334 1433.6597035003508
181.5164144941279 0.18806075928971658 39627793813733786 3 56-58-64 0.8537857249617756 0.7916666666666666 2 1.594710286391373 1.0 [-1,-1] 1.0 1.0 1.0 0.0006812235016579503 0.1321480675826358 89.81193924071029 -181.5164144941279 3016.062352702589 3016.062352702589 2226.695427351167 1860.1915859061987 -823.4967230821641
181.99772814976387 -1.1255497756666895 39627757579146126 3 56-58-64 1.001501969664991 0.7916666666666666 2 1.5753441618140815 1.0 [-1,-1] 1.0 1.0 1.0 0.0002622817504223413 0.28340640119267335 91.12554977566668 -181.99772814976387 3399.3655360910006 3399.3655360910006 -64.306816475251 -14.019150117846605 -3398.728312876457
181.53315984380225 -0.4891202888071771 39627775694340923 3 56-58-64 0.6738951964075313 0.7916666666666666 2 1.6413918154870228 1.0 [-1,-1] 1.0 1.0 1.0 0.0007209928471550773 0.12577569469930108 90.48912028880717 -181.53315984380225 2500.908134673652 2500.908134673652 1125.9703912159605 909.0660622501775 -2039.6889641920357
181.59747207285562 -0.46505007663543874 39627775694342399 3 56-58-64 0.7863504270206614 0.7916666666666666 2 1.5728357086451732 1.0 [-1,-1] 1.0 1.0 1.0 0.0007324854237337303 0.12404708914385561 90.46505007663544 -181.59747207285562 2829.4907664433836 2829.4907664433836 1382.3526356870893 976.2731749172287 -2267.6000255632293
181.4324144079131 0.1557616698407973 39627793809543033 3 56-58-64 0.8613687882188301 0.7916666666666666 2 1.674842247407217 1.0 [-1,-1] 1.0 1.0 1.0 0.0006812235016579503 0.1321480675826358 89.8442383301592 -181.4324144079131 3036.572419212154 3036.572419212154 2056.680858600527 2034.4304630249396 -922.9997801203874
181.86860296550395 0.9069770316976656 39627811937323190 3 56-58-64 1.02689984195503 0.7916666666666666 2 1.529319891846829 1.0 [-1,-1] 1.0 1.0 1.0 0.00020304675497218746 0.33812883710054276 89.09302296830234 -181.86860296550395 3461.961536276395 3461.961536276395 2945.655495513811 1054.5015584805114 1481.9979229299456
182.9108847573602 -1.4956590100967881 39627751556124444 5 56-58-64-65-448 0.5871053619008472 1.0 2 1.5075650319133387 1.0 [-1,-1] 1.0 1.0 1.0 0.0006621615122706149 0.13543705131792066 91.49565901009679 -182.9108847573602 2231.492254045491 2231.492254045491 -648.8611877012663 544.8785473859415 -2064.3750162115684
182.91768590279494 -1.5056360570812781 39627751556124601 5 56-58-64-65-448 0.7971050532273262 1.0 2 1.516631370880461 1.0 [-1,-1] 1.0 1.0 1.0 0.0007229154976227362 0.12548315978664992 91.50563605708128 -182.91768590279494 2859.7564777042003 2859.7564777042003 -846.8321412843218 721.0012395366971 -2634.623246091458
181.90253977829883 -1.0132607040444606 39627763618942316 4 56-58-65-448 0.6677291997710927 1.0 2 1.5685849496571005 1.0 [-1,-1] 1.0 1.0 1.0 0.000700708733790897 0.12894715825466588 91.01326070404446 -181.90253977829883 2482.233799949525 2482.233799949525 219.36535345517427 70.22863878049111 -2471.524108239769
183.76790446601106 -1.419819232024288 39627751572898232 2 56-59 0.7605444283201331 1.0 2 1.569041653585794 1.0 [-1,-1] 1.0 1.0 1.0 0.0006416626200019751 0.139161677870846 91.41981923202428 -183.76790446601106 2756.0589012525897 2756.0589012525897 -12.979789880178712 850.1885221339786 -2621.6162322239193
182.44907543489043 -1.5548655474506754 39627751547736083 3 56-59-448 0.4477971155731377 1.0 2 1.6855876253755941 1.0 [-44805098864657,-72620579030630401] 0.8984375 1.0 1.1120689655172413 0.0005288673958748294 0.16397488484989944 91.55486554745067 -182.44907543489043 1768.233798593931 1768.233798593931 -745.6292361964872 179.86329641644105 -1593.2159311346272
182.1740777518651 -1.3908464848836823 39627751543541319 3 56-59-448 0.9525516625507546 1.0 2 1.6708134381229591 1.0 [-1,-1] 1.0 1.0 1.0 0.00041974738576830407 0.19815580287489248 91.39084648488368 -182.1740777518651 3276.051661271979 3276.051661271979 -919.3413172878447 -35.224460516064745 -3144.2145707683017
182.48424339809333 -1.5486641754286226 39627751547736935 3 56-59-448 0.6596728489054196 1.0 2 1.6665607042302202 1.0 [-1,-1] 1.0 1.0 1.0 0.000700708733790897 0.12894715825466588 91.54866417542863 -182.48424339809333 2457.7284390426867 2457.7284390426867 -1013.6965726586317 282.59008278925603 -2221.033809686045
181.92438009571802 0.8246275962316211 39627805897527094 5 56-59-60-61-62 1.0242205465162135 1.0 2 1.4359656674938193 1.0 [-1,-1] 1.0 1.0 1.0 0.00020304675497218746 0.33812883710054276 89.17537240376838 -181.92438009571802 3455.4019529067914 3455.4019529067914 3100.692289865422 918.5157576150727 1217.308006518483
183.37481320468532 0.9816609272027292 39627811962489472 7 56-59-60-61-62-63-448 0.7413044849137626 1.0 2 1.0193983929389598 1.0 [-1,-1] 1.0 1.0 1.0 0.0007126833197713517 0.12705585074725267 89.01833907279727 -183.37481320468532 2700.5587031207187 2700.5587031207187 932.2139266393839 -2154.514917512115 1334.9381911528353
183.0741351948886 -1.4489800894394465 39627751560316689 7 56-59-60-61-62-63-448 0.9637320368753011 1.0 2 1.4492108697877064 1.0 [-1,-1] 1.0 1.0 1.0 0.00041974738576830407 0.19815580287489248 91.44898008943944 -183.0741351948886 3304.531670415034 3304.531670415034 -723.189037426697 843.0228928664875 -3112.272414012765
183.66264928722848 -0.7021159235746132 39627769688101344 9 56-59-60-61-62-63-64-65-448 0.8121709717239544 1.0 2 0.8997361524574612 1.0 [-1,-1] 1.0 1.0 1.0 0.0006627118749498285 0.13533979738261318 90.70211592357461 -183.66264928722848 2901.8256522301817 2901.8256522301817 137.1691875215358 -1132.6197219710473 -2668.1359214511594
182.61890444928508 -0.22640678401358483 39627781750918033 7 56-59-60-61-62-63-65 0.7390306299060352 1.0 2 0.5317064566733182 0.5 [-1,-1] 1.0 1.0 1.0 0.0007126833197713517 0.12705585074725267 90.22640678401359 -182.61890444928508 2693.956544302655 2693.956544302655 1906.7653406732625 -820.8863979488827 -1716.913894131208
182.63961479775153 -0.21892596615424859 39627781750918522 7 56-59-60-61-62-63-65 0.6654233009107868 1.0 2 0.509786309738815 1.0 [-1,-1] 1.0 1.0 1.0 0.000700708733790897 0.12894715825466588 90.21892596615425 -182.63961479775153 2475.2321219242317 2475.2321219242317 1746.650123901437 -795.2249854793047 -1563.2033215644312
183.3561474236196 0.9734693432826894 39627811962489105 8 56-59-60-61-62-63-65-448 0.4969318135440923 1.0 2 1.0066020819991963 1.0 [-1,-1] 1.0 1.0 1.0 0.0005337442823398631 0.16272042362546515 89.02653065671731 -183.3561474236196 1936.098347037482 1936.098347037482 700.2646378948772 -1538.9669360919809 943.2322173944693
