data_rosette/LRG_16_clustering_data.ecsv
# %ECSV 1.0
# ---
# datatype:
# - {name: RA, unit: deg, datatype: float64}
# - {name: DEC, unit: deg, datatype: float64}
# - {name: TARGETID, datatype: int64}
# - {name: NTILE, datatype: int64}
# - {name: TILES, datatype: string}
# - {name: Z, datatype: float64}
# - {name: COMP_TILE, datatype: float64}
# - {name: ROSETTE_NUMBER, datatype: int32}
# - {name: ROSETTE_R, unit: deg, datatype: float64}
# - {name: FRACZ_TILELOCID, datatype: float64}
# - {name: BITWEIGHTS, datatype: string, subtype: 'int64[2]'}
# - {name: PROB_OBS, datatype: float64}
# - {name: WEIGHT_ZFAIL, datatype: float64}
# - {name: WEIGHT, datatype: float64}
# - {name: NZ, unit: h3 / Mpc3, datatype: float64}
# - {name: WEIGHT_FKP, datatype: float64}
# - {name: theta, unit: deg, datatype: float64}
# - {name: phi, unit: deg, datatype: float64}
# - {name: rho, unit: Mpc, datatype: float64}
# - {name: r, unit: Mpc, datatype: float64}
# - {name: x, unit: Mpc, datatype: float64}
# - {name: y, unit: Mpc, datatype: float64}
# - {name: z, unit: Mpc, datatype: float64}
# meta: !!omap
# - {EXTNAME: LSS}
# - {DESIDR: edr}
# - comments: ['Visit https://desidatamodel.readthedocs.io/en/latest/ for a more complet', e description]
# schema: astropy-2.0
RA DEC TARGETID NTILE TILES Z COMP_TILE ROSETTE_NUMBER ROSETTE_R FRACZ_TILELOCID BITWEIGHTS PROB_OBS WEIGHT_ZFAIL WEIGHT NZ WEIGHT_FKP theta phi rho r x y z
[from data line 2455]
196.0633354769175 24.68929041927048 39628368177531148 8 481-482-484-485-487-488-489-491 0.7062149524822086 1.0 16 1.1932708030812857 1.0 [-1,-1] 1.0 1.0 1.0 0.0005843703162771602 0.15074849413407446 65.31070958072952 -196.0633354769175 2597.6533389933193 2597.6533389933193 451.2151154540312 -1533.2594831250863 -2047.7605198303681
193.12807401332014 24.224738090372828 39628357121348508 7 481-482-484-485-487-488-490 0.6336784584881455 1.0 16 1.5509296177514318 1.0 [-1,-1] 1.0 1.0 1.0 0.000833303205902425 0.11070054926254569 65.77526190962718 -193.12807401332014 2377.8352239691853 2377.8352239691853 -37.35491870353928 466.67701279653556 -2331.2909574149126
195.0980027593364 24.961412607985725 39628373651099610 7 481-482-484-485-487-488-490 0.6681133709842728 1.0 16 0.40998207635690076 1.0 [-1,-1] 1.0 1.0 1.0 0.000700708733790897 0.12894715825466588 65.03858739201428 -195.0980027593364 2483.3993500399283 2483.3993500399283 1896.9733796591008 -627.0756316087252 -1474.9713491746159
193.11676686458387 24.33294182852089 39628357121348300 7 481-482-484-485-487-488-490 0.797890865493723 1.0 16 1.5306346861086046 1.0 [-1,-1] 1.0 1.0 1.0 0.0007229154976227362 0.12548315978664992 65.66705817147911 -193.11676686458387 2861.960209261056 2861.960209261056 -78.59999430555094 859.6282237579499 -2728.6768949817983
193.5731080821048 23.647296187272847 39628346073550011 7 481-482-484-485-487-488-490 1.0238712412460258 1.0 16 1.5036401235059311 1.0 [-1,-1] 1.0 1.0 1.0 0.00020304675497218746 0.33812883710054276 66.35270381272716 -193.5731080821048 3454.546008726674 3454.546008726674 -456.722499414298 -1194.6538455899765 -3209.0644858206306
193.4966988342137 25.52843958004468 39628384568873300 7 481-482-484-485-487-488-490 0.9391856575299846 1.0 16 1.4050190667441689 1.0 [-1,-1] 1.0 1.0 1.0 0.0004445766401596716 0.18918261239264766 64.47156041995532 -193.4966988342137 3241.7557029023465 3241.7557029023465 920.9146048797915 3100.1727330846097 -223.21593325228395
193.07510545156302 24.31589863637029 39628357121347543 7 481-482-484-485-487-488-490 0.6897692918115068 1.0 16 1.5716377772677061 1.0 [-1,-1] 1.0 1.0 1.0 0.0007209928471550773 0.12577569469930108 65.68410136362971 -193.07510545156302 2548.6630894399736 2548.6630894399736 -96.31863612339234 720.7874575402878 -2442.7180977062517
193.0737822968325 24.308113797484804 39628357121347520 7 481-482-484-485-487-488-490 0.7349081950761531 1.0 16 1.5747700446314519 1.0 [-1,-1] 1.0 1.0 1.0 0.0007126833197713517 0.12705585074725267 65.69188620251519 -193.0737822968325 2681.963749575498 2681.963749575498 -99.68002912066049 738.4977444484692 -2576.3568322878123
193.48984796699716 25.528334029062997 39628384568873153 7 481-482-484-485-487-488-490 0.5193516285624157 1.0 16 1.4099722480271548 1.0 [-1,-1] 1.0 1.0 1.0 0.0006865842838717192 0.13125169390769817 64.47166597093701 -193.48984796699716 2011.0569457523072 2011.0569457523072 558.1058475201132 1927.0791548053285 -138.68609568819383
193.58864550893713 23.654105533603808 39628346073550270 7 481-482-484-485-487-488-490 0.9790075539670107 1.0 16 1.4887404173580217 1.0 [-1,-1] 1.0 1.0 1.0 0.0003578035202613049 0.22475091060875194 66.34589446639619 -193.58864550893713 3343.1403439160226 3343.1403439160226 -452.0347010361607 -1129.4613056535597 -3113.9314615465523
193.65593518405376 23.792561353816815 39628346077741456 7 481-482-484-485-487-488-490 0.567237835207092 1.0 16 1.3485266739491495 1.0 [-1,-1] 1.0 1.0 1.0 0.000677088223595666 0.13284793461577618 66.20743864618319 -193.65593518405376 2167.790921699883 2167.790921699883 -217.71587103654272 -453.03228007478117 -2108.7150193692537
193.63876432222136 23.786371765367146 39628346077741127 7 481-482-484-485-487-488-490 0.8312425971383977 1.0 16 1.364303822034137 0.5 [-1,-1] 1.0 1.0 1.0 0.0006232532477076302 0.14268566385842998 66.21362823463285 -193.63876432222136 2954.5346176693183 2954.5346176693183 -293.50825140891266 -638.6039816343897 -2869.723448000168
193.63180567639543 23.782142754320073 39628346073551000 7 481-482-484-485-487-488-490 0.8358114696720711 1.0 16 1.371860820303802 1.0 [-1,-1] 1.0 1.0 1.0 0.0006232532477076302 0.14268566385842998 66.21785724567992 -193.63180567639543 2967.0721071315966 2967.0721071315966 -295.293866766948 -654.4527398828708 -2878.890416884248
193.17284615105802 24.14891143126927 39628357125538582 8 481-482-484-485-487-488-490-491 0.942973798136456 1.0 16 1.5381077265857281 1.0 [-1,-1] 1.0 1.0 1.0 0.0004445766401596716 0.18918261239264766 65.85108856873073 -193.17284615105802 3251.503346589422 3251.503346589422 -13.927482086963021 396.6082735317879 -3227.1941242340945
193.16799635081327 24.166217988064354 39628357125538498 8 481-482-484-485-487-488-490-491 0.40000633719767414 1.0 16 1.5360397806195518 1.0 [-1,-1] 1.0 1.0 1.0 0.0003379611466139912 0.2348475370676925 65.83378201193565 -193.16799635081327 1600.1513609477602 1600.1513609477602 -8.897195705485894 222.57949434095326 -1584.5704738352513
193.16536593265343 24.183511039146218 39628357125538449 8 481-482-484-485-487-488-490-491 0.9707938808785073 1.0 16 1.5322780901541875 1.0 [-1,-1] 1.0 1.0 1.0 0.0003578035202613049 0.22475091060875194 65.81648896085377 -193.16536593265343 3322.4236773783505 3322.4236773783505 -22.107920617595216 518.8675987244876 -3281.5829635778114
193.19024893571475 24.135131188169517 39628357125538892 8 481-482-484-485-487-488-490-491 0.9284950054175721 1.0 16 1.5284361154955792 1.0 [-1,-1] 1.0 1.0 1.0 0.0004951280553168204 0.17321314004730964 65.86486881183049 -193.19024893571475 3214.1279821071807 3214.1279821071807 -6.16423866629326 348.2402628805324 -3195.2009963122728
193.7311204027174 25.37993241045183 39628384573067849 8 481-482-484-485-487-488-490-491 0.7716666029073679 1.0 16 1.146487776891408 1.0 [-1,-1] 1.0 1.0 1.0 0.0007324854237337303 0.12404708914385561 64.62006758954817 -193.7311204027174 2787.848211397666 2787.848211397666 1360.10205665362 2358.0882892499935 -601.3648355048689
195.20488605618397 25.71024422390511 39628390050828940 8 481-482-484-485-487-488-490-491 0.8399303201315637 1.0 16 1.0908623382448264 1.0 [-1,-1] 1.0 1.0 1.0 0.0006232532477076302 0.14268566385842998 64.28975577609489 -195.20488605618397 2978.3451732523076 2978.3451732523076 2694.720472199133 -1223.2932026686278 335.5224106537928
194.3641582709483 23.4504208948894 39628340545458201 8 481-482-484-485-487-488-490-491 0.4551053252003459 1.0 16 1.2982833048568807 1.0 [-1,-1] 1.0 1.0 1.0 0.0005635091211985168 0.1554616369400361 66.5495791051106 -194.3641582709483 1793.516611094553 1793.516611094553 -894.3065673729934 -393.57962316776883 -1503.99889562883
195.22630850269357 25.693938527783214 39628390050829357 8 481-482-484-485-487-488-490-491 0.6393169908818517 1.0 16 1.0833541043990544 1.0 [-1,-1] 1.0 1.0 1.0 0.000833303205902425 0.11070054926254569 64.30606147221678 -195.22630850269357 2395.27272948052 2395.27272948052 2149.283284916303 -1031.772349397725 230.99486745541338
195.26629686275157 23.638008047638216 39628346098717372 8 481-482-484-485-487-488-490-491 0.9091626499282438 1.0 16 1.1617634758950501 1.0 [-1,-1] 1.0 1.0 1.0 0.0005275616701708153 0.16431404058018498 66.36199195236179 -195.26629686275157 3163.7193822089685 3163.7193822089685 -1058.9012606126028 561.4805017624254 -2927.898238630973
195.87715426578353 25.380462845757787 39628384606619708 8 481-482-484-485-487-488-490-491 0.4281382130279659 1.0 16 1.2271435586490738 1.0 [-1,-1] 1.0 1.0 1.0 0.0006262316776515472 0.14210347001521706 64.61953715424221 -195.87715426578353 1699.6720946596645 1699.6720946596645 755.2539068176476 -1478.0731557997478 -365.7547152199488
194.0733667053306 23.955008269069868 39628351614225060 8 481-482-484-485-487-488-490-491 0.8994240163061158 1.0 16 0.9670262359505245 1.0 [-1,-1] 1.0 1.0 1.0 0.0005275616701708153 0.16431404058018498 66.04499173093014 -194.0733667053306 3138.105355024868 3138.105355024868 -170.79540797002952 -145.43628808729952 -3130.0770651789853
193.18249363727878 24.14558541117044 39628357125538762 8 481-482-484-485-487-488-490-491 0.9915217019755738 1.0 16 1.5311288591517451 1.0 [-1,-1] 1.0 1.0 1.0 0.0002622817504223413 0.28340640119267335 65.85441458882956 -193.18249363727878 3374.511517233608 3374.511517233608 -10.199153665562598 400.5942895585773 -3350.633995586482
193.59694809187488 25.482348275937596 39628384573064509 8 481-482-484-485-487-488-490-491 0.4111176169486043 1.0 16 1.3047903683155504 1.0 [-1,-1] 1.0 1.0 1.0 0.0006262316776515472 0.14210347001521706 64.5176517240624 -193.59694809187488 1639.658304693656 1639.658304693656 617.7543891588285 1507.1359490104703 -188.1491483535999
195.5856720006709 25.666349175110305 39628390059214443 8 481-482-484-485-487-488-490-491 1.0431762147684522 1.0 16 1.2270737349474332 1.0 [-1,-1] 1.0 1.0 1.0 0.00017111768859933566 0.3774092623312036 64.3336508248897 -195.5856720006709 3501.5902455738415 3501.5902455738415 2416.3586404301645 -2522.7098321019107 241.41307282894556
193.89571654736065 25.607759646023446 39628384577258887 8 481-482-484-485-487-488-490-491 0.7549814691743159 1.0 16 1.1924568424597075 1.0 [-1,-1] 1.0 1.0 1.0 0.0006416626200019751 0.139161677870846 64.39224035397655 -193.89571654736065 2740.078311716702 2740.078311716702 1739.3470708807888 2117.046874592093 28.521082351887966
193.16881849611417 24.099486120588104 39628351601640463 7 481-482-484-485-487-488-491 0.9881682399572816 1.0 16 1.5601429236343731 1.0 [-1,-1] 1.0 1.0 1.0 0.0003578035202613049 0.22475091060875194 65.9005138794119 -193.16881849611417 3366.1275346598486 3366.1275346598486 -9.595296072426109 245.092562175916 -3357.1791947786337
193.22683591133824 24.093876920065945 39628351601641495 7 481-482-484-485-487-488-491 0.5061960605784099 1.0 16 1.513781290791275 1.0 [-1,-1] 1.0 1.0 1.0 0.0005337442823398631 0.16272042362546515 65.90612307993405 -193.22683591133824 1967.195725036421 1967.195725036421 2.499391253088866 132.31319698330367 -1962.7394099953747
194.49495437820423 23.305225337211397 39628334996391927 7 481-482-484-485-487-488-491 0.46752985350047205 1.0 16 1.41409932244847 1.0 [-1,-1] 1.0 1.0 1.0 0.0005635091211985168 0.1554616369400361 66.6947746627886 -194.49495437820423 1836.2456907436385 1836.2456907436385 -1164.1221054216917 -339.53060587949625 -1378.8897447273484
194.49445651731372 23.30573767875584 39628334996391921 7 481-482-484-485-487-488-491 0.4558806628829486 1.0 16 1.4136689369825746 1.0 [-1,-1] 1.0 1.0 1.0 0.0005635091211985168 0.1554616369400361 66.69426232124417 -194.49445651731372 1796.192402527593 1796.192402527593 -1137.9006211456433 -332.49758311232364 -1349.4201275061334
195.42459102391183 23.59020995741811 39628340562234319 7 481-482-484-485-487-489-490 0.611040469590178 1.0 16 1.2690720905114434 1.0 [-1,-1] 1.0 1.0 1.0 0.0007214233604467519 0.12571007283523317 66.40979004258189 -195.42459102391183 2307.2198905170476 2307.2198905170476 -778.70435137115 586.8869964480933 -2091.0396480586564
195.2655704522932 23.60689794907064 39628340562231600 8 481-482-484-485-487-489-490-491 1.01239195521315 1.0 16 1.1900289833931017 1.0 [-1,-1] 1.0 1.0 1.0 0.00020304675497218746 0.33812883710054276 66.39310205092936 -195.2655704522932 3426.319328596908 3426.319328596908 -1233.8531410937633 653.1005799407237 -3129.01425375643
194.31869160519426 25.617652780078117 39628384581455728 8 481-482-484-485-487-489-490-491 0.9076872875251597 1.0 16 0.9972394412183654 1.0 [-1,-1] 1.0 1.0 1.0 0.0005275616701708153 0.16431404058018498 64.38234721992188 -194.31869160519426 3159.8485208537827 3159.8485208537827 2830.7324383199484 1402.6694721706544 64.14740232881245
193.8131881084058 23.601537246449052 39628340537069395 8 481-482-484-485-487-489-490-491 0.8554812929851333 1.0 16 1.3918656036206534 1.0 [-1,-1] 1.0 1.0 1.0 0.0006812235016579503 0.1321480675826358 66.39846275355094 -193.8131881084058 3020.6564988913306 3020.6564988913306 -708.6538872987903 -1024.2780164536161 -2751.913860810434
194.3690827370994 26.001086982398615 39628395482451501 8 481-482-484-485-487-489-490-491 0.7130806669947966 1.0 16 1.3458520670971579 1.0 [-1,-1] 1.0 1.0 1.0 0.0006167714992318164 0.14396928707710532 63.99891301760138 -194.3690827370994 2617.961160152293 2617.961160152293 2208.2707282574142 958.8955411278872 1028.4845006087673
193.18487883982593 25.246641243630414 39628379099500002 6 481-482-484-485-487-490 0.8255602365422259 1.0 16 1.5204382008228599 1.0 [-1,-1] 1.0 1.0 1.0 0.0006627118749498285 0.13533979738261318 64.75335875636958 -193.18487883982593 2938.893385506559 2938.893385506559 -63.66579132475654 2759.266312543168 -1009.6981800783956
193.19016510803985 25.23856131015218 39628379099500066 6 481-482-484-485-487-490 0.5721537715852758 1.0 16 1.5131165500348682 1.0 [-1,-1] 1.0 1.0 1.0 0.0006621615122706149 0.13543705131792066 64.76143868984782 -193.19016510803985 2183.624628657145 2183.624628657145 -36.356978967282735 2044.2538970066182 -766.7598669281549
193.19667841476172 24.707222202924875 39628368135585929 6 481-482-484-485-487-490 0.5005943700608717 1.0 16 1.4111753820744433 1.0 [-1,-1] 1.0 1.0 1.0 0.0005337442823398631 0.16272042362546515 65.29277779707513 -193.19667841476172 1948.4132870813316 1948.4132870813316 -13.818266039048247 1226.0824776628272 -1514.2143675077634
193.21153234405747 24.64221336581351 39628368135586224 7 481-482-484-485-487-490-491 0.8162727430493698 1.0 16 1.3992208238981443 1.0 [-1,-1] 1.0 1.0 1.0 0.0006627118749498285 0.13533979738261318 65.35778663418648 -193.21153234405747 2913.2130870177566 2913.2130870177566 6.029854286770988 1682.3602113756303 -2378.326775363081
195.8919843290085 25.380433259315414 39628384606620024 7 481-482-484-485-487-490-491 0.6500268194916201 1.0 16 1.2383309110516134 1.0 [-1,-1] 1.0 1.0 1.0 0.000700708733790897 0.12894715825466588 64.61956674068459 -195.8919843290085 2428.2290747500647 2428.2290747500647 1047.5500510246882 -2127.397555901822 -522.6040271588826
195.26329855727886 23.623552324047022 39628340562231554 7 481-482-484-485-487-490-491 0.7865593123358251 1.0 16 1.1739089362714106 1.0 [-1,-1] 1.0 1.0 1.0 0.0007324854237337303 0.12404708914385561 66.37644767595297 -195.26329855727886 2830.080488723896 2830.080488723896 -982.1361599541904 517.0092236562714 -2603.3566022772334
193.99181688293802 24.99487977116915 39628373634322193 7 481-482-484-485-487-490-491 0.907050629430896 1.0 16 0.7485268194869599 1.0 [-1,-1] 1.0 1.0 1.0 0.0005275616701708153 0.16431404058018498 65.00512022883085 -193.99181688293802 3158.177089182706 3158.177089182706 1837.175872885909 1842.8043195122075 -1789.6758306217348
194.3219457749637 25.618993580023673 39628384581455787 7 481-482-484-485-487-490-491 0.7488423346520147 1.0 16 0.9973246275776514 1.0 [-1,-1] 1.0 1.0 1.0 0.0007126833197713517 0.12705585074725267 64.38100641997633 -194.3219457749637 2722.3798603191117 2722.3798603191117 2442.6795759864067 1200.4988631165502 58.91580930314012
193.9338708070399 23.955975042333904 39628351614222447 8 481-482-484-485-488-489-490-491 0.47742305643692545 1.0 16 1.0519445059920087 1.0 [-1,-1] 1.0 1.0 1.0 0.00048380039118235755 0.17655271186088778 66.0440249576661 -193.9338708070399 1870.041830793103 1870.041830793103 -87.5430570376222 -98.62880581434399 -1865.386024592273
193.611867897129 24.273276146984124 39628357129735210 8 481-482-484-485-488-489-490-491 0.9604320209509872 1.0 16 1.1202190466060116 1.0 [-1,-1] 1.0 1.0 1.0 0.00041974738576830407 0.19815580287489248 65.72672385301587 -193.611867897129 3296.145056359803 3296.145056359803 316.387867724407 740.2248912680121 -3196.331969628504
