data_rosette/LRG_7_clustering_data.ecsv
# %ECSV 1.0
# ---
# datatype:
# - {name: RA, unit: deg, datatype: float64}
# - {name: DEC, unit: deg, datatype: float64}
# - {name: TARGETID, datatype: int64}
# - {name: NTILE, datatype: int64}
# - {name: TILES, datatype: string}
# - {name: Z, datatype: float64}
# - {name: COMP_TILE, datatype: float64}
# - {name: ROSETTE_NUMBER, datatype: int32}
# - {name: ROSETTE_R, unit: deg, datatype: float64}
# - {name: FRACZ_TILELOCID, datatype: float64}
# - {name: BITWEIGHTS, datatype: string, subtype: 'int64[2]'}
# - {name: PROB_OBS, datatype: float64}
# - {name: WEIGHT_ZFAIL, datatype: float64}
# - {name: WEIGHT, datatype: float64}
# - {name: NZ, unit: h3 / Mpc3, datatype: float64}
# - {name: WEIGHT_FKP, datatype: float64}
# - {name: theta, unit: deg, datatype: float64}
# - {name: phi, unit: deg, datatype: float64}
# - {name: rho, unit: Mpc, datatype: float64}
# - {name: r, unit: Mpc, datatype: float64}
# - {name: x, unit: Mpc, datatype: float64}
# - {name: y, unit: Mpc, datatype: float64}
# - {name: z, unit: Mpc, datatype: float64}
# meta: !!omap
# - {EXTNAME: LSS}
# - {DESIDR: edr}
# - comments: ['Visit https://desidatamodel.readthedocs.io/en/latest/ for a more complet', e description]
# schema: astropy-2.0
RA DEC TARGETID NTILE TILES Z COMP_TILE ROSETTE_NUMBER ROSETTE_R FRACZ_TILELOCID BITWEIGHTS PROB_OBS WEIGHT_ZFAIL WEIGHT NZ WEIGHT_FKP theta phi rho r x y z
[from data line 4088]
216.71975137144884 33.917483959605846 39632961393397582 10 191-192-193-194-196-197-198-199-200-463 0.5297511098927846 1.0 7 1.015796109483241 1.0 [-1,-1] 1.0 1.0 1.0 0.0006888416087567301 0.1305783864573065 56.082516040394154 -216.71975137144884 2045.482934398108 2045.482934398108 918.1908078732316 46.078295176269805 1827.239137596567
217.70873848453186 33.0723228560418 39632941227182729 10 191-192-193-194-196-197-198-199-200-463 0.42118925048621797 1.0 7 1.3298442792030025 1.0 [-1,-1] 1.0 1.0 1.0 0.0005613841910631427 0.1556117057517016 56.9276771439582 -217.70873848453186 1675.2438882153938 1675.2438882153938 -366.1523858106961 500.1350255357189 1556.3545455970345
217.703517464779 33.08870872551329 39632941227182666 10 191-192-193-194-196-197-198-199-200-463 0.8263570494828316 1.0 7 1.313742978354348 1.0 [-1,-1] 1.0 1.0 1.0 0.000762533893525711 0.11946670068019369 56.91129127448671 -217.703517464779 2941.0899170885373 2941.0899170885373 -620.6777863776924 838.5755169782451 2749.8291016391936
216.99688188481323 33.586845401147315 39632951335455316 10 191-192-193-194-196-197-198-199-200-463 0.8405740473909482 1.0 7 1.050989497285596 1.0 [-1,-1] 1.0 1.0 1.0 0.0006366829495309179 0.1397804201853648 56.413154598852685 -216.99688188481323 2980.104496231381 2980.104496231381 392.2809863199044 -90.6048623432248 2952.7832963409523
218.31454538801768 35.407966049701216 39632991256838833 10 191-192-193-194-196-197-198-199-200-463 0.47624357986989024 1.0 7 1.0927282921123116 1.0 [-1,-1] 1.0 1.0 1.0 0.000668512811805897 0.13401699399284683 54.592033950298784 -218.31454538801768 1866.0231805322453 1866.0231805322453 45.19370301678735 -1728.2490330812473 -702.2501827305143
218.19624368762936 35.266773696311624 39632986315952123 10 191-192-193-194-196-197-198-199-200-463 0.887099479582562 1.0 7 0.9257833429955648 1.0 [-1,-1] 1.0 1.0 1.0 0.0005346154933450218 0.1621399955636538 54.733226303688376 -218.19624368762936 3105.475780054356 3105.475780054356 433.7038854160697 -2981.627165168973 -752.1836266535261
216.9759265942048 33.582258292119754 39632951335455069 10 191-192-193-194-196-197-198-199-200-463 0.835571201710548 1.0 7 1.065609366981519 1.0 [-1,-1] 1.0 1.0 1.0 0.0006366829495309179 0.1397804201853648 56.417741707880246 -216.9759265942048 2966.4136440578923 2966.4136440578923 379.08143347140924 -79.22772576804894 2941.025355538389
218.30778228623618 35.46776682946712 39632991256838744 10 191-192-193-194-196-197-198-199-200-463 1.0535348091969272 1.0 7 1.1460400951871619 1.0 [-1,-1] 1.0 1.0 1.0 0.00014839258087788972 0.41078905010633954 54.53223317053288 -218.30778228623618 3526.615530414896 3526.615530414896 104.69790798603913 -3180.468404761812 -1520.0908439099092
218.1640423358157 33.901890013074265 39632961414368520 10 191-192-193-194-196-197-198-199-200-463 0.5883299131655352 1.0 7 0.582128992270273 1.0 [-1,-1] 1.0 1.0 1.0 0.0005369919189708607 0.1615383650856205 56.098109986925735 -218.1640423358157 2235.393410919332 2235.393410919332 171.06274040134062 -958.293383549739 2012.3108684973952
216.27717271197065 34.17531796852757 39632966401394055 10 191-192-193-194-196-197-198-199-200-463 0.8724252418847723 1.0 7 1.2780802956569772 1.0 [-1,-1] 1.0 1.0 1.0 0.0005346154933450218 0.1621399955636538 55.82468203147243 -216.27717271197065 3066.310320849436 3066.310320849436 1789.455319001388 960.7363293149234 2297.19271080593
216.10112590964042 34.40492632302427 39632971396810270 10 191-192-193-194-196-197-198-199-200-463 0.4214564607214225 1.0 7 1.4017149430918172 1.0 [-1,-1] 1.0 1.0 1.0 0.0005613841910631427 0.1556117057517016 55.59507367697573 -216.10112590964042 1676.185104775829 1676.185104775829 1072.4753190236615 847.5231111466716 970.1019387825789
218.90081453147178 33.56986046985389 39632951364813293 10 191-192-193-194-196-197-198-199-200-463 1.0068256248032932 1.0 7 1.233796474050762 1.0 [-1,-1] 1.0 1.0 1.0 0.00023297360745577845 0.30751381291380364 56.43013953014611 -218.90081453147178 3412.5636317329145 3412.5636317329145 -214.39696512212498 -341.87341404335626 3388.6202281670485
216.15615905092312 34.09846886412884 39632961389199845 10 191-192-193-194-196-197-198-199-200-463 1.020062928839335 1.0 7 1.3918308267492996 1.0 [-1,-1] 1.0 1.0 1.0 0.00020130102782971312 0.3394727840281335 55.90153113587116 -216.15615905092312 3445.2026873463956 3445.2026873463956 1698.0587858493363 1196.2680047158306 2748.6288904819276
218.55304933885992 33.30286771076404 39632946306482803 10 191-192-193-194-196-197-198-199-200-463 1.0518400531026333 1.0 7 1.2628497857655354 1.0 [-1,-1] 1.0 1.0 1.0 0.00014839258087788972 0.41078905010633954 56.69713228923596 -218.55304933885992 3522.531497287706 3522.531497287706 109.82074384126588 509.34710198799456 3483.7814344907674
216.91877449584442 34.475958537957546 39632971409391815 10 191-192-193-194-196-197-198-199-200-463 0.9388238607846493 1.0 7 0.730737049524356 1.0 [-1,-1] 1.0 1.0 1.0 0.0003671239319408774 0.21984967794317842 55.524041462042454 -216.91877449584442 3240.823580677797 3240.823580677797 2738.713444045952 -410.7830752875518 1683.3429292739252
218.12836132697603 33.07009573558287 39632941235569284 10 191-192-193-194-196-197-198-199-200-463 0.787514605758283 1.0 7 1.3576467588644063 1.0 [-1,-1] 1.0 1.0 1.0 0.0007064174578981374 0.12774458208408304 56.92990426441713 -218.12836132697603 2832.7765111441786 2832.7765111441786 -222.11327203243124 1030.317412755153 2629.398122280222
219.45448729700092 34.26702358671981 39632966443339601 9 191-192-193-194-196-197-198-199-463 0.656427934236294 1.0 7 1.3726639515199415 1.0 [-1,-1] 1.0 1.0 1.0 0.0006371005092682059 0.1397016056866948 55.73297641328019 -219.45448729700092 2447.824220578137 2447.824220578137 -1599.5857599522178 -786.541872195034 1677.6533297111714
217.50700569294725 35.43786066458437 39632991244257122 9 191-192-193-194-196-197-198-199-463 0.6279327930443107 1.0 7 1.0653019379486848 1.0 [-1,-1] 1.0 1.0 1.0 0.0007056687116799521 0.12786279395313782 54.56213933541563 -217.50700569294725 2360.004691553419 2360.004691553419 1598.5368007422037 -1451.1656363219388 -953.1109782104975
217.49483908889263 33.05427118271271 39632941227180180 8 191-192-193-194-196-197-198-200 0.6836187236518685 1.0 7 1.3694500171165114 1.0 [-1,-1] 1.0 1.0 1.0 0.0008053318504768218 0.11384060807160488 56.94572881728729 -217.49483908889263 2530.2147229949587 2530.2147229949587 -732.4107492702966 648.8110301735513 2333.3677991133145
217.7265474374903 35.54954743842249 39632991248450586 8 191-192-193-194-196-197-198-200 0.9006679637886382 1.0 7 1.1511218577675677 1.0 [-1,-1] 1.0 1.0 1.0 0.0005723615213970424 0.15308410280969617 54.45045256157751 -217.7265474374903 3141.385416346227 3141.385416346227 1564.250736007785 -2218.4741045122487 -1581.0738807976165
216.98945280860835 33.087792361880815 39632941218792804 8 191-192-193-194-196-197-198-200 1.0090702196926045 1.0 7 1.4751634195231071 1.0 [-1,-1] 1.0 1.0 1.0 0.00023297360745577845 0.30751381291380364 56.912207638119185 -216.98945280860835 3418.1159523601364 3418.1159523601364 -1186.2523666573127 264.72071034217464 3194.7214169461945
218.03110385954483 34.27207155783539 39632966426559197 9 191-192-193-194-196-197-198-200-463 0.6872928726463331 1.0 7 0.229744856803944 1.0 [-1,-1] 1.0 1.0 1.0 0.0008053318504768218 0.11384060807160488 55.72792844216461 -218.03110385954483 2541.2434806118204 2541.2434806118204 566.4618949895935 -1770.9095024242274 1732.3160460783283
216.30362862253682 34.02030481188754 39632961389201773 9 191-192-193-194-196-197-198-200-463 0.5653483201067278 1.0 7 1.2943960528011837 1.0 [-1,-1] 1.0 1.0 1.0 0.0006724560872077301 0.13333590500666823 55.97969518811246 -216.30362862253682 2161.6923973077337 2161.6923973077337 1040.3263260331255 523.5706226725574 1821.128485037436
218.65797977285737 34.03603110764758 39632961422755672 9 191-192-193-194-196-197-198-200-463 0.9317106001985866 1.0 7 0.7973765628097812 1.0 [-1,-1] 1.0 1.0 1.0 0.0003671239319408774 0.21984967794317842 55.96396889235242 -218.65797977285737 3222.4564628594744 3222.4564628594744 -554.9204697465483 -1689.8478438451398 2687.136615792542
217.30198539335163 35.36510667945144 39632986307559669 9 191-192-193-194-196-197-198-200-463 0.6915528023996641 1.0 7 1.0480081970040653 1.0 [-1,-1] 1.0 1.0 1.0 0.0005639081233901963 0.1550231922816235 54.63489332054856 -217.30198539335163 2553.9997494353784 2553.9997494353784 2072.716319353399 -1220.2724438304592 -858.892858527835
217.34834778275814 33.78344233102941 39632956381202586 9 191-192-193-194-196-197-198-200-463 0.6813543881306492 1.0 7 0.7211378271946437 1.0 [-1,-1] 1.0 1.0 1.0 0.0008053318504768218 0.11384060807160488 56.21655766897059 -217.34834778275814 2523.405532041883 2523.405532041883 688.8767197550965 -449.81035246611435 2385.5177616050873
217.5579779847204 35.412652088511074 39632991244257862 9 191-192-193-194-196-197-198-200-463 0.7323030065107987 1.0 7 1.031918518880637 1.0 [-1,-1] 1.0 1.0 1.0 0.0006073340474539246 0.1455520198534496 54.587347911488926 -217.5579779847204 2674.3693599946887 2674.3693599946887 1743.9817058463602 -1753.3781678613327 -1018.0590767823136
216.1391913837256 34.9300162860934 39632981341506802 7 191-192-193-194-196-197-199 0.6417704615143569 1.0 7 1.4651967513266648 1.0 [-1,-1] 1.0 1.0 1.0 0.0007982518636535506 0.11473445525619816 55.0699837139066 -216.1391913837256 2402.841558327511 2402.841558327511 1932.3415152243153 1410.9765099507654 221.01835067146317
216.00960454579882 34.07270234133334 39632961385007693 8 191-192-193-194-196-197-199-200 0.904249761958356 1.0 7 1.5158938586885704 1.0 [-1,-1] 1.0 1.0 1.0 0.0005723615213970424 0.15308410280969617 55.92729765866666 -216.00960454579882 3150.8163712812907 3150.8163712812907 1329.1634857654255 1264.0355766349367 2561.870858307125
216.00868802445598 34.078593099209655 39632961385007676 8 191-192-193-194-196-197-199-200 0.7815851987297611 1.0 7 1.5153228680117972 1.0 [-1,-1] 1.0 1.0 1.0 0.0007064174578981374 0.12774458208408304 55.921406900790345 -216.00868802445598 2816.0173734687605 2816.0173734687605 1196.6380863211032 1140.0942773392844 2279.9553014964745
219.0674717712496 34.439336354038566 39632971438752345 8 191-192-193-194-196-197-199-200 0.9466411648362307 1.0 7 1.046295035712523 1.0 [-1,-1] 1.0 1.0 1.0 0.0003671239319408774 0.21984967794317842 55.560663645961434 -219.0674717712496 3260.919371388225 3260.919371388225 -1809.1063091888097 -2034.6708373883216 1794.671026185503
217.84889575676274 33.78889794517586 39632956389589739 9 191-192-193-194-196-197-199-200-463 0.509126978103602 1.0 7 0.612442021116538 1.0 [-1,-1] 1.0 1.0 1.0 0.0007365189099627642 0.12316671624379881 56.21110205482414 -217.84889575676274 1976.9977652641294 1976.9977652641294 309.18472399478026 -577.1663212865031 1865.4232784760243
216.43309647640788 35.229415416917966 39632986294977629 9 191-192-193-194-196-197-199-200-463 0.4350025294405491 1.0 7 1.3954425848753447 1.0 [-1,-1] 1.0 1.0 1.0 0.0006285113834356281 0.1413409039925048 54.770584583082034 -216.43309647640788 1723.7034702251397 1723.7034702251397 1592.0361395931336 557.4303255128198 -354.7478198583516
216.0177444337654 34.029128964044716 39632961385007804 9 191-192-193-194-196-197-199-200-463 0.8399000538276278 1.0 7 1.5197369227459068 1.0 [-1,-1] 1.0 1.0 1.0 0.0006366829495309179 0.1397804201853648 55.970871035955284 -216.0177444337654 2978.262437902619 2978.262437902619 1187.8284782712308 1111.3536398597128 2494.7953307636417
216.08337178613496 34.3603430995273 39632966397201317 9 191-192-193-194-196-197-199-200-463 0.6569195961375358 1.0 7 1.417286619912593 1.0 [-1,-1] 1.0 1.0 1.0 0.0006371005092682059 0.1397016056866948 55.6396569004727 -216.08337178613496 2449.3261431554783 2449.3261431554783 1494.5207351061367 1224.7665042031208 1505.1755173616032
216.34859936830796 34.57040045078384 39632971401003615 9 191-192-193-194-196-197-199-200-463 0.5836694418094898 1.0 7 1.2084128199552902 1.0 [-1,-1] 1.0 1.0 1.0 0.0005369919189708607 0.1615383650856205 55.42959954921616 -216.34859936830796 2220.5306214815073 2220.5306214815073 1823.1120819310222 816.9824265640169 969.3081513841477
217.56017455606968 34.20220916873315 39632966418171950 9 191-192-193-194-196-197-199-200-463 0.6780442289301346 1.0 7 0.2799488555396211 1.0 [-1,-1] 1.0 1.0 1.0 0.0008053318504768218 0.11384060807160488 55.79779083126685 -217.56017455606968 2513.4344895252766 2513.4344895252766 1206.6577984920436 -1218.500656730985 1837.5489218030852
217.8416543765855 33.7903219401844 39632956389589630 9 191-192-193-194-196-197-199-200-463 0.8493160940718086 1.0 7 0.6106530662419375 1.0 [-1,-1] 1.0 1.0 1.0 0.0006366829495309179 0.1397804201853648 56.2096780598156 -217.8416543765855 3003.9294273908104 3003.9294273908104 478.05686607543527 -877.0877552422069 2832.9791222574872
217.76915201330655 34.7784596918663 39632976400615095 8 191-192-193-194-196-197-199-463 0.6533076226986022 1.0 7 0.37931076785154455 1.0 [-1,-1] 1.0 1.0 1.0 0.0006371005092682059 0.1397016056866948 55.2215403081337 -217.76915201330655 2438.2818403427186 2438.2818403427186 1279.9674063358357 -1990.1855479231815 588.2714139754659
216.94877212726257 35.272032430415074 39632986299174280 8 191-192-193-194-196-197-199-463 0.76389695474687 1.0 7 1.117393245794225 1.0 [-1,-1] 1.0 1.0 1.0 0.0007242712797402853 0.12498917450484462 54.727967569584926 -216.94877212726257 2765.6636340478376 2765.6636340478376 2636.992857791241 -476.7990974560393 -683.9785269420234
217.3671308747768 35.314370375328004 39632986307560448 7 191-192-193-194-196-197-200 0.9247052476029912 1.0 7 0.9809362183396422 1.0 [-1,-1] 1.0 1.0 1.0 0.00042618922305278896 0.1953324009783564 54.685629624671996 -217.3671308747768 3204.2919417540834 3204.2919417540834 2537.261700487576 -1725.5647472450034 -923.155574263804
217.3743454710208 35.30425193791679 39632986307560537 8 191-192-193-194-196-197-200-463 1.0172675378932827 1.0 7 0.9693703934936133 1.0 [-1,-1] 1.0 1.0 1.0 0.00020130102782971312 0.3394727840281335 54.69574806208321 -217.3743454710208 3438.3312001082727 3438.3312001082727 2717.2606088901875 -1876.79314965636 -957.2166413172528
218.1459143444922 34.67955786958457 39632976404810744 8 191-192-193-194-196-197-200-463 0.5259836583217552 1.0 7 0.3991785212435514 1.0 [-1,-1] 1.0 1.0 1.0 0.0006888416087567301 0.1305783864573065 55.32044213041543 -218.1459143444922 2033.0363692706749 2033.0363692706749 370.6220145078143 -1878.6967738421622 682.9162709252939
216.6503257266669 33.22319110724543 39632946277124773 7 191-192-193-194-196-198-199 0.8487222891901175 1.0 7 1.515672339875045 1.0 [-1,-1] 1.0 1.0 1.0 0.0006366829495309179 0.1397804201853648 56.77680889275457 -216.6503257266669 3002.3150757816275 3002.3150757816275 -674.1772097779599 -80.99594726302072 2924.5205693598073
219.0827889417721 34.49039397140477 39632971438752555 7 191-192-193-194-196-198-199 0.8630884563552406 1.0 7 1.061722137928543 1.0 [-1,-1] 1.0 1.0 1.0 0.0006576102792991648 0.1359368301360722 55.50960602859523 -219.0827889417721 3041.2106702689466 3041.2106702689466 -1771.57607697909 -1932.0378340413545 1541.9826043979438
217.56254919336072 35.8558940639994 39632996168369059 8 191-192-193-194-196-198-199-200 0.923518887539525 1.0 7 1.4687877783948564 1.0 [-1,-1] 1.0 1.0 1.0 0.00042618922305278896 0.1953324009783564 54.1441059360006 -217.56254919336072 3201.2082715014735 3201.2082715014735 1510.26369810202 -1532.34714931804 -2370.390299866572
218.57562307998003 34.74308824935816 39632976413196701 8 191-192-193-194-196-198-199-200 0.5342706296971218 1.0 7 0.7249786384720288 1.0 [-1,-1] 1.0 1.0 1.0 0.0006094867785671962 0.14511252611805409 55.25691175064184 -218.57562307998003 2060.376671841566 2060.376671841566 -461.06005226070863 -1926.271987160814 567.4961581877089
