data_rosette/LRG_11_clustering_data.ecsv
# %ECSV 1.0
# ---
# datatype:
# - {name: RA, unit: deg, datatype: float64}
# - {name: DEC, unit: deg, datatype: float64}
# - {name: TARGETID, datatype: int64}
# - {name: NTILE, datatype: int64}
# - {name: TILES, datatype: string}
# - {name: Z, datatype: float64}
# - {name: COMP_TILE, datatype: float64}
# - {name: ROSETTE_NUMBER, datatype: int32}
# - {name: ROSETTE_R, unit: deg, datatype: float64}
# - {name: FRACZ_TILELOCID, datatype: float64}
# - {name: BITWEIGHTS, datatype: string, subtype: 'int64[2]'}
# - {name: PROB_OBS, datatype: float64}
# - {name: WEIGHT_ZFAIL, datatype: float64}
# - {name: WEIGHT, datatype: float64}
# - {name: NZ, unit: h3 / Mpc3, datatype: float64}
# - {name: WEIGHT_FKP, datatype: float64}
# - {name: theta, unit: deg, datatype: float64}
# - {name: phi, unit: deg, datatype: float64}
# - {name: rho, unit: Mpc, datatype: float64}
# - {name: r, unit: Mpc, datatype: float64}
# - {name: x, unit: Mpc, datatype: float64}
# - {name: y, unit: Mpc, datatype: float64}
# - {name: z, unit: Mpc, datatype: float64}
# meta: !!omap
# - {EXTNAME: LSS}
# - {DESIDR: edr}
# - comments: ['Visit https://desidatamodel.readthedocs.io/en/latest/ for a more complet', e description]
# schema: astropy-2.0
RA DEC TARGETID NTILE TILES Z COMP_TILE ROSETTE_NUMBER ROSETTE_R FRACZ_TILELOCID BITWEIGHTS PROB_OBS WEIGHT_ZFAIL WEIGHT NZ WEIGHT_FKP theta phi rho r x y z
[from data line 509]
241.39136751973507 55.03114212399038 39633322468444344 10 298-299-300-301-302-303-304-306-307-308 0.5562987128502419 1.0 11 0.7808355430708603 1.0 [-1,-1] 1.0 1.0 1.0 0.0006724560872077301 0.13333590500666823 34.96885787600962 -241.39136751973507 2132.386979010373 2132.386979010373 743.5798468114259 417.165443835482 -1954.5168794713509
243.63264536834077 54.007773770603066 39633308421719194 10 298-299-300-301-302-303-304-306-307-308 0.8553164312998065 1.0 11 1.0990759393721061 1.0 [-1,-1] 1.0 1.0 1.0 0.0006576102792991648 0.1359368301360722 35.992226229396934 -243.63264536834077 3020.210010984911 3020.210010984911 -474.4056390043966 -2954.439398642662 -409.7507045537486
243.30384431202387 53.569150131767735 39633301249459107 10 298-299-300-301-302-303-304-306-307-308 0.7335358872647908 1.0 11 1.4474261017963441 1.0 [-1,-1] 1.0 1.0 1.0 0.0006073340474539246 0.1455520198534496 36.430849868232265 -243.30384431202387 2677.9648305290148 2677.9648305290148 431.4459740230326 -2519.6720351848026 797.8739500430412
244.52389717097168 55.21853426348469 39633325962300658 10 298-299-300-301-302-303-304-306-307-308 0.8939608452510546 1.0 11 1.0425685100453348 1.0 [-1,-1] 1.0 1.0 1.0 0.0005723615213970424 0.15308410280969617 34.78146573651531 -244.52389717097168 3123.6710931277175 3123.6710931277175 -601.894890630523 -344.8856774330081 -3045.6686471407484
243.69157496725393 55.448944771048126 39633329401626994 10 298-299-300-301-302-303-304-306-307-308 0.6275683061594487 1.0 11 0.7130563902406254 1.0 [-1,-1] 1.0 1.0 1.0 0.0007056687116799521 0.12786279395313782 34.551055228951874 -243.69157496725393 2358.8714727406114 2358.8714727406114 3.299847803928601 14.886190287818902 -2358.8221928014514
240.3104118018855 54.67464799573706 39633318970395371 10 298-299-300-301-302-303-304-306-307-308 0.447281275266316 1.0 11 1.438017487819989 1.0 [-1,-1] 1.0 1.0 1.0 0.0006285113834356281 0.1413409039925048 35.32535200426294 -240.3104118018855 1766.4450567043393 1766.4450567043393 -26.286507323139865 1226.651829364149 -1270.8117277573156
240.70058868754728 55.17824922522263 39633325924552511 10 298-299-300-301-302-303-304-306-307-308 0.874304612920522 1.0 11 1.1897616537731162 1.0 [-1,-1] 1.0 1.0 1.0 0.0005346154933450218 0.1621399955636538 34.82175077477737 -240.70058868754728 3071.345586904296 3071.345586904296 289.1302114407259 748.2150829887765 -2964.749841827609
242.41283762373595 56.349524924362676 39633339585398081 10 298-299-300-301-302-303-304-306-307-308 0.47842936034069655 1.0 11 1.382660724607288 1.0 [-1,-1] 1.0 1.0 1.0 0.000668512811805897 0.13401699399284683 33.650475075637324 -242.41283762373595 1873.4682008542304 1873.4682008542304 -1287.7668790976795 720.6673786091209 -1154.2001967248436
240.70455331246973 55.18371945361773 39633325924552558 10 298-299-300-301-302-303-304-306-307-308 0.4016327103276187 1.0 11 1.1883705105607885 1.0 [-1,-1] 1.0 1.0 1.0 0.00024055914515870672 0.3007331513712552 34.81628054638227 -240.70455331246973 1605.950340386051 1605.950340386051 149.6405380041533 382.7219058915133 -1552.4845081103606
241.31476511654787 53.84894885367687 39633304823008227 10 298-299-300-301-302-303-304-306-307-308 0.7133668651256508 1.0 11 1.4059291521347872 1.0 [-1,-1] 1.0 1.0 1.0 0.0005823912580269674 0.15084542533972659 36.15105114632313 -241.31476511654787 2618.8058546827006 2618.8058546827006 2178.608745034887 1451.9860935331487 59.5350717161704
240.80345705525946 54.69090857697314 39633318974590199 10 298-299-300-301-302-303-304-306-307-308 0.9351846823155632 1.0 11 1.1576971861407528 1.0 [-1,-1] 1.0 1.0 1.0 0.0003671239319408774 0.21984967794317842 35.30909142302686 -240.80345705525946 3231.436568068631 3231.436568068631 1002.4260590884576 1965.5243543015965 -2360.9401309984223
243.15918252939179 53.83889521065792 39633304843977460 11 298-299-300-301-302-303-304-306-307-308-475 0.7492068184345209 1.0 11 1.165683334616128 1.0 [-1,-1] 1.0 1.0 1.0 0.0006073340474539246 0.1455520198534496 36.16110478934208 -243.15918252939179 2723.43246863392 2723.43246863392 841.3645746496661 -2588.671192626447 89.28337023210678
243.7494585505549 56.07544234072087 39633336221565296 11 298-299-300-301-302-303-304-306-307-308-475 0.6595402171755207 1.0 11 1.2328561176365935 1.0 [-1,-1] 1.0 1.0 1.0 0.0006371005092682059 0.1397016056866948 33.92455765927913 -243.7494585505549 2457.324000359953 2457.324000359953 396.15667473389976 1398.5686066761916 -1981.289222760937
242.14928998792925 55.50769307693399 39633329384851745 11 298-299-300-301-302-303-304-306-307-308-475 0.42641260103396345 1.0 11 0.6290701214122978 1.0 [-1,-1] 1.0 1.0 1.0 0.0005613841910631427 0.1556117057517016 34.49230692306601 -242.14928998792925 1693.6153690248273 1693.6153690248273 -107.0259334034624 26.94726347689049 -1690.0154770792267
242.96194320679984 55.886799005268735 39633336213177707 11 298-299-300-301-302-303-304-306-307-308-475 0.5535865986153897 1.0 11 0.9147360357212019 1.0 [-1,-1] 1.0 1.0 1.0 0.0006724560872077301 0.13333590500666823 34.113200994731265 -242.96194320679984 2123.572898687317 2123.572898687317 -446.79345137041497 795.9788995209484 -1917.3823456392795
243.69922226950058 55.92023907811013 39633336217374807 11 298-299-300-301-302-303-304-306-307-308-475 0.9268080690206026 1.0 11 1.0834170568759833 1.0 [-1,-1] 1.0 1.0 1.0 0.00042618922305278896 0.1953324009783564 34.07976092188987 -243.69922226950058 3209.7523988570347 3209.7523988570347 330.40150593501465 1438.350579195907 -2850.349613323103
241.62477256905936 55.68400052384791 39633332803208359 11 298-299-300-301-302-303-304-306-307-308-475 0.560886967636346 1.0 11 0.9514394971314556 1.0 [-1,-1] 1.0 1.0 1.0 0.0006724560872077301 0.13333590500666823 34.31599947615209 -241.62477256905936 2147.2652973887994 2147.2652973887994 -493.88092420853434 -140.87493866763955 -2084.942239422599
241.13145897046877 55.824421508182496 39633332799013835 11 298-299-300-301-302-303-304-306-307-308-475 0.9023168148203365 1.0 11 1.2480018283581285 1.0 [-1,-1] 1.0 1.0 1.0 0.0005723615213970424 0.15308410280969617 34.175578491817504 -241.13145897046877 3145.72938213228 3145.72938213228 -840.7778770762319 -817.1952542841151 -2919.0576944289814
242.52182723695108 53.75368786025203 39633304835591352 11 298-299-300-301-302-303-304-306-307-308-475 0.7928737970385439 1.0 11 1.2334941173114269 1.0 [-1,-1] 1.0 1.0 1.0 0.0008239664519383997 0.11155322342262282 36.24631213974797 -242.52182723695108 2847.8723371350225 2847.8723371350225 2303.030368676641 -1641.3496439699222 335.260071902157
242.1977278702603 55.51608701241554 39633329384852242 11 298-299-300-301-302-303-304-306-307-308-475 0.5333208956218527 1.0 11 0.6216816961220041 1.0 [-1,-1] 1.0 1.0 1.0 0.0006094867785671962 0.14511252611805409 34.48391298758446 -242.1977278702603 2057.2502798135706 2057.2502798135706 -144.7501762979901 43.99948005846213 -2051.679835161739
243.1021919717844 55.614505963020264 39633329393241150 11 298-299-300-301-302-303-304-306-307-308-475 0.8798345999010748 1.0 11 0.6654313142466505 1.0 [-1,-1] 1.0 1.0 1.0 0.0005346154933450218 0.1621399955636538 34.385494036979736 -243.1021919717844 3086.128856647732 3086.128856647732 -191.6431410505305 492.29031236771 -3040.5779836522897
242.53161417273608 53.629623379569026 39633304835591478 11 298-299-300-301-302-303-304-306-307-308-475 0.902486341462822 1.0 11 1.3563732193857718 1.0 [-1,-1] 1.0 1.0 1.0 0.0005723615213970424 0.15308410280969617 36.370376620430974 -242.53161417273608 3146.1757647396157 3146.1757647396157 2469.915816532262 -1796.995685082365 754.151383791103
241.4835224058101 55.56929885955488 39633329380655375 11 298-299-300-301-302-303-304-306-307-308-475 0.7934532446310504 1.0 11 0.9315051335091193 1.0 [-1,-1] 1.0 1.0 1.0 0.0008239664519383997 0.11155322342262282 34.43070114044512 -241.4835224058101 2849.5016025877553 2849.5016025877553 -329.20797716460777 -146.66471567101485 -2826.61828906885
242.9640453093236 55.89705808375775 39633336213177734 11 298-299-300-301-302-303-304-306-307-308-475 0.5547171280791175 1.0 11 0.9250607728063898 1.0 [-1,-1] 1.0 1.0 1.0 0.0006724560872077301 0.13333590500666823 34.10294191624225 -242.9640453093236 2127.248762599997 2127.248762599997 -455.47487368794 815.456494432558 -1911.2196742159017
240.63797037732814 55.17650342493758 39633325924551959 11 298-299-300-301-302-303-304-306-307-308-475 0.7933025000971317 1.0 11 1.2248613700314435 1.0 [-1,-1] 1.0 1.0 1.0 0.0008239664519383997 0.11155322342262282 34.82349657506242 -240.63797037732814 2849.0778006109267 2849.0778006109267 225.69438498731128 714.0684381365774 -2748.8929815793817
241.37561517483968 56.007277413083976 39633336196402028 11 298-299-300-301-302-303-304-306-307-308-475 0.7524005425182717 1.0 11 1.2889359177603412 1.0 [-1,-1] 1.0 1.0 1.0 0.0007242712797402853 0.12498917450484462 33.992722586916024 -241.37561517483968 2732.6458125065396 2732.6458125065396 -1264.167968119348 -735.6443863928537 -2308.259045635738
244.0289904380574 56.09505647776142 39633336221567686 11 298-299-300-301-302-303-304-306-307-308-475 0.8954764796257125 1.0 11 1.3292894595451956 1.0 [-1,-1] 1.0 1.0 1.0 0.0005723615213970424 0.15308410280969617 33.90494352223858 -244.0289904380574 3127.6802775505344 3127.6802775505344 1001.6933453112222 1613.6014086123457 -2485.0120431623773
243.00556012790045 56.10862518533123 39633336213178187 11 298-299-300-301-302-303-304-306-307-308-475 0.9051576492095565 1.0 11 1.1378468560549906 1.0 [-1,-1] 1.0 1.0 1.0 0.0005723615213970424 0.15308410280969617 33.89137481466877 -243.00556012790045 3153.203658545218 3153.203658545218 -878.7707364286915 1739.1418869386587 -2479.080636476951
241.90510401013043 55.33112451166065 39633325937134542 11 298-299-300-301-302-303-304-306-307-308-475 0.6518112200037036 1.0 11 0.5969171496125869 1.0 [-1,-1] 1.0 1.0 1.0 0.0006371005092682059 0.1397016056866948 34.66887548833935 -241.90510401013043 2433.6991786954222 2433.6991786954222 270.4471626183541 -0.6679203116093732 -2418.625555661089
243.43449080124802 55.582311515531195 39633329397434193 11 298-299-300-301-302-303-304-306-307-308-475 0.9103506692504821 1.0 11 0.7174622731163892 1.0 [-1,-1] 1.0 1.0 1.0 0.00042618922305278896 0.1953324009783564 34.417688484468805 -243.43449080124802 3166.833876915936 3166.833876915936 -17.182888655189554 441.0443809730929 -3135.9243304537727
244.52356248287543 55.8732998142463 39633332828376615 11 298-299-300-301-302-303-304-306-307-308-475 0.9072696214617899 1.0 11 1.3456133753963169 1.0 [-1,-1] 1.0 1.0 1.0 0.0005723615213970424 0.15308410280969617 34.1267001857537 -244.52356248287543 3158.752085093845 3158.752085093845 1144.3414443039944 656.2163113289232 -2870.1180370637762
242.78918676576967 54.06758019535242 39633308413330374 11 298-299-300-301-302-303-304-306-307-308-475 0.886550837999947 1.0 11 0.912703156164534 1.0 [-1,-1] 1.0 1.0 1.0 0.0005346154933450218 0.1621399955636538 35.93241980464758 -242.78918676576967 3104.0176395258195 3104.0176395258195 1924.4841155999998 -2359.29022599419 -604.1821122964602
241.75406690746152 53.933785297216154 39633308400749950 11 298-299-300-301-302-303-304-306-307-308-475 0.8990387473435009 1.0 11 1.1956922658323101 1.0 [-1,-1] 1.0 1.0 1.0 0.0005723615213970424 0.15308410280969617 36.066214702783846 -241.75406690746152 3137.088977307891 3137.088977307891 3096.550710859029 463.461458311276 -194.69058345255192
240.77997184723293 54.95534276192506 39633322464248385 11 298-299-300-301-302-303-304-306-307-308-475 0.5570104005413944 1.0 11 1.1311034666862911 1.0 [-1,-1] 1.0 1.0 1.0 0.0006724560872077301 0.13333590500666823 35.04465723807494 -240.77997184723293 2134.6974841231995 2134.6974841231995 432.9591255519151 900.580642932217 -1886.3812578317866
244.5493993326967 54.69161592266734 39633319012337829 11 298-299-300-301-302-303-304-306-307-308-475 0.5546427876102394 1.0 11 1.075655433221916 1.0 [-1,-1] 1.0 1.0 1.0 0.0006724560872077301 0.13333590500666823 35.30838407733266 -244.5493993326967 2127.0071255311173 2127.0071255311173 -1277.1258565508303 -689.1439209194434 -1555.052897765613
241.40378810857297 55.039285915888556 39633322468444467 11 298-299-300-301-302-303-304-306-307-308-475 0.589699381536214 1.0 11 0.774230865759375 1.0 [-1,-1] 1.0 1.0 1.0 0.0005369919189708607 0.1615383650856205 34.960714084111444 -241.40378810857297 2239.7528010668266 2239.7528010668266 771.69396927311 420.422971052407 -2060.1518276781626
243.63215247591123 54.11611789452679 39633308421719188 11 298-299-300-301-302-303-304-306-307-308-475 0.8590861482009372 1.0 11 1.0040202299215464 1.0 [-1,-1] 1.0 1.0 1.0 0.0006576102792991648 0.1359368301360722 35.88388210547321 -243.63215247591123 3030.40833510279 3030.40833510279 -464.7371815774593 -2903.368640995472 -733.3788679829884
243.14975047154346 56.29389671383877 39633339593785532 11 298-299-300-301-302-303-304-306-307-308-475 0.721512535116365 1.0 11 1.333123464455938 1.0 [-1,-1] 1.0 1.0 1.0 0.0005823912580269674 0.15084542533972659 33.70610328616123 -243.14975047154346 2642.7857354696885 2642.7857354696885 -632.2800265964152 1884.7096386148467 -1741.3810581494197
242.74800068403272 56.25097642784488 39633339589591686 11 298-299-300-301-302-303-304-306-307-308-475 0.608340184677469 1.0 11 1.2709769292243822 1.0 [-1,-1] 1.0 1.0 1.0 0.0006106036532175123 0.14488555312656437 33.74902357215512 -242.74800068403272 2298.7316448239826 2298.7316448239826 -1103.0344785786233 1243.947720075172 -1587.4747820679665
242.2508143197161 54.94047409156975 39633322476832957 11 298-299-300-301-302-303-304-306-307-308-475 0.9072315576193535 1.0 11 0.2893169006385631 1.0 [-1,-1] 1.0 1.0 1.0 0.0005723615213970424 0.15308410280969617 35.05952590843025 -242.2508143197161 3158.6521482471107 3158.6521482471107 1428.6969080237566 -518.5703262824081 -2768.9336133841857
244.61176738537083 54.50988062206585 39633315505900947 11 298-299-300-301-302-303-304-306-307-308-475 0.5516611775886759 1.0 11 1.1729277775191376 0.5 [-1,-1] 1.0 1.0 1.0 0.0006724560872077301 0.13333590500666823 35.49011937793415 -244.61176738537083 2117.306670727289 2117.306670727289 -1544.0032252596097 -712.7139276122739 -1261.3803691518617
240.49566212789324 54.71274148023766 39633318974587461 11 298-299-300-301-302-303-304-306-307-308-475 0.6883536645857397 1.0 11 1.3251480364583295 1.0 [-1,-1] 1.0 1.0 1.0 0.0008053318504768218 0.11384060807160488 35.28725851976234 -240.49566212789324 2544.423092599698 2544.423092599698 276.6541812808903 1673.5920673427565 -1896.4811969175466
243.38273723106505 54.95064371039238 39633322489414158 11 298-299-300-301-302-303-304-306-307-308-475 0.9105600789485176 1.0 11 0.36441987915503904 1.0 [-1,-1] 1.0 1.0 1.0 0.00042618922305278896 0.1953324009783564 35.04935628960762 -243.38273723106505 3167.3826338058107 3167.3826338058107 135.47186303762223 -1489.6364467627866 -2791.9425817404785
242.90519603758733 54.30099337355733 39633311961712917 11 298-299-300-301-302-303-304-306-307-308-475 0.45851725141217553 1.0 11 0.6849201857678058 1.0 [-1,-1] 1.0 1.0 1.0 0.0005330850268982689 0.1625298359500762 35.69900662644267 -242.90519603758733 1805.282303889867 1805.282303889867 883.3431069328859 -1383.507948302266 -751.4352328421365
241.89405120039365 53.967120968932036 39633308404941392 11 298-299-300-301-302-303-304-306-307-308-475 0.5863476022604601 1.0 11 1.128386872086721 1.0 [-1,-1] 1.0 1.0 1.0 0.0005369919189708607 0.1615383650856205 36.032879031067964 -241.89405120039365 2229.0767387513915 2229.0767387513915 2218.8513552026757 19.045148490302335 -212.4124597964313
243.27487916741387 54.64308447173882 39633318999755281 11 298-299-300-301-302-303-304-306-307-308-475 0.7141554304605846 1.0 11 0.4527675345308112 1.0 [-1,-1] 1.0 1.0 1.0 0.0005823912580269674 0.15084542533972659 35.35691552826118 -243.27487916741387 2621.1324919128656 2621.1324919128656 370.667801948882 -1842.2629426154608 -1827.29531576742
