data_rosette/LRG_5_clustering_data.ecsv
# %ECSV 1.0
# ---
# datatype:
# - {name: RA, unit: deg, datatype: float64}
# - {name: DEC, unit: deg, datatype: float64}
# - {name: TARGETID, datatype: int64}
# - {name: NTILE, datatype: int64}
# - {name: TILES, datatype: string}
# - {name: Z, datatype: float64}
# - {name: COMP_TILE, datatype: float64}
# - {name: ROSETTE_NUMBER, datatype: int32}
# - {name: ROSETTE_R, unit: deg, datatype: float64}
# - {name: FRACZ_TILELOCID, datatype: float64}
# - {name: BITWEIGHTS, datatype: string, subtype: 'int64[2]'}
# - {name: PROB_OBS, datatype: float64}
# - {name: WEIGHT_ZFAIL, datatype: float64}
# - {name: WEIGHT, datatype: float64}
# - {name: NZ, unit: h3 / Mpc3, datatype: float64}
# - {name: WEIGHT_FKP, datatype: float64}
# - {name: theta, unit: deg, datatype: float64}
# - {name: phi, unit: deg, datatype: float64}
# - {name: rho, unit: Mpc, datatype: float64}
# - {name: r, unit: Mpc, datatype: float64}
# - {name: x, unit: Mpc, datatype: float64}
# - {name: y, unit: Mpc, datatype: float64}
# - {name: z, unit: Mpc, datatype: float64}
# meta: !!omap
# - {EXTNAME: LSS}
# - {DESIDR: edr}
# - comments: ['Visit https://desidatamodel.readthedocs.io/en/latest/ for a more complet', e description]
# schema: astropy-2.0
RA DEC TARGETID NTILE TILES Z COMP_TILE ROSETTE_NUMBER ROSETTE_R FRACZ_TILELOCID BITWEIGHTS PROB_OBS WEIGHT_ZFAIL WEIGHT NZ WEIGHT_FKP theta phi rho r x y z
[from data line 2543]
208.62670758023845 5.489800849380876 39627920980836576 7 136-137-140-143-145-146-457 0.5024037250723764 1.0 5 1.4526062914615518 1.0 [-1,-1] 1.0 1.0 1.0 0.0005337442823398631 0.16272042362546515 84.51019915061913 -208.62670758023845 1954.4869966954527 1954.4869966954527 171.52626594003573 -576.4697781940903 -1859.6453304792112
208.81759931772385 5.850470723801964 39627926995472028 7 136-137-140-143-145-146-457 0.4024569292857932 1.0 5 1.4521872343131357 1.0 [-1,-1] 1.0 1.0 1.0 0.0003379611466139912 0.2348475370676925 84.14952927619804 -208.81759931772385 1608.8870313784844 1608.8870313784844 98.49436963364533 -998.623708432467 -1257.6036847293867
208.6217158259658 5.467839706738252 39627920980836453 6 136-137-140-143-145-457 0.9171332214259095 1.0 5 1.4500764558767458 1.0 [-1,-1] 1.0 1.0 1.0 0.0004951280553168204 0.17321314004730964 84.53216029326175 -208.6217158259658 3184.572753386575 3184.572753386575 264.8015486416734 -873.9676886703433 -3050.830090419547
210.3272071103898 5.232953178591844 39627914987181033 5 136-137-140-143-146 0.7237279347456377 1.0 5 0.4005995742107265 1.0 [-1,-1] 1.0 1.0 1.0 0.0006167714992318164 0.14396928707710532 84.76704682140816 -210.3272071103898 2649.2870970394147 2649.2870970394147 -146.28237755017432 -23.532033289026636 -2645.140796246408
210.88158338077002 5.494942319198871 39627921018585219 7 136-137-140-144-145-146-457 0.8752954043875535 1.0 5 1.0077952729955375 1.0 [-1,-1] 1.0 1.0 1.0 0.0005690156306133545 0.15418916366201427 84.50505768080113 -210.88158338077002 3073.997863183779 3073.997863183779 -887.0230803283343 369.68088878042465 -2919.9296152979077
209.3131915317416 3.8219198721648424 39627878815498750 6 136-137-140-144-145-457 0.6238552247837421 1.0 5 1.3626340738220852 1.0 [-1,-1] 1.0 1.0 1.0 0.0007214233604467519 0.12571007283523317 86.17808012783516 -209.3131915317416 2347.3128603761043 2347.3128603761043 887.15334339585 2114.3300151491126 -502.4392469027145
210.87345001734124 5.499922129906954 39627921014396615 6 136-137-140-144-145-457 0.6072510110824784 1.0 5 1.0032171145185886 1.0 [-1,-1] 1.0 1.0 1.0 0.0007756247847600315 0.11796159141779075 84.50007787009305 -210.87345001734124 2295.3039163132985 2295.3039163132985 -674.5959100634406 274.73037708470935 -2176.6634205305463
209.4861274033629 6.211394702201842 39627939033122343 6 136-137-140-144-146-457 0.7415043453431055 1.0 5 1.3149191941174383 1.0 [-1,-1] 1.0 1.0 1.0 0.0007126833197713517 0.12705585074725267 83.78860529779816 -209.4861274033629 2701.1385640905924 2701.1385640905924 -1253.326005754602 -1954.433628920104 -1380.4030773157515
209.4865383030161 6.210181454367448 39627939033122356 6 136-137-140-144-146-457 0.7432811323975026 1.0 5 1.3136426418346119 1.0 [-1,-1] 1.0 1.0 1.0 0.0007126833197713517 0.12705585074725267 83.78981854563256 -209.4865383030161 2706.2905173204904 2706.2905173204904 -1255.6137156891598 -1956.2316799815483 -1385.857198757736
211.11904124515075 4.612404157196608 39627896934892248 9 136-137-141-142-143-144-145-146-457 0.6390145145040755 1.0 5 1.1805455733541244 1.0 [-1,-1] 1.0 1.0 1.0 0.000833303205902425 0.11070054926254569 85.38759584280339 -211.11904124515075 2394.338822201904 2394.338822201904 1033.4372595909906 -757.1940701758059 -2022.7513357016628
209.302471179874 6.158955948681 39627939028929608 9 136-137-141-142-143-144-145-146-457 0.9139567445415059 1.0 5 1.3509659779124603 1.0 [-1,-1] 1.0 1.0 1.0 0.0004951280553168204 0.17321314004730964 83.841044051319 -209.302471179874 3176.274018178393 3176.274018178393 -995.7984619982592 -2446.4448235446175 -1764.088939648101
211.10448820510396 4.590838209998991 39627896934891965 9 136-137-141-142-143-144-145-146-457 0.8745598102894161 1.0 5 1.1742131952295798 1.0 [-1,-1] 1.0 1.0 1.0 0.0005690156306133545 0.15418916366201427 85.40916179000101 -211.10448820510396 3072.028882109234 3072.028882109234 1385.246536540715 -984.3055853350427 -2559.217849303475
211.1193032112097 4.605453064153608 39627896934892256 9 136-137-141-142-143-144-145-146-457 0.6398884401821078 1.0 5 1.183097358693488 1.0 [-1,-1] 1.0 1.0 1.0 0.000833303205902425 0.11070054926254569 85.39454693584639 -211.1193032112097 2397.0366313221425 2397.0366313221425 1045.7303551991158 -766.6222492082602 -2016.0662100075494
209.62455988057206 4.475647755556887 39627896909726741 9 136-137-141-142-143-144-145-146-457 0.49857439854119917 1.0 5 0.6441567651921734 1.0 [-1,-1] 1.0 1.0 1.0 0.0005337442823398631 0.16272042362546515 85.52435224444311 -209.62455988057206 1941.6247256178183 1941.6247256178183 815.3543215649627 951.2040778539504 -1483.345781572801
209.81672682388256 4.686107587981572 39627902932751270 9 136-137-141-142-143-144-145-146-457 1.0369507773020414 1.0 5 0.3631501068779745 1.0 [-1,-1] 1.0 1.0 1.0 0.00017111768859933566 0.3774092623312036 85.31389241201843 -209.81672682388256 3486.477387912918 3486.477387912918 1288.282118771969 1020.6069764772003 -3074.7707489252853
209.22045966908286 3.962183386157108 39627884842717054 9 136-137-141-142-143-144-145-146-457 0.8646459412238021 1.0 5 1.2965415880519722 1.0 [-1,-1] 1.0 1.0 1.0 0.0006812235016579503 0.1321480675826358 86.03781661384289 -209.22045966908286 3045.4073567113737 3045.4073567113737 855.9492532282427 2723.1195739781397 -1061.3560335848126
210.9208667973789 4.018197817120898 39627884872077007 8 136-137-141-142-143-144-145-457 0.9134180907435483 1.0 5 1.3441238267481554 1.0 [-1,-1] 1.0 1.0 1.0 0.0004951280553168204 0.17321314004730964 85.98180218287911 -210.9208667973789 3174.865195170012 3174.865195170012 2639.299551903005 -1223.7493928394708 -1271.3395716139503
210.91847114227627 4.016810621377975 39627884872076931 8 136-137-141-142-143-144-145-457 0.9156114064958967 1.0 5 1.3435092693882456 1.0 [-1,-1] 1.0 1.0 1.0 0.0004951280553168204 0.17321314004730964 85.98318937862203 -210.91847114227627 3180.5988803635464 3180.5988803635464 2648.5975074222833 -1220.3598320259352 -1269.5914153080687
209.8512165960555 4.476154215891278 39627896913920448 8 136-137-141-142-143-144-146-457 0.7294894789025725 1.0 5 0.5444260421476742 1.0 [-1,-1] 1.0 1.0 1.0 0.0006167714992318164 0.14396928707710532 85.52384578410872 -209.8512165960555 2666.1541323016368 2666.1541323016368 1383.6621894429506 1020.5324750573594 -2037.7365556048537
211.0092849668922 5.100048380528211 39627908976741846 8 136-137-141-142-143-144-146-457 0.6731911565048213 1.0 5 1.0103327751678373 1.0 [-1,-1] 1.0 1.0 1.0 0.0007209928471550773 0.12577569469930108 84.89995161947179 -211.0092849668922 2498.779423809082 2498.779423809082 166.45398363377527 -95.87565348547803 -2491.3850644275817
208.53657457585797 4.831497425047008 39627902911778995 7 136-137-141-142-143-145-457 0.9189740586744002 1.0 5 1.46774623005491 1.0 [-1,-1] 1.0 1.0 1.0 0.0004951280553168204 0.17321314004730964 85.168502574953 -208.53657457585797 3189.374870304716 3189.374870304716 -399.9805491913447 1003.3526728911062 -3000.901704055314
210.90933282130683 4.00707024186559 39627884872076673 7 136-137-141-142-143-145-457 0.5311929261600282 1.0 5 1.3444985955837359 1.0 [-1,-1] 1.0 1.0 1.0 0.0007045118177349687 0.128340413101622 85.99292975813441 -210.90933282130683 2050.2387637147754 2050.2387637147754 1721.61245801888 -774.2517868449299 -800.0398135094989
208.58076241168567 4.827074010961992 39627902915969088 7 136-137-141-142-143-145-457 1.019763232993376 1.0 5 1.4245558439650805 1.0 [-1,-1] 1.0 1.0 1.0 0.00020304675497218746 0.33812883710054276 85.172925989038 -208.58076241168567 3444.4665285332744 3444.4665285332744 -388.3950092509392 1115.153961103201 -3235.727217490818
210.9962738808319 5.8971236847100705 39627933047851498 8 136-137-141-142-144-145-146-457 1.0346808546341446 1.0 5 1.3373192771642912 1.0 [-1,-1] 1.0 1.0 1.0 0.00017111768859933566 0.3774092623312036 84.10287631528993 -210.9962738808319 3480.953256044558 3480.953256044558 -2003.971633508931 1119.7976689427535 -2616.712908113753
211.00060717070954 5.902103026667646 39627933047851589 8 136-137-141-142-144-145-146-457 1.0370796473313297 1.0 5 1.3438557291399973 1.0 [-1,-1] 1.0 1.0 1.0 0.00017111768859933566 0.3774092623312036 84.09789697333235 -211.00060717070954 3486.7907892176963 3486.7907892176963 -2013.79360249352 1136.7650600404838 -2609.618848146352
209.89417176578374 6.575908090716156 39627945043563229 7 136-137-141-142-144-145-457 0.6917734339398003 1.0 5 1.579421192522496 1.0 [-1,-1] 1.0 1.0 1.0 0.0005843703162771602 0.15074849413407446 83.42409190928385 -209.89417176578374 2554.659525512742 2554.659525512742 -2087.9309351123607 -1405.6678439460022 -436.9526450200416
209.9504739704277 6.515424060767809 39627945047753531 5 136-137-141-143-144 0.7642242057376516 1.0 5 1.5162249434706456 1.0 [-1,-268435457] 0.9921875 1.0 1.0078125 0.0006416626200019751 0.139161677870846 83.48457593923219 -209.9504739704277 2766.600138070212 2766.600138070212 -2314.3567099819365 -1375.4724196382795 -637.1067145668129
209.31485189602859 6.1538079405902675 39627939028929867 8 136-137-141-143-144-145-146-457 0.8454912740802587 1.0 5 1.3402429111076308 1.0 [-1,-1] 1.0 1.0 1.0 0.0006232532477076302 0.14268566385842998 83.84619205940973 -209.31485189602859 2993.5209511599032 2993.5209511599032 -963.639150450787 -2285.9708688223154 -1675.381884719876
209.44184584810668 5.977766648696944 39627933022684790 8 136-137-141-143-144-145-146-457 0.5108240872089895 1.0 5 1.124591294576998 1.0 [-1,-1] 1.0 1.0 1.0 0.0006865842838717192 0.13125169390769817 84.02223335130306 -209.44184584810668 1982.6655713199877 1982.6655713199877 -714.5460766136075 -1230.9813932415746 -1380.243268988024
209.76348256516164 5.811532979284686 39627927012248264 6 136-137-141-143-144-146 0.8739662570829951 1.0 5 0.8450022694648242 1.0 [-1,-1] 1.0 1.0 1.0 0.0005690156306133545 0.15418916366201427 84.18846702071531 -209.76348256516164 3070.439472434164 3070.439472434164 -1364.532551178101 -1204.5961422814014 -2472.771239855789
209.76335626090375 5.809320223430816 39627927012248260 6 136-137-141-143-144-146 0.9596051548265226 1.0 5 0.8429126418874568 1.0 [-1,-1] 1.0 1.0 1.0 0.00041974738576830407 0.19815580287489248 84.19067977656918 -209.76335626090375 3294.0411046885715 3294.0411046885715 -1459.3362479997518 -1288.6159304510682 -2657.1626782038843
209.7575241144498 5.812333451639301 39627927012248144 6 136-137-141-143-144-146 0.9576890401737823 1.0 5 0.847441617789767 1.0 [-1,-1] 1.0 1.0 1.0 0.00041974738576830407 0.19815580287489248 84.1876665483607 -209.7575241144498 3289.1616143964884 3289.1616143964884 -1455.6007809455862 -1300.5043384039832 -2647.3569759143425
209.76043217549565 5.813086617006667 39627927012248197 6 136-137-141-143-144-146 0.9572844117127408 1.0 5 0.8473441377305342 1.0 [-1,-1] 1.0 1.0 1.0 0.00041974738576830407 0.19815580287489248 84.18691338299334 -209.76043217549565 3288.130498303319 3288.130498303319 -1460.4089302671623 -1297.182848330302 -2645.056632336261
210.86395683307896 5.535586389958205 39627921014396378 7 136-137-141-143-145-146-457 0.6875377791980128 1.0 5 1.0133986306161609 1.0 [-1,-1] 1.0 1.0 1.0 0.0007209928471550773 0.12577569469930108 84.46441361004179 -210.86395683307896 2541.9777444573197 2541.9777444573197 -829.3812075306645 328.6227262171232 -2380.2909002315087
210.6221972115952 4.093392679873659 39627884867880722 7 136-137-141-143-145-146-457 0.4181467486063079 1.0 5 1.0984649684581302 1.0 [-1,-1] 1.0 1.0 1.0 0.0006262316776515472 0.14210347001521706 85.90660732012634 -210.6221972115952 1664.516459711627 1664.516459711627 1457.3726485157936 -198.67578941670558 -779.2354834763615
210.69625860868365 5.549075848601283 39627921014392323 6 136-137-141-144-145-146 0.9353605097090731 1.0 5 0.8843979777224175 1.0 [-1,-1] 1.0 1.0 1.0 0.0004445766401596716 0.18918261239264766 84.45092415139872 -210.69625860868365 3231.8905693105517 3231.8905693105517 -1149.2559775177222 244.41560304733943 -3010.7454829535613
209.38295930996208 4.697692245761499 39627902928552997 7 136-137-141-144-145-146-457 0.5583094684272563 1.0 5 0.6851335170836209 1.0 [-1,-1] 1.0 1.0 1.0 0.000677088223595666 0.13284793461577618 85.3023077542385 -209.38295930996208 2138.9123537297305 2138.9123537297305 444.1236554648381 880.7476542881201 -1897.8893026360047
209.98377356322925 5.0074624625687445 39627908959963828 6 136-137-141-144-146-457 0.5506688950280646 1.0 5 0.017804004601962638 1.0 [-1,-1] 1.0 1.0 1.0 0.000677088223595666 0.13284793461577618 84.99253753743126 -209.98377356322925 2114.0744539624525 2114.0744539624525 312.52796131412407 171.92743039480982 -2083.7653488268097
210.66695834180837 5.041336953360987 39627908972545695 4 136-137-141-457 0.7175307385367863 0.5 5 0.6656839973592665 1.0 [-1,-1] 1.0 1.0 1.0 0.0006167714992318164 0.14396928707710532 84.95866304663902 -210.66695834180837 2631.078636447845 2631.078636447845 350.07691064360404 -63.79395132042445 -2606.904539790709
209.1441242297109 4.233464032631161 39627890874124291 5 136-137-142-143-144 0.5784731045028385 1.0 5 1.1468843934896282 1.0 [-1,-1] 1.0 1.0 1.0 0.0006621615122706149 0.13543705131792066 85.76653596736884 -209.1441242297109 2203.9091367109686 2203.9091367109686 403.6899557549217 1738.1030311091674 -1293.5407824068789
209.44478144149755 3.7937348882619912 39627878815502083 7 136-137-142-143-144-145-146 0.7118872569309559 1.0 5 1.3272225909681095 1.0 [-1,-1] 1.0 1.0 1.0 0.0006167714992318164 0.14396928707710532 86.206265111738 -209.44478144149755 2614.4373057698335 2614.4373057698335 1296.0071768864766 2217.671194875988 -487.4241424848377
209.3547208853999 6.240216939735261 39627939028930777 7 136-137-142-143-144-145-457 0.874143693310465 1.0 5 1.3966077301592057 1.0 [-1,-1] 1.0 1.0 1.0 0.0005690156306133545 0.15418916366201427 83.75978306026474 -209.3547208853999 3070.9146682635123 3070.9146682635123 -1140.2222395711956 -2429.4841479967035 -1492.6543199200464
208.799095259386 6.060503200878522 39627933010103690 5 136-137-142-143-145 0.5583164893952679 1.0 5 1.5979370267631428 1.0 [-1,-1] 1.0 1.0 1.0 0.000677088223595666 0.13284793461577618 83.93949679912149 -208.799095259386 2138.9351244630548 2138.9351244630548 192.6964080797045 -1642.0589708967207 -1357.0386498079433
209.45678867843026 5.436070129569048 39627920993421008 6 136-137-142-143-145-146 0.6588910319639789 1.0 5 0.6948334928117116 1.0 [-1,-1] 1.0 1.0 1.0 0.000700708733790897 0.12894715825466588 84.56392987043095 -209.45678867843026 2455.3439452862117 2455.3439452862117 -323.87414333578766 -539.2306408989648 -2373.4046736382443
211.27892166337347 5.66994329406784 39627927037414637 6 136-137-142-144-145-457 0.9097366822041424 1.0 5 1.4388554598415682 1.0 [-1,-1] 1.0 1.0 1.0 0.0005275616701708153 0.16431404058018498 84.33005670593217 -211.27892166337347 3165.224532538583 3165.224532538583 -1051.8998672540242 1066.3373804618018 -2788.3826139331954
209.16078115440828 6.3861916277073405 39627945030980692 4 136-137-142-145 0.8738183147772474 1.0 5 1.6182860443080676 1.0 [-1,-1] 1.0 1.0 1.0 0.0005690156306133545 0.15418916366201427 83.61380837229265 -209.16078115440828 3070.0432263019084 3070.0432263019084 -696.1390029921171 -2785.846193766107 -1086.1016916266485
208.591933595646 5.502527643480452 39627920976647052 6 136-137-142-145-146-457 0.44255207044008643 1.0 5 1.4894842973099676 1.0 [-1,-1] 1.0 1.0 1.0 0.0005288673958748294 0.16397488484989944 84.49747235651955 -208.591933595646 1750.0201529965327 1750.0201529965327 178.16678123314992 -530.5583442992009 -1658.1118711514966
208.81086227349425 5.751591768592903 39627926995471857 5 136-137-142-145-457 0.6992658201172322 1.0 5 1.4023216413507942 1.0 [-1,-1] 1.0 1.0 1.0 0.0005843703162771602 0.15074849413407446 84.2484082314071 -208.81086227349425 2577.012242193711 2577.012242193711 146.86033738840854 -1392.8686330391963 -2163.1784736387194
