data_rosette/LRG_8_clustering_data.ecsv
# %ECSV 1.0
# ---
# datatype:
# - {name: RA, unit: deg, datatype: float64}
# - {name: DEC, unit: deg, datatype: float64}
# - {name: TARGETID, datatype: int64}
# - {name: NTILE, datatype: int64}
# - {name: TILES, datatype: string}
# - {name: Z, datatype: float64}
# - {name: COMP_TILE, datatype: float64}
# - {name: ROSETTE_NUMBER, datatype: int32}
# - {name: ROSETTE_R, unit: deg, datatype: float64}
# - {name: FRACZ_TILELOCID, datatype: float64}
# - {name: BITWEIGHTS, datatype: string, subtype: 'int64[2]'}
# - {name: PROB_OBS, datatype: float64}
# - {name: WEIGHT_ZFAIL, datatype: float64}
# - {name: WEIGHT, datatype: float64}
# - {name: NZ, unit: h3 / Mpc3, datatype: float64}
# - {name: WEIGHT_FKP, datatype: float64}
# - {name: theta, unit: deg, datatype: float64}
# - {name: phi, unit: deg, datatype: float64}
# - {name: rho, unit: Mpc, datatype: float64}
# - {name: r, unit: Mpc, datatype: float64}
# - {name: x, unit: Mpc, datatype: float64}
# - {name: y, unit: Mpc, datatype: float64}
# - {name: z, unit: Mpc, datatype: float64}
# meta: !!omap
# - {EXTNAME: LSS}
# - {DESIDR: edr}
# - comments: ['Visit https://desidatamodel.readthedocs.io/en/latest/ for a more complet', e description]
# schema: astropy-2.0
RA DEC TARGETID NTILE TILES Z COMP_TILE ROSETTE_NUMBER ROSETTE_R FRACZ_TILELOCID BITWEIGHTS PROB_OBS WEIGHT_ZFAIL WEIGHT NZ WEIGHT_FKP theta phi rho r x y z
[from data line 6060]
214.78266209048485 -0.37230660455355247 39627782291981090 4 220-226-227-466 0.9961650822581314 1.0 8 1.5342717566104538 1.0 [-1,-1] 1.0 1.0 1.0 0.0002622817504223413 0.28340640119267335 90.37230660455356 -214.78266209048485 3386.0931437349304 3386.0931437349304 917.3535060701753 -2074.0386938907936 -2514.448810215319
215.35430200901754 0.7750547843034191 39627806459562904 3 220-226-466 1.0003861092489683 1.0 8 1.6688544982132958 1.0 [-1,-1] 1.0 1.0 1.0 0.0002622817504223413 0.28340640119267335 89.22494521569658 -215.35430200901754 3396.593925232813 3396.593925232813 -499.95634791839103 -3195.35258698614 1037.600977228498
215.4428420485842 0.8386687604748848 39627806459565292 3 220-226-466 0.5143245392937418 1.0 8 1.6746479526426175 1.0 [-1,-1] 1.0 1.0 1.0 0.0006865842838717192 0.13125169390769817 89.16133123952511 -215.4428420485842 1994.3376121976162 1994.3376121976162 -448.0293710486342 -1801.558144249193 728.7252205003324
215.26162832632863 0.7554737544245724 39627806459560275 3 220-226-466 0.7918978109240798 1.0 8 1.7074754927055278 1.0 [-1,-1] 1.0 1.0 1.0 0.0007229154976227362 0.12548315978664992 89.24452624557543 -215.26162832632863 2845.1268113214896 2845.1268113214896 -170.32627399395244 -2720.293968881031 815.9266240031701
215.45444319632432 0.8530223527003307 39627806459565597 3 220-226-466 0.5130690364379797 1.0 8 1.6811301141999895 1.0 [-1,-1] 1.0 1.0 1.0 0.0006865842838717192 0.13125169390769817 89.14697764729966 -215.45444319632432 1990.1540578565125 1990.1540578565125 -465.2307617603176 -1782.1876329803154 753.7113195160852
215.00460827629405 0.4580959544394836 39627800415568038 3 220-226-466 0.51407932589549 1.0 8 1.6725897592061092 1.0 [-1,-1] 1.0 1.0 1.0 0.0006865842838717192 0.13125169390769817 89.54190404556051 -215.00460827629405 1993.5207681020568 1993.5207681020568 385.26901753521366 -1955.894741194266 -12.98454274435071
214.99250192139746 0.46844453685838283 39627800411379890 3 220-226-466 0.5128817228226783 1.0 8 1.6885121140714798 1.0 [-1,-1] 1.0 1.0 1.0 0.0006865842838717192 0.13125169390769817 89.53155546314161 -214.99250192139746 1989.5296238027938 1989.5296238027938 408.1059381767134 -1947.208116243213 7.630154018674504
214.70613358014432 -0.25777725926897455 39627782287791252 3 220-226-466 0.5472194631798425 1.0 8 1.630146208716737 1.0 [-1,-1] 1.0 1.0 1.0 0.0007045118177349687 0.128340413101622 90.25777725926898 -214.70613358014432 2102.8232695067636 2102.8232695067636 746.5812060145485 -1389.762910855872 -1390.3385405052938
215.23997911246863 0.7611540218997966 39627806455371852 3 220-226-466 0.8952035727462929 1.0 8 1.72520418599432 1.0 [-1,-1] 1.0 1.0 1.0 0.0005275616701708153 0.16431404058018498 89.2388459781002 -215.23997911246863 3126.9586471057373 3126.9586471057373 -122.22348017670977 -2987.9741355316655 913.7518082043026
215.09666858148597 0.5408094954740794 39627800415570176 3 220-226-466 0.9291309222489441 1.0 8 1.658132860480009 1.0 [-1162053105827739657,-6052838105413591044] 0.78125 1.0 1.2772277227722773 0.0004951280553168204 0.17321314004730964 89.45919050452592 -215.09666858148597 3215.776287477972 3215.776287477972 327.85633333601123 -3189.6391070888585 244.80547854666767
214.81377915996595 -0.4185709381221217 39627776252184117 3 220-227-466 0.71402873674737 1.0 8 1.4971948834937387 1.0 [-1,-1] 1.0 1.0 1.0 0.0006167714992318164 0.14396928707710532 90.41857093812212 -214.81377915996595 2620.7587613053665 2620.7587613053665 625.1898038959915 -1541.4260067946532 -2025.2209903219007
216.1325363485689 1.1117981628853557 39627812511943422 2 220-466 0.8216756939782968 0.5555555555555556 8 1.7199692960797073 1.0 [-1,-1] 1.0 1.0 1.0 0.0006627118749498285 0.13533979738261318 88.88820183711465 -216.1325363485689 2928.1699569125158 2928.1699569125158 -1877.4096809379282 -1390.1155272631916 1765.528534843708
215.13008751424502 0.6383362625247405 39627806455369122 2 220-466 0.5536474377000471 0.5555555555555556 8 1.703560533193327 1.0 [-1,-1] 1.0 1.0 1.0 0.000677088223595666 0.13284793461577618 89.36166373747525 -215.13008751424502 2123.7707783888736 2123.7707783888736 144.23918783924816 -2086.82361001349 367.10297808683237
214.9219499926531 0.1715914096765027 39627794371580422 2 220-466 0.8988920766906386 0.5555555555555556 8 1.579341597535152 1.0 [-1,-1] 1.0 1.0 1.0 0.0005275616701708153 0.16431404058018498 89.82840859032349 -214.9219499926531 3136.7019841386623 3136.7019841386623 821.6594278618901 -2888.4102525420562 -906.0139816333012
216.3662881511796 0.9846976626661207 39627812516137663 2 220-466 0.957766309615735 0.5555555555555556 8 1.5860833746676786 0.5 [-1,-1] 1.0 1.0 1.0 0.00041974738576830407 0.19815580287489248 89.01530233733388 -216.3662881511796 3289.3584923050335 3289.3584923050335 -2625.0744681378687 -1121.035608258399 1634.6689244757322
214.96618124922745 0.4701294192380416 39627800411379133 2 220-466 0.8483646653696142 0.5555555555555556 8 1.7100279032636265 1.0 [-1,-1] 1.0 1.0 1.0 0.0006232532477076302 0.14268566385842998 89.52987058076197 -214.96618124922745 3001.342541396942 3001.342541396942 692.7452128359909 -2920.2545505399253 16.567466394488665
215.37833175415068 -2.0463435820945066 39627740021787265 1 221 0.9899636574301056 0.5555555555555556 8 1.7149005760395675 1.0 [-1,-1] 1.0 1.0 1.0 0.0003578035202613049 0.22475091060875194 92.04634358209451 -215.37833175415068 3370.6183118771173 3370.6183118771173 485.3198015342553 2678.6715024655205 -1987.523956202594
215.58908675377907 -2.150362371061598 39627733986183103 1 221 0.6932469432198929 0.5555555555555556 8 1.7054908854659616 0.3333333333333333 [-2161461618527778297,12062263533543027] 0.375 1.0 2.63265306122449 0.0005843703162771602 0.15074849413407446 92.1503623710616 -215.58908675377907 2559.0636337172655 2559.0636337172655 841.0844328856006 2046.2190387331866 -1286.2236600597719
214.92834391205406 -1.5518635228604285 39627752092995312 1 221 0.908801486982783 0.5555555555555556 8 1.6693645115501181 0.5 [-1,-1] 1.0 1.0 1.0 0.0005275616701708153 0.16431404058018498 91.55186352286043 -214.92834391205406 3162.772125215724 3162.772125215724 -364.6431245061871 1313.7034361392682 -2853.830091240162
217.63103317790976 -1.4888191024738526 39627752139131938 2 221-222 0.7981657208224464 1.0 8 1.6003201337917874 1.0 [-1,-1] 1.0 1.0 1.0 0.0007229154976227362 0.12548315978664992 91.48881910247385 -217.63103317790976 2862.730766424409 2862.730766424409 696.4269169014292 -810.8064722421755 -2655.712683069886
215.84379616215585 -0.5061764147987562 39627776268962479 7 221-222-223-224-225-226-227 0.9528171022890256 1.0 8 0.4657310028924849 0.5 [-1,-1] 1.0 1.0 1.0 0.00041974738576830407 0.19815580287489248 90.50617641479876 -215.84379616215585 3276.7300081156777 3276.7300081156777 -1111.8985246956286 -1478.8362446099616 -2704.3824763693024
214.97026855002824 -0.21783101768794988 39627782291986051 8 221-222-223-224-225-226-227-466 0.7913818816515529 1.0 8 1.3835252934243607 1.0 [-1,-1] 1.0 1.0 1.0 0.0007229154976227362 0.12548315978664992 90.21783101768796 -214.97026855002824 2843.6748069186388 2843.6748069186388 500.58124995600116 -2149.268961771238 -1793.473654577348
214.986838833943 -0.20632138550000895 39627782291986492 7 221-222-223-224-225-227-466 0.7152810135152721 1.0 8 1.370869408128201 1.0 [-1,-1] 1.0 1.0 1.0 0.0006167714992318164 0.14396928707710532 90.2063213855 -214.986838833943 2624.451557436806 2624.451557436806 433.04519294515836 -2009.452229858512 -1631.6615991424878
214.98323172838965 -0.20464121841767002 39627782291986405 7 221-222-223-224-225-227-466 0.8088993016283077 1.0 8 1.374807213349194 1.0 [-1,-1] 1.0 1.0 1.0 0.0007229154976227362 0.12548315978664992 90.20464121841766 -214.98323172838965 2892.7225365727977 2892.7225365727977 485.94364047213537 -2216.070410724899 -1794.6404616497493
216.82169331658406 -0.48535921330784426 39627776285738590 6 221-222-223-224-226-227 0.7976139806601402 1.0 8 0.5341178899960277 1.0 [-1,-1] 1.0 1.0 1.0 0.0007229154976227362 0.12548315978664992 90.48535921330785 -216.82169331658406 2861.1838329640764 2861.1838329640764 -1662.1428825666583 86.17645695571542 -2327.279008244298
215.55404264808084 -1.3141342512664156 39627758145373333 6 221-222-223-224-226-466 0.9312993761478803 1.0 8 1.0326072057026627 1.0 [-1,-1] 1.0 1.0 1.0 0.0004445766401596716 0.18918261239264766 91.31413425126641 -215.55404264808084 3221.3922683673277 3221.3922683673277 231.13553511326634 623.6059444467057 -3151.9930420537785
215.99316542419487 -0.537216622726744 39627776268966524 7 221-222-223-225-226-227-466 0.897603084985765 1.0 8 0.3131771509584751 1.0 [-1,-1] 1.0 1.0 1.0 0.0005275616701708153 0.16431404058018498 90.53721662272675 -215.99316542419487 3133.299498110802 3133.299498110802 -1203.9800099515046 -1183.2807707642337 -2639.6674976288546
217.56336723653618 -0.40920443467829476 39627776298321315 5 221-222-223-225-227 1.0921335845264653 1.0 8 1.277644100487307 1.0 [-1,-1] 1.0 1.0 1.0 4.689797466212482e-05 0.6886505109163528 90.4092044346783 -217.56336723653618 3618.5515133661374 3618.5515133661374 -1629.1307799724866 1655.6592402546798 -2774.64239800193
216.0318226108562 -0.5057612516848644 39627776273154809 3 221-222-224 0.6337732964863475 1.0 8 0.2842416946851958 1.0 [-1,-1] 1.0 1.0 1.0 0.000833303205902425 0.11070054926254569 90.50576125168486 -216.0318226108562 2378.129011709897 2378.129011709897 -993.9733636241917 -904.0759680765501 -1962.1827623053746
217.3061493737922 -1.7939628339153064 39627746095137893 4 221-222-224-225 1.0584468701648635 1.0 8 1.5612191930524253 1.0 [-1,-1] 1.0 1.0 1.0 0.0001568149373683449 0.39812733398474315 91.7939628339153 -217.3061493737922 3538.429921114912 3538.429921114912 1930.9527907177905 -1147.6658280135393 -2734.0027018769483
215.32435905865526 -1.303141394297984 39627758141179373 7 221-222-224-225-226-227-466 0.5166089688081763 1.0 8 1.202500968203808 1.0 [-1,-1] 1.0 1.0 1.0 0.0006865842838717192 0.13125169390769817 91.30314139429798 -215.32435905865526 2001.9415825184283 2001.9415825184283 48.94290748046384 388.6776964184531 -1963.2382280127372
215.99513034749356 0.4681341652439254 39627800428156282 7 221-222-224-225-226-227-466 0.43379146458232504 1.0 8 1.1107894872609005 1.0 [-1,-1] 1.0 1.0 1.0 0.0005288673958748294 0.16397488484989944 89.53186583475608 -215.99513034749356 1719.470793275745 1719.470793275745 -1228.703879781245 -1202.842405248022 6.060765297286745
217.10582595087544 -1.9408225076941021 39627740051147002 5 221-222-224-225-227 0.709207261017047 1.0 8 1.5642287546609752 1.0 [-1,-1] 1.0 1.0 1.0 0.0005843703162771602 0.15074849413407446 91.94082250769411 -217.10582595087544 2606.5145934562056 2606.5145934562056 1823.5943216976773 -636.7396132070581 -1750.1384918757383
217.09925038476368 -1.9703423044920347 39627740051146834 5 221-222-224-225-227 0.7617299850787307 1.0 8 1.58628098978954 1.0 [-1,-1] 1.0 1.0 1.0 0.0006416626200019751 0.139161677870846 91.97034230449204 -217.09925038476368 2759.4576620006146 2759.4576620006146 1985.8934495539406 -678.7920983428073 -1791.668240110322
215.91145922858254 -2.0699555826144773 39627740030176631 4 221-222-224-226 0.8931127598988687 1.0 8 1.5204088646691711 1.0 [-1,-1] 1.0 1.0 1.0 0.0005275616701708153 0.16431404058018498 92.06995558261448 -215.91145922858254 3121.426137317011 3121.426137317011 1675.7433189720293 1940.315307972891 -1780.5510285561795
217.18979282960748 -1.9183710993163439 39627740051148966 4 221-222-224-227 0.8614344442450497 1.0 8 1.5904138856747492 1.0 [-1,-1] 1.0 1.0 1.0 0.0006812235016579503 0.1321480675826358 91.91837109931635 -217.18979282960748 3036.7495930862538 3036.7495930862538 2012.580832575745 -898.5213163066303 -2089.025114162309
217.09233905631132 -0.4433664235451246 39627776289933192 5 221-222-225-226-227 0.6182504609501497 1.0 8 0.8076402792060566 1.0 [-1,-1] 1.0 1.0 1.0 0.0007214233604467519 0.12571007283523317 90.44336642354513 -217.09233905631132 2329.8159677437225 2329.8159677437225 -1359.7500168718188 454.30088927680026 -1836.5002143133593
217.70914720698073 -1.2691945671854694 39627758178931759 4 221-222-225-227 1.0247184841656993 1.0 8 1.5597968812936975 1.0 [-5188146771804553217,-67108865] 0.96875 1.0 1.032 0.00020304675497218746 0.33812883710054276 91.26919456718547 -217.70914720698073 3456.621806299851 3456.621806299851 331.18746208276235 -452.76385560064057 -3410.7996229342566
214.7456036550119 -0.6679806287659827 39627770208196509 4 221-223-226-466 0.9872866333702609 1.0 8 1.5557870171481578 1.0 [-1,-1] 1.0 1.0 1.0 0.0003578035202613049 0.22475091060875194 90.66798062876599 -214.7456036550119 3363.9206831307583 3363.9206831307583 625.3404568434036 -1283.090306362934 -3046.0779604513186
216.50075991229238 -0.339981479216331 39627782321340467 4 221-223-227-466 0.5226997430152502 1.0 8 0.32849869470820053 1.0 [-1,-1] 1.0 1.0 1.0 0.0006865842838717192 0.13125169390769817 90.33998147921633 -216.50075991229238 2022.1640724295462 2022.1640724295462 -1351.7048384529326 -372.8341913694806 -1457.0642509078466
214.90748067204717 -1.5605025697624009 39627752092994876 2 221-224 0.7463262150384526 0.8 8 1.691431515072223 1.0 [-1,-1] 1.0 1.0 1.0 0.0007126833197713517 0.12705585074725267 91.5605025697624 -214.90748067204717 2715.107096868227 2715.107096868227 -342.5619364171236 1141.2125492599935 -2439.6909198900316
215.23486327610152 -1.937480879708865 39627740017596147 2 221-224 0.6774360826838721 0.8 8 1.7096091796829542 1.0 [-1307178657261289489,-10995117350977] 0.875 1.0 1.1415929203539823 0.0007209928471550773 0.12577569469930108 91.93748087970887 -215.23486327610152 2511.600412163494 2511.600412163494 66.35347728016997 1854.3936686933453 -1692.618671745854
216.95370950807407 -2.073583516297089 39627740046954875 2 221-224 0.7250677075305391 0.8 8 1.6119951414603295 0.5 [-1,-1] 1.0 1.0 1.0 0.0006167714992318164 0.14396928707710532 92.07358351629709 -216.95370950807407 2653.2145792102338 2653.2145792102338 2147.8817886027796 -399.3235954162223 -1505.5537491787275
216.00608230455262 -2.18354745180991 39627733994569936 2 221-224 1.0762928037429518 0.8 8 1.6105755725067792 1.0 [-1,-1] 1.0 1.0 1.0 0.0001075182622224553 0.4910338705006151 92.18354745180991 -216.00608230455262 3581.070022659464 3581.070022659464 2277.7539554321525 2181.4759522508816 -1696.19046555938
216.91604232809632 -2.0449214814543537 39627740046954186 2 221-224 0.5887568105673158 0.8 8 1.5706953730935485 1.0 [-1,-1] 1.0 1.0 1.0 0.0006621615122706149 0.13543705131792066 92.04492148145435 -216.91604232809632 2236.7527311008052 2236.7527311008052 1785.3980386094715 -262.8083796224099 -1321.4947519444058
214.91123567197448 -1.5225151757357367 39627752092994965 2 221-224 0.8103335743315175 0.8 8 1.6670324737286182 1.0 [-893969066887225860,9181660345267996381] 0.7734375 1.0 1.29 0.0006627118749498285 0.13533979738261318 91.52251517573573 -214.91123567197448 2896.7154788731254 2896.7154788731254 -332.5759490831979 1123.2452282135596 -2649.278007482423
215.29168480693346 -1.960334152663933 39627740021785415 2 221-224 0.9733507792021536 0.8 8 1.6931193835901301 1.0 [6585399579831019757,-8663057763603231945] 0.5234375 1.0 1.8970588235294117 0.0003578035202613049 0.22475091060875194 91.96033415266393 -215.29168480693346 3328.8834978302107 3328.8834978302107 232.0654467671145 2499.2639107812256 -2186.6163071763676
215.3297899235979 -2.0039683746271257 39627740021786258 2 221-224 0.9745430908569979 0.8 8 1.7064295014406432 1.0 [9077650944493684675,-1681017799968499585] 0.5390625 1.0 1.8428571428571427 0.0003578035202613049 0.22475091060875194 92.00396837462712 -215.3297899235979 3331.892456125341 3331.892456125341 339.5341525982079 2583.140588293979 -2076.9228679738235
