data_rosette/LRG_12_clustering_data.ecsv
# %ECSV 1.0
# ---
# datatype:
# - {name: RA, unit: deg, datatype: float64}
# - {name: DEC, unit: deg, datatype: float64}
# - {name: TARGETID, datatype: int64}
# - {name: NTILE, datatype: int64}
# - {name: TILES, datatype: string}
# - {name: Z, datatype: float64}
# - {name: COMP_TILE, datatype: float64}
# - {name: ROSETTE_NUMBER, datatype: int32}
# - {name: ROSETTE_R, unit: deg, datatype: float64}
# - {name: FRACZ_TILELOCID, datatype: float64}
# - {name: BITWEIGHTS, datatype: string, subtype: 'int64[2]'}
# - {name: PROB_OBS, datatype: float64}
# - {name: WEIGHT_ZFAIL, datatype: float64}
# - {name: WEIGHT, datatype: float64}
# - {name: NZ, unit: h3 / Mpc3, datatype: float64}
# - {name: WEIGHT_FKP, datatype: float64}
# - {name: theta, unit: deg, datatype: float64}
# - {name: phi, unit: deg, datatype: float64}
# - {name: rho, unit: Mpc, datatype: float64}
# - {name: r, unit: Mpc, datatype: float64}
# - {name: x, unit: Mpc, datatype: float64}
# - {name: y, unit: Mpc, datatype: float64}
# - {name: z, unit: Mpc, datatype: float64}
# meta: !!omap
# - {EXTNAME: LSS}
# - {DESIDR: edr}
# - comments: ['Visit https://desidatamodel.readthedocs.io/en/latest/ for a more complet', e description]
# schema: astropy-2.0
RA DEC TARGETID NTILE TILES Z COMP_TILE ROSETTE_NUMBER ROSETTE_R FRACZ_TILELOCID BITWEIGHTS PROB_OBS WEIGHT_ZFAIL WEIGHT NZ WEIGHT_FKP theta phi rho r x y z
[from data line 3362]
240.39961506480057 43.284844622750235 39633136493004598 10 326-327-328-329-330-331-332-333-334-335 0.8793325809041804 0.9285714285714286 12 0.5008206006396639 1.0 [-1,-1] 1.0 1.0 1.0 0.0005346154933450218 0.1621399955636538 46.715155377249765 119.60038493519943 3084.788832583725 3084.788832583725 1196.5297147572633 267.39654658228756 -2830.67798772874
239.72575496220702 42.972281980238755 39633132068012804 10 326-327-328-329-330-331-332-333-334-335 0.8764966177897531 0.9285714285714286 12 1.0768950894149858 1.0 [-1,-1] 1.0 1.0 1.0 0.0005346154933450218 0.1621399955636538 47.027718019761245 120.27424503779298 3077.211313376857 3077.211313376857 185.1253492051666 230.30402232487134 -3062.991695966082
241.10492859963037 44.220997204682604 39633154000029468 10 326-327-328-329-330-331-332-333-334-335 0.6754544590380008 0.9285714285714286 12 0.7720145599286765 1.0 [-1,-1] 1.0 1.0 1.0 0.0008053318504768218 0.11384060807160488 45.779002795317396 118.89507140036963 2505.6194203604014 2505.6194203604014 2159.8233904931326 -1139.4300500658314 -561.2403786016456
241.05501047825055 44.14984415270816 39633154000029018 10 326-327-328-329-330-331-332-333-334-335 1.033629854342376 0.9285714285714286 12 0.6998534958060019 1.0 [-1,-1] 1.0 1.0 1.0 0.00017557006270178804 0.37077784677498654 45.85015584729184 118.94498952174945 3478.3930386948277 3478.3930386948277 3015.5419419316822 -1403.2307332663668 -1018.1691594761022
239.50670206854687 43.97278623474457 39633149633760680 10 326-327-328-329-330-331-332-333-334-335 0.6514877055922453 0.9285714285714286 12 1.231937664158698 1.0 [-1,-1] 1.0 1.0 1.0 0.0006371005092682059 0.1397016056866948 46.02721376525543 120.49329793145313 2432.70788206035 2432.70788206035 957.0234154051277 1941.286189297166 -1110.6672557741792
242.50671277106352 43.543837708723174 39633140917997575 10 326-327-328-329-330-331-332-333-334-335 0.7601849655590298 0.9285714285714286 12 1.060860436127072 1.0 [-1,-1] 1.0 1.0 1.0 0.0007242712797402853 0.12498917450484462 46.456162291276826 117.49328722893648 2755.0279087050535 2755.0279087050535 -530.8534305987248 -1621.223137961742 -2163.3328338244182
239.2462685215178 43.485757131923926 39633140880246679 10 326-327-328-329-330-331-332-333-334-335 0.9157868474289875 0.9285714285714286 12 1.3095390607576463 1.0 [-1,-1] 1.0 1.0 1.0 0.00042618922305278896 0.1953324009783564 46.514242868076074 120.7537314784822 3181.0571880941293 3181.0571880941293 357.54617332457735 1785.965106217561 -2607.9904538244723
241.58496000659096 44.3710468401841 39633154004225205 10 326-327-328-329-330-331-332-333-334-335 0.5304579061485187 0.9285714285714286 12 0.9984218574166577 1.0 [-1,-1] 1.0 1.0 1.0 0.0006094867785671962 0.14511252611805409 45.6289531598159 118.41503999340904 2047.8148202832501 2047.8148202832501 1161.8995087958126 -1679.121426582148 -155.1976302154848
239.86062228096807 42.99976586827592 39633132068014274 10 326-327-328-329-330-331-332-333-334-335 0.8885892682098296 0.9285714285714286 12 0.9766232014463002 1.0 [-1,-1] 1.0 1.0 1.0 0.0005346154933450218 0.1621399955636538 47.00023413172408 120.13937771903193 3109.4328217463626 3109.4328217463626 278.2908642950733 263.8971207500659 -3085.690356705169
242.42351221539087 44.363942668326054 39633154016806014 10 326-327-328-329-330-331-332-333-334-335 0.602961136083371 0.9285714285714286 12 1.3470110200629521 1.0 [-1,-1] 1.0 1.0 1.0 0.0006106036532175123 0.14488555312656437 45.636057331673946 117.57648778460913 2281.7811614726324 2281.7811614726324 -525.5691439511243 -2212.362531267612 -189.08827044806344
241.12223109553543 44.230811573869666 39633154000029676 10 326-327-328-329-330-331-332-333-334-335 0.6745987940324433 0.9285714285714286 12 0.7825476243876971 1.0 [-1,-1] 1.0 1.0 1.0 0.0008053318504768218 0.11384060807160488 45.769188426130334 118.87776890446457 2503.034596805113 2503.034596805113 2142.2973013848455 -1178.0088289532305 -536.6932682555122
240.79258816224572 42.03911261875215 39633114229638432 10 326-327-328-329-330-331-332-333-334-335 0.6774300336259429 0.9285714285714286 12 1.4234931780543127 1.0 [-1,-1] 1.0 1.0 1.0 0.0008053318504768218 0.11384060807160488 47.96088738124785 119.20741183775428 2511.5821657059446 2511.5821657059446 -1837.3136240806543 321.2710988145045 -1681.995393253589
239.63073527963584 42.6369137825607 39633127630441006 11 326-327-328-329-330-331-332-333-334-335-478 1.0507816156584846 0.9404761904761905 12 1.3179172792557412 1.0 [-1,-1] 1.0 1.0 1.0 0.00014839258087788972 0.41078905010633954 47.3630862174393 120.36926472036416 3519.978824196744 3519.978824196744 -458.46103871481705 -696.6372357602805 -3419.760365950559
239.71312403607263 43.55293487597404 39633140884442703 11 326-327-328-329-330-331-332-333-334-335-478 0.560391451169178 0.9404761904761905 12 0.9751491086305705 1.0 [-1,-1] 1.0 1.0 1.0 0.0006724560872077301 0.13333590500666823 46.44706512402596 120.28687596392737 2145.660484417219 2145.660484417219 828.6573131991092 1057.978515761389 -1672.6827050754414
241.92663924642707 42.66660115729512 39633127659799811 11 326-327-328-329-330-331-332-333-334-335-478 0.6075073783107658 0.9404761904761905 12 1.0119084645525775 1.0 [-1,-1] 1.0 1.0 1.0 0.0006106036532175123 0.14488555312656437 47.33339884270488 118.07336075357293 2296.110931884845 2296.110931884845 -124.44468388961238 461.0447197759924 -2245.902201463675
240.62017852967872 44.79754593632062 39633162627714739 11 326-327-328-329-330-331-332-333-334-335-478 0.8968789186865996 0.9404761904761905 12 1.3824113737746777 1.0 [-1,-1] 1.0 1.0 1.0 0.0005723615213970424 0.15308410280969617 45.20245406367938 119.37982147032128 3131.386803755559 3131.386803755559 2940.851428997646 -2.056732103046599 1075.6263092496465
240.67713497273581 44.36165598104006 39633153995834401 11 326-327-328-329-330-331-332-333-334-335-478 0.9518622019651333 0.9404761904761905 12 0.9504100590322878 1.0 [-1,-1] 1.0 1.0 1.0 0.0003767415448896098 0.21544643941305056 45.63834401895994 119.32286502726419 3274.289205917245 3274.289205917245 3256.9772905680475 -187.99201444647065 -278.79694262053795
240.75841396192016 42.25814341670627 39633118721739223 11 326-327-328-329-330-331-332-333-334-335-478 0.7791840818045231 0.9404761904761905 12 1.2108710860516363 1.0 [-1,-1] 1.0 1.0 1.0 0.0007064174578981374 0.12774458208408304 47.74185658329373 119.24158603807984 2809.213626303251 2809.213626303251 -1611.9164202009204 225.40346442532243 -2289.6724505307684
241.0479909167508 42.27185004214125 39633118725932447 11 326-327-328-329-330-331-332-333-334-335-478 0.7556249616498781 0.9404761904761905 12 1.178150878152476 1.0 [-1,-1] 1.0 1.0 1.0 0.0007242712797402853 0.12498917450484462 47.72814995785875 118.95200908324921 2741.9296167195907 2741.9296167195907 -1416.9850573298197 647.3084970684072 -2256.396037926651
239.4230393685783 42.94802808236628 39633132063818904 11 326-327-328-329-330-331-332-333-334-335-478 0.6465972266414216 0.9404761904761905 12 1.2878462273727789 1.0 [-1,-1] 1.0 1.0 1.0 0.0007982518636535506 0.11473445525619816 47.05197191763372 120.57696063142171 2417.6989023979077 2417.6989023979077 63.52701007352502 161.69422898245617 -2411.4492070041483
239.65861301718977 42.68554305714145 39633127630441414 11 326-327-328-329-330-331-332-333-334-335-478 0.6876374744838228 0.9404761904761905 12 1.2718224588439737 1.0 [-1,-1] 1.0 1.0 1.0 0.0008053318504768218 0.11384060807160488 47.31445694285855 120.34138698281023 2542.2766134211993 2542.2766134211993 -275.83525012618156 -394.71859236549255 -2496.253698400303
241.27389359171144 42.944795783986166 39633132084792086 11 326-327-328-329-330-331-332-333-334-335-478 0.902547858560083 0.9404761904761905 12 0.5309151433352609 1.0 [-1,-1] 1.0 1.0 1.0 0.0005723615213970424 0.15308410280969617 47.055204216013834 118.72610640828856 3146.337734969522 3146.337734969522 171.32631899861244 -131.4404335919255 -3138.918897857779
241.4042357285687 42.83283878440774 39633127651413443 11 326-327-328-329-330-331-332-333-334-335-478 0.6521377698853086 0.9404761904761905 12 0.6690998427285733 1.0 [-1,-1] 1.0 1.0 1.0 0.0006371005092682059 0.1397016056866948 47.16716121559226 118.5957642714313 2434.6995783953616 2434.6995783953616 -74.52026193038564 74.42469906613518 -2432.4205499397704
240.94560632593561 42.88508659949459 39633132080598116 11 326-327-328-329-330-331-332-333-334-335-478 0.5405982679957799 0.9404761904761905 12 0.570021320507913 1.0 [-1,-1] 1.0 1.0 1.0 0.0006094867785671962 0.14511252611805409 47.11491340050541 119.05439367406439 2081.1604814981024 2081.1604814981024 17.696408986371054 -5.984985101124664 -2081.0766364580954
240.8407754293812 42.74543938090183 39633127647216368 11 326-327-328-329-330-331-332-333-334-335-478 0.8891905260575883 0.9404761904761905 12 0.7209329743106674 1.0 [-1,-1] 1.0 1.0 1.0 0.0005346154933450218 0.1621399955636538 47.25456061909817 119.15922457061879 3111.0288303043126 3111.0288303043126 -395.4794515476771 88.9753242598608 -3084.5064075247146
240.3568724781869 43.386983171517215 39633140892830389 11 326-327-328-329-330-331-332-333-334-335-478 0.7761744913899766 0.9404761904761905 12 0.5073821816650103 1.0 [-1,-1] 1.0 1.0 1.0 0.0007064174578981374 0.12774458208408304 46.613016828482785 119.64312752181311 2800.671745907431 2800.671745907431 1322.4112143846178 355.4834929263519 -2443.076399675389
242.1044791289829 44.44861283704868 39633158336940824 11 326-327-328-329-330-331-332-333-334-335-478 0.6817049833681471 0.9404761904761905 12 1.2543977106353377 1.0 [-1,-1] 1.0 1.0 1.0 0.0008053318504768218 0.11384060807160488 45.55138716295132 117.89552087101711 2524.460437862884 2524.460437862884 216.3235831264438 -2515.171178068527 4.307520351503974
239.63928242461168 43.02424082987378 39633132063821211 11 326-327-328-329-330-331-332-333-334-335-478 1.0531748249251562 0.9404761904761905 12 1.1124224572465065 0.5 [-1,-1] 1.0 1.0 1.0 0.00014839258087788972 0.41078905010633954 46.97575917012622 120.36071757538832 3525.7483750986767 3525.7483750986767 289.7691344353534 432.2174773063142 -3487.1368636103907
239.645907474148 43.01947135229314 39633132063821297 11 326-327-328-329-330-331-332-333-334-335-478 0.7091520390146528 0.9404761904761905 12 1.109843399244671 1.0 [-1,-1] 1.0 1.0 1.0 0.0005639081233901963 0.1550231922816235 46.98052864770686 120.354092525852 2606.3512081310464 2606.3512081310464 209.40268309827778 307.91334954737056 -2579.613634947669
240.96748273591663 42.42021705706602 39633123197059869 11 326-327-328-329-330-331-332-333-334-335-478 0.6053947336152046 0.9404761904761905 12 1.0315533369836327 1.0 [-1,-1] 1.0 1.0 1.0 0.0006106036532175123 0.14488555312656437 47.57978294293398 119.03251726408337 2289.456801555967 2289.456801555967 -947.5442205071373 343.73843383867353 -2055.6303863964786
239.2888017681588 42.85001984735515 39633127626246514 11 326-327-328-329-330-331-332-333-334-335-478 0.8447566623463639 0.9404761904761905 12 1.4180456143213354 1.0 [-1,-1] 1.0 1.0 1.0 0.0006366829495309179 0.1397804201853648 47.14998015264485 120.7111982318412 2991.519112429722 2991.519112429722 -18.559547614545902 -75.80190489025676 -2990.50099723101
241.032985737955 42.2666962725122 39633118725932256 11 326-327-328-329-330-331-332-333-334-335-478 0.7402069663389838 0.9404761904761905 12 1.1833694456018637 1.0 [-1,-1] 1.0 1.0 1.0 0.0006073340474539246 0.1455520198534496 47.7333037274878 118.96701426204501 2697.3731857768344 2697.3731857768344 -1413.8139712143916 620.3908544214821 -2211.8018324201294
241.33562540962578 42.77197603989555 39633127651412535 11 326-327-328-329-330-331-332-333-334-335-478 0.7287658576757511 0.9404761904761905 12 0.7093611968081664 1.0 [-1,-1] 1.0 1.0 1.0 0.0005823912580269674 0.15084542533972659 47.22802396010445 118.66437459037422 2664.038957494206 2664.038957494206 -208.8894160497159 181.7907326148577 -2649.6076895352976
241.3385898172408 42.77300616968064 39633127651412583 11 326-327-328-329-330-331-332-333-334-335-478 0.7300778224347719 0.9404761904761905 12 0.7090161253680854 1.0 [-1,-1] 1.0 1.0 1.0 0.0006073340474539246 0.1455520198534496 47.22699383031936 118.6614101827592 2667.87319959629 2667.87319959629 -206.59279192939366 180.87109096653018 -2653.705423723504
241.50953488743622 44.32244227793672 39633154004224440 11 326-327-328-329-330-331-332-333-334-335-478 0.7655775672212102 0.9404761904761905 12 0.9331866734852275 1.0 [-1,-1] 1.0 1.0 1.0 0.0007242712797402853 0.12498917450484462 45.67755772206328 118.49046511256378 2770.471121659494 2770.471121659494 1730.159573083459 -2136.297454219263 -343.9349861720633
240.32765817994846 43.462562081750576 39633140892829989 11 326-327-328-329-330-331-332-333-334-335-478 0.8801681762176781 0.9404761904761905 12 0.524496305604748 1.0 [-1,-1] 1.0 1.0 1.0 0.0005346154933450218 0.1621399955636538 46.537437918249424 119.67234182005154 3087.0190391134392 3087.0190391134392 1636.1570779800106 491.49669342768885 -2571.207413721115
239.66827950210757 43.26295269827181 39633136484615604 11 326-327-328-329-330-331-332-333-334-335-478 0.8320250808502883 0.9404761904761905 12 1.0218952461927582 1.0 [-1,-1] 1.0 1.0 1.0 0.0006366829495309179 0.1397804201853648 46.73704730172819 120.33172049789243 2956.684287396691 2956.684287396691 647.7534185484787 908.1076169552182 -2738.1997809007935
240.24053776578336 43.004987949254264 39633132072208928 11 326-327-328-329-330-331-332-333-334-335-478 0.4386437844493805 0.9404761904761905 12 0.7388494175928887 1.0 [-1,-1] 1.0 1.0 1.0 0.0006285113834356281 0.1413409039925048 46.995012050745736 119.75946223421664 1736.4112308163385 1736.4112308163385 207.3336986586169 82.55732600537142 -1722.0107397541085
240.66972587441563 44.802295129743584 39633162627715337 11 326-327-328-329-330-331-332-333-334-335-478 0.7374370673133016 0.9404761904761905 12 1.3795644736805153 1.0 [-1,-1] 1.0 1.0 1.0 0.0006073340474539246 0.1455520198534496 45.197704870256416 119.33027412558437 2689.3241855787023 2689.3241855787023 2518.0898281043083 -126.63232026121081 935.7630299394333
241.80658391095855 43.84895901112872 39633145296847844 11 326-327-328-329-330-331-332-333-334-335-478 0.7918015197893779 0.9404761904761905 12 0.6773911877576725 1.0 [-1,-1] 1.0 1.0 1.0 0.0008239664519383997 0.11155322342262282 46.15104098887128 118.19341608904145 2844.855848959205 2844.855848959205 880.1825145947143 -2180.290989162747 -1601.5039010051944
240.62659836634762 43.28932068115012 39633136497197810 11 326-327-328-329-330-331-332-333-334-335-478 0.8988100934909383 0.9404761904761905 12 0.34720338652781874 1.0 [-1,-1] 1.0 1.0 1.0 0.0005723615213970424 0.15308410280969617 46.71067931884988 119.37340163365238 3136.485655218091 3136.485655218091 1259.4291403159632 -8.966282891492977 -2872.507634747549
239.47476935189218 43.212655772691704 39633136480422987 11 326-327-328-329-330-331-332-333-334-335-478 0.4675574415315568 0.9404761904761905 12 1.1701229990869875 1.0 [-1,-1] 1.0 1.0 1.0 0.0005330850268982689 0.1625298359500762 46.787344227308296 120.52523064810782 1836.3402140374578 1836.3402140374578 250.63628232695353 552.1926028617128 -1733.3234450088266
240.03791468391816 44.69954181806591 39633162623517179 11 326-327-328-329-330-331-332-333-334-335-478 0.438999634091812 0.9404761904761905 12 1.4456710034465086 1.0 [-1,-1] 1.0 1.0 1.0 0.0006285113834356281 0.1413409039925048 45.30045818193409 119.96208531608184 1737.6516410665888 1737.6516410665888 1405.8987233792263 924.2473396642562 434.33726575740195
242.08921519915023 44.47706455237396 39633158336940654 11 326-327-328-329-330-331-332-333-334-335-478 0.8967835189475551 0.9404761904761905 12 1.270556431204781 1.0 [-1,-1] 1.0 1.0 1.0 0.0005723615213970424 0.15308410280969617 45.52293544762604 117.91078480084977 3131.134768826568 3131.134768826568 315.7513911781288 -3113.742425752942 94.41454119925827
