data_rosette/LRG_14_clustering_data.ecsv
# %ECSV 1.0
# ---
# datatype:
# - {name: RA, unit: deg, datatype: float64}
# - {name: DEC, unit: deg, datatype: float64}
# - {name: TARGETID, datatype: int64}
# - {name: NTILE, datatype: int64}
# - {name: TILES, datatype: string}
# - {name: Z, datatype: float64}
# - {name: COMP_TILE, datatype: float64}
# - {name: ROSETTE_NUMBER, datatype: int32}
# - {name: ROSETTE_R, unit: deg, datatype: float64}
# - {name: FRACZ_TILELOCID, datatype: float64}
# - {name: BITWEIGHTS, datatype: string, subtype: 'int64[2]'}
# - {name: PROB_OBS, datatype: float64}
# - {name: WEIGHT_ZFAIL, datatype: float64}
# - {name: WEIGHT, datatype: float64}
# - {name: NZ, unit: h3 / Mpc3, datatype: float64}
# - {name: WEIGHT_FKP, datatype: float64}
# - {name: distance, unit: Mpc, datatype: float64}
# - {name: x, unit: Mpc, datatype: float64}
# - {name: y, unit: Mpc, datatype: float64}
# - {name: z, unit: Mpc, datatype: float64}
# meta: !!omap
# - {EXTNAME: LSS}
# - {DESIDR: edr}
# - comments: ['Visit https://desidatamodel.readthedocs.io/en/latest/ for a more complet', e description]
# schema: astropy-2.0
RA DEC TARGETID NTILE TILES Z COMP_TILE ROSETTE_NUMBER ROSETTE_R FRACZ_TILELOCID BITWEIGHTS PROB_OBS WEIGHT_ZFAIL WEIGHT NZ WEIGHT_FKP distance x y z
[from data line 3447]
254.00692636903426 35.59660213978324 39632991743381577 3 379-384-436 0.7256376320554817 1.0 14 1.6505576876274686 1.0 [-563224866981953,-2386908352262193161] 0.90625 1.0 1.1025641025641026 0.0005823912580269674 0.15084542533972659 2654.8843175414095 -594.7895753534792 -2075.2245454003255 1545.3411231007076
254.07294178892067 33.557905193225174 39632951855549824 2 379-385 0.651173395794204 0.8 14 1.6083369440368773 1.0 [-1,-1] 1.0 1.0 1.0 0.0006371005092682059 0.1397016056866948 2431.7446026464927 -556.0822032170481 -1948.6485354309589 1344.2184648071163
253.9961804154563 33.56256892711579 39632951855548541 2 379-385 0.8798844224771535 0.8 14 1.5543814531961786 1.0 [-77130063176286225,-2882866986348445697] 0.8671875 1.0 1.1517857142857142 0.0005346154933450218 0.1621399955636538 3086.2618245719545 -709.0291742966554 -2472.05659771068 1706.2314782940537
254.4708921532122 34.768226455159166 39632976908126055 2 379-385 0.6025589474298764 0.8 14 1.6436505105695158 1.0 [-1,-1] 1.0 1.0 1.0 0.0006106036532175123 0.14488555312656437 2280.511551035082 -501.55118797249105 -1804.9738436558698 1300.4802051419215
254.53360628386383 34.39066070527973 39632971929487526 2 379-385 0.8225269821127048 0.8 14 1.6805783145938016 1.0 [-1,-1] 1.0 1.0 1.0 0.000762533893525711 0.11946670068019369 2930.5221190667744 -644.8911304990888 -2330.7099899781265 1655.254138420861
254.47999828784336 34.4913224396201 39632971929486612 2 379-385 0.9962340397230968 0.8 14 1.631850385185993 1.0 [-1,-1] 1.0 1.0 1.0 0.00023297360745577845 0.30751381291380364 3386.2649008157564 -746.8011631356877 -2689.232091776477 1917.5788791586763
253.83917839894232 35.724970723943954 39632996663298045 2 379-385 0.6777468370516543 0.8 14 1.6433196389526634 1.0 [-1,-1] 1.0 1.0 1.0 0.0008053318504768218 0.11384060807160488 2512.5376853143352 -567.732948918133 -1959.1489469828487 1467.0583909215861
254.47735796317542 34.48966959273758 39632971929486563 2 379-385 0.704039932375841 0.8 14 1.6297002366885172 1.0 [-1,-1] 1.0 1.0 1.0 0.0005639081233901963 0.1550231922816235 2591.202227475382 -571.5655358464342 -2057.8405164340274 1467.2880531199373
253.9290412738362 35.717708422079596 39632996663299633 2 379-385 0.7803958866158011 0.8 14 1.6879939326249485 1.0 [-1,-1] 1.0 1.0 1.0 0.0007064174578981374 0.12774458208408304 2812.6486031320387 -632.1630846122341 -2194.354262821678 1642.0022437227312
253.9894381190682 35.63655585092163 39632996663300660 2 379-385 0.9932122850474522 0.8 14 1.6666468260290395 1.0 [-1492981072871342357,-1777814388215908482] 0.6953125 1.0 1.4333333333333333 0.00023297360745577845 0.30751381291380364 3378.7318710664877 -757.3851028339974 -2639.4792927963463 1968.5898316980313
254.0080420317708 33.55262077430934 39632951855548715 2 379-385 0.6037516885179214 0.8 14 1.5682809876968904 1.0 [-1,-1] 1.0 1.0 1.0 0.0006106036532175123 0.14488555312656437 2284.2758348226266 -524.4647544352206 -1829.9953441292191 1262.525188412173
251.71921503800166 35.31524893925316 39632986777324519 8 379-385-386-387-388-389-436-437 0.7555403728814183 1.0 14 1.0366288670490662 1.0 [-1,-1] 1.0 1.0 1.0 0.0007242712797402853 0.12498917450484462 2741.686299078479 -701.7426133445891 -2124.2630952132786 1584.8997979323026
252.91482107619217 33.4499561073387 39632951838772985 7 379-385-386-387-389-436-437 0.8444125896912157 1.0 14 1.1049536722165398 1.0 [-1,-1] 1.0 1.0 1.0 0.0006366829495309179 0.1397804201853648 2990.581200163675 -733.0854074206488 -2385.126503596037 1648.4335782927535
254.00074814454572 33.492843217170446 39632951855548619 3 379-385-387 0.885523055067736 1.0 14 1.6007337943009794 1.0 [-1,-1] 1.0 1.0 1.0 0.0005346154933450218 0.1621399955636538 3101.2847831828526 -712.8570301449732 -2486.1504238733087 1711.3907300347778
254.03567152029137 33.61092470940737 39632951855549160 3 379-385-387 0.8308238595327797 1.0 14 1.5521238674970208 0.3333333333333333 [-1,-1] 1.0 1.0 1.0 0.0006366829495309179 0.1397804201853648 2953.3838292767878 -676.4922424768077 -2364.7644011277025 1634.8466643882728
254.00638548333663 33.51940678896422 39632951855548691 3 379-385-387 0.5828486952345543 1.0 14 1.5876760643953076 1.0 [-1,-1] 1.0 1.0 1.0 0.0005369919189708607 0.1615383650856205 2217.9087978609928 -509.4741091199249 -1777.494995567432 1224.7722680149109
254.0581616363486 33.613987935326236 39632951855549561 3 379-385-387 0.4134722511837664 1.0 14 1.5656780579383363 1.0 [-1,-1] 1.0 1.0 1.0 0.0005613841910631427 0.1556117057517016 1647.9969292002586 -376.9532940464848 -1319.6467169094892 912.3226596500788
254.35887913798086 34.478376063714265 39632971925295196 4 379-385-387-388 1.0791348039520812 1.0 14 1.5322806546329586 1.0 [-1,-1] 1.0 1.0 1.0 0.00012850791192818028 0.44600300211103894 3587.819903985511 -797.3969569916062 -2848.061765633622 2031.0474971184256
254.12125327743024 35.21895373874499 39632986810878895 5 379-385-387-388-436 0.7893869529319346 1.0 14 1.5121427895028332 1.0 [-1,-1] 1.0 1.0 1.0 0.0007064174578981374 0.12774458208408304 2838.0561196373833 -634.3641857763627 -2230.0920998028287 1636.714344170205
253.0850111183309 33.031017100125304 39632941726305008 4 379-385-387-437 0.8056731544412902 1.0 14 1.5473841195641629 1.0 [-1,-1] 1.0 1.0 1.0 0.0008239664519383997 0.11155322342262282 2883.7284628148777 -703.4205900150746 -2313.054119079119 1571.9001122853263
252.7557545538349 36.08078694825671 39633001553854768 4 379-385-388-436 0.5468136836778216 1.0 14 1.594509130412994 0.3333333333333333 [1766716898793535782,-8232944982506824319] 0.4375 1.0 2.263157894736842 0.0006094867785671962 0.14511252611805409 2101.4981690232703 -503.4845966225265 -1622.0606244901624 1237.6256081103825
253.0177056122584 35.85875010212269 39632996650716601 4 379-385-388-436 0.6728397842505219 1.0 14 1.4231074020239136 1.0 [-1,-1] 1.0 1.0 1.0 0.0008053318504768218 0.11384060807160488 2497.7166853176996 -591.2522562178065 -1936.0385759663895 1463.135004707981
251.51944955576667 34.943611270175026 39632981828046516 5 379-385-388-436-437 0.45981140875258747 1.0 14 0.9199560422446351 1.0 [-1,-1] 1.0 1.0 1.0 0.0005330850268982689 0.1625298359500762 1809.738779331042 -470.23502111585475 -1406.9713842680164 1036.5640347714766
252.91877194130723 36.05698705771403 39633001553857411 3 379-385-436 0.5368399761020194 1.0 14 1.594071240911876 1.0 [-1,-1] 1.0 1.0 1.0 0.0006094867785671962 0.14511252611805409 2068.8255846932534 -491.2600735157285 -1598.7294012082777 1217.689263220681
253.88168976998855 35.78446038658525 39632996663298840 3 379-385-436 0.9866865585864952 1.0 14 1.710622908022337 1.0 [-1,-1] 1.0 1.0 1.0 0.00030269805442075816 0.25472307248715254 3362.417911029397 -757.260009075721 -2620.445515062643 1966.1324445860737
254.28735180534238 35.211515487576854 39632986815070666 3 379-385-436 0.7756045264215515 1.0 14 1.6301246803797218 1.0 [-1,-1] 1.0 1.0 1.0 0.0007064174578981374 0.12774458208408304 2799.052306166019 -619.3240414836077 -2201.4498172684403 1613.9238663401918
253.02967355581717 35.88708646281902 39633001553859141 3 379-385-436 0.41089487143696357 1.0 14 1.4530480306462095 1.0 [-3137854673904922303,-1512864081684496068] 0.4296875 1.0 2.3035714285714284 0.0005613841910631427 0.1556117057517016 1638.8688762809188 -387.54430832557006 -1269.9522976473565 960.6881723155213
253.06057912012895 35.93760625648077 39633001558049010 3 379-385-436 0.621797896668136 1.0 14 1.5087805341936271 1.0 [-1,-1] 1.0 1.0 1.0 0.0007056687116799521 0.12786279395313782 2340.8972517468933 -552.2221077243421 -1813.0911904679522 1373.8817350937259
252.9454641045191 36.10128586194463 39633001553857877 3 379-385-436 0.6239144708161685 1.0 14 1.6420317961841013 1.0 [-1,-1] 1.0 1.0 1.0 0.0007056687116799521 0.12786279395313782 2347.4974952074003 -556.2744142863944 -1813.316746811343 1383.1795406775202
253.03497009323914 35.94708252323644 39633001553859225 3 379-385-436 0.5969064621354793 1.0 14 1.5116248496556561 1.0 [-1,-1] 1.0 1.0 1.0 0.0006106036532175123 0.14488555312656437 2262.635128107091 -534.4790668326568 -1752.0261162982729 1328.2523622680578
252.69460169535017 36.12748418350362 39633006440218895 3 379-385-436 0.7730642422589851 1.0 14 1.6352113913827786 1.0 [-1,-1] 1.0 1.0 1.0 0.0007064174578981374 0.12774458208408304 2791.8278037893197 -670.7770326253619 -2152.9026548534753 1646.016651567738
252.01265859922262 33.008362277790745 39632941713719498 2 379-386 0.8467620420238605 1.0 14 1.5456842724892998 1.0 [7574905176338559487,6031352304380607338] 0.609375 1.0 1.6329113924050633 0.0006366829495309179 0.1397804201853648 2996.9817446561765 -776.1064241665625 -2390.4068278139625 1632.6400686342838
253.3918059591697 34.47840511874166 39632971912711102 6 379-386-387-388-389-436 0.7134781569214719 1.0 14 0.7353705803877513 1.0 [-1,-1] 1.0 1.0 1.0 0.0005823912580269674 0.15084542533972659 2619.134285240292 -617.1131200119149 -2068.983998891922 1482.680347734982
253.27166176915682 34.63985589056029 39632976891348896 7 379-386-387-388-389-436-437 0.8593469727064174 1.0 14 0.6506201638119125 1.0 [-1,-1] 1.0 1.0 1.0 0.0006576102792991648 0.1359368301360722 3031.113097907188 -717.8071732796501 -2388.2836278264103 1722.933773349722
253.25998419263638 34.631994663279734 39632976891348693 6 379-386-388-389-436-437 0.7072323646709758 1.0 14 0.6395930655057588 1.0 [-1,-1] 1.0 1.0 1.0 0.0005639081233901963 0.1550231922816235 2600.6680559129154 -616.3482024202849 -2049.1947373058906 1477.968253724344
251.80453209540585 33.12997240286719 39632946772052423 5 379-386-388-389-437 0.44185244041933996 1.0 14 1.486880988924449 1.0 [-1,-1] 1.0 1.0 1.0 0.0006285113834356281 0.1413409039925048 1747.5863310347374 -456.9879136137015 -1390.3072689913536 955.1260278205465
251.79769555018535 33.12903720153808 39632946772052302 5 379-386-388-389-437 0.4414185193096063 1.0 14 1.4899589703730656 1.0 [-1,-1] 1.0 1.0 1.0 0.0006285113834356281 0.1413409039925048 1746.076325759943 -456.7636631221802 -1389.0662774786808 954.2768823575633
253.38702189513177 34.589389935861725 39632971912711023 4 379-386-388-436 0.7140950643590773 1.0 14 0.7360713105387303 1.0 [-1,-1] 1.0 1.0 1.0 0.0005823912580269674 0.15084542533972659 2620.95442305444 -616.891992026806 -2067.612308333386 1487.8930406215768
251.7922532077126 35.93137912674216 39633001537081354 5 379-386-388-436-437 0.6051161046828526 1.0 14 1.5437421137831433 1.0 [-1,-1] 1.0 1.0 1.0 0.0006106036532175123 0.14488555312656437 2288.5785738277755 -579.0285727635987 -1760.323214741 1342.9743036077928
254.0060030278262 33.492837022889205 39632951855548685 2 379-387 0.7379429228806078 0.5 14 1.6041261212950055 1.0 [-1,-1] 1.0 1.0 1.0 0.0006073340474539246 0.1455520198534496 2690.7951527747546 -618.3046564874969 -2157.1375578623997 1484.8688367736174
254.5198213235672 34.2109833228284 39632966934070130 2 379-387 0.7685669161322405 0.5 14 1.6922983159158644 1.0 [-1,-1] 1.0 1.0 1.0 0.0007242712797402853 0.12498917450484462 2779.0102341979054 -613.39195827476 -2214.7949850624777 1562.4760354778734
254.04053552830337 33.46880133532142 39632951855549242 2 379-387 0.625219187567928 0.5 14 1.64163858720965 1.0 [-1,-1] 1.0 1.0 1.0 0.0007056687116799521 0.12786279395313782 2351.5618370522225 -539.3672153245882 -1886.0319597967505 1296.8459920663865
253.75907744527785 33.29216925667774 39632946801410479 3 379-387-389 0.48218016254445917 1.0 14 1.5971773474366062 1.0 [-1,-1] 1.0 1.0 1.0 0.000668512811805897 0.13401699399284683 1886.2210493444056 -440.95510332507047 -1513.7410834413236 1035.36292001567
252.65229293022554 34.757280091301645 39632976882960091 4 379-387-389-437 0.5237608346385944 1.0 14 0.2861760451842041 1.0 [-1,-1] 1.0 1.0 1.0 0.0006888416087567301 0.1305783864573065 2025.6794704806637 -496.2279929940711 -1588.5447941522111 1154.8422113292393
254.06292751228477 35.59365997886575 39632991743382729 2 379-436 0.8107107658824303 1.0 14 1.6832004178909012 1.0 [-1,-1] 1.0 1.0 1.0 0.000762533893525711 0.11946670068019369 2897.764987056957 -647.0131584152126 -2265.792085001364 1686.594830003919
254.13960515934824 35.39413695757722 39632991747572767 2 379-436 0.9807547443205042 1.0 14 1.6141755933076563 0.5 [-1,-1] 1.0 1.0 1.0 0.00030269805442075816 0.25472307248715254 3347.5342050911354 -745.7838468875311 -2624.97987748704 1938.8843056677981
254.20214895293984 35.411034518202285 39632991747573767 2 379-436 0.6792967959336733 1.0 14 1.6661553995995302 1.0 [-1,-1] 1.0 1.0 1.0 0.0008053318504768218 0.11384060807160488 2517.209903700373 -558.5271010160106 -1974.0755306550827 1458.5674396430031
254.22193304506942 35.41650542088688 39632991747574086 2 379-436 0.5633946708204478 1.0 14 1.6826878870478157 1.0 [-1,-1] 1.0 1.0 1.0 0.0006724560872077301 0.13333590500666823 2155.3795085730258 -477.6268223803623 -1690.3669721756614 1249.076836666593
254.37904153346958 35.21834995966876 39632986815072075 2 379-436 0.9795792768748041 1.0 14 1.7009492947397116 1.0 [-1,-1] 1.0 1.0 1.0 0.00030269805442075816 0.25472307248715254 3344.578619750013 -735.7558515747756 -2631.4646544716356 1928.7983935157274
250.48707155266413 34.36604196031832 39632966875352466 1 380 0.9886592250261401 0.5454545454545454 14 1.6656061200603691 1.0 [-1,-1] 1.0 1.0 1.0 0.00030269805442075816 0.25472307248715254 3367.356079693536 -928.4334010042132 -2619.9361286040603 1900.7980085700683
250.639143470584 35.12895085206288 39632986764739398 1 380 0.7572898041884031 0.5454545454545454 14 1.6521330714898501 1.0 [-1,-1] 1.0 1.0 1.0 0.0007242712797402853 0.12498917450484462 2746.715958456366 -744.7278326400555 -2119.3897095118696 1580.5113953860987
251.78625030840692 36.09795932044016 39633001537081246 1 380 0.590884024030715 0.5454545454545454 14 1.7008095635499585 0.5 [-1,-1] 1.0 1.0 1.0 0.0006106036532175123 0.14488555312656437 2243.5209111077297 -566.6106405933396 -1721.9632271255718 1321.8097839596096
251.82341672096442 36.03842053667577 39633001541271713 1 380 0.9118450646323566 0.5454545454545454 14 1.6345736545261424 0.5 [4686840009041446018,-6390590223192848768] 0.234375 1.0 4.161290322580645 0.00042618922305278896 0.1953324009783564 3170.7484320510607 -799.8121701154076 -2435.9975205214946 1865.4388738049477
250.65440699144025 35.10725189527594 39632981815464480 1 380 0.8667533483188837 0.5454545454545454 14 1.6325433091669914 0.5 [-9167345749368020017,-3503288457321373230] 0.5 1.0 1.9846153846153847 0.0006576102792991648 0.1359368301360722 3051.079586487353 -826.8441346659839 -2355.0867889438186 1754.702720289277
253.79051806542347 33.51543909362887 39632951851355559 10 380-381-382-383-384-385-386-387-388-389 0.4951141459033421 1.0 14 1.4538674687833153 1.0 [-1,-1] 1.0 1.0 1.0 0.0007365189099627642 0.12316671624379881 1929.976522081705 -449.1783358321498 -1545.127496700582 1065.6590530490735
254.07301820492495 35.011824433707844 39632981865792549 10 380-381-382-383-384-385-386-387-388-389 0.6595111987093252 1.0 14 1.39001120262621 1.0 [-1,-1] 1.0 1.0 1.0 0.0006371005092682059 0.1397016056866948 2457.235508956101 -552.2704114010323 -1935.3008627576653 1409.8277589035902
252.3366479848057 35.27534596528504 39632986785713490 10 380-381-382-383-384-385-386-387-388-389 0.8301167033842749 1.0 14 0.7868385883505526 1.0 [-1,-1] 1.0 1.0 1.0 0.0006366829495309179 0.1397804201853648 2951.4397406152557 -731.10370385634 -2295.9198194312585 1704.4753149967662
253.7994874371102 33.55282212210668 39632951851355688 11 380-381-382-383-384-385-386-387-388-389-436 0.9090894808937393 1.0 14 1.434215034957836 1.0 [-1,-1] 1.0 1.0 1.0 0.0005723615213970424 0.15308410280969617 3163.5274911793936 -735.5575533481627 -2531.721168012354 1748.4991279947537
251.8126558682102 35.636942847229854 39632996633939358 11 380-381-382-383-384-385-386-387-388-389-436 0.7128054977062027 1.0 14 1.2685009197608839 1.0 [-1,-1] 1.0 1.0 1.0 0.0005823912580269674 0.15084542533972659 2617.1488778914872 -663.8972089247603 -2020.7590857216583 1524.8742448162577
