data_rosette/LRG_3_clustering_data.ecsv
# %ECSV 1.0
# ---
# datatype:
# - {name: RA, unit: deg, datatype: float64}
# - {name: DEC, unit: deg, datatype: float64}
# - {name: TARGETID, datatype: int64}
# - {name: NTILE, datatype: int64}
# - {name: TILES, datatype: string}
# - {name: Z, datatype: float64}
# - {name: COMP_TILE, datatype: float64}
# - {name: ROSETTE_NUMBER, datatype: int32}
# - {name: ROSETTE_R, unit: deg, datatype: float64}
# - {name: FRACZ_TILELOCID, datatype: float64}
# - {name: BITWEIGHTS, datatype: string, subtype: 'int64[2]'}
# - {name: PROB_OBS, datatype: float64}
# - {name: WEIGHT_ZFAIL, datatype: float64}
# - {name: WEIGHT, datatype: float64}
# - {name: NZ, unit: h3 / Mpc3, datatype: float64}
# - {name: WEIGHT_FKP, datatype: float64}
# - {name: theta, unit: deg, datatype: float64}
# - {name: phi, unit: deg, datatype: float64}
# - {name: rho, unit: Mpc, datatype: float64}
# - {name: r, unit: Mpc, datatype: float64}
# - {name: x, unit: Mpc, datatype: float64}
# - {name: y, unit: Mpc, datatype: float64}
# - {name: z, unit: Mpc, datatype: float64}
# meta: !!omap
# - {EXTNAME: LSS}
# - {DESIDR: edr}
# - comments: ['Visit https://desidatamodel.readthedocs.io/en/latest/ for a more complet', e description]
# schema: astropy-2.0
RA DEC TARGETID NTILE TILES Z COMP_TILE ROSETTE_NUMBER ROSETTE_R FRACZ_TILELOCID BITWEIGHTS PROB_OBS WEIGHT_ZFAIL WEIGHT NZ WEIGHT_FKP theta phi rho r x y z
[from data line 3949]
190.78710681277792 62.82762499379548 39633419142957870 10 83-84-85-86-88-89-90-91-451-452 0.7803650628325604 1.0 3 1.1071786984587135 1.0 [-1,-1] 1.0 1.0 1.0 0.0007064174578981374 0.12774458208408304 27.17237500620452 -190.78710681277792 2812.56126138983 2812.56126138983 -1655.8586850821625 -1885.0894006598464 -1270.85436444489
190.61225636720587 60.937042689710694 39633399110961602 10 83-84-85-86-88-89-90-91-451-452 0.5081745407069945 1.0 3 0.9279827405697126 1.0 [-1,-1] 1.0 1.0 1.0 0.0007365189099627642 0.12316671624379881 29.062957310289306 -190.61225636720587 1973.8143775388367 1973.8143775388367 726.9630386169815 1196.6878036680607 -1391.1887859007145
186.92624466898866 61.3156972533517 39633402013418955 10 83-84-85-86-88-89-90-91-451-452 0.9042256148127698 1.0 3 1.4966671362263269 1.0 [-1,-1] 1.0 1.0 1.0 0.0005723615213970424 0.15308410280969617 28.6843027466483 -186.92624466898866 3150.7528587678344 3150.7528587678344 -1.860862865851668 -1255.828130116175 -2889.6601568059846
188.37250607919142 62.5319815457084 39633416332773375 10 83-84-85-86-88-89-90-91-451-452 0.7285322758490822 1.0 3 1.0219358837962713 1.0 [-1,-1] 1.0 1.0 1.0 0.0005823912580269674 0.15084542533972659 27.468018454291602 -188.37250607919142 2663.3559895967 2663.3559895967 1907.7201205992499 235.94303672895433 -1843.4749665239615
190.6407513951086 60.8984377433127 39633399110961837 10 83-84-85-86-88-89-90-91-451-452 0.657827649969145 1.0 3 0.9689833106203867 1.0 [-1,-1] 1.0 1.0 1.0 0.0006371005092682059 0.1397016056866948 29.101562256687302 -190.6407513951086 2452.098872443404 2452.098872443404 980.6451388566006 1515.2400751723596 -1659.8709306650305
189.30117196211427 61.31445103336459 39633402030198000 10 83-84-85-86-88-89-90-91-451-452 0.5632953360701312 1.0 3 0.5631133719006488 1.0 [-1,-1] 1.0 1.0 1.0 0.0006724560872077301 0.13333590500666823 28.68554896663541 -189.30117196211427 2155.0583248012554 2155.0583248012554 -596.6843245894023 621.3089044117761 -1975.4036158170613
188.56399033399103 61.76624832556341 39633407818335439 10 83-84-85-86-88-89-90-91-451-452 0.8282956441715092 1.0 3 0.6325690227469939 1.0 [-1,-1] 1.0 1.0 1.0 0.000762533893525711 0.11946670068019369 28.23375167443659 -188.56399033399103 2946.429535696641 2946.429535696641 119.26001524692039 -8.173859131164662 -2944.003608288504
189.7376307796187 61.303885954930905 39633402034392190 10 83-84-85-86-88-89-90-91-92-451 0.7030531636697746 1.0 3 0.5021067661510967 1.0 [-1,-1] 1.0 1.0 1.0 0.0005639081233901963 0.1550231922816235 28.696114045069095 -189.7376307796187 2588.2726550396274 2588.2726550396274 -342.0775940084895 1002.8641331108811 -2361.4406168741584
190.04747133849335 62.53785601513701 39633416345356533 10 83-84-85-86-88-89-90-91-92-451 0.8002776089421613 1.0 3 0.7410607031366968 1.0 [-1,-1] 1.0 1.0 1.0 0.0008239664519383997 0.11155322342262282 27.46214398486299 -190.04747133849335 2868.647179344114 2868.647179344114 39.31553518869209 -2081.6796008853776 -1973.372992495201
189.29432031674918 61.7724198413988 39633407822531325 11 83-84-85-86-88-89-90-91-92-451-452 0.6929506815857117 1.0 3 0.2876669760194779 1.0 [-1,-1] 1.0 1.0 1.0 0.0005639081233901963 0.1550231922816235 28.2275801586012 -189.29432031674918 2558.178467282436 2558.178467282436 83.40500498429995 -85.66440348846336 -2555.3830017408445
188.51847793975844 61.08635784249936 39633399094184091 11 83-84-85-86-88-89-90-91-92-451-452 0.5241324090394118 1.0 3 0.9722891688445489 1.0 [-1,-1] 1.0 1.0 1.0 0.0006888416087567301 0.1305783864573065 28.91364215750064 -188.51847793975844 2026.9099630552541 2026.9099630552541 -1209.0189120373452 27.714023803330054 -1626.6128001320149
191.87781495943642 61.271830357167104 39633402051169520 11 83-84-85-86-88-89-90-91-92-451-452 0.6717308557979811 1.0 3 1.0804621418322475 1.0 [-1,-1] 1.0 1.0 1.0 0.0008053318504768218 0.11384060807160488 28.728169642832896 -191.87781495943642 2494.361198303719 2494.361198303719 1062.0519354537776 -260.64837960347813 -2241.8621492438224
188.53382753168535 61.08598832073577 39633399094184235 11 83-84-85-86-88-89-90-91-92-451-452 0.8111806071020214 1.0 3 0.9675965665914371 1.0 [-1,-1] 1.0 1.0 1.0 0.000762533893525711 0.11946670068019369 28.914011679264227 -188.53382753168535 2899.071952134893 2899.071952134893 -1729.296215499772 66.20957821847159 -2325.8910280719338
190.50152483988217 62.21651299124004 39633413535172690 11 83-84-85-86-88-89-90-91-92-451-452 0.7693204497440705 1.0 3 0.5031742103677422 1.0 [-1,-1] 1.0 1.0 1.0 0.0007242712797402853 0.12498917450484462 27.783487008759963 -190.50152483988217 2781.1602728224334 2781.1602728224334 -552.655006612772 -1188.7801640888067 -2452.799752988527
190.77556508289683 62.91386696762821 39633421915392132 11 83-84-85-86-88-89-90-91-92-451-452 0.5658096714521719 1.0 3 1.1856040730570898 1.0 [-1,-1] 1.0 1.0 1.0 0.0006724560872077301 0.13333590500666823 27.08613303237179 -190.77556508289683 2163.182082952654 2163.182082952654 -1306.8845106101837 -1522.9000277884834 -807.5797826198971
189.33342329201443 62.128175154771895 39633413526783676 11 83-84-85-86-88-89-90-91-92-451-452 0.8598711237469996 1.0 3 0.4226282922481934 1.0 [-1,-1] 1.0 1.0 1.0 0.0006576102792991648 0.1359368301360722 27.871824845228105 -189.33342329201443 3032.529050556082 3032.529050556082 794.7845763141419 -882.8859452217625 -2790.172454786549
189.7788340010515 61.32646732878923 39633402034392536 11 83-84-85-86-88-89-90-91-92-451-452 0.7025697383815498 1.0 3 0.47703461143609216 1.0 [-1,-1] 1.0 1.0 1.0 0.0005639081233901963 0.1550231922816235 28.673532671210772 -189.7788340010515 2586.8367939293616 2586.8367939293616 -285.1225473725953 964.1782102102444 -2383.4408132702333
190.47854594045953 62.20681386325463 39633413535172548 11 83-84-85-86-88-89-90-91-92-451-452 0.7128623490332199 1.0 3 0.4891312659237175 1.0 [-1,-1] 1.0 1.0 1.0 0.0005823912580269674 0.15084542533972659 27.79318613674537 -190.47854594045953 2617.31671053655 2617.31671053655 -485.2620825047144 -1109.835451564943 -2320.1579138038633
187.61910734689525 60.93079623760222 39633399085796576 11 83-84-85-86-88-89-90-91-92-451-452 0.8739140662031017 1.0 3 1.3963907244997087 1.0 [-1,-1] 1.0 1.0 1.0 0.0005346154933450218 0.1621399955636538 29.069203762397777 -187.61910734689525 3070.299689286632 3070.299689286632 -1402.298055739698 -1684.105794221511 -2150.369274978553
191.33601662303712 62.02696459883517 39633410704016812 11 83-84-85-86-88-89-90-91-92-451-452 0.49778091787529705 1.0 3 0.7131446939969245 1.0 [-1,-1] 1.0 1.0 1.0 0.0007365189099627642 0.12316671624379881 27.97303540116483 -191.33601662303712 1938.9557919263457 1938.9557919263457 -549.5123605898685 -170.66785860561356 -1851.6096269577577
191.5335708788134 60.61761604703914 39633393184410603 10 83-84-85-86-88-89-90-91-92-452 0.693250575193364 1.0 3 1.4201227702894927 1.0 [-1,-1] 1.0 1.0 1.0 0.0005639081233901963 0.1550231922816235 29.382383952960858 -191.5335708788134 2559.074484287473 2559.074484287473 2277.6630192471284 236.76996710501385 -1142.3893248636134
191.58982191893907 60.64197972913197 39633396162366332 10 83-84-85-86-88-89-90-91-92-452 0.6370972119444607 1.0 3 1.415120970009339 1.0 [-1,-1] 1.0 1.0 1.0 0.0007982518636535506 0.11473445525619816 29.358020270868032 -191.58982191893907 2388.4150742575953 2388.4150742575953 2108.2532877850545 99.85809876389605 -1117.9548298548043
192.00090274048614 62.737341721341636 39633419155538528 10 83-84-85-86-88-89-90-91-92-452 0.8351094466254928 1.0 3 1.3542467461001901 1.0 [-1,-1] 1.0 1.0 1.0 0.0006366829495309179 0.1397804201853648 27.262658278658364 -192.00090274048614 2965.1479200870554 2965.1479200870554 -2349.151714945667 894.3014273198181 -1572.8360897621073
187.76304886654484 60.97711227924417 39633399089988136 10 83-84-85-86-88-89-90-92-451-452 0.8215856710591374 1.0 3 1.3130218796989601 1.0 [-1,-1] 1.0 1.0 1.0 0.000762533893525711 0.11946670068019369 29.022887720755833 -187.76304886654484 2927.9211473994196 2927.9211473994196 -1481.5567555046987 -1332.5840731191995 -2145.2112981420196
191.63636093163336 62.908321368950105 39633421923779484 10 83-84-85-86-88-89-90-92-451-452 0.6249837533126648 1.0 3 1.3701152974983501 1.0 [-1,-1] 1.0 1.0 1.0 0.0007056687116799521 0.12786279395313782 27.091678631049895 -191.63636093163336 2350.8286712180156 2350.8286712180156 -2175.9597261334 -1.7210481653794507 -889.714420282897
187.97793547912258 61.93062256142903 39633410678849808 10 83-84-85-86-88-89-90-92-451-452 0.6431652118960117 1.0 3 0.9156709595716783 1.0 [-1,-1] 1.0 1.0 1.0 0.0007982518636535506 0.11473445525619816 28.069377438570967 -187.97793547912258 2407.1392504095243 2407.1392504095243 425.732146423087 242.41650087909485 -2356.7574653463294
191.2191150265946 62.36150575809736 39633413543559227 10 83-84-85-86-88-89-90-92-451-452 0.5320435568320241 1.0 3 0.8347005610446779 1.0 [-1,-1] 1.0 1.0 1.0 0.0006094867785671962 0.14511252611805409 27.63849424190264 -191.2191150265946 2053.0426195306077 2053.0426195306077 -1114.2174185870765 -494.957596441449 -1651.8233923307766
189.6015990362132 62.43949587155691 39633416341162836 9 83-84-85-86-88-89-90-92-452 0.8018310159294906 1.0 3 0.6545410022728536 1.0 [-1,-1] 1.0 1.0 1.0 0.0008239664519383997 0.11155322342262282 27.560504128443092 -189.6015990362132 2872.994202512291 2872.994202512291 843.094070990257 -1681.5239619615706 -2171.581276507829
187.08013862012405 62.30223992993497 39633413510005920 9 83-84-85-86-88-89-91-451-452 0.80311694206364 1.0 3 1.413692414706753 1.0 [-1,-1] 1.0 1.0 1.0 0.0008239664519383997 0.11155322342262282 27.69776007006503 -187.08013862012405 2876.589627907381 2876.589627907381 242.67896720797992 1549.2955489044818 -2411.5468289883884
187.3796613825942 61.36852222719661 39633402017612997 9 83-84-85-86-88-89-91-451-452 0.821107434142727 1.0 3 1.2744963208601288 1.0 [-1,-1] 1.0 1.0 1.0 0.000762533893525711 0.11946670068019369 28.631477772803393 -187.3796613825942 2926.5991476374898 2926.5991476374898 -449.53748087514714 -919.0909931803506 -2741.928221251546
190.9490631506501 61.57569486690447 39633404949433549 9 83-84-85-86-88-89-91-451-452 0.9601547332431647 1.0 3 0.5457602507433147 1.0 [-1,-1] 1.0 1.0 1.0 0.0003767415448896098 0.21544643941305056 28.42430513309553 -190.9490631506501 3295.4396155510976 3295.4396155510976 380.3372377484009 312.6858751519084 -3258.4495375570827
188.28977821627575 62.7526076642416 39633419126178837 9 83-84-85-86-88-89-91-92-451 0.7925225550855584 1.0 3 1.2117806951551444 1.0 [-1,-1] 1.0 1.0 1.0 0.0008239664519383997 0.11155322342262282 27.2473923357584 -188.28977821627575 2846.8844524575816 2846.8844524575816 2384.7388420473303 497.7801604683307 -1473.0874558964872
191.93660587116568 60.891678347506506 39633399123542929 10 83-84-85-86-88-89-91-92-451-452 0.4261698746957266 1.0 3 1.3336007397030558 1.0 [-1,-1] 1.0 1.0 1.0 0.0005613841910631427 0.1556117057517016 29.108321652493494 -191.93660587116568 1692.7629234136464 1692.7629234136464 1197.896543475671 -369.83631100438714 -1137.4142996620096
190.80210502414278 62.838570206418275 39633419142957956 10 83-84-85-86-88-89-91-92-451-452 0.8196305658550863 1.0 3 1.1199042603976785 1.0 [-1,-1] 1.0 1.0 1.0 0.000762533893525711 0.11946670068019369 27.161429793581725 -190.80210502414278 2922.5142045509365 2922.5142045509365 -1759.371082851922 -1943.3578944564551 -1291.922119432987
187.64070476088645 60.92759752712283 39633399085796743 10 83-84-85-86-88-89-91-92-451-452 1.0842882743200586 1.0 3 1.3903547362576891 1.0 [-1,-1] 1.0 1.0 1.0 0.00012850791192818028 0.44600300211103894 29.072402472877172 -187.64070476088645 3600.031342306735 3600.031342306735 -1691.788192157914 -1944.7775108398355 -2513.149182161199
191.9717342728724 61.204858114858716 39633402055361043 10 83-84-85-86-88-89-91-92-451-452 0.5713058378292375 1.0 3 1.1537262879730086 1.0 [-1,-1] 1.0 1.0 1.0 0.0005369919189708607 0.1615383650856205 28.795141885141284 -191.9717342728724 2180.89690005771 2180.89690005771 1024.9976964937619 -356.3435026699527 -1891.7479533406981
187.48061582273814 62.6279698596894 39633419117792129 10 83-84-85-86-88-89-91-92-451-452 0.5030427152935578 1.0 3 1.3989859103409072 1.0 [-1,-1] 1.0 1.0 1.0 0.0007365189099627642 0.12316671624379881 27.3720301403106 -187.48061582273814 1956.630396751207 1956.630396751207 810.2232252398446 1304.3137908148817 -1212.7268323339938
189.57704663654624 62.42193993709052 39633416341162664 10 83-84-85-86-88-89-91-92-451-452 0.5675571741973133 1.0 3 0.6400212538544434 1.0 [-1,-1] 1.0 1.0 1.0 0.0006724560872077301 0.13333590500666823 27.57806006290948 -189.57704663654624 2168.820916006296 2168.820916006296 653.7932435883494 -1227.7789847794345 -1664.000398100492
191.5230523058987 60.60631310932276 39633393184410531 9 83-84-85-86-88-89-91-92-452 0.8385550113219483 1.0 3 1.4268420703249383 1.0 [-1,-1] 1.0 1.0 1.0 0.0006366829495309179 0.1397804201853648 29.393686890677237 -191.5230523058987 2974.584135650809 2974.584135650809 2659.1814995051245 304.73501537196984 -1297.7060927503546
187.96351615195988 61.352075322921316 39633402021807489 9 83-84-85-86-88-89-91-92-452 0.8013548653250528 1.0 3 1.0247683129676537 1.0 [-1,-1] 1.0 1.0 1.0 0.0008239664519383997 0.11155322342262282 28.647924677078684 -187.96351615195988 2871.662185677421 2871.662185677421 -903.1757612853887 -531.6677338888768 -2673.5831151504617
187.8272277817261 60.6455243758315 39633396133004675 9 83-84-85-86-88-89-91-92-452 0.6425697450352184 1.0 3 1.5257963137141823 1.0 [-1,-1] 1.0 1.0 1.0 0.0007982518636535506 0.11473445525619816 29.3544756241685 -187.8272277817261 2405.3048646255547 2405.3048646255547 -1665.1034358676088 -1314.6689101916834 -1133.3877078161086
187.8945898260445 60.63927329435419 39633396133005198 9 83-84-85-86-88-89-91-92-452 0.9365153786130563 1.0 3 1.509661132257422 1.0 [-1,-1] 1.0 1.0 1.0 0.0003671239319408774 0.21984967794317842 29.36072670564581 -187.8945898260445 3234.87136086973 3234.87136086973 -2361.12743916944 -1618.6965545019693 -1506.416742412202
190.59156221955948 62.12846838001217 39633413535173203 8 83-84-85-86-88-89-92-451 1.0253925689098549 1.0 3 0.462108820211259 1.0 [-1,-1] 1.0 1.0 1.0 0.00020130102782971312 0.3394727840281335 27.871531619987827 -190.59156221955948 3458.2726208771774 3458.2726208771774 -679.7045644753865 -1172.923384280417 -3181.493668066652
187.60360113433129 60.90951114916 39633399085796451 9 83-84-85-86-88-89-92-451-452 0.8299512949892313 1.0 3 1.4157919380945736 1.0 [-1,-1] 1.0 1.0 1.0 0.000762533893525711 0.11946670068019369 29.090488850840003 -187.60360113433129 2950.984886212072 2950.984886212072 -1349.8635955512038 -1673.2289560739482 -2021.5056103343709
187.6072119465389 60.90925373115407 39633399085796477 9 83-84-85-86-88-89-92-451-452 0.8311299628867389 1.0 3 1.414612538870537 1.0 [-1,-1] 1.0 1.0 1.0 0.0006366829495309179 0.1397804201853648 29.090746268845933 -187.6072119465389 2954.225101062401 2954.225101062401 -1357.7137995653047 -1670.5800280785325 -2023.1711632984059
191.2177677827471 60.49615697089159 39633393184408239 8 83-84-85-86-88-89-92-452 0.7873189652759207 1.0 3 1.4505701049797717 1.0 [-1,-1] 1.0 1.0 1.0 0.0007064174578981374 0.12774458208408304 29.50384302910841 -191.2177677827471 2832.2245027904632 2832.2245027904632 2437.5899649892485 1086.7604983398696 -947.9464204471041
191.2513217914667 60.50701538876939 39633393184408438 8 83-84-85-86-88-89-92-452 0.8833068303435656 1.0 3 1.447983398825914 1.0 [-1,-1] 1.0 1.0 1.0 0.0005346154933450218 0.1621399955636538 29.49298461123061 -191.2513217914667 3095.3861606529204 3095.3861606529204 2691.8480244525235 1093.3983296135527 -1067.637480426276
188.92685161830784 60.60449707489293 39633393163438767 8 83-84-85-86-88-89-92-452 0.6773515839706709 1.0 3 1.2840929929500657 1.0 [-1,-1] 1.0 1.0 1.0 0.0008053318504768218 0.11384060807160488 29.395502925107067 -188.92685161830784 2511.3455230514455 2511.3455230514455 -2054.624638391598 945.5098848082392 -1091.5058356209756
