data_rosette/LRG_3_clustering_data.ecsv
# %ECSV 1.0
# ---
# datatype:
# - {name: RA, unit: deg, datatype: float64}
# - {name: DEC, unit: deg, datatype: float64}
# - {name: TARGETID, datatype: int64}
# - {name: NTILE, datatype: int64}
# - {name: TILES, datatype: string}
# - {name: Z, datatype: float64}
# - {name: COMP_TILE, datatype: float64}
# - {name: ROSETTE_NUMBER, datatype: int32}
# - {name: ROSETTE_R, unit: deg, datatype: float64}
# - {name: FRACZ_TILELOCID, datatype: float64}
# - {name: BITWEIGHTS, datatype: string, subtype: 'int64[2]'}
# - {name: PROB_OBS, datatype: float64}
# - {name: WEIGHT_ZFAIL, datatype: float64}
# - {name: WEIGHT, datatype: float64}
# - {name: NZ, unit: h3 / Mpc3, datatype: float64}
# - {name: WEIGHT_FKP, datatype: float64}
# - {name: theta, unit: deg, datatype: float64}
# - {name: phi, unit: deg, datatype: float64}
# - {name: rho, unit: Mpc, datatype: float64}
# - {name: r, unit: Mpc, datatype: float64}
# - {name: x, unit: Mpc, datatype: float64}
# - {name: y, unit: Mpc, datatype: float64}
# - {name: z, unit: Mpc, datatype: float64}
# meta: !!omap
# - {EXTNAME: LSS}
# - {DESIDR: edr}
# - comments: ['Visit https://desidatamodel.readthedocs.io/en/latest/ for a more complet', e description]
# schema: astropy-2.0
RA DEC TARGETID NTILE TILES Z COMP_TILE ROSETTE_NUMBER ROSETTE_R FRACZ_TILELOCID BITWEIGHTS PROB_OBS WEIGHT_ZFAIL WEIGHT NZ WEIGHT_FKP theta phi rho r x y z
[from data line 899]
189.18578281412053 62.52011121861631 39633416341160119 11 82-83-84-85-86-87-89-90-91-451-452 0.9610552398958385 1.0 3 0.7935942975140917 1.0 [-1,-1] 1.0 1.0 1.0 0.0003767415448896098 0.21544643941305056 27.479888781383693 -189.18578281412053 3297.7301500886947 3297.7301500886947 1814.2895000172566 -1498.080764596968 -2310.656135316482
189.14476578656394 62.52070562941341 39633416336969120 11 82-83-84-85-86-87-89-90-91-451-452 0.7937925405407262 1.0 3 0.8023643259701634 1.0 [-1,-1] 1.0 1.0 1.0 0.0008239664519383997 0.11155322342262282 27.479294370586587 -189.14476578656394 2850.455355111363 2850.455355111363 1620.9396256804907 -1230.2173057134844 -1996.0500600197615
189.14346684290607 62.52168562614769 39633416336969116 11 82-83-84-85-86-87-89-90-91-451-452 0.7896269476885363 1.0 3 0.803508642139082 1.0 [-1,-1] 1.0 1.0 1.0 0.0007064174578981374 0.12774458208408304 27.478314373852307 -189.14346684290607 2838.732420054254 2838.732420054254 1617.415831766891 -1224.235080396939 -1985.8540348531153
187.87369490141222 62.81856076321998 39633419121985286 11 82-83-84-85-86-87-89-90-91-451-452 0.76555395349751 1.0 3 1.3869990532228857 1.0 [-1,-1] 1.0 1.0 1.0 0.0007242712797402853 0.12498917450484462 27.181439236780022 -187.87369490141222 2770.4036071690657 2770.4036071690657 1999.4832858522743 1433.0841617328208 -1274.1556112199564
187.86776545968382 62.72123047234827 39633419121985241 11 82-83-84-85-86-87-89-90-91-451-452 0.4145987127925417 1.0 3 1.3202649037873402 1.0 [-1,-1] 1.0 1.0 1.0 0.0005613841910631427 0.1556117057517016 27.278769527651733 -187.86776545968382 1651.9820145684482 1651.9820145684482 1121.82377596366 814.1535635538175 -898.7268590027144
189.94350412540712 62.621643468207154 39633416345355741 11 82-83-84-85-86-87-89-90-91-451-452 0.9609250783740654 1.0 3 0.8218937184225303 1.0 [-1,-1] 1.0 1.0 1.0 0.0003767415448896098 0.21544643941305056 27.378356531792846 -189.94350412540712 3297.399145823685 3297.399145823685 315.5074894231916 -2555.270714927974 -2060.069834842528
188.08010801241542 61.30411854902077 39633402021808395 10 82-83-84-85-86-87-89-90-91-452 0.9664273144080517 1.0 3 0.9986760822818098 1.0 [-1,-1] 1.0 1.0 1.0 0.0003767415448896098 0.21544643941305056 28.69588145097923 -188.08010801241542 3311.3692818835375 3311.3692818835375 -1239.6655443501527 -546.8507102196829 -3021.4814511899895
188.79418212808807 61.071600153743496 39633399098376862 10 82-83-84-85-86-87-89-90-91-452 0.6112238313969838 1.0 3 0.9000460977744509 1.0 [-1,-1] 1.0 1.0 1.0 0.0007056687116799521 0.12786279395313782 28.928399846256504 -188.79418212808807 2307.795775727226 2307.795775727226 -1341.9629269241243 413.0938065998234 -1831.5049418919223
191.9692047595829 62.637004782761835 39633419155538272 10 82-83-84-85-86-87-89-90-91-92 0.7227924151515034 1.0 3 1.2769034398865402 1.0 [-1,-1] 1.0 1.0 1.0 0.0005823912580269674 0.15084542533972659 27.362995217238165 -191.9692047595829 2646.542767887671 2646.542767887671 -1977.373025783933 681.8382161058389 -1621.5058390947088
190.86682086481846 62.638259343144746 39633419147149462 10 82-83-84-85-86-87-89-90-91-92 0.8606853941324002 1.0 3 0.9516809673869733 1.0 [-1,-1] 1.0 1.0 1.0 0.0006576102792991648 0.1359368301360722 27.361740656855254 -190.86682086481846 3034.727854441577 3034.727854441577 -1722.9714335616152 -1671.8177335816194 -1856.3318817862898
189.72452136684186 62.00841454295663 39633410691433683 10 82-83-84-85-86-87-89-90-91-92 0.5296899149049207 1.0 3 0.22420100609736904 1.0 [-1,-1] 1.0 1.0 1.0 0.0006888416087567301 0.1305783864573065 27.99158545704337 -189.72452136684186 2045.280990859206 2045.280990859206 191.2825288101752 -537.6096245364898 -1964.0675185308
190.4194445412904 60.33015707930061 39633390177094492 10 82-83-84-85-86-87-89-90-91-92 0.9222698366836154 1.0 3 1.491160589480017 1.0 [-1,-1] 1.0 1.0 1.0 0.00042618922305278896 0.1953324009783564 29.669842920699388 -190.4194445412904 3197.959298075583 3197.959298075583 1088.90209386989 2954.693168829491 -557.6954188319877
189.0766318814697 62.91769525279391 39633421902809248 11 82-83-84-85-86-87-89-90-91-92-451 0.7914597023088481 1.0 3 1.1811433708779937 1.0 [-1,-1] 1.0 1.0 1.0 0.0008239664519383997 0.11155322342262282 27.082304747206088 -189.0766318814697 2843.8938503223694 2843.8938503223694 2208.64917502086 -1450.4257240136646 -1051.6017652612143
190.36111539084044 61.11437525684441 39633399110959753 11 82-83-84-85-86-87-89-90-91-92-451 0.5158306065980471 1.0 3 0.7201521050157461 1.0 [-1,-1] 1.0 1.0 1.0 0.0006888416087567301 0.1305783864573065 28.88562474315559 -190.36111539084044 1999.3519003142926 1999.3519003142926 333.35393892487457 1097.989598548478 -1637.2849520388916
189.9206916832608 61.095369793275566 39633399106766239 11 82-83-84-85-86-87-89-90-91-92-451 0.47410799867307885 1.0 3 0.704699597694667 1.0 [-1,-1] 1.0 1.0 1.0 0.000668512811805897 0.13401699399284683 28.904630206724434 -189.9206916832608 1858.7396768959427 1858.7396768959427 -159.01275175191682 1083.910015844668 -1501.588228776161
190.60342644769946 62.82291488348948 39633419142956845 11 82-83-84-85-86-87-89-90-91-92-451 0.7753806566618014 1.0 3 1.0738509995616294 1.0 [-1,-1] 1.0 1.0 1.0 0.0007064174578981374 0.12774458208408304 27.17708511651052 -190.60342644769946 2798.416072808354 2798.416072808354 -1274.1765582143755 -2139.836768843195 -1276.2073568804608
190.33087030108058 62.907086534418994 39633421911198539 11 82-83-84-85-86-87-89-90-91-92-451 1.0042777605230675 1.0 3 1.1249878339821555 1.0 [-1,-1] 1.0 1.0 1.0 0.00023297360745577845 0.30751381291380364 27.092913465581006 -190.33087030108058 3406.2522621772014 3406.2522621772014 -823.8738952039437 -3041.6779621804517 -1293.051218155939
187.61544315918803 61.984202739988504 39633410674656810 11 82-83-84-85-86-87-89-90-91-92-451 0.8585836387496881 1.0 3 1.0919197073778755 1.0 [-1,-1] 1.0 1.0 1.0 0.0006576102792991648 0.1359368301360722 28.015797260011496 -187.61544315918803 3029.0502145905466 3029.0502145905466 493.3567581917307 596.9370298369442 -2928.380182638011
191.87585957219497 62.149737046713184 39633413547754145 11 82-83-84-85-86-87-89-90-91-92-451 0.9402504535940438 1.0 3 0.9920174371426498 1.0 [-1,-1] 1.0 1.0 1.0 0.0003671239319408774 0.21984967794317842 27.850262953286816 -191.87585957219497 3244.497850330074 3244.497850330074 -1297.1715396413454 315.66338296642334 -2957.1048216448407
189.22507506881033 62.756813146526135 39633419134566477 12 82-83-84-85-86-87-89-90-91-92-451-452 0.6395941142358524 1.0 3 1.0069922424688933 1.0 [-1,-1] 1.0 1.0 1.0 0.0007982518636535506 0.11473445525619816 27.243186853473865 -189.22507506881033 2396.128207316864 2396.128207316864 1532.452855675929 -1370.0833736300997 -1231.2149204475163
188.3045445175086 62.60942091927514 39633416332772909 12 82-83-84-85-86-87-89-90-91-92-451-452 0.7869401480059488 1.0 3 1.0993345657868416 1.0 [-1,-1] 1.0 1.0 1.0 0.0007064174578981374 0.12774458208408304 27.390579080724862 -188.3045445175086 2831.1554672334923 2831.1554672334923 2149.0289785997547 415.56261559191097 -1795.667965217122
191.81035318587132 61.480450012720645 39633404957821047 12 82-83-84-85-86-87-89-90-91-92-451-452 0.9079230615724199 1.0 3 0.9620076092005876 1.0 [-1,-1] 1.0 1.0 1.0 0.0005723615213970424 0.15308410280969617 28.519549987279355 -191.81035318587132 3160.4673423438767 3160.4673423438767 755.7743541040255 -132.22596748073113 -3065.92159737078
189.50809738619898 61.335234184059075 39633402034390421 12 82-83-84-85-86-87-89-90-91-92-451-452 0.6435482600193253 1.0 3 0.5008213549723096 1.0 [-1,-1] 1.0 1.0 1.0 0.0007982518636535506 0.11473445525619816 28.664765815940925 -189.50809738619898 2408.3189107884164 2408.3189107884164 -485.51963476057574 777.4214145553522 -2227.080286948321
188.3094579716526 62.59810752392916 39633416332772941 12 82-83-84-85-86-87-89-90-91-92-451-452 0.7887038552819818 1.0 3 1.0895668713251159 1.0 [-1,-1] 1.0 1.0 1.0 0.0007064174578981374 0.12774458208408304 27.40189247607084 -188.3094579716526 2836.1306267378272 2836.1306267378272 2134.6880070862653 401.9188168037663 -1823.514548617979
188.31607301502282 62.59620759183224 39633416332772986 12 82-83-84-85-86-87-89-90-91-92-451-452 0.7897323829370607 1.0 3 1.0860916410355852 1.0 [-1,-1] 1.0 1.0 1.0 0.0007064174578981374 0.12774458208408304 27.40379240816776 -188.31607301502282 2839.029503440235 2839.029503440235 2136.068336418938 387.565602157874 -1829.5063507887978
189.25153621097476 63.25041192242864 39633424650079849 12 82-83-84-85-86-87-89-90-91-92-451-452 0.6351050682626461 1.0 3 1.4809258502757647 1.0 [-1,-1] 1.0 1.0 1.0 0.0007982518636535506 0.11473445525619816 26.74958807757136 -189.25153621097476 2382.252762607496 2382.252762607496 1731.493522483115 -1632.4925566417028 -109.6652135341943
188.83440240403655 61.54949470681787 39633404932656298 12 82-83-84-85-86-87-89-90-91-92-451-452 0.6430961343462698 1.0 3 0.5642469977543388 1.0 [-1,-1] 1.0 1.0 1.0 0.0007982518636535506 0.11473445525619816 28.450505293182133 -188.83440240403655 2406.9264853163168 2406.9264853163168 -397.85564295259314 140.21859048782466 -2369.6718633535625
191.719459150899 61.330870871413175 39633402051168526 12 82-83-84-85-86-87-89-90-91-92-451-452 0.7237679564707263 1.0 3 0.9851591285311437 1.0 [-1,-1] 1.0 1.0 1.0 0.0005823912580269674 0.15084542533972659 28.669129128586825 -191.719459150899 2649.4044652205876 2649.4044652205876 1015.562115542658 -83.7774259231797 -2445.5999167302475
190.3863375107494 61.13866877357693 39633402042777912 12 82-83-84-85-86-87-89-90-91-92-451-452 0.504252606423137 1.0 3 0.7009352357922597 1.0 [-1,-1] 1.0 1.0 1.0 0.0007365189099627642 0.12316671624379881 28.86133122642307 -190.3863375107494 1960.6865349068546 1960.6865349068546 341.5858142496646 1030.830911742184 -1632.4822973206233
188.66559658771982 61.144450138804196 39633402026002835 12 82-83-84-85-86-87-89-90-91-92-451-452 0.8735939372373681 1.0 3 0.8816128332624372 1.0 [-1,-1] 1.0 1.0 1.0 0.0005346154933450218 0.1621399955636538 28.855549861195804 -188.66559658771982 3069.4421903221705 3069.4421903221705 -1660.9446352972486 285.176380738438 -2565.4264187608223
187.698489717559 61.360900189622214 39633402017615382 12 82-83-84-85-86-87-89-90-91-92-451-452 0.8248933912775711 1.0 3 1.135970351076598 1.0 [-1,-1] 1.0 1.0 1.0 0.000762533893525711 0.11946670068019369 28.639099810377786 -187.698489717559 2937.0543180536483 2937.0543180536483 -732.1649979222321 -749.4583042213286 -2743.8175473687766
188.3751833674489 60.66240432619095 39633396137199556 12 82-83-84-85-86-87-89-90-91-92-451-452 0.8269923606066287 1.0 3 1.3536815145451857 1.0 [-1,-1] 1.0 1.0 1.0 0.000762533893525711 0.11946670068019369 29.337595673809048 -188.3751833674489 2942.8404898113404 2942.8404898113404 -2553.270781275134 -308.84533684787374 -1430.2912374293005
189.68232057501913 61.333380404421206 39633402034391739 12 82-83-84-85-86-87-89-90-91-92-451-452 0.770214432289138 1.0 3 0.47799104269043463 1.0 [-1,-1] 1.0 1.0 1.0 0.0007064174578981374 0.12774458208408304 28.666619595578794 -189.68232057501913 2783.7097782535366 2783.7097782535366 -398.7241868894182 986.6993473096264 -2572.252621799127
191.34289300442802 60.649381511152754 39633396162364441 12 82-83-84-85-86-87-89-90-91-92-451-452 0.6170871623241161 1.0 3 1.3439341367073576 1.0 [-1,-1] 1.0 1.0 1.0 0.0007056687116799521 0.12786279395313782 29.350618488847246 -191.34289300442802 2326.17690426598 2326.17690426598 1959.4951423677367 593.8383941180791 -1104.0080337791758
191.19302468792844 62.885301019316614 39633421919585766 12 82-83-84-85-86-87-89-90-91-92-451-452 0.8244313246979568 1.0 3 1.240152313311655 1.0 [-1,-1] 1.0 1.0 1.0 0.000762533893525711 0.11946670068019369 27.114698980683386 -191.19302468792844 2935.779568501333 2935.779568501333 -2430.028986976886 -1156.2862271314962 -1173.3554270671652
190.26671128042966 60.80181696312262 39633396153975502 12 82-83-84-85-86-87-89-90-91-92-451-452 0.6657742070648245 1.0 3 1.0135932419879579 1.0 [-1,-1] 1.0 1.0 1.0 0.0006371005092682059 0.1397016056866948 29.19818303687738 -190.26671128042966 2476.298254845315 2476.298254845315 393.2409437073016 1936.3804107720748 -1492.5969020202058
189.19117528049813 62.10797786381442 39633410687239516 12 82-83-84-85-86-87-89-90-91-92-451-452 0.7974554959006797 1.0 3 0.45378270834699647 1.0 [-1,-1] 1.0 1.0 1.0 0.0008239664519383997 0.11155322342262282 27.89202213618558 -189.19117528049813 2860.739388260767 2860.739388260767 819.2806501894385 -683.9533364900797 -2654.207395302004
187.73574203262473 61.96224703132513 39633410674657693 12 82-83-84-85-86-87-89-90-91-92-451-452 0.41708035178880076 1.0 3 1.0327927975982771 1.0 [-1,-1] 1.0 1.0 1.0 0.0005613841910631427 0.1556117057517016 28.037752968674873 -187.73574203262473 1660.7518926023592 1660.7518926023592 282.1894697799924 268.1092182549698 -1614.4916844054399
187.53738592145353 61.91450467906945 39633410674656210 12 82-83-84-85-86-87-89-90-91-92-451-452 0.9056915100239249 1.0 3 1.1201781194724494 1.0 [-1,-1] 1.0 1.0 1.0 0.0005723615213970424 0.15308410280969617 28.085495320930548 -187.53738592145353 3154.6068406747922 3154.6068406747922 340.51104702650144 484.4853750163996 -3098.5271448674334
187.40749336502097 62.10543546224513 39633410670465306 12 82-83-84-85-86-87-89-90-91-92-451-452 0.5050224493698824 1.0 3 1.2110383544788548 1.0 [-1,-1] 1.0 1.0 1.0 0.0007365189099627642 0.12316671624379881 27.894564537754867 -187.40749336502097 1963.2658760936258 1963.2658760936258 337.84195549493603 644.6303569241622 -1823.3835077330432
187.0183854740014 62.096555003873526 39633410670461991 12 82-83-84-85-86-87-89-90-91-92-451-452 0.9168998399699313 1.0 3 1.3870759392969043 1.0 [-1,-1] 1.0 1.0 1.0 0.00042618922305278896 0.1953324009783564 27.903444996126474 -187.0183854740014 3183.96356466427 3183.96356466427 107.8835004465825 1148.9547017716304 -2967.471688949679
187.64010350780296 62.19999283858343 39633413514200238 12 82-83-84-85-86-87-89-90-91-92-451-452 0.44966741547316386 1.0 3 1.1337802865669626 1.0 [-1,-1] 1.0 1.0 1.0 0.0006285113834356281 0.1413409039925048 27.800007161416573 -187.64010350780296 1774.7146669846716 1774.7146669846716 531.6404350682566 611.8842927335497 -1578.7869423443153
191.14763020636303 60.95009990094738 39633399115156160 12 82-83-84-85-86-87-89-90-91-92-451-452 0.8621373537316034 1.0 3 1.0389903153711484 1.0 [-1,-1] 1.0 1.0 1.0 0.0006576102792991648 0.1359368301360722 29.04990009905262 -191.14763020636303 3038.645968674987 3038.645968674987 1877.5697534090618 1000.3201178914414 -2169.668363084515
187.6943163081327 62.20059903710797 39633413514200638 12 82-83-84-85-86-87-89-90-91-92-451-452 1.0067002579617004 1.0 3 1.110214732176821 1.0 [-1,-1] 1.0 1.0 1.0 0.00023297360745577845 0.30751381291380364 27.79940096289203 -187.6943163081327 3412.253303561715 3412.253303561715 1085.714998760746 1120.677651055143 -3034.5967032802423
189.41902356036343 60.821034765858684 39633396145588166 12 82-83-84-85-86-87-89-90-91-92-451-452 0.8053712788798735 1.0 3 1.005819381015599 1.0 [-1,-1] 1.0 1.0 1.0 0.0008239664519383997 0.11155322342262282 29.178965234141316 -189.41902356036343 2882.8859767953827 2882.8859767953827 -1366.8466600212275 1807.9910145588333 -1781.5527649965359
189.32674806777172 60.86622350272756 39633396145587454 12 82-83-84-85-86-87-89-90-91-92-451-452 0.5639953679057469 1.0 3 0.9734185716501825 1.0 [-1,-1] 1.0 1.0 1.0 0.0006724560872077301 0.13333590500666823 29.133776497272443 -189.32674806777172 2157.3213580064735 2157.3213580064735 -1101.3970789843404 1207.1824741265953 -1408.4283404835508
191.13120883638643 61.737886835203085 39633407839306486 12 82-83-84-85-86-87-89-90-91-92-451-452 0.6438707182370127 1.0 3 0.5856906179488324 1.0 [-1,-1] 1.0 1.0 1.0 0.0007982518636535506 0.11473445525619816 28.262113164796915 -191.13120883638643 2409.311761128871 2409.311761128871 -25.75412976070894 -14.268932040916715 -2409.131852907304
