data_rosette/LRG_17_clustering_data.ecsv
# %ECSV 1.0
# ---
# datatype:
# - {name: RA, unit: deg, datatype: float64}
# - {name: DEC, unit: deg, datatype: float64}
# - {name: TARGETID, datatype: int64}
# - {name: NTILE, datatype: int64}
# - {name: TILES, datatype: string}
# - {name: Z, datatype: float64}
# - {name: COMP_TILE, datatype: float64}
# - {name: ROSETTE_NUMBER, datatype: int32}
# - {name: ROSETTE_R, unit: deg, datatype: float64}
# - {name: FRACZ_TILELOCID, datatype: float64}
# - {name: BITWEIGHTS, datatype: string, subtype: 'int64[2]'}
# - {name: PROB_OBS, datatype: float64}
# - {name: WEIGHT_ZFAIL, datatype: float64}
# - {name: WEIGHT, datatype: float64}
# - {name: NZ, unit: h3 / Mpc3, datatype: float64}
# - {name: WEIGHT_FKP, datatype: float64}
# - {name: theta, unit: deg, datatype: float64}
# - {name: phi, unit: deg, datatype: float64}
# - {name: rho, unit: Mpc, datatype: float64}
# - {name: r, unit: Mpc, datatype: float64}
# - {name: x, unit: Mpc, datatype: float64}
# - {name: y, unit: Mpc, datatype: float64}
# - {name: z, unit: Mpc, datatype: float64}
# meta: !!omap
# - {EXTNAME: LSS}
# - {DESIDR: edr}
# - comments: ['Visit https://desidatamodel.readthedocs.io/en/latest/ for a more complet', e description]
# schema: astropy-2.0
RA DEC TARGETID NTILE TILES Z COMP_TILE ROSETTE_NUMBER ROSETTE_R FRACZ_TILELOCID BITWEIGHTS PROB_OBS WEIGHT_ZFAIL WEIGHT NZ WEIGHT_FKP theta phi rho r x y z
[from data line 4967]
212.16866935963805 -0.28958710616871264 39627782245847053 6 513-514-516-517-519-520 1.0225247542969889 1.0 17 0.7034980786277814 1.0 [-1,-1] 1.0 1.0 1.0 0.00020304675497218746 0.33812883710054276 90.28958710616871 -212.16866935963805 3451.244914483556 3451.244914483556 279.0431681180632 2499.817112486712 -2363.0786644108657
212.51562803431085 0.929238588215497 39627812453220702 6 513-514-516-517-519-520 0.7881066984540991 1.0 17 1.5554525406575093 1.0 [-1,-1] 1.0 1.0 1.0 0.0007324854237337303 0.12404708914385561 89.0707614117845 -212.51562803431085 2834.4467291688616 2834.4467291688616 1120.685323900068 2272.668326380382 1270.0910768753754
212.51739041776764 0.9325570469743375 39627812453220738 6 513-514-516-517-519-520 0.7875275308527603 1.0 17 1.558394636634252 1.0 [-1,-1] 1.0 1.0 1.0 0.0007324854237337303 0.12404708914385561 89.06744295302566 -212.51739041776764 2832.812977574851 2832.812977574851 1122.1648271546837 2265.5937570515975 1277.755999642428
212.9181433958563 -0.8342288451564699 39627770178833924 7 513-514-516-517-519-520-521 0.9242521814578597 1.0 17 0.2623333910329426 1.0 [-1,-1] 1.0 1.0 1.0 0.0004951280553168204 0.17321314004730964 90.83422884515647 -212.9181433958563 3203.1145573104827 3203.1145573104827 652.417483364696 560.9497108495137 -3085.389718747415
212.23556705834685 0.6900861477029816 39627806405039763 7 513-514-516-517-519-520-521 0.8428853963506224 1.0 17 1.4081523913845173 1.0 [-1,-1] 1.0 1.0 1.0 0.0006232532477076302 0.14268566385842998 89.30991385229702 -212.23556705834685 2986.4158604166705 2986.4158604166705 515.5750121845336 2864.7985108336024 667.676261735233
212.7180197238686 -0.6684085036748258 39627770174640773 6 513-514-516-517-519-521 0.9872046708953608 1.0 17 0.10676921300281772 1.0 [-1,-1] 1.0 1.0 1.0 0.0003578035202613049 0.22475091060875194 90.66840850367483 -212.7180197238686 3363.715455158366 3363.715455158366 874.8698563414703 1126.058019723152 -3046.5025412681803
212.61986789221112 -0.06412465651507783 39627788294032263 5 513-514-516-517-520 0.9166789293487884 1.0 17 0.5653393968261482 1.0 [-1,-1] 1.0 1.0 1.0 0.0004951280553168204 0.17321314004730964 90.06412465651508 -212.61986789221112 3183.38685018797 3183.38685018797 1465.563667583781 2325.378650543983 -1605.829725033855
212.6163378624508 -0.06603901631665249 39627788294032198 5 513-514-516-517-520 0.9163713865718822 1.0 17 0.5646633768657896 1.0 [-1,-281474976710657] 0.9921875 1.0 1.0078125 0.0004951280553168204 0.17321314004730964 90.06603901631665 -212.6163378624508 3182.583845414789 3182.583845414789 1455.3461266631018 2327.3396697197863 -1610.6823542990992
212.97604140372408 0.8895856361602165 39627812457419661 6 513-514-516-517-520-521 0.9438514606211061 1.0 17 1.4999513324655744 1.0 [-1,-1] 1.0 1.0 1.0 0.0004445766401596716 0.18918261239264766 89.11041436383978 -212.97604140372408 3253.758623875195 3253.758623875195 2355.797984738674 1799.299844542238 1341.52193682164
212.36577462660046 -1.9087421537704086 39627739971455205 7 513-514-516-518-519-520-521 0.8421500845726567 1.0 17 1.3788615359281828 1.0 [-1,-1] 1.0 1.0 1.0 0.0006232532477076302 0.14268566385842998 91.9087421537704 -212.36577462660046 2984.4089713229437 2984.4089713229437 -651.1778936439387 -2045.0179315141554 -2073.7805859656128
212.48100505235607 0.24995580356801622 39627794329637558 6 513-514-516-518-520-521 0.8064328580192045 1.0 17 0.9078435046721552 1.0 [-1,-1] 1.0 1.0 1.0 0.0007229154976227362 0.12548315978664992 89.75004419643199 -212.48100505235607 2885.847993607027 2885.847993607027 1158.73522513401 2570.521564635561 -614.7114819025978
212.93340312613194 0.9367077449224954 39627812457418742 5 513-514-516-519-520 0.9203641941725534 1.0 17 1.542486909789834 1.0 [-1,-1] 1.0 1.0 1.0 0.0004951280553168204 0.17321314004730964 89.0632922550775 -212.93340312613194 3192.997773828489 3192.997773828489 2184.3281072581453 1820.862149771574 1452.0353077817956
212.262017877704 0.80238280430515 39627806409228591 3 513-514-517 0.6629205349203946 1.0 17 1.5020276101114056 1.0 [-1,-1] 1.0 1.0 1.0 0.000700708733790897 0.12894715825466588 89.19761719569485 -212.262017877704 2467.6215371526773 2467.6215371526773 472.8342578382683 2279.668447009184 817.7380919004636
212.0926032486437 0.7145830006741979 39627806405036221 5 513-514-517-518-519 0.49176970536783443 1.0 17 1.4928215488727392 1.0 [-1,-1] 1.0 1.0 1.0 0.0005337442823398631 0.16272042362546515 89.2854169993258 -212.0926032486437 1918.6950304317845 1918.6950304317845 65.23799301088849 1857.9149504236138 474.64372013538537
212.47738508078226 -1.1153534575253543 39627764130649061 7 513-514-517-518-519-520-521 0.9386066991339239 1.0 17 0.6079848268450779 1.0 [-1,-1] 1.0 1.0 1.0 0.0004445766401596716 0.18918261239264766 91.11535345752536 -212.47738508078226 3240.263995812535 3240.263995812535 -12.107858558510383 -27.12152985446129 -3240.1278655229794
212.96673553505835 0.6601621541101064 39627806417622433 7 513-514-517-518-519-520-521 0.5840827256416059 1.0 17 1.2711444705252586 1.0 [-1,-1] 1.0 1.0 1.0 0.0006621615122706149 0.13543705131792066 89.33983784588989 -212.96673553505835 2221.8503354216764 2221.8503354216764 1719.6969828414472 1338.9826893436139 431.7250952372158
211.3309364411776 -0.6093254758006649 39627776193464123 5 513-514-517-518-520 0.8664317126972954 1.0 17 1.469011346205536 1.0 [-1,-1] 1.0 1.0 1.0 0.0006812235016579503 0.1321480675826358 90.60932547580066 -211.3309364411776 3050.2143457837556 3050.2143457837556 -965.8654983758715 1086.7620870096812 -2681.391347884623
213.99946855955255 -0.4192367873706358 39627776235411656 6 513-514-517-518-520-521 0.6262439638864493 1.0 17 1.2129654358685609 1.0 [-1,-1] 1.0 1.0 1.0 0.0007214233604467519 0.12571007283523317 90.41923678737064 -213.99946855955255 2354.7518686813187 2354.7518686813187 1391.6512513709686 -541.6412652925893 -1820.6558975676933
212.956487696348 -0.3725681876853878 39627782258429859 5 513-514-517-518-521 0.8332552231927888 1.0 17 0.27606490587729704 1.0 [-1,-1] 1.0 1.0 1.0 0.0006232532477076302 0.14268566385842998 90.37256818768539 -212.956487696348 2960.0617352637105 2960.0617352637105 1551.2574195806603 1233.5738158156296 -2198.6044518517715
212.94290283817526 0.9833122108290233 39627812457418949 4 513-514-517-519 0.5956239623362468 1.0 17 1.5897475428633538 1.0 [-1,-1] 1.0 1.0 1.0 0.0007756247847600315 0.11796159141779075 89.01668778917097 -212.94290283817526 2258.5705557227247 2258.5705557227247 1518.5177444071344 1241.5824430242064 1119.6954283520006
212.079392922723 -1.929755053336961 39627739967260346 4 513-514-517-520 0.7474137495496823 1.0 17 1.5123646032983433 1.0 [-1,-1] 1.0 1.0 1.0 0.0007126833197713517 0.12705585074725267 91.92975505333696 -212.079392922723 2718.2519432185704 2718.2519432185704 -43.64372878710814 -1993.5650919099498 -1847.3459546244078
212.94179804952887 -0.4801889827046079 39627776218631826 3 513-514-520 0.8337731553729294 1.0 17 0.18563289796922355 1.0 [-1,-1] 1.0 1.0 1.0 0.0006232532477076302 0.14268566385842998 90.4801889827046 -212.94179804952887 2961.483008677635 2961.483008677635 1342.0835903062978 1099.8011364560618 -2399.923062843234
212.40390965120724 -2.107017584091264 39627739971456048 3 513-514-520 0.8000624787721741 1.0 17 1.5581697507770143 1.0 [-1,-1] 1.0 1.0 1.0 0.0007229154976227362 0.12548315978664992 92.10701758409127 -212.40390965120724 2868.0448416970303 2868.0448416970303 -819.8240478995798 -2271.229876757071 -1547.6060840525768
214.3263212456162 -0.09568856882565546 39627788323391167 2 513-515 1.0147095391619372 1.0 17 1.607446936461034 1.0 [-1,-1] 1.0 1.0 1.0 0.00020304675497218746 0.33812883710054276 90.09568856882565 -214.3263212456162 3432.0333917038865 3432.0333917038865 2227.301076305905 -1868.506630630559 -1823.915044224011
214.34404380415913 -1.2367044914256644 39627758124402699 2 513-515 0.6135840919915786 1.0 17 1.6699781034750691 1.0 [-1,-1] 1.0 1.0 1.0 0.0007214233604467519 0.12571007283523317 91.23670449142567 -214.34404380415913 2315.202918611937 2315.202918611937 -227.37581818848383 197.71801108600997 -2295.5113547409305
212.71846244706697 -0.5735644178944804 39627776214438852 3 513-515-516 0.6864724059595718 1.0 17 0.08571181446478139 1.0 [-1,-1] 1.0 1.0 1.0 0.0007209928471550773 0.12577569469930108 90.57356441789447 -212.71846244706697 2538.7828098563064 2538.7828098563064 791.3933465954343 1017.6838802057327 -2187.106363795727
212.6275034997719 -0.49874851868459047 39627776214436805 6 513-515-516-517-518-519 0.8237650969530805 1.0 17 0.20001040422854316 1.0 [-1,-1] 1.0 1.0 1.0 0.0006627118749498285 0.13533979738261318 90.4987485186846 -212.6275034997719 2933.9409540047263 2933.9409540047263 903.6635839903439 1409.842666854547 -2409.0963665391946
212.81190883797632 -0.17340869742318465 39627782258427123 6 513-515-516-517-518-519 0.5553859659923029 1.0 17 0.42675748703488936 1.0 [-1,-1] 1.0 1.0 1.0 0.000677088223595666 0.13284793461577618 90.17340869742318 -212.81190883797632 2129.4222701362883 2129.4222701362883 1171.4565666616384 1246.4188543556456 -1268.2936396925086
212.08151295573896 -0.48490909075188127 39627776206046929 7 513-515-516-517-518-519-520 0.9217085610758329 1.0 17 0.7276146680881526 1.0 [-1,-1] 1.0 1.0 1.0 0.0004951280553168204 0.17321314004730964 90.48490909075188 -212.08151295573896 3196.4985473697025 3196.4985473697025 44.66657660873781 1860.0647470976576 -2599.185833463087
213.69469003357796 -1.2553983898819592 39627758111822095 7 513-515-516-517-518-519-520 0.6398534607167506 1.0 17 1.1089629093084532 1.0 [-1,-1] 1.0 1.0 1.0 0.000833303205902425 0.11070054926254569 91.25539838988196 -213.69469003357796 2396.9286772777864 2396.9286772777864 -355.5385525687072 23.638798702266005 -2370.295472887273
213.6267987945826 -1.3927354609080937 39627752072022848 8 513-515-516-517-518-519-520-521 0.9247868754489119 1.0 17 1.1453419305376848 1.0 [-1,-1] 1.0 1.0 1.0 0.0004951280553168204 0.17321314004730964 91.3927354609081 -213.6267987945826 3204.5040345671828 3204.5040345671828 -905.7301132289921 -1.360090215106769 -3073.8407928359197
212.21308022872466 -1.8563867497570967 39627746007060567 8 513-515-516-517-518-519-520-521 0.5289748510862289 1.0 17 1.3866543919149823 1.0 [-1,-1] 1.0 1.0 1.0 0.0006865842838717192 0.13125169390769817 91.85638674975709 -212.21308022872466 2042.920724266331 2042.920724266331 -215.81840199016983 -1376.0105350174044 -1494.5041018747308
214.06280898019725 -0.16386097871728436 39627782279398997 8 513-515-516-517-518-519-520-521 0.9792952282566559 1.0 17 1.335973504241058 1.0 [-1,-1] 1.0 1.0 1.0 0.0003578035202613049 0.22475091060875194 90.16386097871728 -214.06280898019725 3343.8641029673267 3343.8641029673267 2453.593012045096 -1138.6860137719154 -1965.8846945833782
213.47043164310338 -0.6446673876777688 39627770187224718 8 513-515-516-517-518-519-520-521 0.8093010861091716 1.0 17 0.671878496218327 1.0 [-1,-1] 1.0 1.0 1.0 0.0007229154976227362 0.12548315978664992 90.64466738767777 -213.47043164310338 2893.841432708434 2893.841432708434 1272.6292716449602 202.59431651745143 -2591.0786397805923
212.93767663104848 0.250402755703427 39627794338025174 7 513-515-516-517-518-519-521 1.0729986605202069 1.0 17 0.8614750009401281 1.0 [-1,-1] 1.0 1.0 1.0 0.0001075182622224553 0.4910338705006151 89.74959724429657 -212.93767663104848 3573.2323618349565 3573.2323618349565 2691.4704851089123 2224.191879712279 -759.5700242072345
213.8874619547092 0.324086216973642 39627794354801754 7 513-515-516-517-518-519-521 0.7842266445309997 1.0 17 1.4270516276570095 1.0 [-1,-1] 1.0 1.0 1.0 0.0007324854237337303 0.12404708914385561 89.67591378302636 -213.8874619547092 2823.490699043164 2823.490699043164 2702.298665500754 -716.4440005486598 -395.4613054319373
212.94844227537249 0.08954295900796332 39627788298227514 6 513-515-516-517-518-520 0.9439794297215561 1.0 17 0.7053395623533363 1.0 [-1,-1] 1.0 1.0 1.0 0.0004445766401596716 0.18918261239264766 89.91045704099204 -212.94844227537249 3254.0873604366698 3254.0873604366698 2354.6621713652958 1903.5720574916443 -1192.0839022619132
212.29176349104702 0.28508889768564827 39627794329633627 7 513-515-516-517-518-520-521 0.956258290684726 1.0 17 1.0206270711354306 1.0 [-1,-1] 1.0 1.0 1.0 0.00041974738576830407 0.19815580287489248 89.71491110231435 -212.29176349104702 3285.5145232248724 3285.5145232248724 750.386246416896 3144.4177610019055 -586.6541637163102
212.6181244278996 -0.7561477812744559 39627770174638657 7 513-515-516-517-518-520-521 0.7581790740740166 1.0 17 0.23970022967771512 1.0 [-1,-1] 1.0 1.0 1.0 0.0006416626200019751 0.139161677870846 90.75614778127445 -212.6181244278996 2749.270587198754 2749.270587198754 501.30839673047257 798.4982700568872 -2582.5528389018227
214.26932697618727 0.0005353229897623777 39627788323389929 5 513-515-516-517-519 1.0662720639870509 1.0 17 1.5872887531895656 1.0 [-1,-1] 1.0 1.0 1.0 0.0001568149373683449 0.39812733398474315 89.99946467701024 -214.26932697618727 3557.181392785877 3557.181392785877 2549.4839881559224 -1902.273585891828 -1592.1765165134457
213.8200055719647 0.2750792355691756 39627794354800157 5 513-515-516-517-519 0.7988419452712184 1.0 17 1.3439294793913836 1.0 [-1,-1] 1.0 1.0 1.0 0.0007229154976227362 0.12548315978664992 89.72492076443082 -213.8200055719647 2864.6260176092696 2864.6260176092696 2761.790780240444 -536.0321463267443 -539.6882850749766
214.2309925869126 -1.2423962945333757 39627758120211276 5 513-515-516-518-519 0.6475441403408849 1.0 17 1.5683947198774435 1.0 [-1,-1] 1.0 1.0 1.0 0.000833303205902425 0.11070054926254569 91.24239629453338 -214.2309925869126 2420.6084911521366 2420.6084911521366 -270.77969395534876 186.32250344836459 -2398.188430771862
212.7720364270329 -0.5988109543102177 39627776218628613 5 513-515-516-518-519 1.0745587641852121 1.0 17 0.027987312557632506 1.0 [-1,-1] 1.0 1.0 1.0 0.0001075182622224553 0.4910338705006151 90.59881095431022 -212.7720364270329 3576.9461369722744 3576.9461369722744 1138.8401392286924 1312.874413122567 -3126.3313291221266
213.32208421915382 -1.983103013559308 39627739988231566 5 513-515-516-518-519 0.8249953393831039 1.0 17 1.478307866329571 1.0 [-1,-1] 1.0 1.0 1.0 0.0006627118749498285 0.13533979738261318 91.9831030135593 -213.32208421915382 2937.335524752738 2937.335524752738 -2153.090067471419 -680.722050961101 -1878.4995703128802
213.43782055517647 -0.11429058530596467 39627788306615853 6 513-515-516-518-519-520 0.7826937616543436 1.0 17 0.8016922433190367 1.0 [-1,-1] 1.0 1.0 1.0 0.0007324854237337303 0.12404708914385561 90.11429058530597 -213.43782055517647 2819.1552361412023 2819.1552361412023 2317.1353213667394 446.78429096423133 -1542.369587772206
213.27889265434303 -1.9443039129624693 39627739988230743 7 513-515-516-518-519-520-521 0.8090822913766246 1.0 17 1.4270135288438406 1.0 [-1,-1] 1.0 1.0 1.0 0.0007229154976227362 0.12548315978664992 91.94430391296247 -213.27889265434303 2893.23216313226 2893.23216313226 -2020.8253469599401 -736.3029118400284 -1935.1783610001198
212.85061826070734 -0.2296655062077639 39627782258427913 7 513-515-516-518-519-520-521 0.9928356072060787 1.0 17 0.37377761085816447 1.0 [-1,-1] 1.0 1.0 1.0 0.0002622817504223413 0.28340640119267335 90.22966550620777 -212.85061826070734 3377.7918998705163 3377.7918998705163 1849.6822894395277 1821.3560687439929 -2161.2069817150896
213.17496552770805 -2.060716584194952 39627739984040464 6 513-515-516-518-519-521 0.9770530859796039 1.0 17 1.5080479684321442 1.0 [-1,-1] 1.0 1.0 1.0 0.0003578035202613049 0.22475091060875194 92.06071658419495 -213.17496552770805 3338.219850257871 3338.219850257871 -2448.967506828714 -1193.0752815512308 -1929.466582168317
