data_rosette/LRG_15_clustering_data.ecsv
# %ECSV 1.0
# ---
# datatype:
# - {name: RA, unit: deg, datatype: float64}
# - {name: DEC, unit: deg, datatype: float64}
# - {name: TARGETID, datatype: int64}
# - {name: NTILE, datatype: int64}
# - {name: TILES, datatype: string}
# - {name: Z, datatype: float64}
# - {name: COMP_TILE, datatype: float64}
# - {name: ROSETTE_NUMBER, datatype: int32}
# - {name: ROSETTE_R, unit: deg, datatype: float64}
# - {name: FRACZ_TILELOCID, datatype: float64}
# - {name: BITWEIGHTS, datatype: string, subtype: 'int64[2]'}
# - {name: PROB_OBS, datatype: float64}
# - {name: WEIGHT_ZFAIL, datatype: float64}
# - {name: WEIGHT, datatype: float64}
# - {name: NZ, unit: h3 / Mpc3, datatype: float64}
# - {name: WEIGHT_FKP, datatype: float64}
# - {name: theta, unit: deg, datatype: float64}
# - {name: phi, unit: deg, datatype: float64}
# - {name: rho, unit: Mpc, datatype: float64}
# - {name: r, unit: Mpc, datatype: float64}
# - {name: x, unit: Mpc, datatype: float64}
# - {name: y, unit: Mpc, datatype: float64}
# - {name: z, unit: Mpc, datatype: float64}
# meta: !!omap
# - {EXTNAME: LSS}
# - {DESIDR: edr}
# - comments: ['Visit https://desidatamodel.readthedocs.io/en/latest/ for a more complet', e description]
# schema: astropy-2.0
RA DEC TARGETID NTILE TILES Z COMP_TILE ROSETTE_NUMBER ROSETTE_R FRACZ_TILELOCID BITWEIGHTS PROB_OBS WEIGHT_ZFAIL WEIGHT NZ WEIGHT_FKP theta phi rho r x y z
[from data line 1438]
269.53951506358374 66.25847946745924 39633456304489483 9 406-407-408-410-411-412-413-415-416 0.7107300382784802 1.0 15 0.2506185214166381 1.0 [-1,-1] 1.0 1.0 1.0 0.0005823912580269674 0.15084542533972659 23.74152053254076 90.46048493641626 2611.017873072609 2611.017873072609 2051.827787145248 -1545.9385902928598 466.3592396925056
270.4025018755092 67.26163188381837 39633465880087107 9 406-407-408-410-411-412-413-415-416 0.8552557905555008 1.0 15 1.269921250900949 1.0 [-1,-1] 1.0 1.0 1.0 0.0006576102792991648 0.1359368301360722 22.738368116181633 89.59749812449081 3020.0457691106117 3020.0457691106117 127.38924630940268 -2048.4710437548583 -2215.4491215881058
267.88729032138593 66.05753859251253 39633453838237883 9 406-407-408-410-411-412-413-415-416 0.8891712228752168 1.0 15 0.7492720862153863 1.0 [-1,-1] 1.0 1.0 1.0 0.0005346154933450218 0.1621399955636538 23.94246140748747 92.11270967861407 3110.9775998962236 3110.9775998962236 1544.7538587007127 2440.681858659555 1155.4173306193163
268.260791294083 67.06954574226133 39633463510306032 10 406-407-408-410-411-412-413-415-416-439 0.7911202339180725 1.0 15 1.2013953887992561 1.0 [-1,-1] 1.0 1.0 1.0 0.0008239664519383997 0.11155322342262282 22.930454257738674 91.73920870591701 2842.9382660756414 2842.9382660756414 1850.0654295280272 1357.4912492304736 -1678.3245810763594
269.02160135949197 65.86539786899668 39633451363599977 10 406-407-408-410-411-412-413-415-416-439 0.964568673423322 1.0 15 0.3275565449517488 1.0 [-1,-1] 1.0 1.0 1.0 0.0003767415448896098 0.21544643941305056 24.13460213100332 90.97839864050803 3306.6552878208768 3306.6552878208768 2756.4645004026966 -354.17392141985096 1791.768256187045
269.7785672444442 64.89720395922261 39633443784493760 11 406-407-408-410-411-412-413-415-416-439-440 1.089345673450557 1.0 15 1.1229771484168058 1.0 [-1,-1] 1.0 1.0 1.0 0.00012850791192818028 0.44600300211103894 25.102796040777392 90.22143275555578 3611.9797973427326 3611.9797973427326 68.50782155638208 -83.6783926695118 3610.3604614218084
271.3948815655581 65.33124707065815 39633446343019890 11 406-407-408-410-411-412-413-415-416-439-440 0.6916230508302627 1.0 15 0.9718756642262799 1.0 [-1,-1] 1.0 1.0 1.0 0.0005639081233901963 0.1550231922816235 24.66875292934185 88.60511843444192 2554.2098298021683 2554.2098298021683 -916.4821505403486 -683.1080593703989 2284.1654278143183
267.6508555515126 66.21929079813187 39633456291906364 11 406-407-408-410-411-412-413-415-416-439-440 0.8096005967360896 1.0 15 0.8649233772352705 1.0 [-1,-1] 1.0 1.0 1.0 0.0008239664519383997 0.11155322342262282 23.780709201868135 92.34914444848738 2894.675338387463 2894.675338387463 909.8640290134048 2675.1900081609574 628.2126897889291
266.775319566921 65.58361420601261 39633448842822246 11 406-407-408-410-411-412-413-415-416-439-440 0.6028866250112694 1.0 15 1.2871786318854461 1.0 [-1,-1] 1.0 1.0 1.0 0.0006106036532175123 0.14488555312656437 24.416385793987388 93.22468043307902 2281.5459718438797 2281.5459718438797 -780.1231914453997 1279.0137847216172 1720.7508728163302
271.67976006596655 65.99850791743404 39633453863404561 11 406-407-408-410-411-412-413-415-416-439-440 0.7663485520431821 1.0 15 0.793010458046317 1.0 [-1,-1] 1.0 1.0 1.0 0.0007242712797402853 0.12498917450484462 24.00149208256596 88.32023993403345 2772.6749298325462 2772.6749298325462 -2352.100956028522 -873.6635927562547 1179.85562077055
272.5270179560506 66.571709371569 39633458753964156 11 406-407-408-410-411-412-413-415-416-439-440 0.8188200619257959 1.0 15 1.2523486910352875 1.0 [-1,-1] 1.0 1.0 1.0 0.000762533893525711 0.11946670068019369 23.428290628431 87.4729820439494 2920.270845230156 2920.270845230156 -2551.471835537179 1366.2133521943047 -389.14567741115746
270.6861876143237 66.9055237174158 39633463527082327 11 406-407-408-410-411-412-413-415-416-439-440 0.7709648790437531 1.0 15 0.9643179371489998 1.0 [-1,-1] 1.0 1.0 1.0 0.0007064174578981374 0.12774458208408304 23.094476282584196 89.31381238567627 2785.8488752220605 2785.8488752220605 -546.5581581764304 -2426.1586594200726 -1255.3813343473782
269.71461406707857 67.00187051080422 39633463522885880 10 406-407-408-410-411-412-413-415-416-440 0.6750780719316852 1.0 15 0.9818896532633085 1.0 [-1,-1] 1.0 1.0 1.0 0.0008053318504768218 0.11384060807160488 22.998129489195776 90.28538593292143 2504.482582579173 2504.482582579173 1442.9159309694867 -1548.878268987045 -1338.4329383486488
270.1957375578936 66.4953885375696 39633458737187825 10 406-407-408-410-411-412-413-415-416-440 0.6718911263441819 1.0 15 0.5110317006415757 1.0 [-1,-1] 1.0 1.0 1.0 0.0008053318504768218 0.11384060807160488 23.504611462430404 89.80426244210639 2494.8462981964394 2494.8462981964394 661.6518809613611 -2401.2574507388813 -142.95976817195609
270.2679909007911 64.58598910824355 39633438617110651 10 406-407-408-410-411-412-413-415-416-440 0.8710269112171706 1.0 15 1.4515076084534586 1.0 [-1,-1] 1.0 1.0 1.0 0.0005346154933450218 0.1621399955636538 25.414010891756448 89.73200909920888 3062.5601916167752 3062.5601916167752 -166.06896114893416 833.7131990152865 2942.21316855295
268.0034920041951 65.19972643201504 39633446322045621 10 406-407-408-410-411-412-413-415-416-440 0.7158029313041302 1.0 15 1.0867335200257329 1.0 [-1,-1] 1.0 1.0 1.0 0.0005823912580269674 0.15084542533972659 24.80027356798496 91.9965079958049 2625.989793077323 2625.989793077323 539.2309692687624 666.1714209165278 2482.190160540044
271.0764180369671 64.86985374677074 39633441221772799 10 406-407-408-410-411-412-413-415-416-440 0.7026193070086185 1.0 15 1.2789582930696517 1.0 [-1,-1] 1.0 1.0 1.0 0.0005639081233901963 0.1550231922816235 25.130146253229256 88.92358196303292 2586.9840412044937 2586.9840412044937 -3.8556924429517636 -5.495457596750766 2586.975330966324
267.99828945000297 65.19924195710144 39633446322045571 10 406-407-408-410-411-412-413-415-416-440 0.7180598647768717 1.0 15 1.0885131972680504 1.0 [-1,-1] 1.0 1.0 1.0 0.0005823912580269674 0.15084542533972659 24.800758042898565 92.00171054999703 2632.635982577181 2632.635982577181 536.3601613503048 669.7197846088426 2488.8883872483875
271.94146636091074 67.18274574310729 39633465892667508 9 406-407-408-410-411-412-413-415-439 0.7914830884062412 1.0 15 1.4569610086036837 1.0 [-1,-1] 1.0 1.0 1.0 0.0008239664519383997 0.11155322342262282 22.81725425689271 88.05853363908926 2843.959673637344 2843.959673637344 -2081.9366989233863 -196.15308698515506 -1927.477671314928
267.34541796173374 66.50737309037451 39633458720408614 9 406-407-408-410-411-412-413-415-439 0.6991384075132109 1.0 15 1.0764119639361578 1.0 [-1,-1] 1.0 1.0 1.0 0.0005639081233901963 0.1550231922816235 23.492626909625486 92.65458203826626 2576.632971686795 2576.632971686795 57.57634884474803 2569.8001919735643 -178.46402486177
266.94640632347483 65.88730693094597 39633453829851490 9 406-407-408-410-411-412-413-415-439 1.0293365819916442 1.0 15 1.1418850805830834 1.0 [-1,-1] 1.0 1.0 1.0 0.00020130102782971312 0.3394727840281335 24.112693069054032 93.05359367652517 3467.91836635339 3467.91836635339 -1086.8091882218969 2748.02293204375 1814.8480787794053
271.4570516147471 65.34413872674084 39633446343020337 10 406-407-408-410-411-412-413-415-439-440 0.9693208728250559 1.0 15 0.9810549368752165 1.0 [-1,-1] 1.0 1.0 1.0 0.0003767415448896098 0.21544643941305056 24.655861273259163 88.54294838525288 3318.6977980155516 3318.6977980155516 -1275.5673290428515 -832.7140311878431 2948.435247024199
269.1239376927011 65.24518470687363 39633446330433680 10 406-407-408-410-411-412-413-415-439-440 1.0798939678273438 1.0 15 0.8141559314029868 1.0 [-1,-1] 1.0 1.0 1.0 0.00012850791192818028 0.44600300211103894 24.75481529312637 90.87606230729892 3589.621073923224 3589.621073923224 1289.6293203524813 -302.1277110940984 3336.308516404015
266.34140534394703 66.1162227811531 39633453825656815 10 406-407-408-410-411-412-413-415-439-440 0.9982449909253035 1.0 15 1.3777788178545667 1.0 [-1,-1] 1.0 1.0 1.0 0.00023297360745577845 0.30751381291380364 23.8837772188469 93.65859465605297 3391.270653649458 3391.270653649458 -2674.7222073769804 1787.719731093724 1072.676988998374
267.96094453600864 65.21104974290436 39633446322045312 10 406-407-408-410-411-412-413-416-439-440 0.5849341665887752 1.0 15 1.0898002929804227 1.0 [-1,-1] 1.0 1.0 1.0 0.0005369919189708607 0.1615383650856205 24.788950257095635 92.03905546399136 2224.568143990955 2224.568143990955 446.5358550853937 602.3459533031623 2094.3945449513144
268.7434537058648 67.25692284215455 39633465871696063 10 406-407-408-410-411-412-413-416-439-440 1.001994833907473 1.0 15 1.2972696091845435 1.0 [-1,-1] 1.0 1.0 1.0 0.00023297360745577845 0.30751381291380364 22.74307715784545 91.2565462941352 3400.589150204642 3400.589150204642 2296.5606494737303 347.93533675131334 -2483.69820091292
269.0548952740994 66.12089529982524 39633453842435685 10 406-407-408-410-411-412-413-416-439-440 0.5780227035581428 1.0 15 0.2918259951168754 1.0 [-1,-1] 1.0 1.0 1.0 0.0005369919189708607 0.1615383650856205 23.879104700174764 90.94510472590059 2202.4659672262014 2202.4659672262014 2065.5275897018637 -335.6277188488911 686.8814652546297
268.1415233714488 64.80002736407764 39633441200801141 10 406-407-408-410-411-412-413-416-439-440 0.5435772731326273 1.0 15 1.387435746962679 1.0 [-1,-1] 1.0 1.0 1.0 0.0006094867785671962 0.14511252611805409 25.199972635922364 91.85847662855122 2090.9177631478815 2090.9177631478815 -102.5604403960745 -95.98451400919784 2086.194003774223
268.72481461277664 64.73257127862666 39633441204995226 9 406-407-408-410-411-412-413-416-440 0.8061895342378192 1.0 15 1.3537962950369522 1.0 [-1,-1] 1.0 1.0 1.0 0.0008239664519383997 0.11155322342262282 25.267428721373335 91.27518538722336 2885.1692395983578 2885.1692395983578 -381.90304581537623 -65.16255852359633 2859.0392522118623
268.7326016034564 64.72137350907033 39633441204995289 8 406-407-408-410-411-412-413-440 0.6912967967126771 1.0 15 1.363484081566177 1.0 [-1,-1] 1.0 1.0 1.0 0.0005639081233901963 0.1550231922816235 25.278626490929668 91.26739839654363 2553.2340795450978 2553.2340795450978 -366.3467945341839 -59.57630370354028 2526.1126172682907
267.1256189895097 65.23950709767401 39633446313659451 9 406-407-408-410-411-412-414-415-416 0.9721268581444449 1.0 15 1.328004854103112 1.0 [-1,-1] 1.0 1.0 1.0 0.00030269805442075816 0.25472307248715254 24.760492902325993 92.87438101049031 3325.7925656316957 3325.7925656316957 -237.229811824772 1186.135676357304 3098.015552456934
272.48826549870637 65.88368278168647 39633453867600370 10 406-407-408-410-411-412-414-415-416-439 0.8201808855437469 1.0 15 1.132147099496628 1.0 [-1,-1] 1.0 1.0 1.0 0.000762533893525711 0.11946670068019369 24.116317218313526 87.51173450129363 2924.0367861910263 2924.0367861910263 -2235.5060093712445 1087.7683091084318 1539.2414088643739
267.5054450672538 65.72056181470147 39633451351019529 10 406-407-408-410-411-412-414-415-416-439 0.4003929115463875 1.0 15 0.957375180546344 1.0 [-1,-1] 1.0 1.0 1.0 0.00024055914515870672 0.3007331513712552 24.27943818529853 92.49455493274621 1601.530233397665 1601.530233397665 218.91420260006987 1186.6593319481954 1053.002986836703
267.5482269948486 65.72628516680432 39633451351019871 10 406-407-408-410-411-412-414-415-416-439 0.7295850934136244 1.0 15 0.9388821166894492 1.0 [-1,-1] 1.0 1.0 1.0 0.0005823912580269674 0.15084542533972659 24.273714833195683 92.45177300515138 2666.4335479337537 2666.4335479337537 450.87498557824966 1968.055590993538 1741.6477266328786
267.62482168710403 67.04776037343677 39633463506111723 10 406-407-408-410-411-412-414-415-416-439 0.6232343264901103 1.0 15 1.3261397043981535 1.0 [-1,-1] 1.0 1.0 1.0 0.0007056687116799521 0.12786279395313782 22.952239626563227 92.37517831289597 2345.3774869271497 2345.3774869271497 571.5349391317579 1835.8732012107346 -1343.023811632772
270.24649146825675 66.67587177629201 39633461144716758 11 406-407-408-410-411-412-414-415-416-439-440 0.92915767188853 1.0 15 0.6878185959490919 0.5 [-1,-1] 1.0 1.0 1.0 0.00042618922305278896 0.1953324009783564 23.324128223707987 89.75350853174325 3215.845609264717 3215.845609264717 676.2989580667913 -3051.284209052752 -757.5931477582493
272.9979388926198 65.82433683428647 39633451388768044 11 406-407-408-410-411-412-414-415-416-439-440 0.81114404223531 1.0 15 1.3473663833672684 1.0 [-1,-1] 1.0 1.0 1.0 0.000762533893525711 0.11946670068019369 24.17566316571353 87.0020611073802 2898.970252339057 2898.970252339057 -1354.2877382473862 1944.874881848386 1669.54932240254
270.74969776619514 66.70358057601408 39633461148910367 11 406-407-408-410-411-412-414-415-416-439-440 0.993994088141774 1.0 15 0.7964989559499301 1.0 [-1,-1] 1.0 1.0 1.0 0.00023297360745577845 0.30751381291380364 23.296419423985924 89.25030223380486 3380.6821372022077 3380.6821372022077 -917.470036850342 -3130.5321983072736 -887.1463236926292
267.820684258311 67.00964360814972 39633463510303078 11 406-407-408-410-411-412-414-415-416-439-440 0.6186799528660039 1.0 15 1.2482195823314257 1.0 [-1,-1] 1.0 1.0 1.0 0.0007056687116799521 0.12786279395313782 22.990356391850284 92.17931574168898 2331.1588649725545 2331.1588649725545 935.9479346494105 1722.7797602353262 -1261.0840634506262
268.3941261121185 66.17742090257514 39633456296101457 11 406-407-408-410-411-412-414-415-416-439-440 0.8621042948953289 1.0 15 0.5636612456524842 1.0 [-1,-1] 1.0 1.0 1.0 0.0006576102792991648 0.1359368301360722 23.822579097424864 91.6058738878815 3038.5567973468474 3038.5567973468474 2576.9657542509112 1406.7554510443886 783.015972428187
269.77042731827953 67.048608092991 39633463522886188 11 406-407-408-410-411-412-414-415-416-439-440 0.7562502491802758 1.0 15 1.028733999535806 1.0 [-1,-1] 1.0 1.0 1.0 0.0007242712797402853 0.12498917450484462 22.951391907008997 90.22957268172047 2743.727854770808 2743.727854770808 1438.1875278753682 -1727.7782183486186 -1573.035792316574
266.734976882124 66.08204477066576 39633453829849789 11 406-407-408-410-411-412-414-415-416-439-440 0.8634014553253134 1.0 15 1.2172144059559158 1.0 [-1,-1] 1.0 1.0 1.0 0.0006576102792991648 0.1359368301360722 23.91795522933424 93.26502311787601 3042.054369563489 3042.054369563489 -1581.7060192565682 2372.3676394701006 1060.2700784342271
268.125579825795 66.19562937147018 39633456291909521 11 406-407-408-410-411-412-414-415-416-439-440 0.702449797606203 1.0 15 0.6731119520029695 1.0 [-1,-1] 1.0 1.0 1.0 0.0005639081233901963 0.1550231922816235 23.804370628529824 91.874420174205 2586.480482609402 2586.480482609402 1805.6498582848226 1744.7022792746277 620.9056553851668
270.2650158905264 65.0339050050041 39633443788687498 11 406-407-408-410-411-412-414-415-416-439-440 0.6743469099416223 1.0 15 1.0106868293501967 1.0 [-1,-1] 1.0 1.0 1.0 0.0008053318504768218 0.11384060807160488 24.9660949949959 89.7349841094736 2502.2734397107156 2502.2734397107156 82.29572070601027 -406.8268474079402 2467.608497647731
271.99902847590903 66.16599383058134 39633456321266608 11 406-407-408-410-411-412-414-415-416-439-440 0.6329952819534408 1.0 15 0.9309953263863043 1.0 [-1,-1] 1.0 1.0 1.0 0.0007982518636535506 0.11473445525619816 23.834006169418657 88.00097152409097 2375.718388340782 2375.718388340782 -2286.8232818577003 -83.2249956557327 638.397006847777
270.8656468433024 66.18065532594157 39633456312878575 11 406-407-408-410-411-412-414-415-416-439-440 0.4856133533373635 1.0 15 0.4873259404838684 1.0 [-1,-1] 1.0 1.0 1.0 0.000668512811805897 0.13401699399284683 23.819344674058428 89.13435315669761 1897.8687722373604 1897.8687722373604 -716.4699709301449 -1689.721199980421 483.13447788977913
