data_rosette/LRG_6_clustering_data.ecsv
# %ECSV 1.0
# ---
# datatype:
# - {name: RA, unit: deg, datatype: float64}
# - {name: DEC, unit: deg, datatype: float64}
# - {name: TARGETID, datatype: int64}
# - {name: NTILE, datatype: int64}
# - {name: TILES, datatype: string}
# - {name: Z, datatype: float64}
# - {name: COMP_TILE, datatype: float64}
# - {name: ROSETTE_NUMBER, datatype: int32}
# - {name: ROSETTE_R, unit: deg, datatype: float64}
# - {name: FRACZ_TILELOCID, datatype: float64}
# - {name: BITWEIGHTS, datatype: string, subtype: 'int64[2]'}
# - {name: PROB_OBS, datatype: float64}
# - {name: WEIGHT_ZFAIL, datatype: float64}
# - {name: WEIGHT, datatype: float64}
# - {name: NZ, unit: h3 / Mpc3, datatype: float64}
# - {name: WEIGHT_FKP, datatype: float64}
# - {name: theta, unit: deg, datatype: float64}
# - {name: phi, unit: deg, datatype: float64}
# - {name: rho, unit: Mpc, datatype: float64}
# - {name: r, unit: Mpc, datatype: float64}
# - {name: x, unit: Mpc, datatype: float64}
# - {name: y, unit: Mpc, datatype: float64}
# - {name: z, unit: Mpc, datatype: float64}
# meta: !!omap
# - {EXTNAME: LSS}
# - {DESIDR: edr}
# - comments: ['Visit https://desidatamodel.readthedocs.io/en/latest/ for a more complet', e description]
# schema: astropy-2.0
RA DEC TARGETID NTILE TILES Z COMP_TILE ROSETTE_NUMBER ROSETTE_R FRACZ_TILELOCID BITWEIGHTS PROB_OBS WEIGHT_ZFAIL WEIGHT NZ WEIGHT_FKP theta phi rho r x y z
[from data line 1309]
215.1675718429139 51.03227344982909 39633263861435786 6 163-164-165-166-172-173 0.7081612865647844 1.0 6 1.4820704383235022 1.0 [-1,-1] 1.0 1.0 1.0 0.0005639081233901963 0.1550231922816235 38.96772655017091 144.8324281570861 2603.4189365704815 2603.4189365704815 2359.9347236327985 779.8738785628717 774.7870630187789
216.49210661967987 52.85599320466238 39633290063252056 5 163-164-165-166-173 0.9648447903903328 1.0 6 0.6989494327009305 1.0 [-1,-1] 1.0 1.0 1.0 0.0003767415448896098 0.21544643941305056 37.14400679533762 143.50789338032013 3307.3559193861743 3307.3559193861743 -933.9043952214719 1471.7898995723056 2810.740160456268
213.58958080523198 51.76221376611156 39633275190249360 8 163-164-165-167-168-169-170-171 0.816753386328221 1.0 6 1.385430093330077 1.0 [-1,-1] 1.0 1.0 1.0 0.000762533893525711 0.11946670068019369 38.23778623388844 146.41041919476802 2914.5456168905785 2914.5456168905785 -479.34464706469345 1416.236285445254 2501.815270169789
216.14430953558877 51.51171774942576 39633271457318094 8 163-164-165-167-168-169-170-171 0.7005348740873767 1.0 6 1.0648891040630242 1.0 [-1,-1] 1.0 1.0 1.0 0.0005639081233901963 0.1550231922816235 38.48828225057424 143.85569046441123 2580.788244879621 2580.788244879621 1449.8022096802326 -1119.5678665858886 1817.9959597929446
216.24630732104382 51.16507975128089 39633267678249061 8 163-164-165-167-168-169-170-171 0.7891455749251074 1.0 6 1.4123206687551206 0.5 [-1,-1] 1.0 1.0 1.0 0.0007064174578981374 0.12774458208408304 38.83492024871911 143.75369267895618 2837.3758222324227 2837.3758222324227 1865.8717473151705 -1771.891861736956 1195.6686035313016
217.1161532989247 51.37826777810507 39633271465708857 9 163-164-165-167-168-169-170-171-172 0.7133445462156857 0.8571428571428571 6 1.5002600174906675 1.0 [-1,-1] 1.0 1.0 1.0 0.0005823912580269674 0.15084542533972659 38.62173222189493 142.8838467010753 2618.7399872057363 2618.7399872057363 -122.3044263280196 -2084.038100786046 1581.0205382483066
214.85728178293988 53.584626880668026 39633300964246523 9 163-164-165-167-168-169-170-171-172 0.560563859190322 0.8571428571428571 6 1.1513928440578893 0.5 [-1,-1] 1.0 1.0 1.0 0.0006724560872077301 0.13333590500666823 36.415373119331974 145.14271821706012 2146.218911436738 2146.218911436738 -1663.9014974148345 -1211.7896719189657 607.6620884503928
215.4521974048838 52.16767209951576 39633282672886750 9 163-164-165-167-168-169-170-171-172 0.9019136337718866 0.8571428571428571 6 0.333609138056299 1.0 [-1,-1] 1.0 1.0 1.0 0.0005723615213970424 0.15308410280969617 37.83232790048424 144.5478025951162 3144.6675799078994 3144.6675799078994 417.4331205508958 14.42409788843612 3116.805371432591
213.63666518555593 51.773271578215855 39633275190249809 9 163-164-165-167-168-169-170-171-172 0.5589018409349813 0.8571428571428571 6 1.354975479649636 0.5 [-1,-1] 1.0 1.0 1.0 0.0006724560872077301 0.13333590500666823 38.226728421784145 146.36333481444407 2140.833222576516 2140.833222576516 -297.12225893088123 1036.095615479517 1849.7002799695097
217.13012799210122 52.39912094431374 39633286389041799 9 163-164-165-167-168-169-170-171-172 0.8282499920372136 0.8571428571428571 6 0.9985839036238312 1.0 [-1,-1] 1.0 1.0 1.0 0.000762533893525711 0.11946670068019369 37.60087905568626 142.86987200789878 2946.303864239474 2946.303864239474 20.95814852926971 288.1973419999557 2932.099846271754
217.113465109547 51.377720789780135 39633271465708831 9 163-164-165-167-168-169-170-171-172 0.5644586137025976 0.8571428571428571 6 1.4995734861313341 1.0 [-1,-1] 1.0 1.0 1.0 0.0006724560872077301 0.13333590500666823 38.622279210219865 142.886534890453 2158.818390173365 2158.818390173365 -96.24556449929293 -1719.0009954726518 1302.409002820913
215.1207478675729 53.69709899297378 39633304562960240 10 163-164-165-167-168-169-170-171-172-173 0.7256595674187308 1.0 6 1.2185604583735339 1.0 [-1,-1] 1.0 1.0 1.0 0.0005823912580269674 0.15084542533972659 36.30290100702622 144.8792521324271 2654.948571191678 2654.948571191678 -2441.425160662665 -935.6935818216152 461.16441915422286
215.12227752121288 53.69438741170873 39633304562960254 10 163-164-165-167-168-169-170-171-172-173 0.7269295410748045 1.0 6 1.2157264557926044 1.0 [-1,-1] 1.0 1.0 1.0 0.0005823912580269674 0.15084542533972659 36.30561258829127 144.87772247878712 2658.667152128982 2658.667152128982 -2445.0961302938076 -932.8134910219866 468.90823238588183
214.6072230283259 51.75859636723512 39633275198639843 10 163-164-165-167-168-169-170-171-172-173 0.6835186220756421 1.0 6 0.92196510549524 1.0 [-1,-1] 1.0 1.0 1.0 0.0008053318504768218 0.11384060807160488 38.24140363276488 145.3927769716741 2529.9139010381546 2529.9139010381546 832.4095646252762 1005.9419010764606 2166.942443869963
215.58100534067904 51.02646219627542 39633263865629822 10 163-164-165-167-168-169-170-171-172-173 0.6220120047861907 1.0 6 1.4743901761409546 1.0 [-1,-1] 1.0 1.0 1.0 0.0007056687116799521 0.12786279395313782 38.97353780372458 144.41899465932096 2341.5653051279687 2341.5653051279687 2229.5366436487043 -210.79741187108232 683.8558941437597
215.62573741512418 52.20266034161295 39633282672888343 10 163-164-165-167-168-169-170-171-172-173 0.7543448762919512 1.0 6 0.3070984226559481 1.0 [-1,-1] 1.0 1.0 1.0 0.0007242712797402853 0.12498917450484462 37.79733965838705 144.37426258487582 2738.246145532483 2738.246145532483 265.94957355746527 -37.20678401398339 2725.0465010842363
216.67961431349582 53.3177366863004 39633297365533557 10 163-164-165-167-168-169-170-171-172-173 1.0134309568950617 1.0 6 1.0838488627952367 1.0 [-1,-1] 1.0 1.0 1.0 0.00020130102782971312 0.3394727840281335 36.6822633136996 143.32038568650418 3428.881974058117 3428.881974058117 -1076.0087907919965 2710.3302339558127 1803.75904628752
216.21834014900995 52.330081041719865 39633282681274862 10 163-164-165-167-168-169-170-171-172-173 0.9886595994030168 1.0 6 0.46993482561355543 1.0 [-1,-1] 1.0 1.0 1.0 0.00030269805442075816 0.25472307248715254 37.669918958280135 143.78165985099005 3367.357016325541 3367.357016325541 -73.13726230860351 65.66315089510381 3365.9222461122563
215.96171613211493 51.52470455557064 39633271453125428 10 163-164-165-167-168-169-170-171-172-173 0.9406497641168777 1.0 6 1.0158489160910342 1.0 [-1,-1] 1.0 1.0 1.0 0.0003671239319408774 0.21984967794317842 38.47529544442936 144.03828386788507 3245.52573986604 3245.52573986604 2021.998038916968 -1039.8014603549939 2315.9823362436437
216.71744353787588 53.303656646482985 39633297365533888 10 163-164-165-167-168-169-170-171-172-173 0.8290219266993999 1.0 6 1.0886009897622677 1.0 [-1,-1] 1.0 1.0 1.0 0.000762533893525711 0.11946670068019369 36.696343353517015 143.28255646212412 2948.428385638509 2948.428385638509 -829.0673118244232 2343.0639690723824 1586.1678897701534
216.1534512878745 51.55994192157954 39633271457318179 10 163-164-165-167-168-169-170-171-172-173 1.005957001988302 1.0 6 1.0224084603535148 1.0 [-1,-1] 1.0 1.0 1.0 0.00023297360745577845 0.30751381291380364 38.44005807842046 143.8465487121255 3410.413007784934 3410.413007784934 1809.032114965127 -1423.5608078145958 2516.3056883351305
213.83579451147574 52.19971606075084 39633282656109639 10 163-164-165-167-168-169-170-171-172-173 0.8933222359035842 1.0 6 1.05995554214328 1.0 [-1,-1] 1.0 1.0 1.0 0.0005723615213970424 0.15308410280969617 37.80028393924916 146.16420548852426 3121.98074434732 3121.98074434732 -25.244836716772713 314.3065780346191 3106.016394241788
213.42945581930263 52.422361445498666 39633286351293050 10 163-164-165-167-168-169-170-171-172-173 1.0601817095696016 1.0 6 1.2639231358686795 1.0 [-1,-1] 1.0 1.0 1.0 0.00014839258087788972 0.41078905010633954 37.577638554501334 146.57054418069737 3542.5944656184324 3542.5944656184324 200.69472691247486 -379.4693614078894 3516.4897523201403
213.5051130681657 52.28836368030008 39633282651916076 10 163-164-165-167-168-169-170-171-172-173 0.46142046897040645 1.0 6 1.2355487794079494 1.0 [-1,-1] 1.0 1.0 1.0 0.0005330850268982689 0.1625298359500762 37.71163631969992 146.4948869318343 1815.2748064818584 1815.2748064818584 -9.079564772076463 20.84301762936237 1815.1324340574713
213.64575482042687 52.03238594152219 39633278931567223 11 163-164-165-167-168-169-170-171-172-173-460 0.8566562715785735 1.0 6 1.2273101212941337 1.0 [-1,-1] 1.0 1.0 1.0 0.0006576102792991648 0.1359368301360722 37.96761405847781 146.35424517957313 3023.8373638273397 3023.8373638273397 -214.11279272999974 773.0841260555242 2915.491219144486
215.10680006832393 53.41392021933604 39633300964248874 11 163-164-165-167-168-169-170-171-172-173-460 0.9197876706801237 1.0 6 0.9441131861092223 1.0 [-1,-1] 1.0 1.0 1.0 0.00042618922305278896 0.1953324009783564 36.58607978066396 144.89319993167607 3191.495630177802 3191.495630177802 -2658.747576504974 -1061.746058780002 1410.4612680035082
214.07648497513028 53.37566057107611 39633300955858415 11 163-164-165-167-168-169-170-171-172-173-460 0.4508845693986543 1.0 6 1.2258484132840515 1.0 [-1,-1] 1.0 1.0 1.0 0.0005330850268982689 0.1625298359500762 36.62433942892389 145.92351502486972 1778.9283865632588 1778.9283865632588 -250.09817073727925 -1544.416209779071 846.6496799066744
214.63558604537343 51.584102188474695 39633271440541851 11 163-164-165-167-168-169-170-171-172-173-460 1.053123603505169 1.0 6 1.0590184567676946 1.0 [-1,-1] 1.0 1.0 1.0 0.00014839258087788972 0.41078905010633954 38.415897811525305 145.36441395462657 3525.6249745938567 3525.6249745938567 1526.6554443221137 1741.8843914177312 2658.0431491487984
216.97564209202335 52.038511024608965 39633278965122283 11 163-164-165-167-168-169-170-171-172-173-460 0.47369507019345697 1.0 6 1.0140833587397229 1.0 [-1,-1] 1.0 1.0 1.0 0.000668512811805897 0.13401699399284683 37.961488975391035 143.02435790797665 1857.3302838169886 1857.3302838169886 39.407379143454385 -480.1343886211887 1793.7652607061207
216.80277928213007 53.56451628158964 39633300981025918 11 163-164-165-167-168-169-170-171-172-173-460 0.8475138855173658 1.0 6 1.3216863785334478 1.0 [-1,-1] 1.0 1.0 1.0 0.0006366829495309179 0.1397804201853648 36.43548371841036 143.19722071786993 2999.028061386203 2999.028061386203 -720.4046459727747 2766.3915333646905 906.7879262379291
216.50075003112033 53.09104994920596 39633293724877594 11 163-164-165-167-168-169-170-171-172-173-460 0.8281523473254571 1.0 6 0.8458593009741965 1.0 [-1,-1] 1.0 1.0 1.0 0.000762533893525711 0.11946670068019369 36.90895005079404 143.49924996887967 2946.0350557150505 2946.0350557150505 -1106.096722496917 1776.92284825745 2073.214359713966
216.4590072037824 53.09500342343895 39633293724877214 11 163-164-165-167-168-169-170-171-172-173-460 0.8266467457139706 1.0 6 0.8308003925910398 1.0 [-1,-1] 1.0 1.0 1.0 0.000762533893525711 0.11946670068019369 36.90499657656105 143.5409927962176 2941.888245816899 2941.888245816899 -1182.2278405769337 1733.5312818558255 2062.0167503363623
213.32003763523142 52.186632432860904 39633282651914268 11 163-164-165-167-168-169-170-171-172-173-460 0.9158647028895472 1.0 6 1.3681132303739922 1.0 [-1,-1] 1.0 1.0 1.0 0.00042618922305278896 0.1953324009783564 37.813367567139096 146.67996236476858 3181.2605560727866 3181.2605560727866 -203.56062481542165 300.1747348901022 3160.5184584468016
213.9177109422597 53.559828080368945 39633300955857014 11 163-164-165-167-168-169-170-171-172-173-460 0.6188603721592415 1.0 6 1.4242721447046531 1.0 [-1,-1] 1.0 1.0 1.0 0.0007056687116799521 0.12786279395313782 36.440171919631055 146.0822890577403 2331.7228792618926 2331.7228792618926 -3.9265993273421533 -2219.2501919483407 715.4332624559379
215.81214751240955 53.59499558577646 39633300972635944 11 163-164-165-167-168-169-170-171-172-173-460 0.773576187521274 1.0 6 1.1109547343773072 1.0 [-1,-1] 1.0 1.0 1.0 0.0007064174578981374 0.12774458208408304 36.40500441422354 144.18785248759045 2793.2846571872456 2793.2846571872456 -2546.0263012909018 859.0391972766873 763.047119616386
213.82636779384038 52.325109715466 39633282656109550 11 163-164-165-167-168-169-170-171-172-173-460 0.5646498794297222 1.0 6 1.0357155379017648 1.0 [-1,-1] 1.0 1.0 1.0 0.0006724560872077301 0.13333590500666823 37.674890284534 146.17363220615962 2159.4363645059925 2159.4363645059925 4.6784305079341 -52.090127422223205 2158.802942202918
216.2311052729676 51.570452113933115 39633271457318811 11 163-164-165-167-168-169-170-171-172-173-460 0.9123780154382763 1.0 6 1.0326250440280198 1.0 [-1,-1] 1.0 1.0 1.0 0.00042618922305278896 0.1953324009783564 38.429547886066885 143.7688947270324 3172.1436486607017 3172.1436486607017 1556.6745691592068 -1433.8999236557072 2362.8776147764374
214.61604167766902 51.456266666704074 39633271440541639 11 163-164-165-167-168-169-170-171-172-173-460 0.9303170883813215 1.0 6 1.1771962392815125 1.0 [-1,-1] 1.0 1.0 1.0 0.0003671239319408774 0.21984967794317842 38.543733333295926 145.38395832233098 3218.849182304973 3218.849182304973 1550.6856330766025 1840.6649920493846 2137.3620453351014
215.1184188648958 53.415073829892975 39633300964248948 11 163-164-165-167-168-169-170-171-172-173-460 0.919487620687744 1.0 6 0.9434997673931461 1.0 [-1,-1] 1.0 1.0 1.0 0.00042618922305278896 0.1953324009783564 36.584926170107025 144.8815811351042 3190.713639853642 3190.713639853642 -2671.7654674728296 -1031.1160881399521 1406.8128628736413
215.68221421229646 53.51486397318434 39633300972634958 11 163-164-165-167-168-169-170-171-172-173-460 0.4568466721786239 1.0 6 1.0207682956477315 1.0 [-1,-1] 1.0 1.0 1.0 0.0005330850268982689 0.1625298359500762 36.48513602681566 144.31778578770354 1799.524485350882 1799.524485350882 -1654.0635257210483 327.5123682941009 628.568114742548
215.27815442147514 51.95898117040427 39633278948344695 11 163-164-165-167-168-169-170-171-172-173-460 0.895838014049912 1.0 6 0.5578207965548084 1.0 [-1,-1] 1.0 1.0 1.0 0.0005723615213970424 0.15308410280969617 38.04101882959573 144.72184557852486 3128.6360790905596 3128.6360790905596 1026.2461010239406 217.2173568035917 2947.54122539848
213.889215517549 51.91277986138829 39633278931569325 11 163-164-165-167-168-169-170-171-172-173-460 0.6077733393451112 1.0 6 1.1485385022092112 1.0 [-1,-1] 1.0 1.0 1.0 0.0006106036532175123 0.14488555312656437 38.08722013861171 146.110784482451 2296.948014583381 2296.948014583381 -23.228958088249904 868.9421714046605 2126.1162009540362
216.60086370532747 53.26956709248434 39633297365532856 11 163-164-165-167-168-169-170-171-172-173-460 0.7680645369121311 1.0 6 1.016590042429559 1.0 [-1,-1] 1.0 1.0 1.0 0.0007242712797402853 0.12498917450484462 36.73043290751566 143.39913629467253 2777.576262683695 2777.576262683695 -1009.4097417301008 2054.53192272352 1573.1879883962654
217.38187633054642 52.947299754930675 39633293733266580 11 163-164-165-167-168-169-170-171-172-173-460 0.9105153856707879 1.0 6 1.224358802533924 1.0 [-1,-1] 1.0 1.0 1.0 0.00042618922305278896 0.1953324009783564 37.052700245069325 142.61812366945358 3167.265521082162 3167.265521082162 607.9640590607603 1808.258212464993 2528.2707175022083
217.1432919599585 53.59861638678948 39633300985219795 11 163-164-165-167-168-169-170-171-172-173-460 0.479145976487639 1.0 6 1.4773391523996873 1.0 [-1,-1] 1.0 1.0 1.0 0.000668512811805897 0.13401699399284683 36.40138361321052 142.8567080400415 1875.9069458841495 1875.9069458841495 154.72296746894233 1799.7624368564607 505.90794007852475
216.65906711114943 53.27922067262427 39633297365533365 11 163-164-165-167-168-169-170-171-172-173-460 0.8185472421581269 1.0 6 1.0469881983960956 1.0 [-1,-1] 1.0 1.0 1.0 0.000762533893525711 0.11946670068019369 36.72077932737573 143.34093288885057 2919.5154723352593 2919.5154723352593 -939.72533660727 2232.192781612427 1630.2767466478504
