data_rosette/LRG_8_clustering_data.ecsv
# %ECSV 1.0
# ---
# datatype:
# - {name: RA, unit: deg, datatype: float64}
# - {name: DEC, unit: deg, datatype: float64}
# - {name: TARGETID, datatype: int64}
# - {name: NTILE, datatype: int64}
# - {name: TILES, datatype: string}
# - {name: Z, datatype: float64}
# - {name: COMP_TILE, datatype: float64}
# - {name: ROSETTE_NUMBER, datatype: int32}
# - {name: ROSETTE_R, unit: deg, datatype: float64}
# - {name: FRACZ_TILELOCID, datatype: float64}
# - {name: BITWEIGHTS, datatype: string, subtype: 'int64[2]'}
# - {name: PROB_OBS, datatype: float64}
# - {name: WEIGHT_ZFAIL, datatype: float64}
# - {name: WEIGHT, datatype: float64}
# - {name: NZ, unit: h3 / Mpc3, datatype: float64}
# - {name: WEIGHT_FKP, datatype: float64}
# - {name: theta, unit: deg, datatype: float64}
# - {name: phi, unit: deg, datatype: float64}
# - {name: rho, unit: Mpc, datatype: float64}
# - {name: r, unit: Mpc, datatype: float64}
# - {name: x, unit: Mpc, datatype: float64}
# - {name: y, unit: Mpc, datatype: float64}
# - {name: z, unit: Mpc, datatype: float64}
# meta: !!omap
# - {EXTNAME: LSS}
# - {DESIDR: edr}
# - comments: ['Visit https://desidatamodel.readthedocs.io/en/latest/ for a more complet', e description]
# schema: astropy-2.0
RA DEC TARGETID NTILE TILES Z COMP_TILE ROSETTE_NUMBER ROSETTE_R FRACZ_TILELOCID BITWEIGHTS PROB_OBS WEIGHT_ZFAIL WEIGHT NZ WEIGHT_FKP theta phi rho r x y z
[from data line 692]
215.35002164434596 -0.6551069672012054 39627770220776097 10 217-218-219-220-221-222-223-224-226-466 0.8400984236550021 1.0 8 0.9515184298869888 1.0 [-1,-4398054899713] 0.984375 1.0 1.015748031496063 0.0006232532477076302 0.14268566385842998 90.6551069672012 144.64997835565404 2978.804670188841 2978.804670188841 1286.4562598389691 176.98359133166412 -2680.855155180773
217.2454711559338 -0.15611192817589853 39627782329734590 10 217-218-219-220-221-222-223-224-226-466 0.7709125600209857 1.0 8 1.0444658615717453 1.0 [-1,-1] 1.0 1.0 1.0 0.0007324854237337303 0.12404708914385561 90.1561119281759 142.7545288440662 2785.6997749695975 2785.6997749695975 -423.37237457683193 -2226.1517967520113 -1620.2244432573634
215.35085115908157 -0.6623515079976825 39627770220776126 10 217-218-219-220-221-222-223-224-226-466 0.8405381619889433 1.0 8 0.9511371192549952 1.0 [-137438953473,-18014398509481985] 0.984375 1.0 1.015748031496063 0.0006232532477076302 0.14268566385842998 90.66235150799768 144.64914884091843 2980.006438444779 2980.006438444779 1267.837794868872 173.3506919365867 -2691.277621628709
215.3520199101629 -0.6589022988404342 39627770220776159 10 217-218-219-220-221-222-223-224-226-466 0.8352029609342443 1.0 8 0.9497511212705926 1.0 [-281474976710657,-1] 0.9921875 1.0 1.0078125 0.0006232532477076302 0.14268566385842998 90.65890229884043 144.6479800898371 2965.40428200727 2965.40428200727 1270.9721582538882 172.26627216339145 -2673.682228718558
215.3543257762064 -0.6556157766529574 39627770220776220 10 217-218-219-220-221-222-223-224-226-466 0.8327914357616468 1.0 8 0.947251503932173 1.0 [-8388609,-513] 0.984375 1.0 1.015748031496063 0.0006232532477076302 0.14268566385842998 90.65561577665295 144.6456742237936 2958.78866593001 2958.78866593001 1277.2135684836953 170.11397131381105 -2663.497157287929
215.66116143901692 0.24494877655141817 39627794384163754 10 217-218-219-220-221-222-223-224-226-466 0.820021653182866 1.0 8 1.0592647579794128 1.0 [-1,-1] 1.0 1.0 1.0 0.0006627118749498285 0.13533979738261318 89.75505122344858 144.33883856098308 2923.5962864407425 2923.5962864407425 2810.051992915143 -495.170950927213 -637.0469155106027
216.6344788834341 0.06039496487404341 39627788361141344 9 217-218-219-220-221-222-223-224-227 0.6940276130611498 1.0 8 0.7402661100757553 1.0 [-1,-1] 1.0 1.0 1.0 0.0005843703162771602 0.15074849413407446 89.93960503512595 143.3655211165659 2561.3953441766503 2561.3953441766503 966.8318729800504 -2147.359191824757 -1007.3880780739039
215.66231600503423 -0.4116362666715514 39627776264769859 10 217-218-219-220-221-222-223-224-227-466 0.620914432285794 1.0 8 0.6648982743982439 1.0 [-1,-1] 1.0 1.0 1.0 0.0007214233604467519 0.12571007283523317 90.41163626667155 144.33768399496577 2338.1397726445007 2338.1397726445007 1473.4959773793928 -261.40528792102543 -1796.4894868926315
217.47410594836214 -0.2790628829386136 39627782333928982 10 217-218-219-220-221-222-223-224-227-466 0.41557849414790804 1.0 8 1.2171444783006744 1.0 [-1,-1] 1.0 1.0 1.0 0.0006262316776515472 0.14210347001521706 90.27906288293862 142.52589405163786 1655.4460172463785 1655.4460172463785 -492.99332351879104 -1114.1927906016747 -1120.7290146837665
215.65878316074708 -0.41241825998654835 39627776264769769 10 217-218-219-220-221-222-223-224-227-466 0.594617866925396 1.0 8 0.6680669751367212 1.0 [-1,-1] 1.0 1.0 1.0 0.0007756247847600315 0.11796159141779075 90.41241825998655 144.34121683925292 2255.3797587597296 2255.3797587597296 1420.887004568138 -246.89766699666387 -1734.029849369406
214.99339974410617 -1.1444295795735828 39627758132794676 10 217-218-219-220-221-222-223-224-227-466 0.7293709679627631 1.0 8 1.4153442442844477 1.0 [-1,-1] 1.0 1.0 1.0 0.0006167714992318164 0.14396928707710532 91.14442957957358 145.00660025589383 2665.8077835871973 2665.8077835871973 -89.76906978968614 -48.267368001339726 -2663.8586513419596
215.6654606500184 -0.40728857912751815 39627776264769943 10 217-218-219-220-221-222-223-224-227-466 0.7938739099049485 1.0 8 0.6631337631596993 1.0 [-1,-1] 1.0 1.0 1.0 0.0007229154976227362 0.12548315978664992 90.40728857912752 144.3345393499816 2850.684053327246 2850.684053327246 1804.8443947247588 -326.045601024272 -2182.3451946879527
215.64509378459528 0.6050534471571 39627800423960246 10 217-218-219-220-221-222-223-224-227-466 0.8784795264787345 1.0 8 1.3715101713227218 1.0 [-301990145,-17179869185] 0.96875 1.0 1.032 0.0005690156306133545 0.15418916366201427 89.3949465528429 144.35490621540472 3082.5108765000764 3082.5108765000764 3013.971302961528 -481.3099302515915 431.49859757230337
215.63824704431477 0.5993260827590982 39627800423960049 10 217-218-219-220-221-222-223-224-227-466 0.8780638129834796 1.0 8 1.3697751776459395 1.0 [-274877906945,-4718597] 0.96875 1.0 1.032 0.0005690156306133545 0.15418916366201427 89.40067391724091 144.36175295568523 3081.4003531934773 3081.4003531934773 3018.5017220945183 -460.86228225340176 413.86162804674285
215.86549913064454 -0.45847591484767236 39627776268963125 10 217-218-219-220-221-222-223-224-227-466 1.0196159167550334 1.0 8 0.456950619497228 1.0 [-1,-1] 1.0 1.0 1.0 0.00020304675497218746 0.33812883710054276 90.45847591484767 144.13450086935546 3444.1046204807753 3444.1046204807753 1930.7593295559705 -768.397805304393 -2746.559640887668
215.34497740493748 -1.2122679787375013 39627758141179773 10 217-218-219-220-221-222-223-224-227-466 1.0843728394675367 1.0 8 1.1343295125670945 1.0 [-1,-1] 1.0 1.0 1.0 0.0001075182622224553 0.4910338705006151 91.2122679787375 144.65502259506252 3600.231420687337 3600.231420687337 -377.3764453667358 -53.85834914323825 -3579.99337697911
216.66542138795148 -0.7969804743552793 39627770241748615 10 217-218-219-220-221-222-223-224-227-466 0.6330832593858886 1.0 8 0.4151073618262246 1.0 [-1,-1] 1.0 1.0 1.0 0.000833303205902425 0.11070054926254569 90.79698047435528 143.33457861204852 2375.9910375217955 2375.9910375217955 276.2964682094275 -668.1462295467436 -2263.3104709653435
215.29084794046162 -0.8000411750666592 39627770220774461 10 217-218-219-220-221-222-223-224-227-466 0.7144595677505706 1.0 8 1.0287134215736335 1.0 [-1,-1] 1.0 1.0 1.0 0.0006167714992318164 0.14396928707710532 90.80004117506665 144.70915205953838 2622.029541382057 2622.029541382057 775.1291439663473 153.812505265784 -2500.1110853876194
215.57523918492421 -0.7792573146905905 39627770224969741 10 217-218-219-220-221-222-223-224-227-466 0.5711185894579884 1.0 8 0.7465486586582987 1.0 [-1,-1] 1.0 1.0 1.0 0.0006621615122706149 0.13543705131792066 90.7792573146906 144.42476081507579 2180.294348897845 2180.294348897845 697.4325294302075 -61.88530674222988 -2064.8102875416616
214.98453370123065 -0.15339860326986007 39627782291986426 10 217-218-219-220-221-222-223-224-227-466 0.8597024671573377 1.0 8 1.3891799112910388 1.0 [-1,-1] 1.0 1.0 1.0 0.0006812235016579503 0.1321480675826358 90.15339860326986 145.01546629876935 3032.073486699984 3032.073486699984 2166.103692077897 1189.5548851271433 -1756.8220169344559
216.29904238036062 -0.01980605156064313 39627788356944918 10 217-218-219-220-221-222-223-224-227-466 0.9061870859404451 1.0 8 0.5801947386925649 1.0 [-1,-1] 1.0 1.0 1.0 0.0005275616701708153 0.16431404058018498 90.01980605156065 143.70095761963938 3155.9089961917434 3155.9089961917434 1920.973818359614 -2027.2309730300126 -1469.6787959988574
215.19965345420968 -1.0579444766177362 39627764176786179 10 217-218-219-220-221-222-223-224-227-466 0.5070183325450998 1.0 8 1.1917280626555697 1.0 [-1,-1] 1.0 1.0 1.0 0.0005337442823398631 0.16272042362546515 91.05794447661773 144.80034654579032 1969.947450635865 1969.947450635865 91.11033940341245 26.899452207726572 -1967.655529759074
217.12653739607654 0.4256605378100704 39627800449125470 9 217-218-219-220-221-222-223-224-466 1.0056985585182647 1.0 8 1.3172409730089312 1.0 [-1,-1] 1.0 1.0 1.0 0.0002622817504223413 0.28340640119267335 89.57433946218993 142.87346260392346 3409.7729157094877 3409.7729157094877 -234.9200467049022 -3399.078582575632 -132.77310660589526
216.66956106071103 0.18764252018611965 39627794400939969 9 217-218-219-220-221-222-223-224-466 0.5607322604775673 1.0 8 0.8700299982038775 1.0 [-4611686018427387905,-1] 0.9921875 1.0 1.0078125 0.000677088223595666 0.13284793461577618 89.81235747981388 143.33043893928897 2146.764304242546 2146.764304242546 781.1973009139117 -1911.4777490364568 -587.0098550734256
215.36321334618498 -1.0885669146280417 39627764180978744 9 217-218-219-220-221-222-223-224-466 0.8002041225429696 1.0 8 1.0564426169752155 1.0 [-1,-1] 1.0 1.0 1.0 0.0007229154976227362 0.12548315978664992 91.08856691462805 144.63678665381502 2868.4414353944157 2868.4414353944157 50.15435257594565 6.226999226793333 -2867.9961704447746
215.32663121967295 0.078138132576931 39627788340168929 8 217-218-219-220-221-222-223-225 0.9384970282840279 1.0 8 1.1862914474687976 1.0 [-1,-1] 1.0 1.0 1.0 0.0004445766401596716 0.18918261239264766 89.92186186742308 144.67336878032705 3239.9813671783772 3239.9813671783772 2962.6340234556615 478.43267853022576 -1221.2211408423866
216.76459607235338 0.38559124456357863 39627800444928428 9 217-218-219-220-221-222-223-225-226 0.550998460256928 1.0 8 1.0896024658259866 1.0 [-1,-1] 1.0 1.0 1.0 0.000677088223595666 0.13284793461577618 89.61440875543641 143.23540392764662 2115.1481809352454 2115.1481809352454 608.878079143916 -2018.7231800590605 -166.96117615759246
217.25827469845635 0.544375064988576 39627800453316831 9 217-218-219-220-221-222-223-225-226 0.7253169344072656 1.0 8 1.492599726280334 1.0 [-1,-1] 1.0 1.0 1.0 0.0006167714992318164 0.14396928707710532 89.45562493501143 142.74172530154365 2653.944823652124 2653.944823652124 -527.5006159962102 -2592.3824850643423 211.46933168936226
215.00794189886753 -1.2794664137071419 39627758136983800 9 217-218-219-220-221-222-223-225-226 0.6319732904557175 1.0 8 1.4596643810979806 1.0 [-1,-1] 1.0 1.0 1.0 0.000833303205902425 0.11070054926254569 91.27946641370714 144.99205810113247 2372.5500831461736 2372.5500831461736 -363.0612553590677 -188.4583885982338 -2337.020294661767
217.41824380743986 0.04936150820448707 39627788373725355 10 217-218-219-220-221-222-223-225-226-227 0.8199521806528118 1.0 8 1.2930960216302747 1.0 [-1,-1] 1.0 1.0 1.0 0.0006627118749498285 0.13533979738261318 89.95063849179552 142.58175619256014 2923.4040846672565 2923.4040846672565 -944.0964848536757 -2502.8197066920698 -1179.3501538262317
215.45521875458084 -0.050746053993738174 39627788340172846 10 217-218-219-220-221-222-223-225-226-227 0.5641171516974729 1.0 8 1.007624319516311 1.0 [-1,-1] 1.0 1.0 1.0 0.000677088223595666 0.13284793461577618 90.05074605399373 144.54478124541916 2157.714957191012 2157.714957191012 1876.5332606171178 59.166384577213044 -1063.4171792949187
217.74078381248378 -0.8148594411514832 39627770258527428 10 217-218-219-220-221-222-223-225-226-227 0.7323361810842621 1.0 8 1.4566069063552392 1.0 [-1,-1] 1.0 1.0 1.0 0.0007126833197713517 0.12705585074725267 90.81485944115148 142.25921618751622 2674.4661428053855 2674.4661428053855 -484.9590025417333 -595.7360680643487 -2561.77330224071
215.72267233261948 -1.0268599418046598 39627764185175570 10 217-218-219-220-221-222-223-225-226-227 0.795206038527447 1.0 8 0.7179470225068375 1.0 [-1,-1] 1.0 1.0 1.0 0.0007229154976227362 0.12548315978664992 91.02685994180466 144.27732766738052 2854.4265591416506 2854.4265591416506 219.92927594390045 -52.87361200874442 -2845.450135966045
217.73444435178112 -0.8090628520236309 39627770258527242 10 217-218-219-220-221-222-223-225-226-227 0.5552786408752052 1.0 8 1.4494911085771878 1.0 [-1,-1] 1.0 1.0 1.0 0.000677088223595666 0.13284793461577618 90.80906285202363 142.26555564821888 2129.073557575956 2129.073557575956 -390.44739648952947 -485.8948318811658 -2035.782713477757
215.73019227671872 -1.0850048364718965 39627764185175727 10 217-218-219-220-221-222-223-225-226-227 0.7964057591426557 1.0 8 0.7482234927573854 1.0 [-1,-1] 1.0 1.0 1.0 0.0007229154976227362 0.12548315978664992 91.0850048364719 144.26980772328128 2857.7944974627576 2857.7944974627576 58.74465935385804 -14.591058665304873 -2857.1534008052213
215.6426252899135 -1.178880098968701 39627758145375201 10 217-218-219-220-221-222-223-225-226-227 0.982907214719104 1.0 8 0.8758629280355577 1.0 [-1,-1] 1.0 1.0 1.0 0.0003578035202613049 0.22475091060875194 91.1788800989687 144.3573747100865 3352.9410525012026 3352.9410525012026 -240.56832303827218 37.80831517840046 -3344.085990940095
215.7219182799194 -1.0298645792042158 39627764185175553 10 217-218-219-220-221-222-223-225-226-227 0.9058990327419278 1.0 8 0.7203421844949845 1.0 [-1,-1] 1.0 1.0 1.0 0.0005275616701708153 0.16431404058018498 91.02986457920422 144.2780817200806 3155.152165936932 3155.152165936932 233.9525172511434 -56.05839088981977 -3145.9670797227377
216.46600495080304 -1.6459604446109637 39627746078365278 10 217-218-219-220-221-222-223-225-226-227 0.933187463491263 1.0 8 1.0590465261687259 1.0 [-1,-1] 1.0 1.0 1.0 0.0004445766401596716 0.18918261239264766 91.64596044461096 143.53399504919696 3226.2762504043762 3226.2762504043762 -924.6181714071483 1376.385194140724 -2767.5807988886654
217.4124803551393 -0.4215972233685309 39627776294128971 10 217-218-219-220-221-222-223-225-226-227 1.095186881478355 1.0 8 1.1266502235009723 1.0 [-1,-1] 1.0 1.0 1.0 4.689797466212482e-05 0.6886505109163528 90.42159722336854 142.5875196448607 3625.73667284109 3625.73667284109 -796.8231640535495 -2149.835297810958 -2808.7804218732617
215.85580905670452 -0.6777547209965913 39627770229164801 10 217-218-219-220-221-222-223-225-226-227 0.8271701588975858 1.0 8 0.4509177636383663 1.0 [-1,-1] 1.0 1.0 1.0 0.0006627118749498285 0.13533979738261318 90.67775472099659 144.14419094329548 2943.330285433348 2943.330285433348 1140.4531905971005 -441.12151159901305 -2677.3067626274446
217.42674501559608 -1.0324926215146695 39627764214534214 10 217-218-219-220-221-222-223-225-226-227 0.4626010413317629 1.0 8 1.2067893417938083 1.0 [-1,-1] 1.0 1.0 1.0 0.0005635091211985168 0.1554616369400361 91.03249262151466 142.57325498440392 1819.3332052179653 1819.3332052179653 -48.34096985205884 -124.92644438346439 -1814.3951735319797
215.7616901406409 0.1347675514060094 39627794388353397 10 217-218-219-220-221-222-223-225-226-227 0.5434587579759873 1.0 8 0.9108524092250826 1.0 [-1,-1] 1.0 1.0 1.0 0.0007045118177349687 0.128340413101622 89.86523244859399 144.2383098593591 2090.5299213681656 2090.5299213681656 1903.5457892024076 -536.9845890316083 -677.1088034340762
215.9507992222213 -0.1378295689233916 39627782308763185 10 217-218-219-220-221-222-223-225-226-227 0.7538628796506451 1.0 8 0.5792555342395498 1.0 [-1,-1] 1.0 1.0 1.0 0.0006416626200019751 0.139161677870846 90.1378295689234 144.0492007777787 2736.8584492772266 2736.8584492772266 2016.5615925427244 -1009.3237719018791 -1550.851069037727
217.39965714989128 -0.7533160755803654 39627770254331477 11 217-218-219-220-221-222-223-225-226-227-466 0.8850974966036859 1.0 8 1.1102172260009036 1.0 [-1,-1] 1.0 1.0 1.0 0.0005690156306133545 0.15418916366201427 90.75331607558037 142.60034285010872 3100.152738950257 3100.152738950257 -359.4387574470574 -1009.2988012269004 -2909.13504573226
217.4093185285352 -0.7519285644368107 39627770254331709 11 217-218-219-220-221-222-223-225-226-227-466 1.0644415100842173 1.0 8 1.119597197471766 1.0 [-1,-1] 1.0 1.0 1.0 0.0001568149373683449 0.39812733398474315 90.75192856443681 142.5906814714648 3552.802479213435 3552.802479213435 -424.66910616488303 -1156.9731413376542 -3332.1876833091997
216.9903112773176 -1.586086863046558 39627752126551850 11 217-218-219-220-221-222-223-225-226-227-466 0.5898795265255405 1.0 8 1.2036244351542127 1.0 [-1,-1] 1.0 1.0 1.0 0.0006621615122706149 0.13543705131792066 91.58608686304656 143.0096887226824 2240.325981252119 2240.325981252119 -69.47886284514072 1032.0008145931545 -1987.2613085777327
