data_rosette/LRG_4_clustering_data.ecsv
# %ECSV 1.0
# ---
# datatype:
# - {name: RA, unit: deg, datatype: float64}
# - {name: DEC, unit: deg, datatype: float64}
# - {name: TARGETID, datatype: int64}
# - {name: NTILE, datatype: int64}
# - {name: TILES, datatype: string}
# - {name: Z, datatype: float64}
# - {name: COMP_TILE, datatype: float64}
# - {name: ROSETTE_NUMBER, datatype: int32}
# - {name: ROSETTE_R, unit: deg, datatype: float64}
# - {name: FRACZ_TILELOCID, datatype: float64}
# - {name: BITWEIGHTS, datatype: string, subtype: 'int64[2]'}
# - {name: PROB_OBS, datatype: float64}
# - {name: WEIGHT_ZFAIL, datatype: float64}
# - {name: WEIGHT, datatype: float64}
# - {name: NZ, unit: h3 / Mpc3, datatype: float64}
# - {name: WEIGHT_FKP, datatype: float64}
# - {name: distance, unit: Mpc, datatype: float64}
# - {name: x, unit: Mpc, datatype: float64}
# - {name: y, unit: Mpc, datatype: float64}
# - {name: z, unit: Mpc, datatype: float64}
# meta: !!omap
# - {EXTNAME: LSS}
# - {DESIDR: edr}
# - comments: ['Visit https://desidatamodel.readthedocs.io/en/latest/ for a more complet', e description]
# schema: astropy-2.0
RA DEC TARGETID NTILE TILES Z COMP_TILE ROSETTE_NUMBER ROSETTE_R FRACZ_TILELOCID BITWEIGHTS PROB_OBS WEIGHT_ZFAIL WEIGHT NZ WEIGHT_FKP distance x y z
[from data line 3271]
194.97018271603332 28.35262020039722 39628443951830060 5 109-112-114-115-118 0.9950608625656125 1.0 4 0.24676626377045366 1.0 [-1,-1] 1.0 1.0 1.0 0.0002622817504223413 0.28340640119267335 3383.341839274582 -2876.4269348970242 -769.1321030616605 1606.7376567519577
194.46288335143865 29.784617490551476 39628475690124963 5 109-112-114-115-118 0.7841020520246342 1.0 4 1.6043922243347573 1.0 [-1,-1] 1.0 1.0 1.0 0.0007324854237337303 0.12404708914385561 2823.1384633428743 -2372.550930625583 -611.943911692028 1402.3685370603205
194.82558417562393 27.963498886042103 39628438616673034 7 109-112-114-115-118-119-454 0.5388338693932634 1.0 4 0.24572303543933813 1.0 [-1,-1] 1.0 1.0 1.0 0.0007045118177349687 0.128340413101622 2075.3731406742963 -1772.0418740408904 -469.0402615738795 973.1610877448029
195.47170949938163 28.38512351760705 39628449282787497 7 109-112-114-115-118-119-454 0.8000061748425514 1.0 4 0.6619067714499783 1.0 [-1,-1] 1.0 1.0 1.0 0.0007229154976227362 0.12548315978664992 2867.8871847893793 -2431.656049395257 -673.0650803832043 1363.3815165562985
193.58853022251895 29.41686760788201 39628470417885479 6 109-112-114-115-118-454 0.829516622833147 0.9285714285714286 4 1.5863294189969217 1.0 [-1,-1] 1.0 1.0 1.0 0.0006627118749498285 0.13533979738261318 2949.789370853954 -2497.5463347191444 -603.6908393177794 1448.8191774192283
195.51969104770953 29.49547281461878 39628470447244093 6 109-112-114-115-118-454 0.41683244056549956 0.9285714285714286 4 1.4603851649963535 1.0 [-1,-1] 1.0 1.0 1.0 0.0006262316776515472 0.14210347001521706 1659.876380134825 -1392.0698593094803 -386.57040042266135 817.2480832945627
193.18734850256683 28.880951477395307 39628459856627107 6 109-112-114-115-118-454 0.8021424587749144 0.9285714285714286 4 1.5323479831118523 1.0 [-1,-1] 1.0 1.0 1.0 0.0007229154976227362 0.12548315978664992 2873.8652471727237 -2450.0687066794626 -574.0876944013974 1388.0519120674319
195.65619273445014 29.490799881128325 39628470447246694 6 109-112-114-115-118-454 0.5622141191474133 0.9285714285714286 4 1.5153085081793907 1.0 [-1,-1] 1.0 1.0 1.0 0.000677088223595666 0.13284793461577618 2151.5611206105295 -1803.3098642681837 -505.4001481022138 1059.1786815519667
195.51713366727742 29.488449577675 39628470447244038 6 109-112-114-115-118-454 0.8689157690701077 0.9285714285714286 4 1.4531321894956486 1.0 [-1,-1] 1.0 1.0 1.0 0.0006812235016579503 0.1321480675826358 3056.8924430614866 -2563.8991322740894 -711.8578984572493 1504.7494742895324
193.57441598285834 29.430053724500862 39628470417885201 6 109-112-114-115-118-454 0.8269074089579164 0.9285714285714286 4 1.6043360948354848 1.0 [-1,-1] 1.0 1.0 1.0 0.0006627118749498285 0.13533979738261318 2942.6064479716806 -2491.2895320647303 -601.5289637886729 1445.8810742217124
195.51054764693404 29.512411899392657 39628470447243901 6 109-112-114-115-118-454 1.0132504681590753 0.9285714285714286 4 1.4717653499391479 1.0 [-1,-1] 1.0 1.0 1.0 0.00020304675497218746 0.33812883710054276 3428.436919670036 -2874.9350246684635 -797.8600282162494 1688.8894846809465
195.4909146063134 29.48717099284325 39628470447243527 6 109-112-114-115-118-454 0.733331850453727 0.9285714285714286 4 1.441516800425054 1.0 [-1,-1] 1.0 1.0 1.0 0.0007126833197713517 0.12705585074725267 2677.3699805036094 -2245.896699148255 -622.458773328298 1317.8782587035505
193.45431095729364 29.2716524526969 39628465145643105 6 109-112-114-115-118-454 0.9043518000007296 0.9285714285714286 4 1.5617688540781767 1.0 [-1,-1] 1.0 1.0 1.0 0.0005275616701708153 0.16431404058018498 3151.08474455879 -2673.290102407092 -639.545986037362 1540.7258119168748
193.48465595782085 29.2607689165819 39628465145643582 6 109-112-114-115-118-454 0.8276205274645959 0.9285714285714286 4 1.53502320482168 1.0 [-1,-1] 1.0 1.0 1.0 0.0006627118749498285 0.13533979738261318 2944.5707181465114 -2498.038546667446 -599.0184962105037 1439.2626496672392
193.31582768604028 28.84775413592531 39628454559224896 6 109-112-114-115-118-454 0.8118111478874986 0.9285714285714286 4 1.4168137216580412 1.0 [-1,-1] 1.0 1.0 1.0 0.0006627118749498285 0.13533979738261318 2900.8253555669858 -2472.537051755599 -585.204232994263 1399.6014707343154
193.3098871976513 28.83776607556156 39628454559224732 6 109-112-114-115-118-454 0.9418731011391652 0.9285714285714286 4 1.4169878193822512 1.0 [-1,-1] 1.0 1.0 1.0 0.0004445766401596716 0.18918261239264766 3248.6732906769585 -2769.3612606199763 -655.1538791166947 1566.9364225818288
194.3013522611505 29.821198004756173 39628475685933273 5 109-112-114-115-454 0.7131073586548057 0.8695652173913043 4 1.6679946639896082 1.0 [-6931147598590320674,8884043811966569432] 0.625 1.0 1.5925925925925926 0.0006167714992318164 0.14396928707710532 2618.0399450065443 -2200.9733250978893 -561.0763871801737 1301.9381181938925
194.45783691256526 29.844017680512863 39628475690124872 5 109-112-114-115-454 1.0549748894437356 0.8695652173913043 4 1.663746996770784 1.0 [-1,-1] 1.0 1.0 1.0 0.0001568149373683449 0.39812733398474315 3530.0826805442916 -2964.9686046999173 -764.465655250012 1756.712032908572
195.70740446500207 29.49564905707006 39628470447247607 5 109-112-114-115-454 0.7376625057383628 0.8695652173913043 4 1.543336127701246 1.0 [-1,-1] 1.0 1.0 1.0 0.0007126833197713517 0.12705585074725267 2689.979789235819 -2253.9066176617575 -633.8588804835442 1324.4316309231924
195.72123370230753 29.47610136402218 39628470447247891 5 109-112-114-115-454 0.8252785857769417 0.8695652173913043 4 1.5336926556960804 1.0 [-1,-1] 1.0 1.0 1.0 0.0006627118749498285 0.13533979738261318 2938.11672161102 -2462.1257793398404 -693.0569994624793 1445.7311340690337
194.74518829270033 29.837221366492376 39628475694318953 5 109-112-114-115-454 0.62737927082482 0.8695652173913043 4 1.6372267726104563 1.0 [-1,-1] 1.0 1.0 1.0 0.0007214233604467519 0.12571007283523317 2358.283647723041 -1978.3056954763567 -520.6667727642875 1173.3347561982996
194.39588931917115 29.800864791481505 39628475690123657 5 109-112-114-115-454 0.8446922657032508 0.8695652173913043 4 1.6305449542634944 1.0 [-1,-1] 1.0 1.0 1.0 0.0006232532477076302 0.14268566385842998 2991.34358751558 -2514.25785125712 -645.359421556517 1486.6590506806695
194.37960265605508 29.829788037399805 39628475690123351 5 109-112-114-115-454 0.7419581675527552 0.8695652173913043 4 1.6616597505772783 1.0 [-7354066414205485381,-7959171255059640757] 0.578125 1.0 1.72 0.0007126833197713517 0.12705585074725267 2702.454990665961 -2270.9523369037565 -582.2197776092363 1344.2687940465544
194.38188628334987 29.83498561354984 39628475690123391 5 109-112-114-115-454 0.7393626552349424 0.8695652173913043 4 1.6663694622124716 1.0 [8662623830010745931,-639515524908748075] 0.5703125 1.0 1.7432432432432432 0.0007126833197713517 0.12705585074725267 2694.92115123439 -2264.4804841582572 -580.6567322456388 1340.7333469167872
194.37746964900657 29.82333823253212 39628475690123303 5 109-112-114-115-454 0.6210180397278223 0.8695652173913043 4 1.655702126859484 0.5 [7052847922497169396,-7179980325190740167] 0.578125 1.0 1.72 0.0007214233604467519 0.12571007283523317 2338.463230171546 -1965.2249487445526 -503.7603603804351 1162.981805105173
194.37341207634455 29.765249909555575 39628475685934678 5 109-112-114-115-454 1.0027305339225185 0.8695652173913043 4 1.5995362110623021 1.0 [-1,-1] 1.0 1.0 1.0 0.0002622817504223413 0.28340640119267335 3402.4149839889665 -2861.0733595715305 -733.183753861564 1689.1206403025747
194.3698262412967 29.8376962155825 39628475685934615 5 109-112-114-115-454 0.6383308444317495 0.8695652173913043 4 1.6710940158851093 1.0 [-713822386868412737,6052134189256670086] 0.65625 1.0 1.5176470588235293 0.000833303205902425 0.11070054926254569 2392.2273308809913 -2010.1877072097157 -515.0002149596182 1190.2402123052664
194.410186213229 29.791567492619595 39628475690123964 5 109-112-114-115-454 0.5833774592833155 0.8695652173913043 4 1.6190786918827738 1.0 [-1,-1] 1.0 1.0 1.0 0.0006621615122706149 0.13543705131792066 2219.598051551824 -1865.6508653191622 -479.371288647488 1102.7989512177464
194.4112347767361 29.821127055166453 39628475690123997 5 109-112-114-115-454 0.842946634692681 0.8695652173913043 4 1.6479720472015995 1.0 [-1,-1] 1.0 1.0 1.0 0.0006232532477076302 0.14268566385842998 2986.5829584145436 -2509.575277811278 -644.873968254855 1485.209499551444
194.41634101764234 29.823136021850086 39628475690124091 5 109-112-114-115-454 0.8433304336362709 0.8695652173913043 4 1.6491519470312852 1.0 [-1,-1] 1.0 1.0 1.0 0.0006232532477076302 0.14268566385842998 2987.6300712455654 -2510.347191818654 -645.3108255961714 1485.8211054859078
194.44381061652084 29.853801095295935 39628475690124593 5 109-112-114-115-454 1.0006753441457603 0.8695652173913043 4 1.6753290892438686 1.0 [-1,-1] 1.0 1.0 1.0 0.0002622817504223413 0.28340640119267335 3397.3125108464124 -2853.353399437184 -734.9427092722331 1691.1433671813309
195.4735688089508 29.51363995179358 39628470443054876 5 109-112-114-115-454 0.9865570144094082 0.8695652173913043 4 1.4584988393097111 1.0 [-1,-1] 1.0 1.0 1.0 0.0003578035202613049 0.22475091060875194 3362.093422802415 -2819.772489590725 -780.591463623047 1656.2705870471198
194.5923819234706 29.79448464965247 39628475690127440 5 109-112-114-115-454 0.4970729732417092 0.8695652173913043 4 1.6004325023861417 1.0 [-1,-1] 1.0 1.0 1.0 0.0005337442823398631 0.16272042362546515 1936.5734856655354 -1626.3730579561015 -423.40754240536324 962.2648256958847
193.6073727215701 29.403673152032734 39628470417885853 5 109-112-114-115-454 0.6055911022460185 0.8695652173913043 4 1.565663182398994 1.0 [-1,-1] 1.0 1.0 1.0 0.0007756247847600315 0.11796159141779075 2290.075658477607 -1939.0732206318064 -469.3753112341443 1124.3346404803547
195.1629994776127 28.323091318570942 39628443956021855 4 109-112-114-116 0.6131415095820607 1.0 4 0.38402918993861546 1.0 [-1,-1] 1.0 1.0 1.0 0.0007214233604467519 0.12571007283523317 2313.8147848371254 -1965.908639576047 -532.7625335654403 1097.7732744970892
193.88037836687158 29.29015541822862 39628465149840430 5 109-112-114-116-117 0.6935780956969607 1.0 4 1.3303167959486264 1.0 [-1,-1] 1.0 1.0 1.0 0.0005843703162771602 0.15074849413407446 2560.052857668675 -2167.5591945427122 -535.6289677921143 1252.4613291726225
193.8716134422032 27.502370878600104 39628427896030794 7 109-112-114-116-117-118-119 0.6052792621001959 1.0 4 1.043952256156373 1.0 [-1,-1] 1.0 1.0 1.0 0.0007756247847600315 0.11796159141779075 2289.0928578369103 -1971.1903933783065 -486.7840159728862 1057.0694710596554
194.2162983505368 26.948667286619052 39628417141837220 7 109-112-114-116-117-118-119 0.79466917513242 1.0 4 1.3377670970359965 1.0 [-1,-1] 1.0 1.0 1.0 0.0007229154976227362 0.12548315978664992 2852.9186481025054 -2465.2465468747646 -624.5494952813339 1292.9200299155812
194.7995594542065 26.797610943996812 39628411752157566 7 109-112-114-116-117-118-119 0.7441737627211683 1.0 4 1.4030778285717036 1.0 [-1,-1] 1.0 1.0 1.0 0.0007126833197713517 0.12705585074725267 2708.8766827608565 -2337.741004194667 -617.6385864382196 1221.2708365694202
194.32111688428418 27.505955981322266 39628427900228603 8 109-112-114-116-117-118-119-454 0.6869642109877836 1.0 4 0.7908753903474813 1.0 [-1,-1] 1.0 1.0 1.0 0.0007209928471550773 0.12577569469930108 2540.257935309779 -2183.0980061516257 -557.3216621858156 1173.1947998092799
195.07679806823052 27.87126016300253 39628433273129114 8 109-112-114-116-117-118-119-454 0.9368529161086155 1.0 4 0.43734754011614124 1.0 [-1,-1] 1.0 1.0 1.0 0.0004445766401596716 0.18918261239264766 3235.7421810990613 -2761.936390448328 -744.0278899234085 1512.6656394184042
193.31797109040593 28.804159490943576 39628454559224956 8 109-112-114-116-117-118-119-454 0.6855989516430873 1.0 4 1.3959587085016094 1.0 [-1,-1] 1.0 1.0 1.0 0.0007209928471550773 0.12577569469930108 2536.1618724943824 -2162.600036651202 -511.9332527793808 1221.9666401621419
196.14017152615023 27.725535391037383 39628433289905177 8 109-112-114-116-117-118-119-454 0.441265009957548 1.0 4 1.3163416181771455 1.0 [-1,-1] 1.0 1.0 1.0 0.0005288673958748294 0.16397488484989944 1745.5420335270328 -1484.2279196787756 -429.52792948000877 812.0900387594464
196.27072879992252 28.663322082397443 39628454605357796 6 109-112-114-116-117-454 0.8913847455552983 1.0 4 1.4152792396159954 1.0 [-1,-1] 1.0 1.0 1.0 0.0005275616701708153 0.16431404058018498 3116.8484105681136 -2625.3529626736017 -766.2512230574188 1495.0334106651028
194.91602878354965 29.820789131155998 39628475694321646 4 109-112-114-117 0.8748918345147931 1.0 4 1.627279016652085 1.0 [-1,-1] 1.0 1.0 1.0 0.0005690156306133545 0.15418916366201427 3072.917726156792 -2576.183713913412 -686.2412678544891 1528.1275294259287
195.7163702786321 28.54969581980958 39628449286981017 7 109-112-114-117-118-119-454 1.0241835332517242 1.0 4 0.9193664299418441 1.0 [-1,-1] 1.0 1.0 1.0 0.00020304675497218746 0.33812883710054276 3455.3112631952113 -2921.6843566015623 -822.1492321583252 1651.365218846176
196.39593901720798 28.19454497021532 39628443972799899 7 109-112-114-117-118-119-454 0.6271355676983219 1.0 4 1.4506078809814449 1.0 [-1,-1] 1.0 1.0 1.0 0.0007214233604467519 0.12571007283523317 2357.5257276527554 -1993.3057051474548 -586.5082571817757 1113.8527670338026
194.37651688511102 27.447315802892373 39628427904418559 6 109-112-114-117-118-454 0.835107908616866 0.6666666666666666 4 0.8219679671103185 1.0 [-1,-1] 1.0 1.0 1.0 0.0006232532477076302 0.14268566385842998 2965.143703640078 -2548.971018212548 -653.3510514655261 1366.7319909542525
195.70962973490023 28.550851357402205 39628449286980935 6 109-112-114-117-118-454 0.7141281222341728 0.6666666666666666 4 0.9143228588977806 1.0 [-1,-1] 1.0 1.0 1.0 0.0006167714992318164 0.14396928707710532 2621.0519384944314 -2216.3143312620214 -623.3798097937773 1252.7017450572457
196.45824381107496 28.179636090637647 39628443976991102 5 109-112-114-117-119 0.5787447283781003 1.0 4 1.505749844196147 1.0 [-324259213972865282,8995903971779672061] 0.8515625 1.0 1.1727272727272726 0.0006621615122706149 0.13543705131792066 2204.7792797245684 -1863.8197606515012 -550.6113814747888 1041.1794651731236
196.45519533674081 28.167543738301955 39628443976991053 6 109-112-114-117-119-454 1.0809346285445665 1.0 4 1.5033606845869494 1.0 [-4611686155868438529,-4504012481101825] 0.9453125 1.0 1.0573770491803278 0.0001075182622224553 0.4910338705006151 3592.0888290822454 -3036.9789310930264 -897.0114791340368 1695.650770181256
196.46327348285908 28.160812898143828 39628443976991204 6 109-112-114-117-119-454 0.8010334621299223 1.0 4 1.5106863473491552 1.0 [-20266198323249153,-288230376151711745] 0.9609375 1.0 1.0403225806451613 0.0007229154976227362 0.12548315978664992 2870.7628533978523 -2427.175915689712 -717.2702543046436 1354.8504777408248
194.31730160686212 29.007000431596722 39628459873404069 6 109-112-114-117-119-454 0.797395245894628 1.0 4 0.8919421536973672 1.0 [-1,-1] 1.0 1.0 1.0 0.0007229154976227362 0.12548315978664992 2860.5704157614564 -2424.040450714612 -618.6597695674863 1387.1377315709053
196.39595695787762 28.207064614919034 39628443972799900 6 109-112-114-117-119-454 0.9486144189110474 1.0 4 1.4505456552021643 1.0 [-1,-1] 1.0 1.0 1.0 0.0004445766401596716 0.18918261239264766 3265.97726899069 -2761.0845221822624 -812.4196601605466 1543.694943541001
195.77162012151837 29.478991605714498 39628470451437720 5 109-112-114-117-454 0.9648940189562734 1.0 4 1.5609677957901498 1.0 [-1,-1] 1.0 1.0 1.0 0.00041974738576830407 0.19815580287489248 3307.480822144791 -2770.8846974083967 -782.599164149438 1627.625857129384
194.8019740373388 29.804643054128476 39628475694319936 5 109-112-114-117-454 0.963676996194692 1.0 4 1.6052866923391458 1.0 [-1,-1] 1.0 1.0 1.0 0.00041974738576830407 0.19815580287489248 3304.391924957789 -2772.1513998250925 -732.5361718689378 1642.4291056473708
