data_rosette/LRG_6_clustering_data.ecsv
# %ECSV 1.0
# ---
# datatype:
# - {name: RA, unit: deg, datatype: float64}
# - {name: DEC, unit: deg, datatype: float64}
# - {name: TARGETID, datatype: int64}
# - {name: NTILE, datatype: int64}
# - {name: TILES, datatype: string}
# - {name: Z, datatype: float64}
# - {name: COMP_TILE, datatype: float64}
# - {name: ROSETTE_NUMBER, datatype: int32}
# - {name: ROSETTE_R, unit: deg, datatype: float64}
# - {name: FRACZ_TILELOCID, datatype: float64}
# - {name: BITWEIGHTS, datatype: string, subtype: 'int64[2]'}
# - {name: PROB_OBS, datatype: float64}
# - {name: WEIGHT_ZFAIL, datatype: float64}
# - {name: WEIGHT, datatype: float64}
# - {name: NZ, unit: h3 / Mpc3, datatype: float64}
# - {name: WEIGHT_FKP, datatype: float64}
# - {name: theta, unit: deg, datatype: float64}
# - {name: phi, unit: deg, datatype: float64}
# - {name: rho, unit: Mpc, datatype: float64}
# - {name: r, unit: Mpc, datatype: float64}
# - {name: x, unit: Mpc, datatype: float64}
# - {name: y, unit: Mpc, datatype: float64}
# - {name: z, unit: Mpc, datatype: float64}
# meta: !!omap
# - {EXTNAME: LSS}
# - {DESIDR: edr}
# - comments: ['Visit https://desidatamodel.readthedocs.io/en/latest/ for a more complet', e description]
# schema: astropy-2.0
RA DEC TARGETID NTILE TILES Z COMP_TILE ROSETTE_NUMBER ROSETTE_R FRACZ_TILELOCID BITWEIGHTS PROB_OBS WEIGHT_ZFAIL WEIGHT NZ WEIGHT_FKP theta phi rho r x y z
[from data line 3838]
213.21348280518924 51.83990142547957 39633275186054852 5 164-165-166-167-172 0.6897999498073615 1.0 6 1.5498640473400296 1.0 [-1,-1] 1.0 1.0 1.0 0.0008053318504768218 0.11384060807160488 38.16009857452043 -213.21348280518924 2548.7548739158187 2548.7548739158187 1037.6128216015015 456.93457411810573 2282.70055739541
215.13820717840494 51.06000899604175 39633263861435505 6 164-165-166-167-172-173 0.7070538420100612 1.0 6 1.4572785141185494 1.0 [-1,-1] 1.0 1.0 1.0 0.0005639081233901963 0.1550231922816235 38.93999100395825 -215.13820717840494 2600.139206345062 2600.139206345062 149.69047588679894 -2455.3528676773994 842.353221036096
215.12531315566807 51.07221985116905 39633263861435377 6 164-165-166-167-172-173 0.9239685183420073 1.0 6 1.4464654056161481 1.0 [-1,-1] 1.0 1.0 1.0 0.00042618922305278896 0.1953324009783564 38.92778014883095 -215.12531315566807 3202.377239516824 3202.377239516824 222.38677783676715 -3008.568651727743 1074.3736654720665
213.80354216494743 51.59393690714776 39633271432152981 5 164-165-166-167-173 1.092502523803209 1.0 6 1.3817888254011321 1.0 [-1,-1] 1.0 1.0 1.0 5.9370222311395755e-05 0.6353792046182113 38.40606309285224 -213.80354216494743 3619.420391292008 3619.420391292008 2314.876090437962 -409.8671112170376 2752.0104661795253
215.8598553914733 52.7941254903983 39633290059055928 6 164-165-166-167-173-460 0.5691190291987841 1.0 6 0.36630339429712083 1.0 [-1,-1] 1.0 1.0 1.0 0.0006724560872077301 0.13333590500666823 37.2058745096017 -215.8598553914733 2173.8556360631464 2173.8556360631464 631.6836083083637 812.6416869118084 1914.7421847682688
214.3350644493283 52.77158586031447 39633290042279716 8 164-165-166-168-169-170-171-172 0.9108474583119323 1.0 6 0.7573351492064715 1.0 [-1,-1] 1.0 1.0 1.0 0.00042618922305278896 0.1953324009783564 37.22841413968553 -214.3350644493283 3168.1355982573623 3168.1355982573623 -1092.6207280737492 933.0080029163987 2823.607476265616
214.9871553939405 51.24559122630621 39633267661475392 9 164-165-166-168-169-170-171-172-173 0.6997485483581914 1.0 6 1.293744657378882 1.0 [-1,-1] 1.0 1.0 1.0 0.0005639081233901963 0.1550231922816235 38.75440877369379 -214.9871553939405 2578.448918011166 2578.448918011166 471.91152206025276 -2193.1739976142767 1271.096437855264
215.26679447501598 53.16347105467549 39633297348758059 9 164-165-166-168-169-170-171-172-173 0.6785325409883135 1.0 6 0.6782648931704999 1.0 [-1,-1] 1.0 1.0 1.0 0.0008053318504768218 0.11384060807160488 36.83652894532451 -215.26679447501598 2514.9066735855804 2514.9066735855804 129.21300621747554 1905.7596422698687 1635.8911216107729
214.98171424318684 52.08170556198853 39633278944151308 9 164-165-166-168-169-170-171-172-173 0.824316764465733 1.0 6 0.5248459152916516 1.0 [-1,-1] 1.0 1.0 1.0 0.000762533893525711 0.11946670068019369 37.91829443801147 -214.98171424318684 2935.463464748016 2935.463464748016 137.65710173983487 -623.2419182602657 2865.2339846047967
216.3683473783205 52.29569398280625 39633282681276116 10 164-165-166-168-169-170-171-172-173-460 0.988726825200777 1.0 6 0.5678646247594952 1.0 [-1,-1] 1.0 1.0 1.0 0.00030269805442075816 0.25472307248715254 37.70430601719375 -216.3683473783205 3367.525201341023 3367.525201341023 -16.100129317685425 -6.836379510013957 3367.479774463099
215.86218854842667 53.16141558538971 39633297357145031 10 164-165-166-168-169-170-171-172-173-460 0.5591462592870173 1.0 6 0.6966715224031953 1.0 [-1,-1] 1.0 1.0 1.0 0.0006724560872077301 0.13333590500666823 36.83858441461029 -215.86218854842667 2141.625589348838 2141.625589348838 999.5107864040612 1279.667134936871 1396.4205586348805
215.81912719149906 53.08264901971571 39633293716490075 10 164-165-166-168-169-170-171-172-173-460 1.015913192439163 1.0 6 0.6137752642826453 1.0 [-1,-1] 1.0 1.0 1.0 0.00020130102782971312 0.3394727840281335 36.91735098028429 -215.81912719149906 3434.99796916466 3434.99796916466 1406.1996539191553 1969.5916222541236 2437.728947817898
215.83755607465375 53.30928946426788 39633297357144829 10 164-165-166-168-169-170-171-172-173-460 0.6834169356526358 1.0 6 0.8345033585165657 1.0 [-1,-1] 1.0 1.0 1.0 0.0008053318504768218 0.11384060807160488 36.69071053573212 -215.83755607465375 2529.608297583263 2529.608297583263 1275.351696482696 1718.4512840856967 1348.822217234363
217.0003694462286 52.7629025728663 39633290071638153 10 164-165-166-168-169-170-171-172-173-460 0.7486937895179744 1.0 6 0.9478041458890739 1.0 [-1,-1] 1.0 1.0 1.0 0.0006073340474539246 0.1455520198534496 37.2370974271337 -217.0003694462286 2721.950803696715 2721.950803696715 1181.232762927642 -277.1714033630184 2436.571638735315
215.81565485216328 53.078515813845826 39633293716490039 10 164-165-166-168-169-170-171-172-173-460 0.7492812187097375 1.0 6 0.6091947469351148 1.0 [-1,-1] 1.0 1.0 1.0 0.0006073340474539246 0.1455520198534496 36.921484186154174 -215.81565485216328 2723.6473037665423 2723.6473037665423 1104.9325275479284 1559.0414208423506 1940.816475862457
214.5918193033795 51.38573898524514 39633271440541406 10 164-165-166-168-169-170-171-172-173-460 0.6628827316657865 1.0 6 1.2469731101654626 1.0 [-1,-1] 1.0 1.0 1.0 0.0006371005092682059 0.1397016056866948 38.61426101475486 -214.5918193033795 2467.506493435767 2467.506493435767 1116.0900008515084 -1606.1758699360291 1504.370459688103
215.3518553921673 51.628898707365735 39633275207027745 10 164-165-166-168-169-170-171-172-173-460 0.8183335560447329 1.0 6 0.8758488837770406 1.0 [-1,-1] 1.0 1.0 1.0 0.000762533893525711 0.11946670068019369 38.371101292634265 -215.3518553921673 2918.9237396376298 2918.9237396376298 -276.50834834576136 -1795.9981601796608 2284.3050452482253
217.54723051619374 52.14710614958466 39633282693858741 10 164-165-166-168-169-170-171-172-173-460 0.6132889641570325 1.0 6 1.300030225311993 1.0 [-1,-1] 1.0 1.0 1.0 0.0007056687116799521 0.12786279395313782 37.85289385041534 -217.54723051619374 2314.2773090211763 2314.2773090211763 -252.676863610258 248.63582240997687 2286.9661329938613
215.07320918015034 52.22304546387007 39633282668692665 10 164-165-166-168-169-170-171-172-173-460 0.7473610479128878 1.0 6 0.380304527035165 1.0 [-1,-1] 1.0 1.0 1.0 0.0006073340474539246 0.1455520198534496 37.77695453612993 -215.07320918015034 2718.0995926360165 2718.0995926360165 26.538706463189236 -209.6979186672387 2709.868608522186
214.25542904643024 51.65137308114497 39633275198636291 10 164-165-166-168-169-170-171-172-173-460 0.5356573132092166 1.0 6 1.1424623445900808 1.0 [-1,-1] 1.0 1.0 1.0 0.0006094867785671962 0.14511252611805409 38.34862691885503 -214.25542904643024 2064.938208795016 2064.938208795016 1011.2340658189227 -732.867668878853 1644.4696562056038
215.96298034346873 53.31352448426491 39633297357145939 10 164-165-166-168-169-170-171-172-173-460 0.743609514423117 1.0 6 0.8601063574468114 1.0 [-1,-1] 1.0 1.0 1.0 0.0006073340474539246 0.1455520198534496 36.68647551573509 -215.96298034346873 2707.242082208897 2707.242082208897 1588.4685661460721 1658.3329522043662 1433.8267418631012
215.99195110430105 53.3141192713032 39633297357146254 10 164-165-166-168-169-170-171-172-173-460 0.4681889991403616 1.0 6 0.8664939524996028 1.0 [-1,-1] 1.0 1.0 1.0 0.0005330850268982689 0.1625298359500762 36.6858807286968 -215.99195110430105 1838.5036550683503 1838.5036550683503 1111.319665841201 1094.8696384852046 972.7922515817866
216.8170308066039 51.41738950457245 39633271465705667 10 164-165-166-168-169-170-171-172-173-460 0.7971677008157864 1.0 6 1.352994914036508 1.0 [-1,-1] 1.0 1.0 1.0 0.0008239664519383997 0.11155322342262282 38.58261049542755 -216.8170308066039 2859.932204964698 2859.932204964698 -2208.1672068726352 104.16510480601133 1814.485997308135
215.80919890268052 53.087120469709646 39633293716489971 10 164-165-166-168-169-170-171-172-173-460 0.466730542048569 1.0 6 0.6161703698870374 1.0 [-1,-1] 1.0 1.0 1.0 0.0005330850268982689 0.1625298359500762 36.912879530290354 -215.80919890268052 1833.506374805782 1833.506374805782 743.4418432828401 1063.4713139736484 1295.4028780517726
215.34460075636815 52.07424787842399 39633278948345391 8 164-165-166-168-169-170-171-173 0.8985235596417179 1.0 6 0.43623471648186335 1.0 [-1,-1] 1.0 1.0 1.0 0.0005723615213970424 0.15308410280969617 37.92575212157601 -215.34460075636815 3135.7294956835567 3135.7294956835567 -102.16277626262962 -697.1683944423694 3055.5389814297596
215.19830839541166 53.46436959788466 39633300968440154 8 164-165-166-168-169-170-171-173 0.6360921213762482 1.0 6 0.9813235688074209 1.0 [-1,-1] 1.0 1.0 1.0 0.0007982518636535506 0.11473445525619816 36.53563040211534 -215.19830839541166 2385.3069553406 2385.3069553406 -1.7266681326523172 2190.159129277421 944.9281868248889
213.7661484159412 51.72865552963065 39633275190250863 8 164-165-166-168-169-170-171-173 0.48374703238312466 1.0 6 1.3147173647541759 1.0 [-1,-1] 1.0 1.0 1.0 0.000668512811805897 0.13401699399284683 38.27134447036935 -213.7661484159412 1891.5399293951937 1891.5399293951937 1014.572059054833 -140.7493413365676 1590.2064219449414
213.77795432099845 51.73538994704127 39633275190250970 8 164-165-166-168-169-170-171-173 0.7671711397572244 1.0 6 1.3048324834602203 1.0 [-1,-1] 1.0 1.0 1.0 0.0007242712797402853 0.12498917450484462 38.26461005295873 -213.77795432099845 2775.02510641143 2775.02510641143 1470.3396964350175 -221.69959466063335 2343.014043497917
213.78076556313346 51.73277006283396 39633275190250997 8 164-165-166-168-169-170-171-173 1.083069919455665 1.0 6 1.3049976589091536 1.0 [-1,-1] 1.0 1.0 1.0 0.00012850791192818028 0.44600300211103894 38.26722993716604 -213.78076556313346 3597.147667891342 3597.147667891342 1912.9818624542263 -293.94418238302075 3032.0898001511196
213.86136839505582 52.770943694794134 39633290038085302 8 164-165-166-168-169-170-171-173 0.8098187067779659 1.0 6 1.030682085384143 1.0 [-1,-1] 1.0 1.0 1.0 0.0008239664519383997 0.11155322342262282 37.229056305205866 -213.86136839505582 2895.2825114736497 2895.2825114736497 -1275.9205993404332 302.88038520404035 2581.269245484199
215.3658220893954 52.07673414484453 39633278948345588 8 164-165-166-168-169-170-171-173 0.7749878896220146 1.0 6 0.4311497410085584 1.0 [-1,-1] 1.0 1.0 1.0 0.0007064174578981374 0.12774458208408304 37.92326585515547 -215.3658220893954 2797.2996283620523 2797.2996283620523 -103.18823589989213 -613.1662609514891 2727.3181947174985
213.85310098556891 52.76455001568427 39633290038085196 8 164-165-166-168-169-170-171-173 0.8040743718367953 1.0 6 1.0339398516525622 1.0 [-1,-1] 1.0 1.0 1.0 0.0008239664519383997 0.11155322342262282 37.23544998431573 -213.85310098556891 2879.264770629821 2879.264770629821 -1255.2831241462497 287.03990911459215 2575.2743520252584
215.36212535022463 52.075476925877055 39633278948345560 8 164-165-166-168-169-170-171-173 0.7763677189340116 1.0 6 0.4328191804276667 1.0 [-1,-1] 1.0 1.0 1.0 0.0007064174578981374 0.12774458208408304 37.924523074122945 -215.36212535022463 2801.2206359066586 2801.2206359066586 -101.61950758463402 -617.7911681862935 2730.356130474297
214.75650469387395 53.52176317518695 39633300964245609 9 164-165-166-168-169-170-171-173-460 0.9069238321591667 1.0 6 1.1153799526973482 1.0 [-1,-1] 1.0 1.0 1.0 0.0005723615213970424 0.15308410280969617 36.47823682481305 -214.75650469387395 3157.844129895342 3157.844129895342 -1270.4926596445448 2680.641523515837 1082.5843952812593
217.315691612164 51.96218870802149 39633278969316239 9 164-165-166-168-169-170-171-173-460 0.7284161888157595 1.0 6 1.2352427830509896 1.0 [-1,-1] 1.0 1.0 1.0 0.0005823912580269674 0.15084542533972659 38.03781129197851 -217.315691612164 2663.0165276618236 2663.0165276618236 -756.2635818503016 459.3085314525207 2511.7241278257284
214.4978434772523 53.56215415281039 39633300960052579 9 164-165-166-168-169-170-171-173-460 0.9111097912622628 1.0 6 1.2211967923791436 1.0 [-1,-1] 1.0 1.0 1.0 0.00042618922305278896 0.1953324009783564 36.43784584718961 -214.4978434772523 3168.822825851957 3168.822825851957 -1947.2888380823063 2306.0309520770465 965.2593075350659
215.13821699986565 52.35462624878617 39633282668693405 8 164-165-166-168-169-170-171-460 0.846071532506915 1.0 6 0.26419531364467314 1.0 [-1,-1] 1.0 1.0 1.0 0.0006366829495309179 0.1397804201853648 37.64537375121383 -215.13821699986565 2995.1015476851367 2995.1015476851367 -9.787898365419933 160.57555346435933 2990.777987350633
213.25429533536825 52.21091357520314 39633282647723127 8 164-165-166-168-169-170-171-460 0.4606263228538059 1.0 6 1.4016601931361041 1.0 [-1,-1] 1.0 1.0 1.0 0.0005330850268982689 0.1625298359500762 37.78908642479686 -213.25429533536825 1812.5431879261994 1812.5431879261994 151.60441129259527 59.50139367432556 1805.2114819945912
215.0020672541901 51.257186336159585 39633267661475547 7 164-165-166-168-169-170-172 0.7920522432212793 1.0 6 1.2802544749493947 1.0 [-1,-1] 1.0 1.0 1.0 0.0008239664519383997 0.11155322342262282 38.742813663840415 -215.0020672541901 2845.5613494392665 2845.5613494392665 481.43342431369507 -2411.757383392882 1431.386591744568
214.98511352202712 51.2527394232859 39633267661475373 7 164-165-166-168-169-170-172 0.6998974003786667 1.0 6 1.2871195586361135 1.0 [-1,-1] 1.0 1.0 1.0 0.0005639081233901963 0.1550231922816235 38.7472605767141 -214.98511352202712 2578.891840129707 2578.891840129707 474.52860256733686 -2183.646130609208 1287.3209796738763
216.98696959655484 52.9027206669931 39633293729072359 8 164-165-166-168-169-170-172-173 0.5036369687323263 1.0 6 0.9869348674910151 1.0 [-1,-1] 1.0 1.0 1.0 0.0007365189099627642 0.12316671624379881 37.0972793330069 -216.98696959655484 1958.6229912301474 1958.6229912301474 1082.858109980823 -238.8262247222535 1614.4919850556726
214.3200789930662 52.294481156303405 39633282660304931 9 164-165-166-168-169-170-172-173-460 1.025447473251898 1.0 6 0.7487170500400266 1.0 [-1,-1] 1.0 1.0 1.0 0.00020130102782971312 0.3394727840281335 37.705518843696595 -214.3200789930662 3458.4070514011587 3458.4070514011587 17.06405250266637 -14.134676240121156 3458.336068432481
214.11425313825208 51.847389869194 39633275194444493 9 164-165-166-168-169-170-172-173-460 0.5175646283279547 1.0 6 1.071472663364474 1.0 [-1,-1] 1.0 1.0 1.0 0.0006888416087567301 0.1305783864573065 38.152610130806 -214.11425313825208 2005.1194812456606 2005.1194812456606 776.7687148179051 -410.28965545268807 1802.4419259381207
214.44459410963879 52.4637765887263 39633286363874033 9 164-165-166-168-169-170-172-173-460 0.43204819957610013 1.0 6 0.643769176912857 1.0 [-1,-1] 1.0 1.0 1.0 0.0006285113834356281 0.1413409039925048 37.5362234112737 -214.44459410963879 1713.3726942844876 1713.3726942844876 -190.31095251245 202.44934141851016 1690.6927559532216
213.42276388785555 52.945065275999276 39633293691325142 9 164-165-166-168-169-170-172-173-460 0.7938634018919585 1.0 6 1.3344728974790483 1.0 [-1,-1] 1.0 1.0 1.0 0.0008239664519383997 0.11155322342262282 37.054934724000724 -213.42276388785555 2850.6545199472775 2850.6545199472775 -1675.9005387310028 -349.39280309750507 2279.366851895641
214.91781635948033 53.80721140814795 39633304562958460 9 164-165-166-168-169-170-172-173-460 1.0027757379233215 1.0 6 1.3530157450556268 1.0 [-1,-1] 1.0 1.0 1.0 0.00023297360745577845 0.30751381291380364 36.19278859185205 -214.91781635948033 3402.527143925051 3402.527143925051 -942.5314457022489 3262.0190489081724 219.21944158631572
215.34560092973314 53.310841041287475 39633297352949884 9 164-165-166-168-169-170-172-173-460 0.5729742053465673 1.0 6 0.8161704471647213 1.0 [-1,-1] 1.0 1.0 1.0 0.0005369919189708607 0.1615383650856205 36.689158958712525 -215.34560092973314 2186.262554080359 2186.262554080359 270.260084280476 1831.5093650969238 1162.874407569858
