data_rosette/LRG_2_clustering_data.ecsv
# %ECSV 1.0
# ---
# datatype:
# - {name: RA, unit: deg, datatype: float64}
# - {name: DEC, unit: deg, datatype: float64}
# - {name: TARGETID, datatype: int64}
# - {name: NTILE, datatype: int64}
# - {name: TILES, datatype: string}
# - {name: Z, datatype: float64}
# - {name: COMP_TILE, datatype: float64}
# - {name: ROSETTE_NUMBER, datatype: int32}
# - {name: ROSETTE_R, unit: deg, datatype: float64}
# - {name: FRACZ_TILELOCID, datatype: float64}
# - {name: BITWEIGHTS, datatype: string, subtype: 'int64[2]'}
# - {name: PROB_OBS, datatype: float64}
# - {name: WEIGHT_ZFAIL, datatype: float64}
# - {name: WEIGHT, datatype: float64}
# - {name: NZ, unit: h3 / Mpc3, datatype: float64}
# - {name: WEIGHT_FKP, datatype: float64}
# - {name: distance, unit: Mpc, datatype: float64}
# - {name: x, unit: Mpc, datatype: float64}
# - {name: y, unit: Mpc, datatype: float64}
# - {name: z, unit: Mpc, datatype: float64}
# meta: !!omap
# - {EXTNAME: LSS}
# - {DESIDR: edr}
# - comments: ['Visit https://desidatamodel.readthedocs.io/en/latest/ for a more complet', e description]
# schema: astropy-2.0
RA DEC TARGETID NTILE TILES Z COMP_TILE ROSETTE_NUMBER ROSETTE_R FRACZ_TILELOCID BITWEIGHTS PROB_OBS WEIGHT_ZFAIL WEIGHT NZ WEIGHT_FKP distance x y z
[from data line 4543]
183.2107840204782 -1.5540350570304844 39627751560320069 8 56-57-59-62-63-64-65-448 0.7252598593225781 1.0 2 1.557977871447504 1.0 [-1,-1] 1.0 1.0 1.0 0.0006167714992318164 0.14396928707710532 2653.7776011971696 -2648.6372619577905 -148.58189380415814 -71.96966040014456
183.0710312595087 0.22254055126091882 39627793838900721 6 56-57-59-62-63-65 0.7843176836907354 1.0 2 0.22441809343551875 1.0 [-67108865,-8796093022209] 0.984375 1.0 1.015748031496063 0.0007324854237337303 0.12404708914385561 2823.7480592272263 -2819.6715632459495 -151.2781850930852 10.96759438591345
183.90582079425405 -1.3828097103880372 39627751572901094 7 56-57-59-62-63-65-448 0.44140239150469407 1.0 2 1.6004323678970147 1.0 [-1,-1] 1.0 1.0 1.0 0.0005288673958748294 0.16397488484989944 1746.020194934217 -1741.4575218297675 -118.89840515034403 -42.13537745588593
182.8575139354045 0.09274808134429886 39627787794909443 7 56-57-59-62-63-65-448 0.6410546213809198 1.0 2 0.2596182712310505 1.0 [-1,-1] 1.0 1.0 1.0 0.000833303205902425 0.11070054926254569 2400.634397401725 -2397.6463032991046 -119.67711935489446 3.8860477860756593
184.19823987792014 -1.1588457724437655 39627757616893678 7 56-57-59-62-63-65-448 1.0429634000385075 1.0 2 1.5965243117771333 1.0 [-1,-1] 1.0 1.0 1.0 0.00017111768859933566 0.3774092623312036 3501.07452235893 -3490.9660220618084 -256.2526993995473 -70.8067650102171
183.9092458709838 -1.3593424921649067 39627757612698756 7 56-57-59-62-63-65-448 0.9585784777642213 1.0 2 1.5819506985538578 1.0 [-1,-1] 1.0 1.0 1.0 0.00041974738576830407 0.19815580287489248 3291.4273036119366 -3282.8449736957227 -224.33414149211382 -78.08179431770117
182.66019385537496 -1.4341261251954605 39627751551929845 7 56-57-59-62-63-65-448 0.6490208848327883 1.0 2 1.5000355964707357 1.0 [-1,-1] 1.0 1.0 1.0 0.000833303205902425 0.11070054926254569 2425.1427469355467 -2421.7704862807036 -112.52158920991903 -60.69552500380881
182.84879548246454 -1.3320030259821802 39627757595920966 6 56-57-59-62-64-65 0.51648696863688 1.0 2 1.3554793993441638 1.0 [-1,-1] 1.0 1.0 1.0 0.0006865842838717192 0.13125169390769817 2001.5357574068944 -1998.5220204848185 -99.45020126855377 -46.52718864613693
183.3980569590986 -1.5532619758201889 39627751564512683 6 56-57-59-62-64-65 0.9231928895732453 1.0 2 1.5815938012513446 1.0 [-1,-1] 1.0 1.0 1.0 0.0004951280553168204 0.17321314004730964 3200.3605334767662 -3193.55990700312 -189.6237350620328 -86.7496612041832
182.85278838393714 -1.3305266595629517 39627757595921084 6 56-57-59-62-64-65 0.8181721834676817 1.0 2 1.3532936817453458 1.0 [-1,-1] 1.0 1.0 1.0 0.0006627118749498285 0.13533979738261318 2918.4768213605616 -2914.074067293426 -145.2133702965811 -67.76698483704244
181.8301596653965 -0.7985116026320853 39627769658738494 7 56-57-59-62-64-65-448 0.5649923746119282 1.0 2 1.5000036172197084 1.0 [-1,-1] 1.0 1.0 1.0 0.000677088223595666 0.13284793461577618 2160.5427776283027 -2159.2309471278604 -68.99429540561388 -30.109767993576764
183.46534514402677 -1.5404109082531856 39627751564514334 7 56-57-59-62-64-65-448 1.033691328677393 1.0 2 1.583133184256074 1.0 [-1,-1] 1.0 1.0 1.0 0.00017111768859933566 0.3774092623312036 3478.542832314899 -3470.927658351023 -210.18389367381403 -93.5102004241213
181.84183490807578 -0.8175949307580755 39627769658738783 7 56-57-59-62-64-65-448 0.8249167362993194 1.0 2 1.500444407398675 1.0 [-1,-1] 1.0 1.0 1.0 0.0006627118749498285 0.13533979738261318 2937.1187128940505 -2935.3024015476376 -94.39099174296811 -41.91044951864477
183.22455748023953 0.3520235634379553 39627793838904073 7 56-57-59-62-64-65-448 0.6715789973604581 1.0 2 0.3734099086544624 1.0 [-1,-1] 1.0 1.0 1.0 0.0007209928471550773 0.12577569469930108 2493.901516133004 -2489.9060430901386 -140.27791711332344 15.322360263736766
183.25983866662347 -1.6005895662483616 39627751564509399 5 56-57-59-62-65 0.8157567294532359 1.0 2 1.6085486354570613 1.0 [-1152921504674218851,-2558185600712712481] 0.8671875 1.0 1.1517857142857142 0.0006627118749498285 0.13533979738261318 2911.7820668153513 -2905.936314093589 -165.51163512350976 -81.33167709071965
183.36430450652796 -1.5694920444596223 39627751564511937 5 56-57-59-62-65 0.6361216408825273 1.0 2 1.5915855855594572 1.0 [-1,-1] 1.0 1.0 1.0 0.000833303205902425 0.11070054926254569 2385.3982679060205 -2380.3938680407896 -139.93327987462138 -65.33457512206517
183.13888625270664 -1.601446384933486 39627751560318292 6 56-57-59-62-65-448 0.612380922157515 1.0 2 1.6019183096113503 0.5 [-1,-1] 1.0 1.0 1.0 0.0007214233604467519 0.12571007283523317 2311.428372960574 -2307.059156843149 -126.51629346368749 -64.59719530718996
183.9268840521859 -1.3890964301581503 39627751572901487 6 56-57-59-62-65-448 0.4425482708689283 1.0 2 1.6165370880725347 1.0 [-1,-1] 1.0 1.0 1.0 0.0005288673958748294 0.16397488484989944 1750.0069380773875 -1745.3852858722353 -119.81122549182427 -42.423548010933274
183.47313621807055 -1.548925946268576 39627751564514505 6 56-57-59-62-65-448 0.8425159994459575 1.0 2 1.5932257544243278 1.0 [-1,-1] 1.0 1.0 1.0 0.0006232532477076302 0.14268566385842998 2985.407775045383 -2978.8356704664893 -180.79154878414624 -80.69725860346253
183.14926080515502 -1.6061014991240796 39627751560318534 6 56-57-59-62-65-448 0.7261361828440388 1.0 2 1.606856563848091 1.0 [-1,-1] 1.0 1.0 1.0 0.0006167714992318164 0.14396928707710532 2656.3444743451346 -2651.2908734523826 -145.8750564350361 -74.4522574681716
183.40416198067055 -1.5691498004241056 39627751564512837 6 56-57-59-62-65-448 0.42457624830568774 1.0 2 1.5983499227773277 1.0 [-1,-1] 1.0 1.0 1.0 0.0006262316776515472 0.14210347001521706 1687.1631018762457 -1683.5545689724793 -100.14429741750646 -46.200274017785034
183.23169053209995 -1.6149512050771335 39627751560320554 6 56-57-59-62-65-448 0.5402168135331651 1.0 2 1.6203102166407237 1.0 [-1,-1] 1.0 1.0 1.0 0.0007045118177349687 0.128340413101622 2079.909811045091 -2075.777369138326 -117.20571782330845 -58.61702452632013
183.29939144066498 -1.6237770470042234 39627751564510362 6 56-57-59-62-65-448 0.6696773801182442 1.0 2 1.635970109918251 1.0 [-1,-1] 1.0 1.0 1.0 0.000700708733790897 0.12894715825466588 2488.1416368003556 -2483.0198853372017 -143.14356505600688 -70.50513160500668
183.42405599743302 -1.5912307874325418 39627751564513328 6 56-57-59-62-65-448 0.5390314973306396 1.0 2 1.623884450439843 1.0 [-1,-1] 1.0 1.0 1.0 0.0007045118177349687 0.128340413101622 2076.0216810527586 -2071.5165167120713 -123.9435892133581 -57.64831205785626
183.0641898474759 -1.5797364222036316 39627751560316440 6 56-57-59-64-65-448 0.43728672721530454 1.0 2 1.5801421473067478 1.0 [-1,-1] 1.0 1.0 1.0 0.0005288673958748294 0.16397488484989944 1731.6784167226613 -1728.5453700814708 -92.5311890797784 -47.739098865578605
183.07214310116217 -1.5758273731452435 39627751560316640 6 56-57-59-64-65-448 0.46369577222907354 1.0 2 1.5760735138598874 1.0 [-1,-1] 1.0 1.0 1.0 0.0005635091211985168 0.1554616369400361 1823.0939398026217 -1819.785379163925 -97.66871153762234 -50.13491710210494
183.48657772226036 -0.986802420243365 39627763644109488 6 56-57-60-61-62-63 0.8376817598968334 1.0 2 1.0598144060384722 1.0 [-1,-1] 1.0 1.0 1.0 0.0006232532477076302 0.14268566385842998 2972.1944513547005 -2966.253140449787 -180.72634143480087 -51.18742958027672
183.04797991305585 0.2526149340661711 39627793838900245 6 56-57-60-61-62-63 0.5983261886721198 1.0 2 0.25791544510640085 1.0 [-17179869185,-513] 0.984375 1.0 1.015748031496063 0.0007756247847600315 0.11796159141779075 2267.1309089201145 -2263.901726417997 -120.54716104297033 9.995662411112734
183.84861729312166 0.22200388136576243 39627793851484568 7 56-57-60-61-62-63-448 0.9168675354013309 1.0 2 0.7808397852609215 1.0 [-1,-1] 1.0 1.0 1.0 0.0004951280553168204 0.17321314004730964 3183.8792343319187 -3176.675337805957 -213.70209807515693 12.336541804304863
183.4954115824614 0.15683714540094637 39627793843098319 7 56-57-60-61-62-63-448 0.7183150047635366 1.0 2 0.4253796177676605 1.0 [-1,-1] 1.0 1.0 1.0 0.0006167714992318164 0.14396928707710532 2633.386742103751 -2628.4779635112704 -160.55331646812144 7.2084252469877494
181.7155082838609 -0.27322007104021273 39627781734142099 8 56-57-60-61-62-63-64-65 0.9058145544688979 1.0 2 1.4111881481808686 1.0 [-1,-1] 1.0 1.0 1.0 0.0005275616701708153 0.16431404058018498 3154.9301832725737 -3153.4802692220114 -94.44742263415729 -15.044510944190455
183.0577846810091 -0.44734945137850474 39627775719507252 9 56-57-60-61-62-63-64-65-448 0.8298799607614111 1.0 2 0.44933687651048965 1.0 [-1,-1] 1.0 1.0 1.0 0.0006627118749498285 0.13533979738261318 2950.7887111576138 -2946.4976967994176 -157.3993612882774 -23.03870041869664
184.02140412592195 0.29569215389478526 39627793855676783 9 56-57-60-61-62-63-64-65-448 0.5051626826274952 1.0 2 0.9676837684590258 1.0 [-1,-1] 1.0 1.0 1.0 0.0005337442823398631 0.16272042362546515 1963.7355952210812 -1958.874637638971 -137.7132375257539 10.134404928704164
183.61554919493585 -0.766814656269983 39627769688099939 9 56-57-60-61-62-63-64-65-448 0.5869109112122475 1.0 2 0.9240020671041494 1.0 [-1,-1] 1.0 1.0 1.0 0.0006621615122706149 0.13543705131792066 2230.8725085402657 -2226.2329019468766 -140.66926949935117 -29.85585819308841
182.72687904554087 0.018974764312340936 39627787790717567 9 56-57-60-61-62-63-64-65-448 0.7407810828577881 1.0 2 0.37360310925937196 1.0 [-1,-1] 1.0 1.0 1.0 0.0007126833197713517 0.12705585074725267 2699.03980785143 -2695.9834457299344 -128.40695368598182 0.8938466973081465
184.18789069297986 0.1339815441302937 39627793855680137 9 56-57-60-61-62-63-64-65-448 0.7849359023440081 1.0 2 1.0961090533195035 1.0 [-1,-1] 1.0 1.0 1.0 0.0007324854237337303 0.12404708914385561 2825.4953373585813 -2817.943372757567 -206.3380586741707 6.607186191346714
184.18868364779817 0.12128769278070962 39627787815882775 9 56-57-60-61-62-63-64-65-448 0.42982653170864626 1.0 2 1.0954181936432825 1.0 [-1,-1] 1.0 1.0 1.0 0.0006262316776515472 0.14210347001521706 1705.5918902363317 -1701.0323114640187 -124.57823081086377 3.61051289379767
183.62594810244647 -0.7832958191244221 39627769688100272 9 56-57-60-61-62-63-64-65-448 0.6831284308970672 1.0 2 0.9434810612920447 1.0 [-1,-1] 1.0 1.0 1.0 0.0007209928471550773 0.12577569469930108 2528.7411363720007 -2523.443243334586 -159.90896484551106 -34.56957348621898
183.51052668022697 -0.3674069076648031 39627781767692543 8 56-57-60-61-62-63-65-448 1.0278059179189971 1.0 2 0.5509243877063862 1.0 [-1,-1] 1.0 1.0 1.0 0.00020304675497218746 0.33812883710054276 3464.177511555528 -3457.6061200899144 -212.1138827857397 -22.21374829637454
183.04552586772581 0.2374613247413569 39627793838900186 8 56-57-60-61-62-63-65-448 1.004177363447969 1.0 2 0.2436294211395091 1.0 [-1,-1] 1.0 1.0 1.0 0.0002622817504223413 0.28340640119267335 3406.0033730480577 -3401.163641107302 -180.95745338160845 14.116079133690869
182.769952613749 -0.6709256861451927 39627769675514422 8 56-57-60-61-62-64-65-448 0.7575376159086228 1.0 2 0.7477082148319218 1.0 [-1,-1] 1.0 1.0 1.0 0.0006416626200019751 0.139161677870846 2747.4279920882045 -2744.0298042469467 -132.76300170594132 -32.171268117907964
183.0649520739372 -0.4308121216831584 39627775719507421 8 56-57-60-61-62-64-65-448 0.7488997470230612 1.0 2 0.4322353735652889 1.0 [-1,-1] 1.0 1.0 1.0 0.0007126833197713517 0.12705585074725267 2722.5456794087845 -2718.574399554892 -145.56494739087358 -20.47087304659129
182.7660697171147 -0.6667271778922721 39627769675514341 7 56-57-60-61-62-65-448 0.75586193635144 1.0 2 0.7456738766669315 1.0 [-1,-1] 1.0 1.0 1.0 0.0006416626200019751 0.139161677870846 2742.611202519875 -2739.2302907859357 -132.3447195390939 -31.913906661994055
182.35391477484453 -0.11351308673144336 39627787786520499 7 56-57-60-61-63-64-65 0.9354688435024133 1.0 2 0.7546705610792691 1.0 [-1,-1] 1.0 1.0 1.0 0.0004445766401596716 0.18918261239264766 3232.1702727513602 -3229.4365944164324 -132.7514592031159 -6.403497563105452
183.29229199223704 0.7067213370501381 39627805922690088 8 56-57-60-61-63-64-65-448 0.6069110048635563 1.0 2 0.7324133964365153 1.0 [-1,-1] 1.0 1.0 1.0 0.0007756247847600315 0.11796159141779075 2294.233420161985 -2290.272671267941 -131.7471587388667 28.29776661868185
184.36951391307878 -0.09059819506880243 39627787820075411 8 56-57-60-61-63-64-65-448 0.986020102356954 1.0 2 1.272742026172343 1.0 [-1,-1] 1.0 1.0 1.0 0.0003578035202613049 0.22475091060875194 3360.7482767700985 -3350.9758439468933 -256.05005965512936 -5.31413663732442
183.77899401351652 -1.1049766192711565 39627763652494058 8 56-57-60-61-63-64-65-448 0.9523963245966256 1.0 2 1.2968997803591418 1.0 [-1,-1] 1.0 1.0 1.0 0.00041974738576830407 0.19815580287489248 3275.6546365378263 -3267.924563397411 -215.85195536574196 -63.168656629555635
182.51417393190633 0.06324545030447028 39627787790713162 7 56-57-60-61-64-65-448 0.42295322575327154 1.0 2 0.5892300311867754 1.0 [-1,-1] 1.0 1.0 1.0 0.0006262316776515472 0.14210347001521706 1681.4545123700882 -1679.8349214683822 -73.75953383390971 1.8560586330951743
183.3667410013009 -0.821918662513592 39627769683905701 8 56-57-60-62-63-64-65-448 0.6799746363993565 1.0 2 0.8641158307293387 1.0 [-1,-1] 1.0 1.0 1.0 0.0007209928471550773 0.12577569469930108 2519.251810515083 -2514.645038630874 -147.9326426696637 -36.13789846442918
183.35503435168948 -0.8194547400743727 39627769683905369 8 56-57-60-62-63-64-65-448 0.9750037317434015 1.0 2 0.8582215079086042 1.0 [-1,-1] 1.0 1.0 1.0 0.0003578035202613049 0.22475091060875194 3333.0543782658947 -3327.001434452434 -195.04018558931833 -47.66832946705029
182.66292968924003 -1.4169589234843127 39627751551929912 8 56-57-60-62-63-64-65-448 0.7675944008149566 1.0 2 1.4828230173384047 1.0 [-1,-1] 1.0 1.0 1.0 0.0006416626200019751 0.139161677870846 2776.2339292638603 -2772.3879797829304 -128.94483147383147 -68.65092852366739
183.34569369158245 -0.8141300372427581 39627769683905104 8 56-57-60-62-63-64-65-448 1.0458134813716093 1.0 2 0.8503934647665535 1.0 [-1,-1] 1.0 1.0 1.0 0.00017111768859933566 0.3774092623312036 3507.975942739836 -3501.643393287201 -204.70548084135046 -49.844028760198675
184.20049907739352 0.12446497452294711 39627787815883055 8 56-57-60-62-63-64-65-448 0.9824323685918744 1.0 2 1.107514263622034 1.0 [-1,-1] 1.0 1.0 1.0 0.0003578035202613049 0.22475091060875194 3351.748863561428 -3342.737640105782 -245.50458186430893 7.281077460646408
183.96089182099115 -1.2663693981283852 39627757612699837 8 56-57-60-62-63-64-65-448 0.5795322313891209 1.0 2 1.5312431190796914 1.0 [-1,-1] 1.0 1.0 1.0 0.0006621615122706149 0.13543705131792066 2207.3012215041585 -2201.491093638113 -152.43331382504113 -48.78249606295805
184.20215914710005 0.12416652051270771 39627787815883088 8 56-57-60-62-63-64-65-448 0.4991374339410718 1.0 2 1.1091303839735374 1.0 [-1,-1] 1.0 1.0 1.0 0.0005337442823398631 0.16272042362546515 1943.5177632815125 -1938.2884852403768 -142.41244582954207 4.211822430616259
182.05491706064697 0.0839312763218496 39627787782325379 8 56-57-60-62-63-64-65-448 0.7255553301067202 1.0 2 1.0484474369361207 1.0 [-1,-1] 1.0 1.0 1.0 0.0006167714992318164 0.14396928707710532 2654.6432288460246 -2652.9332274657354 -95.18844933216401 3.888724729532696
182.29049394176445 0.4760535916873734 39627799866115131 7 56-57-60-62-63-65-448 0.7256266861799291 1.0 2 0.939101698838993 1.0 [-1,-1] 1.0 1.0 1.0 0.0006167714992318164 0.14396928707710532 2654.852254270894 -2652.639568232074 -106.10019897312937 22.05812400604226
183.85462703347068 -1.3132992692718013 39627757612697700 6 56-57-60-62-64-65 0.9575545446493718 1.0 2 1.5146343438988454 1.0 [-1,-1] 1.0 1.0 1.0 0.00041974738576830407 0.19815580287489248 3288.8189063856375 -3280.517066977009 -221.03341714563703 -75.37772069453757
