data_rosette/LRG_10_clustering_data.ecsv
# %ECSV 1.0
# ---
# datatype:
# - {name: RA, unit: deg, datatype: float64}
# - {name: DEC, unit: deg, datatype: float64}
# - {name: TARGETID, datatype: int64}
# - {name: NTILE, datatype: int64}
# - {name: TILES, datatype: string}
# - {name: Z, datatype: float64}
# - {name: COMP_TILE, datatype: float64}
# - {name: ROSETTE_NUMBER, datatype: int32}
# - {name: ROSETTE_R, unit: deg, datatype: float64}
# - {name: FRACZ_TILELOCID, datatype: float64}
# - {name: BITWEIGHTS, datatype: string, subtype: 'int64[2]'}
# - {name: PROB_OBS, datatype: float64}
# - {name: WEIGHT_ZFAIL, datatype: float64}
# - {name: WEIGHT, datatype: float64}
# - {name: NZ, unit: h3 / Mpc3, datatype: float64}
# - {name: WEIGHT_FKP, datatype: float64}
# - {name: theta, unit: deg, datatype: float64}
# - {name: phi, unit: deg, datatype: float64}
# - {name: rho, unit: Mpc, datatype: float64}
# - {name: r, unit: Mpc, datatype: float64}
# - {name: x, unit: Mpc, datatype: float64}
# - {name: y, unit: Mpc, datatype: float64}
# - {name: z, unit: Mpc, datatype: float64}
# meta: !!omap
# - {EXTNAME: LSS}
# - {DESIDR: edr}
# - comments: ['Visit https://desidatamodel.readthedocs.io/en/latest/ for a more complet', e description]
# schema: astropy-2.0
RA DEC TARGETID NTILE TILES Z COMP_TILE ROSETTE_NUMBER ROSETTE_R FRACZ_TILELOCID BITWEIGHTS PROB_OBS WEIGHT_ZFAIL WEIGHT NZ WEIGHT_FKP theta phi rho r x y z
[from data line 3770]
217.54560035914955 1.4880256778260847 39627824616702989 8 272-273-274-275-276-277-278-281 0.9603032786832125 1.0 10 1.068378006752985 1.0 [-1,-1] 1.0 1.0 1.0 0.00041974738576830407 0.19815580287489248 88.51197432217391 142.45439964085045 3295.817540725783 3295.817540725783 -804.3428932413749 -1515.036530726685 2814.2690138669213
218.46736562428495 2.793325179096066 39627854828277892 8 272-273-274-275-276-277-278-281 0.9769399708766378 1.0 10 0.5530253022487065 1.0 [-1,-1] 1.0 1.0 1.0 0.0003578035202613049 0.22475091060875194 87.20667482090393 141.53263437571505 3337.9349023323816 3337.9349023323816 2264.874967594707 367.74709236471176 2424.2344914279356
218.3389428559145 1.0522074220962625 39627812549691127 9 272-273-274-275-276-277-278-281-472 0.6760205922455185 1.0 10 1.4077355076009517 1.0 [-1,-1] 1.0 1.0 1.0 0.0007209928471550773 0.12577569469930108 88.94779257790374 141.6610571440855 2507.32887577808 2507.32887577808 -2000.0150916527282 -595.4967300868368 1389.9717151538675
219.53864739496575 2.266425771596048 39627842769650416 9 272-273-274-275-276-277-278-281-472 0.6294737380561798 1.0 10 1.496364140917641 1.0 [-1,-1] 1.0 1.0 1.0 0.0007214233604467519 0.12571007283523317 87.73357422840395 140.46135260503425 2364.7928335551237 2364.7928335551237 332.188277026157 -427.5963260295056 2301.9681744555314
217.72751522348574 1.1419533361794323 39627818576909616 9 272-273-274-275-276-277-278-281-472 0.7330122128368346 1.0 10 1.3277632454841775 1.0 [-1,-1] 1.0 1.0 1.0 0.0007126833197713517 0.12705585074725267 88.85804666382057 142.27248477651426 2676.437959052768 2676.437959052768 -1295.0896177167594 -1634.753486563542 1677.3920438910955
218.10867468086403 1.8043419067256983 39627830664891013 9 272-273-274-275-276-277-278-281-472 0.5765931205089547 1.0 10 0.6283995822172171 1.0 [-1,-1] 1.0 1.0 1.0 0.0006621615122706149 0.13543705131792066 88.1956580932743 141.89132531913597 2197.8826945126893 2197.8826945126893 -436.8976884475788 -249.95136298408227 2139.470276682974
218.43803575067818 1.6007081561074634 39627824629288906 9 272-273-274-275-276-277-278-281-472 0.9367517010171661 1.0 10 0.9154823057906958 1.0 [-1,-1] 1.0 1.0 1.0 0.0004445766401596716 0.18918261239264766 88.39929184389254 141.56196424932182 3235.481072431768 3235.481072431768 -1337.9812976155893 -257.72944733105015 2934.5731119318802
217.86135008662032 1.3882280602406178 39627824620898824 9 272-273-274-275-276-277-278-281-472 0.8239694013040174 1.0 10 1.0586959355658168 1.0 [-1,-1] 1.0 1.0 1.0 0.0006627118749498285 0.13533979738261318 88.61177193975938 142.13864991337968 2934.504859113955 2934.504859113955 -1273.9284476416667 -1227.8463946807785 2341.1147578711552
217.12360029768118 2.6058383127032365 39627848767506908 9 272-273-274-275-276-277-278-281-472 0.9093993581953569 1.0 10 0.942060744044602 1.0 [-1,-1] 1.0 1.0 1.0 0.0005275616701708153 0.16431404058018498 87.39416168729676 142.87639970231882 3164.340109240647 3164.340109240647 112.807025318896 1705.0039717590435 2663.3220530521085
217.12791738381236 1.939381811719141 39627836687911531 8 272-273-274-275-276-277-278-472 0.841229525160795 1.0 10 1.0438878103412448 1.0 [-1,-1] 1.0 1.0 1.0 0.0006232532477076302 0.14268566385842998 88.06061818828086 142.87208261618764 2981.895233748901 2981.895233748901 -20.10545725325676 -285.18551476522657 2968.158381523995
217.9966165293468 3.61396194531211 39627872926699975 8 272-273-274-275-276-277-278-472 0.8331024925201482 1.0 10 1.1851614491201943 1.0 [-1,-1] 1.0 1.0 1.0 0.0006232532477076302 0.14268566385842998 86.38603805468789 142.0033834706532 2959.6425377694923 2959.6425377694923 2388.408428576487 1747.7018270212097 -22.96635596177589
218.6623229335017 3.062005202355119 39627860872269552 8 272-273-274-275-276-277-278-472 0.7650725002270701 1.0 10 0.8794916460682839 1.0 [-1,-1] 1.0 1.0 1.0 0.0006416626200019751 0.139161677870846 86.93799479764488 141.3376770664983 2769.0268633906676 2769.0268633906676 2367.654099320487 -80.51312789773085 1433.611339375556
218.67041016710579 2.5950504145559488 39627848792673878 7 272-273-274-275-276-277-279 0.9606143339757417 1.0 10 0.6414128478826449 1.0 [-1,-1] 1.0 1.0 1.0 0.00041974738576830407 0.19815580287489248 87.40494958544406 141.32958983289421 3296.6088113806973 3296.6088113806973 1748.5714220753257 -73.62260809970617 2793.6906322552836
218.59852344437732 2.8399655781406907 39627854832470176 8 272-273-274-275-276-277-279-280 0.9857065545403099 1.0 10 0.68433364818207 1.0 [-1,-1] 1.0 1.0 1.0 0.0003578035202613049 0.22475091060875194 87.16003442185931 141.40147655562268 3359.9625368249576 3359.9625368249576 2419.863373446936 72.15058527353386 2329.8935159706134
217.07238204360038 3.2835306452945825 39627866882703983 9 272-273-274-275-276-277-279-280-281 0.8707562997638355 1.0 10 1.2968652985153752 1.0 [-1,-1] 1.0 1.0 1.0 0.0005690156306133545 0.15418916366201427 86.71646935470542 142.92761795639962 3061.8340861678757 3061.8340861678757 43.11367302059866 2903.4979721725276 970.9112771042281
216.78630354366902 2.084671662660195 39627836683715358 10 272-273-274-275-276-277-279-280-281-472 0.8302053268778466 1.0 10 1.3090828765392224 1.0 [-1,-1] 1.0 1.0 1.0 0.0006232532477076302 0.14268566385842998 87.9153283373398 143.21369645633098 2951.6834265700486 2951.6834265700486 -38.94412235845296 140.0446705605138 2948.102083759928
218.18933485911057 3.2049128699813583 39627866899483576 10 272-273-274-275-276-277-279-280-281-472 0.8411426921727005 1.0 10 0.7873099481968459 1.0 [-1,-1] 1.0 1.0 1.0 0.0006232532477076302 0.14268566385842998 86.79508713001864 141.81066514088943 2981.6580502713814 2981.6580502713814 2484.525982935757 1166.619747335392 1164.651765117948
218.80038722546877 1.7646747902239266 39627830677472345 10 272-273-274-275-276-277-279-280-281-472 0.7980246127101323 1.0 10 1.0024859598813303 1.0 [-1,-1] 1.0 1.0 1.0 0.0007229154976227362 0.12548315978664992 88.23532520977608 141.19961277453123 2862.3351856897757 2862.3351856897757 -754.1882094419416 131.05891347166298 2758.0765800057306
217.75835805315654 2.771997359454907 39627854819885278 10 272-273-274-275-276-277-279-280-281-472 0.8336661749642246 1.0 10 0.44926807632060545 1.0 [-1,-1] 1.0 1.0 1.0 0.0006232532477076302 0.14268566385842998 87.2280026405451 142.24164194684346 2961.189476805987 2961.189476805987 1282.7497563941495 1520.3904497797507 2193.5380234305926
218.75630646807588 3.4524625289932276 39627872939283004 10 272-273-274-275-276-277-279-280-281-472 0.6302018744542469 1.0 10 1.2421641040453049 1.0 [-1,-1] 1.0 1.0 1.0 0.000833303205902425 0.11070054926254569 86.54753747100678 141.24369353192412 2367.053791620103 2367.053791620103 2320.0063569115423 -298.5364290589541 362.47780185532235
217.30563805071074 3.357318174030214 39627866886897802 9 272-273-274-275-276-277-279-280-472 0.8634701027059782 1.0 10 1.188515665078158 1.0 [-1,-1] 1.0 1.0 1.0 0.0006812235016579503 0.1321480675826358 86.64268182596979 142.69436194928926 3042.2393897148568 3042.2393897148568 724.0525348201244 2858.218094452928 749.3715738504152
218.89621475303238 3.3016911272259684 39627866912065685 9 272-273-274-275-276-277-279-280-472 0.5176813080828626 1.0 10 1.214133802372672 1.0 [-1,-1] 1.0 1.0 1.0 0.0006865842838717192 0.13125169390769817 86.69830887277404 141.10378524696762 2005.5073559330158 2005.5073559330158 1845.002014378335 -506.4190451278767 601.3044755970907
217.93854277843258 1.1206696085265604 39627812541304836 8 272-273-274-275-276-277-279-281 1.0001023249301149 1.0 10 1.3140610036895437 1.0 [-1,-1] 1.0 1.0 1.0 0.0002622817504223413 0.28340640119267335 88.87933039147345 142.06145722156742 3395.8887625395178 3395.8887625395178 -2075.7153160108614 -1712.4224553763916 2071.491189636779
217.31716637181566 3.4361477727186465 39627872918307251 9 272-273-274-275-276-277-279-281-472 0.8651513385628343 1.0 10 1.2441697726674377 1.0 [-1,-1] 1.0 1.0 1.0 0.0006812235016579503 0.1321480675826358 86.56385222728136 142.68283362818434 3046.7683216324 3046.7683216324 770.8991150933122 2902.1794166592795 515.6223361824658
217.84627599465773 1.9156861809565136 39627836700494168 9 272-273-274-275-276-277-279-281-472 0.6943052428266235 1.0 10 0.5531385311617366 1.0 [-1,-1] 1.0 1.0 1.0 0.0005843703162771602 0.15074849413407446 88.08431381904349 142.15372400534227 2562.2243038384736 2562.2243038384736 -217.10829835405116 -215.6612976984395 2543.884347733085
217.30893753601836 3.4255179823933455 39627872918307060 9 272-273-274-275-276-277-279-281-472 0.4125168654965053 1.0 10 1.2404769304659347 1.0 [-1,-1] 1.0 1.0 1.0 0.0006262316776515472 0.14210347001521706 86.57448201760666 142.69106246398164 1644.614965572809 1644.614965572809 402.45988892565447 1566.984259098977 295.54145991388776
217.30077486675512 3.420508591362641 39627872914118704 9 272-273-274-275-276-277-279-281-472 0.865952691384916 1.0 10 1.2413579487030189 1.0 [-1,-1] 1.0 1.0 1.0 0.0006812235016579503 0.1321480675826358 86.57949140863735 142.69922513324488 3048.9254081750005 3048.9254081750005 721.7066470960974 2908.3001558747433 562.9172794392999
217.82608682782504 1.9058642061152353 39627836700493713 9 272-273-274-275-276-277-279-281-472 0.8722886026890077 1.0 10 0.5698976595006218 1.0 [-1,-1] 1.0 1.0 1.0 0.0005690156306133545 0.15418916366201427 88.09413579388476 142.17391317217496 3065.944011957821 3065.944011957821 -275.29745259666754 -284.7323821126908 3040.255164888342
217.91402469471268 3.118082873448254 39627860859686667 9 272-273-274-275-276-277-279-281-472 0.41679127102262137 1.0 10 0.7013585344034791 1.0 [-1,-1] 1.0 1.0 1.0 0.0006262316776515472 0.14210347001521706 86.88191712655174 142.08597530528732 1659.7309750588206 1659.7309750588206 1107.559312819898 960.3021778677294 778.3566055081146
219.16704080220563 1.7954596783740793 39627830681669102 8 272-273-274-275-276-277-280-281 1.088454664863421 1.0 10 1.2840221553570856 1.0 [-1,-1] 1.0 1.0 1.0 0.0001075182622224553 0.4910338705006151 88.20454032162593 140.83295919779437 3609.877262135833 3609.877262135833 -736.3862887064223 440.1216999440554 3506.457182218091
217.38740513607064 1.852088361997868 39627830652308592 8 272-273-274-275-276-277-280-281 0.8574072313264716 1.0 10 0.8788613668798455 1.0 [-1,-1] 1.0 1.0 1.0 0.0006812235016579503 0.1321480675826358 88.14791163800213 142.61259486392936 3025.869163237631 3025.869163237631 -178.6723928536586 -521.8531465844046 2975.1688460429104
219.16551927777863 1.7926720334168458 39627830681669080 8 272-273-274-275-276-277-280-281 0.8961404888764852 1.0 10 1.2840826637283176 1.0 [-1,-1] 1.0 1.0 1.0 0.0005275616701708153 0.16431404058018498 88.20732796658315 140.83448072222137 3129.435584084239 3129.435584084239 -646.2375961136281 384.90853627635215 3037.6947613286525
218.37123973669748 1.7876656263858368 39627830669085719 9 272-273-274-275-276-277-280-281-472 0.7704301462177521 1.0 10 0.7180860659090258 1.0 [-1,-1] 1.0 1.0 1.0 0.0007324854237337303 0.12404708914385561 88.21233437361417 141.62876026330252 2784.324755590128 2784.324755590128 -660.3148957312965 -173.60267643942433 2699.3167086876747
219.40300088945494 2.413141327492093 39627848805256229 9 272-273-274-275-276-277-280-281-472 0.7982064095613994 1.0 10 1.3518977116229642 1.0 [-1,-1] 1.0 1.0 1.0 0.0007229154976227362 0.12548315978664992 87.5868586725079 140.59699911054506 2862.844826466078 2862.844826466078 754.5756495938342 -738.5569143789305 2661.0204384195745
219.4191677752183 1.91147090544169 39627836725661289 9 272-273-274-275-276-277-280-281-472 0.5782126356093062 1.0 10 1.4631439927581207 1.0 [-1,-1] 1.0 1.0 1.0 0.0006621615122706149 0.13543705131792066 88.08852909455831 140.5808322247817 2203.074593501846 2203.074593501846 -191.5226180149384 193.61742435979548 2186.1768099369974
218.31232247320244 1.96440864854417 39627836708881892 9 272-273-274-275-276-277-280-281-472 0.652333240951124 1.0 10 0.5343097036150348 1.0 [-1,-1] 1.0 1.0 1.0 0.000700708733790897 0.12894715825466588 88.03559135145584 141.68767752679756 2435.2983172743343 2435.2983172743343 -164.19963191766345 -53.68752696672571 2429.163235446623
217.14351897102233 2.496201901882908 39627848767507245 9 272-273-274-275-276-277-280-281-472 0.9070923043067158 1.0 10 0.9080599007629883 1.0 [-1,-1] 1.0 1.0 1.0 0.0005275616701708153 0.16431404058018498 87.50379809811709 142.85648102897767 3158.2865185080004 3158.2865185080004 120.60544304058797 1399.1798127509903 2828.873258328919
219.34427763484507 3.018628530662952 39627860884850716 8 272-273-274-275-276-277-280-472 0.533970623286554 1.0 10 1.420506524064769 1.0 [-1,-1] 1.0 1.0 1.0 0.0007045118177349687 0.128340413101622 86.98137146933705 140.65572236515493 2059.389287091198 2059.389287091198 1293.1691570541957 -1124.9570492809978 1141.6082534314146
217.12568590047556 2.4779042923177927 39627848767506937 8 272-273-274-275-276-277-281-472 0.7472723475988902 1.0 10 0.9247080858556372 1.0 [-1,-1] 1.0 1.0 1.0 0.0007126833197713517 0.12705585074725267 87.52209570768221 142.87431409952444 2717.8431656043654 2717.8431656043654 79.2519281207194 1161.0753966359594 2456.072989151209
217.7873230799495 1.7739143086441995 39627830660694879 8 272-273-274-275-276-277-281-472 0.5548387355327914 1.0 10 0.7066498570600142 1.0 [-1,-1] 1.0 1.0 1.0 0.000677088223595666 0.13284793461577618 88.2260856913558 142.2126769200505 2127.6440132745643 2127.6440132745643 -366.7195989586862 -409.95451344496865 2055.3158102512552
218.4862657021878 3.546818118216456 39627872935088047 8 272-273-274-275-276-278-279-280 0.5836141997249514 1.0 10 1.1987856813770321 1.0 [-1,-1] 1.0 1.0 1.0 0.0006621615122706149 0.13543705131792066 86.45318188178355 141.5137342978122 2220.354195178774 2220.354195178774 2194.1113771473015 313.82024796323367 131.77582740794145
217.23093894201443 1.1766439570027243 39627818568520055 9 272-273-274-275-276-278-279-280-281 0.8818731130336342 1.0 10 1.4970207849808252 1.0 [-1,-1] 1.0 1.0 1.0 0.0005690156306133545 0.15418916366201427 88.82335604299728 142.76906105798557 3091.5660624096904 3091.5660624096904 -403.8091180744833 -2305.3217308954154 2019.9531260563028
217.22645401326398 1.1740202611434298 39627818568519965 9 272-273-274-275-276-278-279-280-281 1.09585193951829 1.0 10 1.5016708071908174 1.0 [-1,-1] 1.0 1.0 1.0 4.689797466212482e-05 0.6886505109163528 88.82597973885657 142.77354598673602 3627.300039210604 3627.300039210604 -462.6929319006395 -2713.02630206446 2362.7757213779055
216.61493066788205 2.5144348345882905 39627848759118383 9 272-273-274-275-276-278-279-280-281 0.9453344338667431 1.0 10 1.436217547024089 1.0 [-1,-1] 1.0 1.0 1.0 0.0004445766401596716 0.18918261239264766 87.48556516541171 143.38506933211795 3257.566665894551 3257.566665894551 -643.070234005569 1356.7882208446779 2890.904180470273
217.07242625810468 1.9155745622456686 39627836687910407 10 272-273-274-275-276-278-279-280-281-472 0.6305518774909734 1.0 10 1.1040397718957287 1.0 [-1,-1] 1.0 1.0 1.0 0.000833303205902425 0.11070054926254569 88.08442543775433 142.92757374189532 2368.1402397165393 2368.1402397165393 -4.215742696743736 -283.06688529639183 2351.1579191808496
218.30692287936623 1.840555516135812 39627830669084238 10 272-273-274-275-276-278-279-280-281-472 0.8404832300307558 1.0 10 0.6429323021498928 1.0 [-1,-1] 1.0 1.0 1.0 0.0006232532477076302 0.14268566385842998 88.15944448386419 141.69307712063377 2979.856331351857 2979.856331351857 -547.4133731770734 -182.26261698600334 2923.4675802570587
218.31764265330867 1.4080079114500668 39627824629286535 10 272-273-274-275-276-278-279-280-281-472 0.9275903684503006 1.0 10 1.0564176208001477 1.0 [-1,-1] 1.0 1.0 1.0 0.0004951280553168204 0.17321314004730964 88.59199208854993 141.68235734669133 3211.7820763548207 3211.7820763548207 -1795.1763604214184 -576.4063493695043 2600.123393492069
