data_rosette/LRG_7_clustering_data.ecsv
# %ECSV 1.0
# ---
# datatype:
# - {name: RA, unit: deg, datatype: float64}
# - {name: DEC, unit: deg, datatype: float64}
# - {name: TARGETID, datatype: int64}
# - {name: NTILE, datatype: int64}
# - {name: TILES, datatype: string}
# - {name: Z, datatype: float64}
# - {name: COMP_TILE, datatype: float64}
# - {name: ROSETTE_NUMBER, datatype: int32}
# - {name: ROSETTE_R, unit: deg, datatype: float64}
# - {name: FRACZ_TILELOCID, datatype: float64}
# - {name: BITWEIGHTS, datatype: string, subtype: 'int64[2]'}
# - {name: PROB_OBS, datatype: float64}
# - {name: WEIGHT_ZFAIL, datatype: float64}
# - {name: WEIGHT, datatype: float64}
# - {name: NZ, unit: h3 / Mpc3, datatype: float64}
# - {name: WEIGHT_FKP, datatype: float64}
# - {name: theta, unit: deg, datatype: float64}
# - {name: phi, unit: deg, datatype: float64}
# - {name: rho, unit: Mpc, datatype: float64}
# - {name: r, unit: Mpc, datatype: float64}
# - {name: x, unit: Mpc, datatype: float64}
# - {name: y, unit: Mpc, datatype: float64}
# - {name: z, unit: Mpc, datatype: float64}
# meta: !!omap
# - {EXTNAME: LSS}
# - {DESIDR: edr}
# - comments: ['Visit https://desidatamodel.readthedocs.io/en/latest/ for a more complet', e description]
# schema: astropy-2.0
RA DEC TARGETID NTILE TILES Z COMP_TILE ROSETTE_NUMBER ROSETTE_R FRACZ_TILELOCID BITWEIGHTS PROB_OBS WEIGHT_ZFAIL WEIGHT NZ WEIGHT_FKP theta phi rho r x y z
[from data line 1462]
219.13522545983656 33.38417879868218 39632951364816258 9 190-191-192-194-195-196-197-198-200 0.4263453679163783 1.0 7 1.5034139370997257 1.0 [-1,-1] 1.0 1.0 1.0 0.0005613841910631427 0.1556117057517016 56.61582120131782 140.86477454016344 1693.3792612500802 1693.3792612500802 -99.34241488933654 55.163760452205246 1689.562477852948
218.95799804152367 33.24712786846857 39632946310678570 9 190-191-192-194-195-196-197-198-200 0.7526296694425245 1.0 7 1.5014995293639777 1.0 [-1,-1] 1.0 1.0 1.0 0.0007242712797402853 0.12498917450484462 56.75287213153143 141.04200195847633 2733.306118213939 2733.306118213939 -524.4339568287601 179.43683381922014 2676.5152313147064
218.97462455789173 33.250466991528356 39632946310678838 9 190-191-192-194-195-196-197-198-200 0.8468121458909241 1.0 7 1.5078262247031828 1.0 [-1,-1] 1.0 1.0 1.0 0.0006366829495309179 0.1397804201853648 56.749533008471644 141.02537544210827 2997.1181427333036 2997.1181427333036 -562.4791121075164 202.96176004139664 2936.8590252010335
217.57254402888776 34.61340200324538 39632971417781050 9 190-191-192-194-195-196-197-198-200 0.8321546552736061 1.0 7 0.2840300398850492 1.0 [-1,-1] 1.0 1.0 1.0 0.0006366829495309179 0.1397804201853648 55.38659799675462 142.42745597111224 2957.040161558607 2957.040161558607 1336.4976207267418 2361.4931044468913 1175.2493116407668
216.90388620449772 33.1773038104624 39632946281319055 9 190-191-192-194-195-196-197-198-200 0.5033402670586029 1.0 7 1.4316402148851706 1.0 [-1,-1] 1.0 1.0 1.0 0.0007365189099627642 0.12316671624379881 56.8226961895376 143.09611379550228 1957.6282086488031 1957.6282086488031 81.07627579953646 -523.5162882647021 1884.5863038665937
218.26768833617027 33.47550746628944 39632951352234261 9 190-191-192-194-195-196-197-198-200 0.9139380479093594 1.0 7 1.0026136828625387 1.0 [-1,-1] 1.0 1.0 1.0 0.00042618922305278896 0.1953324009783564 56.52449253371056 141.73231166382973 3176.225125613328 3176.225125613328 71.83936517615534 27.093230585525696 3175.297011469152
217.85975765651983 34.732147493770604 39632976400616535 9 190-191-192-194-195-196-197-198-200 1.0170425109396557 1.0 7 0.3357729077270262 1.0 [-1,-1] 1.0 1.0 1.0 0.00020130102782971312 0.3394727840281335 55.267852506229396 142.14024234348017 3437.777560926342 3437.777560926342 2368.245921158589 2289.8647348069453 982.9777777813165
217.71784115864563 34.62235197600313 39632971417782972 9 190-191-192-194-195-196-197-198-200 0.5900637698503851 1.0 7 0.23242999093931319 1.0 [-1,-1] 1.0 1.0 1.0 0.0006106036532175123 0.14488555312656437 55.37764802399687 142.28215884135437 2240.912136420974 2240.912136420974 1266.1033622106634 1630.322697673907 872.191137771385
216.8457377770651 33.95339879355483 39632961397589530 9 190-191-192-194-195-196-197-198-200 0.42197831651237844 1.0 7 0.9070298524004997 1.0 [-1,-1] 1.0 1.0 1.0 0.0005613841910631427 0.1556117057517016 56.04660120644517 143.1542622229349 1678.022848098516 1678.022848098516 -169.75588134519924 789.4841563498655 1470.9379274333473
217.44619326131203 35.014727945060976 39632981358284656 10 190-191-192-194-195-196-197-198-200-463 0.7319758257586737 1.0 7 0.680062168344264 1.0 [-1,-1] 1.0 1.0 1.0 0.0006073340474539246 0.1455520198534496 54.985272054939024 142.55380673868797 2673.4147452030634 2673.4147452030634 1013.056813964618 2473.958539603765 19.784738325923755
217.5743814379915 35.56027065715084 39632991244258094 10 190-191-192-194-195-196-197-198-200-463 0.7666593233460873 1.0 7 1.174903656280904 1.0 [-1,-1] 1.0 1.0 1.0 0.0007242712797402853 0.12498917450484462 54.43972934284916 142.4256185620085 2773.5629575556013 2773.5629575556013 1176.825018799342 2070.479080019871 -1421.5662959751726
219.10182666392717 34.0340591667457 39632961426951485 10 190-191-192-194-195-196-197-198-200-463 0.6499652204540544 1.0 7 1.1369852626822963 1.0 [-1,-1] 1.0 1.0 1.0 0.0007982518636535506 0.11473445525619816 55.9659408332543 140.89817333607283 2428.0401358856893 2428.0401358856893 1189.152773863109 -609.2884723495425 2027.328818753246
217.766797212173 35.14373154744724 39632986311756627 10 190-191-192-194-195-196-197-198-200-463 0.6527519132499361 1.0 7 0.7442314466940291 1.0 [-1,-1] 1.0 1.0 1.0 0.0006371005092682059 0.1397016056866948 54.85626845255276 142.233202787827 2436.5804942681684 2436.5804942681684 1575.1646973182797 1835.326008785401 -295.56576737872484
218.89770889572452 34.08574664149606 39632961426948984 10 190-191-192-194-195-196-197-198-200-463 0.5478027787577908 1.0 7 0.9602992550692273 1.0 [-1,-1] 1.0 1.0 1.0 0.0006094867785671962 0.14511252611805409 55.91425335850394 141.10229110427548 2104.727554444781 2104.727554444781 1202.4959652929883 -331.9958359298677 1695.187392832551
217.11833229751193 34.094310062796296 39632961401783556 10 190-191-192-194-195-196-197-198-200-463 0.5690530092288678 1.0 7 0.641054963215601 1.0 [-1,-1] 1.0 1.0 1.0 0.0006724560872077301 0.13333590500666823 55.905689937203704 142.88166770248807 2173.642914019921 2173.642914019921 79.18779235365335 1300.867655502065 1739.596549226208
217.610700397597 35.75599267868508 39632996168369580 10 190-191-192-194-195-196-197-198-200-463 0.603245395169143 1.0 7 1.3648123317232523 1.0 [-1,-1] 1.0 1.0 1.0 0.0006106036532175123 0.14488555312656437 54.24400732131492 142.389299602403 2282.678309868122 2282.678309868122 890.5773734199304 1442.300680485313 -1528.810307188713
219.00733997955572 34.3668883376422 39632966439142809 10 190-191-192-194-195-196-197-198-200-463 0.8526375052489807 1.0 7 0.9969336863106583 1.0 [-1,-1] 1.0 1.0 1.0 0.0006576102792991648 0.1359368301360722 55.6331116623578 140.99266002044428 3012.948590361226 3012.948590361226 2219.4302119300796 -883.9203393493071 1835.9394260749195
219.01424502919235 34.62333245913243 39632971434561061 10 190-191-192-194-195-196-197-198-200-463 0.6096855790599751 1.0 7 1.0251657127610068 1.0 [-1,-1] 1.0 1.0 1.0 0.0006106036532175123 0.14488555312656437 55.37666754086757 140.98575497080765 2302.9625866893302 2302.9625866893302 1966.16567006471 -798.8275817232726 894.2615547075409
216.69685017304195 35.343577017289164 39632986299171194 10 190-191-192-194-195-196-197-198-200-463 0.8029677693493756 1.0 7 1.3074476506344677 1.0 [-1,-1] 1.0 1.0 1.0 0.0008239664519383997 0.11155322342262282 54.656422982710836 143.30314982695805 2876.1726869639383 2876.1726869639383 -963.0510017164632 2553.2653608390083 -908.7013208254557
219.19007557979 34.7936916862924 39632976421585360 9 190-191-192-194-195-196-197-198-463 0.5720509673252077 1.0 7 1.2100838065865709 1.0 [-1,-1] 1.0 1.0 1.0 0.0005369919189708607 0.1615383650856205 55.2063083137076 140.80992442021 2183.29399125803 2183.29399125803 1799.7780001364085 -1132.7498345135562 494.418461323927
218.46001174758698 34.93007095619609 39632981375059069 9 190-191-192-194-195-196-197-198-463 0.8239478117809653 1.0 7 0.7587222268768914 1.0 [-1,-1] 1.0 1.0 1.0 0.000762533893525711 0.11946670068019369 55.06992904380391 141.53998825241302 2934.445272658797 2934.445272658797 2880.7253419590998 489.5119308029365 269.75661627802646
218.72011265811477 34.66581210351962 39632976413198718 9 190-191-192-194-195-196-197-199-200 0.9022711176371909 1.0 7 0.8032419919615633 1.0 [-1,-1] 1.0 1.0 1.0 0.0005723615213970424 0.15308410280969617 55.33418789648038 141.27988734188523 3145.609048611448 3145.609048611448 2935.6190295147276 -270.19632329835093 1097.2653038956803
217.20875498122172 33.143190793264864 39632946285513185 9 190-191-192-194-195-196-197-199-200 0.9700177284853823 1.0 7 1.349480300634067 1.0 [-1,-1] 1.0 1.0 1.0 0.00030269805442075816 0.25472307248715254 56.856809206735136 142.79124501877828 3320.460853679718 3320.460853679718 -151.7080458351063 -995.5637988919973 3164.0634747084437
216.50038078076693 33.7453495913419 39632956368619933 9 190-191-192-194-195-196-197-199-200 0.9048865062130729 1.0 7 1.259919239435434 1.0 [-1,-1] 1.0 1.0 1.0 0.0005723615213970424 0.15308410280969617 56.2546504086581 143.49961921923307 3152.490824120423 3152.490824120423 -483.08126823729884 775.4222980843333 3017.209164787108
217.82751705285855 32.99372029895403 39632941231374935 9 190-191-192-194-195-196-197-199-200 0.7305176610033827 1.0 7 1.4064660182543736 1.0 [-1,-1] 1.0 1.0 1.0 0.0006073340474539246 0.1455520198534496 57.00627970104597 142.17248294714145 2669.157952392514 2669.157952392514 -820.9047917730272 -846.6122235695132 2394.5286050843
218.72341617425232 33.91548223285303 39632961422756590 9 190-191-192-194-195-196-197-199-200 0.9761072150680087 1.0 7 0.904780592057815 1.0 [-1,-1] 1.0 1.0 1.0 0.00030269805442075816 0.25472307248715254 56.08451776714697 141.27658382574768 3335.836524233158 3335.836524233158 1486.5845004764135 -141.78030711174569 2982.913036591336
217.268351934466 34.75342656009825 39632976392228051 10 190-191-192-194-195-196-197-199-200-463 0.5195224741023009 1.0 7 0.5626064837692663 1.0 [-1,-1] 1.0 1.0 1.0 0.0006888416087567301 0.1305783864573065 55.24657343990175 142.731648065534 2011.6242587059912 2011.6242587059912 405.84626654099964 1896.5008073278634 534.0464904424734
218.907092116906 35.36507475555787 39632986328532148 10 190-191-192-194-195-196-197-199-200-463 0.5493034283495568 1.0 7 1.3251784230421744 1.0 [-1,-1] 1.0 1.0 1.0 0.0006094867785671962 0.14511252611805409 54.63492524444213 141.092907883094 2109.623459696145 2109.623459696145 1910.0803951887292 -546.6916065007239 -709.3886896459916
217.95013561803364 33.95625125527873 39632961414365547 10 190-191-192-194-195-196-197-199-200-463 0.5076004380610494 1.0 7 0.46080365350433455 1.0 [-1,-1] 1.0 1.0 1.0 0.0007365189099627642 0.12316671624379881 56.04374874472127 142.04986438196636 1971.8946346957268 1971.8946346957268 742.7905855877888 598.4517602863859 1725.8291013058245
218.9979079438781 34.60653232917656 39632971434560849 10 190-191-192-194-195-196-197-199-200-463 0.6097613425413831 1.0 7 1.0085549309957567 1.0 [-1,-1] 1.0 1.0 1.0 0.0006106036532175123 0.14488555312656437 55.39346767082344 141.0020920561219 2303.200741559119 2303.200741559119 1964.868475807223 -761.1448850342282 929.8838597823423
217.80867387306958 35.61802433825836 39632991248451835 10 190-191-192-194-195-196-197-199-200-463 0.9911860179505994 1.0 7 1.2180450553790128 1.0 [-1,-1] 1.0 1.0 1.0 0.00023297360745577845 0.30751381291380364 54.38197566174164 142.19132612693042 3373.6730194969095 3373.6730194969095 1905.603699403659 2040.8566331619425 -1893.4752140388277
218.58144763787942 35.3512154208216 39632986324337573 10 190-191-192-194-195-196-197-199-200-463 0.965391868130914 1.0 7 1.1470787316631652 1.0 [-1,-1] 1.0 1.0 1.0 0.0003767415448896098 0.21544643941305056 54.6487845791784 141.41855236212058 3308.7437612845783 3308.7437612845783 3127.74888031145 146.74562811096482 -1069.3165762207227
218.76974307620443 34.37407500104947 39632966434949205 10 190-191-192-194-195-196-197-199-200-463 0.4062262774898761 1.0 7 0.8006887827164021 1.0 [-1,-1] 1.0 1.0 1.0 0.00024055914515870672 0.3007331513712552 55.62592499895053 141.23025692379557 1622.2989189630773 1622.2989189630773 1280.4836531924175 -182.29313714850966 979.2775952324881
218.8358673945027 34.08742103856667 39632961426948198 10 190-191-192-194-195-196-197-199-200-463 0.7985200599247635 1.0 7 0.9115629196336906 1.0 [-1,-1] 1.0 1.0 1.0 0.0008239664519383997 0.11155322342262282 55.91257896143333 141.1641326054973 2863.723967592736 2863.723967592736 1664.70044121535 -350.53379831057697 2303.6522002733964
218.9267663517356 35.480421444740074 39632991265227255 10 190-191-192-194-195-196-197-199-200-463 0.8900068101635734 1.0 7 1.4214076349847684 1.0 [-1,-1] 1.0 1.0 1.0 0.0005723615213970424 0.15308410280969617 54.519578555259926 141.0732336482644 3113.1946972369587 3113.1946972369587 2668.5306715171005 -820.9018385151965 -1377.332730170594
218.54557877236175 34.02302055276746 39632961422754055 10 190-191-192-194-195-196-197-199-200-463 0.8521012013118016 1.0 7 0.7226800843058822 1.0 [-1,-1] 1.0 1.0 1.0 0.0006576102792991648 0.1359368301360722 55.97697944723254 141.45442122763825 3011.493495979852 3011.493495979852 1623.8009207394332 134.68003909847985 2532.632016934784
217.81770474623127 33.94777287908624 39632961410173274 10 190-191-192-194-195-196-197-199-200-463 0.8908607387749818 1.0 7 0.4524642791021615 1.0 [-1,-1] 1.0 1.0 1.0 0.0005723615213970424 0.15308410280969617 56.05222712091376 142.18229525376873 3115.4593164448524 3115.4593164448524 1022.4668465534011 1075.4024499068762 2739.3718022306607
217.54424065628845 33.974276407683504 39632961405979579 10 190-191-192-194-195-196-197-199-200-463 0.9045326279376281 1.0 7 0.47539475352774985 1.0 [-1,-1] 1.0 1.0 1.0 0.0005723615213970424 0.15308410280969617 56.025723592316496 142.45575934371155 3151.5603053430314 3151.5603053430314 736.1838188110288 1391.218147612978 2730.362212031031
217.52805444074983 34.60157525378773 39632971417780421 10 190-191-192-194-195-196-197-199-200-463 0.8294572372672282 1.0 7 0.3014301129632419 1.0 [-1,-1] 1.0 1.0 1.0 0.000762533893525711 0.11946670068019369 55.39842474621227 142.47194555925017 2949.6260134385284 2949.6260134385284 1220.6924711785741 2400.0065696244815 1204.2308647931839
218.5348911538142 34.51500256452871 39632971430364624 10 190-191-192-194-195-196-197-199-200-463 0.6037469341548531 1.0 7 0.616766613351453 1.0 [-1,-1] 1.0 1.0 1.0 0.0006106036532175123 0.14488555312656437 55.48499743547129 141.4651088461858 2284.2608355060174 2284.2608355060174 1988.0622308396769 186.30593464732075 1109.3900259379498
218.71453432312637 35.52030311526465 39632991261034204 10 190-191-192-194-195-196-197-199-200-463 0.6579818166953557 1.0 7 1.3478843426544938 1.0 [-1,-1] 1.0 1.0 1.0 0.0006371005092682059 0.1397016056866948 54.47969688473535 141.28546567687363 2452.5694660649356 2452.5694660649356 2146.474926772228 -185.49385631183657 -1171.8935121770937
218.6693227573521 34.3779126557292 39632971430366343 10 190-191-192-194-195-196-197-199-200-463 0.6841291074186948 1.0 7 0.7177223293890519 1.0 [-1,-1] 1.0 1.0 1.0 0.0008053318504768218 0.11384060807160488 55.6220873442708 141.3306772426479 2531.74822650478 2531.74822650478 2022.6117048479919 -82.9577120316993 1520.4962978700294
217.64946774924834 33.91966713458847 39632961410171240 10 190-191-192-194-195-196-197-199-200-463 0.9136504234491951 1.0 7 0.49622074826169726 1.0 [-1,-1] 1.0 1.0 1.0 0.00042618922305278896 0.1953324009783564 56.08033286541153 142.35053225075166 3175.472905597504 3175.472905597504 799.7960053683294 1189.536157345999 2833.5416450702173
216.3226096729011 34.71960327211895 39632976379644480 10 190-191-192-194-195-196-197-199-200-463 0.7730948568028357 1.0 7 1.257945003930684 1.0 [-1,-1] 1.0 1.0 1.0 0.0007064174578981374 0.12774458208408304 55.28039672788105 143.6773903270989 2791.914936939082 2791.914936939082 -1787.050284061835 1977.207329288868 831.8001408658544
216.68277299576485 35.41655715676149 39632991231676266 10 190-191-192-194-195-196-197-199-200-463 0.8702957109693454 1.0 7 1.3684861424123027 1.0 [-1,-1] 1.0 1.0 1.0 0.0005346154933450218 0.1621399955636538 54.58344284323851 143.31722700423515 3060.597962128835 3060.597962128835 -1034.3097102159468 2629.483671055978 -1176.1287909026635
218.66967895138868 34.36935230622087 39632966434947989 10 190-191-192-194-195-196-197-199-200-463 0.7655559320007216 1.0 7 0.7183670668882003 1.0 [-1,-1] 1.0 1.0 1.0 0.0007242712797402853 0.12498917450484462 55.63064769377913 141.33032104861132 2770.4092639859873 2770.4092639859873 2198.9336429866066 -90.9741580200954 1682.730526939345
216.96182959036517 34.33273472869678 39632966409783703 10 190-191-192-194-195-196-197-199-200-463 0.8552963440894739 1.0 7 0.695123701075531 1.0 [-1,-1] 1.0 1.0 1.0 0.0006576102792991648 0.1359368301360722 55.66726527130322 143.03817040963483 3020.155606624589 3020.155606624589 -222.69442624657378 2319.783278084471 1921.0290532587767
