data_rosette/LRG_1_clustering_data.ecsv
# %ECSV 1.0
# ---
# datatype:
# - {name: RA, unit: deg, datatype: float64}
# - {name: DEC, unit: deg, datatype: float64}
# - {name: TARGETID, datatype: int64}
# - {name: NTILE, datatype: int64}
# - {name: TILES, datatype: string}
# - {name: Z, datatype: float64}
# - {name: COMP_TILE, datatype: float64}
# - {name: ROSETTE_NUMBER, datatype: int32}
# - {name: ROSETTE_R, unit: deg, datatype: float64}
# - {name: FRACZ_TILELOCID, datatype: float64}
# - {name: BITWEIGHTS, datatype: string, subtype: 'int64[2]'}
# - {name: PROB_OBS, datatype: float64}
# - {name: WEIGHT_ZFAIL, datatype: float64}
# - {name: WEIGHT, datatype: float64}
# - {name: NZ, unit: h3 / Mpc3, datatype: float64}
# - {name: WEIGHT_FKP, datatype: float64}
# - {name: theta, unit: deg, datatype: float64}
# - {name: phi, unit: deg, datatype: float64}
# - {name: rho, unit: Mpc, datatype: float64}
# - {name: r, unit: Mpc, datatype: float64}
# - {name: x, unit: Mpc, datatype: float64}
# - {name: y, unit: Mpc, datatype: float64}
# - {name: z, unit: Mpc, datatype: float64}
# meta: !!omap
# - {EXTNAME: LSS}
# - {DESIDR: edr}
# - comments: ['Visit https://desidatamodel.readthedocs.io/en/latest/ for a more complet', e description]
# schema: astropy-2.0
RA DEC TARGETID NTILE TILES Z COMP_TILE ROSETTE_NUMBER ROSETTE_R FRACZ_TILELOCID BITWEIGHTS PROB_OBS WEIGHT_ZFAIL WEIGHT NZ WEIGHT_FKP theta phi rho r x y z
[from data line 3405]
180.61888584617833 0.9359558118846012 39627811916351857 7 28-30-32-35-36-38-445 0.9557619770603433 1.0 1 1.383491707461271 1.0 [-1,-1] 1.0 1.0 1.0 0.00041974738576830407 0.19815580287489248 89.0640441881154 -180.61888584617833 3284.248659714722 3284.248659714722 -66.39319237943126 2925.3732994803604 1491.332377953019
180.6436765844488 1.0680897998170198 39627811916352379 5 28-30-32-36-38 0.6941449659487275 1.0 1 1.493301861809241 1.0 [-1,-1] 1.0 1.0 1.0 0.0005843703162771602 0.15074849413407446 88.93191020018298 -180.6436765844488 2561.7457588875445 2561.7457588875445 4.427324948511976 2109.2482341607883 1453.8203529534587
181.05417775546886 0.1046824839609728 39627787765548085 4 28-30-32-38 0.8241496457241784 1.0 1 1.4579399898062904 1.0 [-1,-1] 1.0 1.0 1.0 0.0006627118749498285 0.13533979738261318 89.89531751603903 -181.05417775546886 2935.0022982117393 2935.0022982117393 1101.500714367134 2516.4156235908217 -1033.7248551258215
180.82400603706608 -0.8884747688382233 39627763602163271 3 28-30-33 0.6756345509832604 1.0 1 1.512434495273985 1.0 [-1,-1] 1.0 1.0 1.0 0.0007209928471550773 0.12577569469930108 90.88847476883822 -180.82400603706608 2506.1632770507367 2506.1632770507367 98.2057335642309 532.3395128367504 -2447.00319742446
181.10666509931164 0.05672044910887138 39627787765548964 3 28-30-33 0.6894905734372911 1.0 1 1.5077321344444707 1.0 [-1,-1] 1.0 1.0 1.0 0.0007209928471550773 0.12577569469930108 89.94327955089113 -181.10666509931164 2547.828578646016 2547.828578646016 1048.9566276868038 2090.3829262374907 -1010.6530963154931
180.76849702730516 1.1740357980753728 39627817960341954 3 28-30-33 0.7979316434243164 1.0 1 1.656367788696048 1.0 [-1,-1] 1.0 1.0 1.0 0.0007229154976227362 0.12548315978664992 88.82596420192462 -180.76849702730516 2862.0745383118856 2862.0745383118856 274.8735695164004 2154.091063999047 1864.3515954974691
181.1325160417897 0.08294400062228863 39627787765549471 3 28-30-33 0.8604738081603837 1.0 1 1.5347584451185354 1.0 [-1,-1] 1.0 1.0 1.0 0.0006812235016579503 0.1321480675826358 89.91705599937771 -181.1325160417897 3034.1566044801966 3034.1566044801966 1327.5362351756685 2483.259677710202 -1130.1217712552184
181.1254140074036 0.05248618267716458 39627787765549317 3 28-30-33 0.7845551489179525 1.0 1 1.5263164948489771 1.0 [-1,-1] 1.0 1.0 1.0 0.0007324854237337303 0.12404708914385561 89.94751381732283 -181.1254140074036 2824.4192870989787 2824.4192870989787 1203.8533114269846 2290.885827218169 -1131.3371029688326
180.10300203955063 1.3486947219297143 39627817947760586 4 28-30-33-34 0.4100207081812307 1.0 1 1.4394241113383555 1.0 [-1,-1] 1.0 1.0 1.0 0.0006262316776515472 0.14210347001521706 88.65130527807028 -180.10300203955063 1635.7697592975746 1635.7697592975746 -531.9290941263612 890.2653700732401 1264.9987016209586
180.79696345803754 0.7450629063821471 39627805880747226 7 28-30-33-34-35-36-37 0.7154983978049803 0.8 1 1.4098792479864826 1.0 [-2251799813701633,-549755813897] 0.96875 1.0 1.032 0.0006167714992318164 0.14396928707710532 89.25493709361785 -180.79696345803754 2625.0923081922056 2625.0923081922056 390.39011250429013 2492.138229600315 726.6032143841489
178.69499406293968 -1.0482470719878751 39627763564416820 7 28-30-33-34-35-36-37 0.8630295488592686 0.8 1 1.3848343886026073 1.0 [-1,-1] 1.0 1.0 1.0 0.0006812235016579503 0.1321480675826358 91.04824707198787 -178.69499406293968 3041.0518654097996 3041.0518654097996 -163.81121305701512 -64.62942379354166 -3035.948842152866
178.6827932321397 -1.0542044514151443 39627763564416564 7 28-30-33-34-35-36-37 0.73577780721148 0.8 1 1.3973261407150657 1.0 [-1,-1] 1.0 1.0 1.0 0.0007126833197713517 0.12705585074725267 91.05420445141515 -178.6827932321397 2684.4960836892824 2684.4960836892824 -129.11643727462717 -52.770523412355786 -2680.86990374904
180.79561347259002 0.7443080251608768 39627805880747196 7 28-30-33-34-35-36-37 0.7123246497637479 0.8 1 1.4083343342365087 1.0 [-41943041,-536870913] 0.9765625 1.0 1.0238095238095237 0.0006167714992318164 0.14396928707710532 89.25569197483912 -180.79561347259002 2615.7291190178357 2615.7291190178357 385.72870854616656 2484.311503639192 722.1139386323381
180.64942590057478 0.6427694627420087 39627805876555384 8 28-30-33-34-35-36-37-38 0.5019097763834383 1.0 1 1.2306100523811303 1.0 [-1,-1] 1.0 1.0 1.0 0.0005337442823398631 0.16272042362546515 89.35723053725799 -180.64942590057478 1952.829550278889 1952.829550278889 15.083679197737474 1921.8598514001987 346.0786711721961
179.54896675013316 1.5004342502451185 39627823979168723 9 28-30-33-34-35-36-37-38-445 0.8132706862647355 1.0 1 1.5013016807162294 1.0 [-1,-1] 1.0 1.0 1.0 0.0006627118749498285 0.13533979738261318 88.49956574975488 -179.54896675013316 2904.8814711939253 2904.8814711939253 -1314.8395742774408 681.4901849228966 2499.020684879071
180.742865079139 -0.4336674911527936 39627775677568308 9 28-30-33-34-35-36-37-38-445 0.699833836288765 1.0 1 1.2223678410791528 1.0 [-1,-1] 1.0 1.0 1.0 0.0005843703162771602 0.15074849413407446 90.43366749115279 -180.742865079139 2578.7027045651066 2578.7027045651066 162.43275967065156 1598.1923595232186 -2017.2021264808293
178.62797776414538 0.8793232240343105 39627811882797300 8 28-30-33-34-35-36-38-445 0.5069900266106004 1.0 1 1.3107106383153708 1.0 [-1,-1] 1.0 1.0 1.0 0.0005337442823398631 0.16272042362546515 89.12067677596569 -178.62797776414538 1969.852747815124 1969.852747815124 -1628.991823300195 -772.4840538390871 793.7089354796449
180.97743952872028 -0.5295632068891996 39627775681762001 7 28-30-33-34-35-37-38 0.6782311416157342 1.0 1 1.4757109525817362 1.0 [-1,-1] 1.0 1.0 1.0 0.0007209928471550773 0.12577569469930108 90.5295632068892 -180.97743952872028 2513.9980535794944 2513.9980535794944 451.7343028690803 1294.0420415576784 -2107.5050480827103
180.9823035785456 -0.5373658591228848 39627775681762120 7 28-30-33-34-35-37-38 0.8709876730634679 1.0 1 1.4830607615624443 1.0 [-1,-1] 1.0 1.0 1.0 0.0005690156306133545 0.15418916366201427 90.53736585912289 -180.9823035785456 3062.4549149866602 3062.4549149866602 551.2352147792196 1554.7288287772683 -2580.2302442383166
178.28824652831176 -0.11329294442959101 39627787719410539 7 28-30-33-34-35-37-445 0.6050440378932129 1.0 1 1.3166359478258116 1.0 [-1,-1] 1.0 1.0 1.0 0.0007756247847600315 0.11796159141779075 90.11329294442959 -178.28824652831176 2288.3513978164065 2288.3513978164065 -1359.2201169249047 -1351.4582387655394 -1250.053367863827
181.01046655175824 0.08382781632371679 39627787765547215 6 28-30-33-34-35-38 0.6585726742270557 1.0 1 1.4129549097056573 1.0 [-1,-1] 1.0 1.0 1.0 0.000700708733790897 0.12894715825466588 89.91617218367628 -181.01046655175824 2454.3726483521655 2454.3726483521655 821.6078038436043 2125.2936708693337 -912.1581695107847
180.62519825581123 1.2055212355469043 39627817956149860 5 28-30-33-34-36 0.9603846057141137 1.0 1 1.5824530987620469 1.0 [-1,-1] 1.0 1.0 1.0 0.00041974738576830407 0.19815580287489248 88.79447876445309 -180.62519825581123 3296.024436627742 3296.024436627742 -39.832457292982056 2431.6565945899097 2224.6879934455146
180.6257232646089 1.2047695860427188 39627817956149868 5 28-30-33-34-36 0.9646607706589598 1.0 1 1.5822208766095691 1.0 [-1,-1099511627777] 0.9921875 1.0 1.0078125 0.00041974738576830407 0.19815580287489248 88.79523041395728 -180.6257232646089 3306.8889921834143 3306.8889921834143 -38.70948746244671 2441.369410955477 2230.1864902862135
180.61685427981038 1.2030945333263916 39627817956149661 5 28-30-33-34-36 0.8622181152314048 1.0 1 1.5752070046290179 1.0 [-1,-1] 1.0 1.0 1.0 0.0006812235016579503 0.1321480675826358 88.7969054666736 -180.61685427981038 3038.86380345426 3038.86380345426 -55.55271191132416 2246.5200494764117 2045.6673188581494
179.158055540817 -0.11890190393515714 39627787731995802 8 28-30-33-34-36-37-38-445 0.9792658673079325 1.0 1 0.4576595758652513 1.0 [-1,-1] 1.0 1.0 1.0 0.0003578035202613049 0.22475091060875194 90.11890190393515 -179.158055540817 3343.7902394530292 3343.7902394530292 -2779.8834684359713 243.23020459028956 -1842.2866592777323
180.89854561582732 0.08427397327107164 39627787761355468 8 28-30-33-34-36-37-38-445 0.6852658398267238 1.0 1 1.3012769124629706 1.0 [-1,-1] 1.0 1.0 1.0 0.0007209928471550773 0.12577569469930108 89.91572602672893 -180.89854561582732 2535.1619508733706 2535.1619508733706 598.2674145711229 2276.706131994755 -941.1330439188391
178.94562958055795 1.3288756375404838 39627817926790577 8 28-30-33-34-36-37-38-445 0.571808123678878 1.0 1 1.4812273026872038 1.0 [-1,-1] 1.0 1.0 1.0 0.0006621615122706149 0.13543705131792066 88.67112436245952 -178.94562958055795 2182.5128793857466 2182.5128793857466 -1405.8020245080918 -176.86283985230634 1660.0610447971455
180.35570063443933 1.2164768802428856 39627817951955104 7 28-30-33-34-36-37-445 0.8652454847212127 1.0 1 1.4320662117780383 1.0 [-1,-1] 1.0 1.0 1.0 0.0006812235016579503 0.1321480675826358 88.78352311975712 -180.35570063443933 3047.0217985974004 3047.0217985974004 -627.613767178765 2135.2631371830375 2081.1280920122786
180.35499829663786 1.2163934803399958 39627817951955087 7 28-30-33-34-36-37-445 0.8643549386195118 1.0 1 1.431624910365728 1.0 [-1,-1] 1.0 1.0 1.0 0.0006812235016579503 0.1321480675826358 88.78360651966 -180.35499829663786 3044.6235398876956 3044.6235398876956 -628.6671455064909 2133.307880779138 2079.304596639133
180.6842149024253 1.1516358532001467 39627817956151035 6 28-30-33-34-36-38 0.892374339695056 1.0 1 1.5816538116774062 1.0 [-1,-1] 1.0 1.0 1.0 0.0005275616701708153 0.16431404058018498 88.84836414679985 -180.6842149024253 3119.47054798743 3119.47054798743 102.80038463639553 2409.581081314408 1978.4962959913
180.6306690988963 1.2079653104879857 39627817956149997 6 28-30-33-34-36-38 0.9384420514963663 1.0 1 1.5878606939315985 1.0 [-257,-1] 0.9921875 1.0 1.0078125 0.0004445766401596716 0.18918261239264766 88.79203468951201 -180.6306690988963 3239.839681637489 3239.839681637489 -26.01812323933664 2385.033040323327 2192.601563563721
180.61344779319157 1.2315036184022394 39627817956149602 6 28-30-33-34-36-38 0.8192765216212404 1.0 1 1.5948415029388532 1.0 [-1,-1] 1.0 1.0 1.0 0.0006627118749498285 0.13533979738261318 88.76849638159776 -180.61344779319157 2921.5343954461737 2921.5343954461737 -59.169028941552476 2102.8747579232554 2027.2592341085444
180.57114597856926 1.2672639525369367 39627817956148753 7 28-30-33-34-36-38-445 0.7866456004626236 1.0 1 1.5965364499728496 1.0 [-257,-288230651601125377] 0.9453125 1.0 1.0573770491803278 0.0007324854237337303 0.12404708914385561 88.73273604746306 -180.57114597856926 2830.3240744828663 2830.3240744828663 -138.38990554891095 1961.6335770222497 2035.577635497686
179.97390699158566 1.3637694224580381 39627817943568633 7 28-30-33-34-36-38-445 0.6531720780547556 1.0 1 1.4140887781775928 1.0 [-1,-1] 1.0 1.0 1.0 0.000700708733790897 0.12894715825466588 88.63623057754197 -179.97390699158566 2437.866913367326 2437.866913367326 -939.2670073941958 1191.2532191452158 1908.3732192598086
180.08712216382125 1.3191183460649183 39627817947760252 6 28-30-33-34-36-445 0.6878512617773795 1.0 1 1.4061718552046387 1.0 [-1,-1] 1.0 1.0 1.0 0.0007209928471550773 0.12577569469930108 88.68088165393509 -180.08712216382125 2542.9174490546425 2542.9174490546425 -879.0387504791113 1419.516451844907 1917.9919371061858
179.83157410082694 1.5098678441586182 39627823983363683 6 28-30-33-34-36-445 0.7706914698743335 1.0 1 1.5275192493035976 1.0 [-1,-1] 1.0 1.0 1.0 0.0007324854237337303 0.12404708914385561 88.49013215584138 -179.83157410082694 2785.069653748031 2785.069653748031 -1011.9840218019382 963.3699985155444 2409.2363026083417
180.57274977550088 1.2866518541229117 39627817956148783 6 28-30-33-34-36-445 0.8268459993289851 1.0 1 1.6129339887899055 1.0 [-1,-1] 1.0 1.0 1.0 0.0006627118749498285 0.13533979738261318 88.71334814587709 -180.57274977550088 2942.4372569501743 2942.4372569501743 -137.75291650445902 1998.2523319398572 2155.4463025044033
180.56233472063138 1.3278136320023437 39627817956148585 6 28-30-33-34-36-445 0.8235979225188053 1.0 1 1.6398205255940108 1.0 [-1,-1] 1.0 1.0 1.0 0.0006627118749498285 0.13533979738261318 88.67218636799765 -180.56233472063138 2933.479480371258 2933.479480371258 -150.94051103858965 1900.7950626459115 2229.2368545552895
179.78302976905778 1.508272403486154 39627823983362728 6 28-30-33-34-37-445 0.4287440331104321 1.0 1 1.519334657334605 1.0 [-1,-1] 1.0 1.0 1.0 0.0006262316776515472 0.14210347001521706 88.49172759651384 -179.78302976905778 1701.7969836899124 1701.7969836899124 -647.9789835532143 559.4948199226471 1470.7827021858639
179.7791279588888 1.5236095731291588 39627823983362643 6 28-30-33-34-37-445 0.5734725343432754 1.0 1 1.5341008419882864 1.0 [-1,-1] 1.0 1.0 1.0 0.0006621615122706149 0.13543705131792066 88.47639042687084 -179.7791279588888 2187.8641798503486 2187.8641798503486 -813.733350094603 697.0911912757203 1907.5249868512471
179.78045099321935 1.524803260597384 39627823983362669 6 28-30-33-34-37-445 0.5687118103029731 1.0 1 1.5354412579813945 1.0 [-1,-1] 1.0 1.0 1.0 0.000677088223595666 0.13284793461577618 88.47519673940262 -179.78045099321935 2172.543405555523 2172.543405555523 -805.4028124737653 691.8044289633926 1895.4360423788435
180.62314248383842 1.1750297740960687 39627817956149817 5 28-30-33-34-38 0.9781549916126615 1.0 1 1.558001523249044 1.0 [-1,-1] 1.0 1.0 1.0 0.0003578035202613049 0.22475091060875194 88.82497022590393 -180.62314248383842 3340.994663059366 3340.994663059366 -46.68916611120724 2532.3368457331158 2178.8381215917493
180.62545797695088 1.1682394905971147 39627817956149865 5 28-30-33-34-38 0.990218894327522 1.0 1 1.5544136637635484 1.0 [-1,-1] 1.0 1.0 1.0 0.0002622817504223413 0.28340640119267335 88.83176050940288 -180.62545797695088 3371.256336413048 3371.256336413048 -41.43490813866019 2570.244160475673 2181.1688127546126
179.89683844870987 1.4818563398905735 39627823983364939 5 28-30-33-34-38 0.857428540378375 1.0 1 1.511288069581264 1.0 [-1,-1] 1.0 1.0 1.0 0.0006812235016579503 0.1321480675826358 88.51814366010943 -179.89683844870987 3025.926803721298 3025.926803721298 -1078.1850269075815 1169.6293779606722 2574.04685028121
179.57990566800416 -0.06776314301462895 39627787740382884 5 28-30-33-34-38 0.8001595829109199 1.0 1 0.07067973925587243 1.0 [-1,-1] 1.0 1.0 1.0 0.0007229154976227362 0.12548315978664992 90.06776314301463 -179.57990566800416 2868.316730869003 2868.316730869003 -2157.918585812088 1204.5711641546122 -1455.8971653509752
179.91594554612834 1.4597020649733154 39627823983365302 6 28-30-33-34-38-445 0.822240970943287 1.0 1 1.4934959353733752 1.0 [-1,-1] 1.0 1.0 1.0 0.0006627118749498285 0.13533979738261318 88.54029793502669 -179.91594554612834 2929.731987022815 2929.731987022815 -1058.4684849386595 1193.20260921933 2457.486829166841
180.5956043864449 1.2934632296147242 39627817956149222 5 28-30-33-34-445 1.0501898595712504 1.0 1 1.6322091844998383 1.0 [-1,-1] 1.0 1.0 1.0 0.0001568149373683449 0.39812733398474315 88.70653677038527 -180.5956043864449 3518.550978297069 3518.550978297069 -109.26548951461017 2375.0470234201257 2593.7258290381415
180.59032239732537 1.3014500036602457 39627817956149114 5 28-30-33-34-445 0.825615377070878 1.0 1 1.635341518468961 1.0 [-1,-1] 1.0 1.0 1.0 0.0006627118749498285 0.13533979738261318 88.69854999633975 -180.59032239732537 2939.0454224176624 2939.0454224176624 -100.85720019901976 1966.0228731055477 2182.3312953417585
180.7473751450557 0.4228919801280422 39627799836759969 7 28-30-33-35-36-37-38 0.8973567317028003 1.0 1 1.222817829369479 1.0 [-1,-1] 1.0 1.0 1.0 0.0005275616701708153 0.16431404058018498 89.57710801987196 -180.7473751450557 3132.648913696308 3132.648913696308 330.52086732237797 3112.4228925410753 -130.64804144483125
