data_rosette/LRG_3_clustering_data.ecsv
# %ECSV 1.0
# ---
# datatype:
# - {name: RA, unit: deg, datatype: float64}
# - {name: DEC, unit: deg, datatype: float64}
# - {name: TARGETID, datatype: int64}
# - {name: NTILE, datatype: int64}
# - {name: TILES, datatype: string}
# - {name: Z, datatype: float64}
# - {name: COMP_TILE, datatype: float64}
# - {name: ROSETTE_NUMBER, datatype: int32}
# - {name: ROSETTE_R, unit: deg, datatype: float64}
# - {name: FRACZ_TILELOCID, datatype: float64}
# - {name: BITWEIGHTS, datatype: string, subtype: 'int64[2]'}
# - {name: PROB_OBS, datatype: float64}
# - {name: WEIGHT_ZFAIL, datatype: float64}
# - {name: WEIGHT, datatype: float64}
# - {name: NZ, unit: h3 / Mpc3, datatype: float64}
# - {name: WEIGHT_FKP, datatype: float64}
# - {name: theta, unit: deg, datatype: float64}
# - {name: phi, unit: deg, datatype: float64}
# - {name: rho, unit: Mpc, datatype: float64}
# - {name: r, unit: Mpc, datatype: float64}
# - {name: x, unit: Mpc, datatype: float64}
# - {name: y, unit: Mpc, datatype: float64}
# - {name: z, unit: Mpc, datatype: float64}
# meta: !!omap
# - {EXTNAME: LSS}
# - {DESIDR: edr}
# - comments: ['Visit https://desidatamodel.readthedocs.io/en/latest/ for a more complet', e description]
# schema: astropy-2.0
RA DEC TARGETID NTILE TILES Z COMP_TILE ROSETTE_NUMBER ROSETTE_R FRACZ_TILELOCID BITWEIGHTS PROB_OBS WEIGHT_ZFAIL WEIGHT NZ WEIGHT_FKP theta phi rho r x y z
[from data line 4651]
189.58795516765076 61.31179971893449 39633402034390979 10 83-86-87-88-89-90-91-92-451-452 0.8024743712344171 1.0 3 0.5103215143940418 1.0 [-1,-1] 1.0 1.0 1.0 0.0008239664519383997 0.11155322342262282 28.688200281065512 170.41204483234924 2874.793360980902 2874.793360980902 -833.1592123307487 -801.5135131302976 -2632.082575360774
188.73807660700237 60.87083190194673 39633396141392574 10 83-86-87-88-89-90-91-92-451-452 0.7902356805717842 1.0 3 1.0834722826745393 1.0 [-1,-1] 1.0 1.0 1.0 0.0008239664519383997 0.11155322342262282 29.12916809805327 171.26192339299763 2840.4473769622077 2840.4473769622077 96.66787957068426 -2140.828555920949 -1864.3094476251035
191.86163821843257 61.149577421388265 39633402051169396 10 83-86-87-88-89-90-91-92-451-452 0.665621616656372 1.0 3 1.140359050649114 1.0 [-1,-1] 1.0 1.0 1.0 0.0006371005092682059 0.1397016056866948 28.850422578611735 168.13836178156743 2475.8346783806196 2475.8346783806196 -85.12068050624764 1346.0174373876578 -2076.2343034134133
190.08276715034353 63.23070045779884 39633424658465754 8 83-86-87-88-89-90-92-451 0.8659780276234706 1.0 3 1.4331832012233279 1.0 [-1,-1] 1.0 1.0 1.0 0.0006576102792991648 0.1359368301360722 26.76929954220116 169.91723284965647 3048.9935915157757 3048.9935915157757 2931.179526629421 815.1092056349538 -200.36338653044245
192.85680787948985 62.25177448393536 39633413556142338 8 83-86-87-88-89-90-92-451 0.7684697448280647 1.0 3 1.458527476399125 1.0 [-1,-1] 1.0 1.0 1.0 0.0007242712797402853 0.12498917450484462 27.748225516064643 167.14319212051015 2778.732906289008 2778.732906289008 -1120.2600452799336 -831.9628448603108 -2402.9589718126063
188.93494235032466 61.25719948507089 39633402030195589 9 83-86-87-88-89-90-92-451-452 0.9245483333771086 1.0 3 0.7115252159026948 1.0 [-1,-1] 1.0 1.0 1.0 0.00042618922305278896 0.1953324009783564 28.742800514929108 171.06505764967534 3203.8842041691214 3203.8842041691214 -218.67054931259062 -1429.9908183789669 -2858.7031052453817
188.93019710718352 61.26275113641376 39633402030195562 9 83-86-87-88-89-90-92-451-452 0.9241055832944175 1.0 3 0.7087457789978157 1.0 [-1,-1] 1.0 1.0 1.0 0.00042618922305278896 0.1953324009783564 28.737248863586238 171.06980289281648 3202.733524240758 3202.733524240758 -209.47942119411738 -1414.7827178803846 -2865.660527797875
191.2634613866904 61.53055850623512 39633404953626675 7 83-86-87-88-89-91-451 0.927552740515163 1.0 3 0.7009634517702602 1.0 [-1,-1] 1.0 1.0 1.0 0.00042618922305278896 0.1953324009783564 28.469441493764883 168.7365386133096 3211.6844722103187 3211.6844722103187 -382.415595456196 491.3846215706493 -3150.7485801111816
190.12113247886887 63.223388911103655 39633424658466087 8 83-86-87-88-90-92-451-452 0.6424265692314718 1.0 3 1.4270414496899608 1.0 [-1,-1] 1.0 1.0 1.0 0.0007982518636535506 0.11473445525619816 26.776611088896345 169.87886752113113 2404.863700282486 2404.863700282486 2333.710442579363 553.478290766563 -175.57553583152833
191.42519268635527 60.91474827241791 39633399119348650 7 83-86-87-89-90-451-452 0.7578599301216548 1.0 3 1.1480532394670475 1.0 [-1,-1] 1.0 1.0 1.0 0.0007242712797402853 0.12498917450484462 29.08525172758209 168.57480731364473 2748.353932529561 2748.353932529561 -954.4778989947548 1748.820903762533 -1893.1578712153032
191.66059656415302 60.51920100841364 39633393188602185 6 83-86-87-89-90-452 0.6576547793729765 1.0 3 1.5366588577266933 1.0 [-1,-1] 1.0 1.0 1.0 0.0006371005092682059 0.1397016056866948 29.48079899158636 168.33940343584698 2451.571132740873 2451.571132740873 -598.1673704061276 2211.175880050303 -873.5548313377665
190.4343250540831 60.4113123861336 39633393176021096 8 83-86-87-89-90-91-92-452 0.5258523512290978 1.0 3 1.4124717130130608 1.0 [-1,-1] 1.0 1.0 1.0 0.0006888416087567301 0.1305783864573065 29.588687613866398 169.5656749459169 2032.6020562736394 2032.6020562736394 -1959.7927521870517 157.7663969074179 -515.551405438662
189.61692853278947 61.91263255717095 39633410691432981 6 83-86-87-90-91-92 0.5823804907764035 1.0 3 0.17468167376041852 1.0 [-1,-1] 1.0 1.0 1.0 0.0005369919189708607 0.1615383650856205 28.08736744282905 170.38307146721053 2216.4125615670196 2216.4125615670196 305.0508794060562 276.9031288470549 -2177.7863213089527
191.70703848543099 62.05705046467514 39633410708210070 6 83-86-87-90-92-452 0.5005425809305319 1.0 3 0.8883114847055825 1.0 [-1,-1] 1.0 1.0 1.0 0.0007365189099627642 0.12316671624379881 27.942949535324857 168.29296151456901 1948.2393416739264 1948.2393416739264 136.9386095215138 -618.8955870221575 -1842.2411899729273
190.75031659514315 62.03992617005921 39633410699822017 6 83-86-87-91-92-452 0.5016351629514126 1.0 3 0.46664538661452387 1.0 [-1,-1] 1.0 1.0 1.0 0.0007365189099627642 0.12316671624379881 27.96007382994079 169.24968340485685 1951.907870074302 1951.907870074302 556.5920873601697 -232.9126337709413 -1856.3138976412183
190.38568856966566 62.06220131385299 39633410695628822 6 83-86-88-89-451-452 0.9645735836020259 1.0 3 0.3478150844671219 1.0 [-1,-1] 1.0 1.0 1.0 0.0003767415448896098 0.21544643941305056 27.937798686147012 169.61431143033434 3306.6677481270544 3306.6677481270544 1091.3750127502594 -34.5992922685481 -3121.1784740739404
190.3713446414648 62.065595808885995 39633410695628734 6 83-86-88-89-451-452 0.5689198183213996 1.0 3 0.34600899423076903 1.0 [-1,-1] 1.0 1.0 1.0 0.0006724560872077301 0.13333590500666823 27.934404191114005 169.6286553585352 2173.2137354336023 2173.2137354336023 724.4856472769175 -12.56959111299103 -2048.858338720925
186.72068390563953 61.802430695916655 39633407801559997 6 83-86-88-89-451-452 0.709933742291854 1.0 3 1.5021810718269533 1.0 [-1,-1] 1.0 1.0 1.0 0.0005639081233901963 0.1550231922816235 28.197569304083345 173.27931609436047 2608.663522602248 2608.663522602248 -176.35406466152386 -94.45518618593893 -2600.981129465477
189.39129878399763 60.78173252101534 39633396145587954 9 83-86-88-89-90-91-92-451-452 0.9024350098187991 1.0 3 1.0471693095415788 1.0 [-1,-1] 1.0 1.0 1.0 0.0005723615213970424 0.15308410280969617 29.218267478984657 170.60870121600237 3146.0406075473793 3146.0406075473793 -1455.6292128132961 -2091.14452243305 -1845.4890098399062
186.8500953772166 61.84110386392701 39633407805751537 8 83-86-88-89-90-91-92-452 0.9581807614167961 1.0 3 1.4407245105189903 1.0 [-1,-1] 1.0 1.0 1.0 0.0003767415448896098 0.21544643941305056 28.15889613607299 173.1499046227834 3290.4143370407332 3290.4143370407332 -354.39100727632274 -134.32869173325722 -3268.514850194521
186.74706615914673 61.787317906117025 39633407801560198 6 83-86-88-89-91-451 0.5459961691687655 1.0 3 1.4901367155805632 1.0 [-1,-1] 1.0 1.0 1.0 0.0006094867785671962 0.14511252611805409 28.212682093882975 173.25293384085327 2098.827528784264 2098.827528784264 -115.56450193392462 -58.026628829257454 -2094.8400301269153
187.384232561149 62.71486231102122 39633419117791482 7 83-86-88-89-91-451-452 0.5398520487712469 1.0 3 1.4859020732962114 1.0 [-1,-1] 1.0 1.0 1.0 0.0006094867785671962 0.14511252611805409 27.28513768897878 172.615767438851 2078.7135902382684 2078.7135902382684 -1711.362606143996 296.98952924233043 -1141.965603708676
187.76719123400912 60.87875348700561 39633399089988164 6 83-86-88-89-91-452 1.04982826429777 1.0 3 1.3765018242745783 1.0 [-1,-1] 1.0 1.0 1.0 0.00017557006270178804 0.37077784677498654 29.12124651299439 172.23280876599088 3517.678244330826 3517.678244330826 2240.2782311343935 -1388.3257940980118 -2329.7564609172955
187.18953196724294 62.61010821964454 39633416324384232 6 83-86-88-89-91-452 0.9382336278991918 1.0 3 1.5010690640450357 1.0 [-1,-1] 1.0 1.0 1.0 0.0003671239319408774 0.21984967794317842 27.389891780355462 172.81046803275706 3239.302492761792 3239.302492761792 -2505.144471948842 -57.30787164525658 -2052.814561065955
188.2174630890329 60.82174060585099 39633396137198270 7 83-86-88-89-91-92-451 0.7257521530752316 1.0 3 1.268535472788617 1.0 [-1,-1] 1.0 1.0 1.0 0.0005823912580269674 0.15084542533972659 29.17825939414901 171.7825369109671 2655.219766126738 2655.219766126738 1118.3733992620696 -1761.2986709066272 -1642.3336865922465
191.7676267373356 61.77596783279191 39633407843501438 7 83-86-88-89-91-92-451 0.5751796525514253 1.0 3 0.8831902115642726 1.0 [-1,-1] 1.0 1.0 1.0 0.0005369919189708607 0.1615383650856205 28.224032167208087 168.2323732626644 2193.3471683029034 2193.3471683029034 17.261439734767123 -108.92334595133197 -2190.5728812590132
191.75347627090736 61.77622147426291 39633407843501358 7 83-86-88-89-91-92-451 0.5028551524039325 1.0 3 0.8764934334467865 1.0 [-1,-1] 1.0 1.0 1.0 0.0007365189099627642 0.12316671624379881 28.22377852573709 168.24652372909264 1956.0013300295911 1956.0013300295911 16.850962112675514 -97.39726022581813 -1953.5022451622394
187.85405199745054 60.59485744118855 39633393155049456 7 83-86-88-89-91-92-452 0.8628560911517048 1.0 3 1.556775082124185 1.0 [-1,-1] 1.0 1.0 1.0 0.0006576102792991648 0.1359368301360722 29.40514255881145 172.14594800254946 3040.584219545502 3040.584219545502 2203.8467390565525 -1646.512514600695 -1295.0708421403915
190.35613010457942 62.089412004720565 39633410695628642 7 83-86-88-89-92-451-452 1.0447677552605996 1.0 3 0.3602506668307943 1.0 [-360921289029855233,-36125562922664193] 0.8515625 1.0 1.1727272727272726 0.00017557006270178804 0.37077784677498654 27.910587995279435 169.64386989542058 3505.4450673112447 3505.4450673112447 1247.1557051165921 -2.6606840576898483 -3276.0861844420724
189.59948374704643 62.619513645042495 39633416341162815 8 83-86-88-90-91-92-451-452 1.0629456928731278 1.0 3 0.8314023458793627 1.0 [-1,-1] 1.0 1.0 1.0 0.00014839258087788972 0.41078905010633954 27.380486354957505 170.40051625295357 3549.220840502981 3549.220840502981 2015.7401736386398 1894.9202097802538 -2223.2942957706505
188.99306080598905 61.061199769238286 39633399098378313 6 83-86-88-91-451-452 0.7865660335307908 1.0 3 0.856683146471816 1.0 [-1,-1] 1.0 1.0 1.0 0.0007064174578981374 0.12774458208408304 28.938800230761714 171.00693919401095 2830.0994626759148 2830.0994626759148 -363.5555656159745 -1706.861411313733 -2227.9843899624257
188.19811298887078 60.350971393605334 39633390160315668 3 83-86-89 0.49671877347827537 1.0 3 1.6663723646709998 1.0 [-1,-1] 1.0 1.0 1.0 0.0007365189099627642 0.12316671624379881 29.649028606394666 171.80188701112922 1935.381184914211 1935.381184914211 1048.3711752353493 -1582.5331484164612 -377.10349245090566
188.59058416655398 60.25304486083235 39633390164509187 3 83-86-89 0.5275408258827042 1.0 3 1.671859277009916 1.0 [-1,-1] 1.0 1.0 1.0 0.0006888416087567301 0.1305783864573065 29.746955139167653 171.40941583344602 2038.1842431099938 2038.1842431099938 388.2855060354688 -1990.8586805208095 -199.77759849287295
187.84337531899612 60.448817510675426 39633393155049361 4 83-86-89-452 0.7950150181605793 0.9090909090909091 3 1.6767497454556146 1.0 [-74801150434305,-257] 0.9453125 1.0 1.0573770491803278 0.0008239664519383997 0.11155322342262282 29.551182489324574 172.15662468100388 2853.890088195892 2853.890088195892 2205.5467433273407 -1611.379913458265 -826.8657527096844
187.83706082386334 60.46286058259888 39633393155049297 4 83-86-89-452 0.9191819431214556 0.9090909090909091 3 1.667143931476497 1.0 [-1,-1] 1.0 1.0 1.0 0.00042618922305278896 0.1953324009783564 29.53713941740112 172.16293917613666 3189.916839303162 3189.916839303162 2465.7873140779184 -1777.7406235645203 -967.0060179392426
187.88098265269633 60.44020493140821 39633393155049681 4 83-86-89-452 0.6537173890218458 0.9090909090909091 3 1.673132177200951 1.0 [-18014402804580353,-144116288124379145] 0.9296875 1.0 1.075 0.0006371005092682059 0.1397016056866948 29.55979506859179 172.11901734730367 2439.53600180297 2439.53600180297 1836.9118564031814 -1451.0560490255648 -686.6782932964727
187.1504404565762 60.858317721142406 39633396128809183 4 83-86-89-452 0.8319594217880115 0.9090909090909091 3 1.6205864267049161 1.0 [-1,-1] 1.0 1.0 1.0 0.0006366829495309179 0.1397804201853648 29.141682278857594 172.8495595434238 2956.5039451914095 2956.5039451914095 2250.351457383943 139.6186022313642 -1912.417460204046
188.28615814984076 60.33881497009881 39633390160316334 4 83-86-89-452 0.829762396361945 0.9090909090909091 3 1.656550344566055 1.0 [-1,-1] 1.0 1.0 1.0 0.000762533893525711 0.11946670068019369 29.66118502990119 171.71384185015924 2950.46538089696 2950.46538089696 1383.1296252857558 -2549.697304463664 -539.668471507329
189.42313613798652 60.19339817589285 39633390168705513 4 83-86-89-452 0.7522557063652574 0.9090909090909091 3 1.6231421928124725 1.0 [-1,-1] 1.0 1.0 1.0 0.0007242712797402853 0.12498917450484462 29.806601824107148 170.57686386201348 2732.2283714456476 2732.2283714456476 -1630.3227351586386 -2189.987148433001 -105.24230449625469
189.36691291695809 60.14551373323414 39633390168705238 4 83-86-89-452 0.6257993544819633 0.9090909090909091 3 1.6745695930750981 0.5 [-4658020689075568705,-5846307423215697928] 0.71875 1.0 1.3870967741935485 0.0007056687116799521 0.12786279395313782 29.85448626676586 170.63308708304191 2353.3680862284873 2353.3680862284873 -1296.9445189958687 -1963.6169368915419 22.017926287137886
188.36052778074614 60.33885609646216 39633390160316889 4 83-86-89-452 0.7467185645244084 0.9090909090909091 3 1.6398770914246577 1.0 [-1,-1] 1.0 1.0 1.0 0.0006073340474539246 0.1455520198534496 29.66114390353784 171.63947221925386 2716.2419014268453 2716.2419014268453 1095.3953230715922 -2435.3917956288496 -496.93657044283896
188.37174913333487 60.33870057841258 39633390160316988 4 83-86-89-452 1.0071765668172183 0.9090909090909091 3 1.6375603079243737 1.0 [-1,-1] 1.0 1.0 1.0 0.00023297360745577845 0.30751381291380364 29.661299421587422 171.62825086666513 3413.432218450537 3413.432218450537 1342.1654712807244 -3075.837804606146 -623.9656700601304
189.376750986769 60.15121488698672 39633390168705284 4 83-86-89-452 0.8712346259074392 0.9090909090909091 3 1.6682010324077325 1.0 [7259236623545369804,-2922044881894025993] 0.625 1.0 1.5925925925925926 0.0005346154933450218 0.1621399955636538 29.848785113013278 170.623249013231 3063.117452405865 3063.117452405865 -1713.2142055973322 -2539.1849630444135 11.19537502905264
190.6391833352286 62.192943558402725 39633413535173480 8 83-86-89-90-91-92-451-452 0.7945634481434247 1.0 3 0.5242637586274908 1.0 [-1,-1] 1.0 1.0 1.0 0.0008239664519383997 0.11155322342262282 27.807056441597275 169.3608166647714 2852.6216305368025 2852.6216305368025 1233.0825467649877 -361.5129983842172 -2546.814864074197
186.952898016143 61.021452857171326 39633399081601064 4 83-86-89-91 1.027803533720522 1.0 3 1.6106884735644014 1.0 [-1,-1] 1.0 1.0 1.0 0.00020130102782971312 0.3394727840281335 28.978547142828674 173.047101983857 3464.171682100365 3464.171682100365 2167.7272330824617 575.5157365667051 -2640.118505480921
187.9404826132557 60.47424097714635 39633393155050129 4 83-86-89-91 0.8437637925270756 1.0 3 1.6284475000030483 1.0 [-1,-1] 1.0 1.0 1.0 0.0006366829495309179 0.1397804201853648 29.52575902285365 172.0595173867443 2988.81210726319 2988.81210726319 2118.1963738449526 -1888.2940927592886 -938.396160266813
188.62951142811855 60.272343016044154 39633390164509475 4 83-86-89-91 0.6427735256278606 1.0 3 1.6468170689313568 1.0 [-1,-1] 1.0 1.0 1.0 0.0007982518636535506 0.11473445525619816 29.727656983955846 171.37048857188145 2405.9327027796326 2405.9327027796326 365.77291192095925 -2361.187814608341 -281.9830692691631
189.47430026404675 60.22252764304273 39633390168705807 4 83-86-89-91 0.7566242088573687 1.0 3 1.590897165021429 1.0 [-1,-1] 1.0 1.0 1.0 0.0007242712797402853 0.12498917450484462 29.77747235695727 170.52569973595325 2744.8029838378275 2744.8029838378275 -1745.4937587917711 -2110.156459300293 -185.56582491737936
