data_rosette/LRG_11_clustering_data.ecsv
# %ECSV 1.0
# ---
# datatype:
# - {name: RA, unit: deg, datatype: float64}
# - {name: DEC, unit: deg, datatype: float64}
# - {name: TARGETID, datatype: int64}
# - {name: NTILE, datatype: int64}
# - {name: TILES, datatype: string}
# - {name: Z, datatype: float64}
# - {name: COMP_TILE, datatype: float64}
# - {name: ROSETTE_NUMBER, datatype: int32}
# - {name: ROSETTE_R, unit: deg, datatype: float64}
# - {name: FRACZ_TILELOCID, datatype: float64}
# - {name: BITWEIGHTS, datatype: string, subtype: 'int64[2]'}
# - {name: PROB_OBS, datatype: float64}
# - {name: WEIGHT_ZFAIL, datatype: float64}
# - {name: WEIGHT, datatype: float64}
# - {name: NZ, unit: h3 / Mpc3, datatype: float64}
# - {name: WEIGHT_FKP, datatype: float64}
# - {name: distance, unit: Mpc, datatype: float64}
# - {name: x, unit: Mpc, datatype: float64}
# - {name: y, unit: Mpc, datatype: float64}
# - {name: z, unit: Mpc, datatype: float64}
# meta: !!omap
# - {EXTNAME: LSS}
# - {DESIDR: edr}
# - comments: ['Visit https://desidatamodel.readthedocs.io/en/latest/ for a more complet', e description]
# schema: astropy-2.0
RA DEC TARGETID NTILE TILES Z COMP_TILE ROSETTE_NUMBER ROSETTE_R FRACZ_TILELOCID BITWEIGHTS PROB_OBS WEIGHT_ZFAIL WEIGHT NZ WEIGHT_FKP distance x y z
[from data line 2429]
242.8516069021752 53.9148463468787 39633308413330987 11 298-300-301-302-303-304-305-306-307-308-475 0.9412554364800225 0.9682539682539683 11 1.0667905033787388 1.0 [-1,-1] 1.0 1.0 1.0 0.0003671239319408774 0.21984967794317842 3247.0843731944497 -872.6629328024937 -1701.786979180803 2624.1069737811413
243.65171388771904 55.65960161550151 39633332819988604 11 298-300-301-302-303-304-305-306-307-308-475 1.0788269397076575 0.9682539682539683 11 0.8515128479661344 1.0 [-1,-1] 1.0 1.0 1.0 0.00012850791192818028 0.44600300211103894 3587.089248654599 -898.0861719873898 -1813.2904359651156 2961.8623027304784
244.16101411012968 55.656486604109936 39633332828373392 11 298-300-301-302-303-304-305-306-307-308-475 0.8825827310305047 0.9682539682539683 11 1.049853941529025 1.0 [-1,-1] 1.0 1.0 1.0 0.0005346154933450218 0.1621399955636538 3093.457228639555 -760.6272875865712 -1570.7047286931916 2554.1750938535633
244.58288566596462 55.264662133905965 39633325962301353 11 298-300-301-302-303-304-305-306-307-308-475 0.8853056231523697 0.9682539682539683 11 1.0860249129139088 1.0 [-1,-1] 1.0 1.0 1.0 0.0005346154933450218 0.1621399955636538 3100.706420291307 -758.2937983062388 -1595.7327088518964 2548.1381324775584
240.45747029834814 54.3850053865676 39633315468149029 11 298-300-301-302-303-304-305-306-307-308-475 0.7292390686055198 0.9682539682539683 11 1.4526680058204615 1.0 [-1,-1] 1.0 1.0 1.0 0.0005823912580269674 0.15084542533972659 2665.4222778455005 -765.3279736366981 -1350.3728592604625 2166.850745431481
241.8035153053432 54.97099504165932 39633322472638522 11 298-300-301-302-303-304-305-306-307-308-475 0.9592134128752702 0.9682539682539683 11 0.5432833191820018 1.0 [-1,-1] 1.0 1.0 1.0 0.0003767415448896098 0.21544643941305056 3293.0439622991207 -893.1027315623122 -1665.874966683886 2696.547170714169
244.6895424799244 55.37173211684246 39633325966492006 11 298-300-301-302-303-304-305-306-307-308-475 0.8966387211118925 0.9682539682539683 11 1.174778740422352 1.0 [-1,-1] 1.0 1.0 1.0 0.0005723615213970424 0.15308410280969617 3130.7522024765703 -760.5842437341497 -1608.2686020290514 2576.1585869706796
241.30131163780356 54.378943905747825 39633315476537545 11 298-300-301-302-303-304-305-306-307-308-475 0.42842579656158414 0.9682539682539683 11 1.0308753739163354 1.0 [-1,-1] 1.0 1.0 1.0 0.0005613841910631427 0.1556117057517016 1700.6808778818618 -475.64797851413 -868.8360254745635 1382.460997556895
241.90717137155866 54.915644477406964 39633322472639545 11 298-300-301-302-303-304-305-306-307-308-475 0.9004017405714125 0.9682539682539683 11 0.48831141558852925 1.0 [-1,-1] 1.0 1.0 1.0 0.0005723615213970424 0.15308410280969617 3140.6836394012853 -850.0750534355167 -1592.5288082958518 2570.042435656909
240.48737757161192 54.41636199227277 39633315468149309 11 298-300-301-302-303-304-305-306-307-308-475 0.8937424296935612 0.9682539682539683 11 1.423757042303028 1.0 [-1,-1] 1.0 1.0 1.0 0.0005723615213970424 0.15308410280969617 3123.0930368753693 -895.2292472023938 -1581.499305237903 2539.9083958806236
243.6405349775104 55.662288941278696 39633332819988488 11 298-300-301-302-303-304-305-306-307-308-475 0.49521388707944564 0.9682539682539683 11 0.8498414884147651 1.0 [-1,-1] 1.0 1.0 1.0 0.0007365189099627642 0.12316671624379881 1930.3126202041333 -483.44236162366013 -975.6207847762703 1593.911659728863
244.17140684219325 55.6695326119964 39633332828373497 11 298-300-301-302-303-304-305-306-307-308-475 0.8842789637190129 0.9682539682539683 11 1.0626977689856603 1.0 [-1,-1] 1.0 1.0 1.0 0.0005346154933450218 0.1621399955636538 3097.9745181310363 -761.1989053354599 -1572.612247257202 2558.302769666245
243.30531162471402 54.713936273732614 39633318999755595 10 298-300-301-302-303-304-305-306-307-475 0.5002653495289027 1.0 11 0.41594920202658286 1.0 [-1,-1] 1.0 1.0 1.0 0.0007365189099627642 0.12316671624379881 1947.3081053136593 -505.3368969177586 -1004.9826714835767 1589.5450001970808
244.51993768032372 54.70271044358286 39633319012337558 10 298-300-301-302-303-304-305-306-307-475 0.7822761456243539 1.0 11 1.056219212312167 1.0 [-1,-1] 1.0 1.0 1.0 0.0007064174578981374 0.12774458208408304 2817.97339272476 -700.4805586851081 -1469.9041542219804 2299.9310438380226
241.63349350311438 54.41563456572281 39633315476540849 10 298-300-301-302-303-304-305-306-307-475 0.8981828716419816 1.0 11 0.8571933285272132 1.0 [-1,-1] 1.0 1.0 1.0 0.0005723615213970424 0.15308410280969617 3134.8302555970117 -866.6770123375732 -1605.1276107237798 2549.4307288067694
244.1613733035242 55.028539606710865 39633322493611890 10 298-300-301-302-303-304-305-306-307-475 0.7693057014706297 1.0 11 0.8108845000286992 1.0 [-1,-1] 1.0 1.0 1.0 0.0007242712797402853 0.12498917450484462 2781.118201358913 -694.7470219477381 -1434.6840962875713 2278.9529546008844
242.71907264754896 56.320412014620906 39633339589591380 10 298-300-301-302-303-304-305-306-307-475 0.42081163363513135 1.0 11 1.3405255641306444 1.0 [-1,-1] 1.0 1.0 1.0 0.0005613841910631427 0.1556117057517016 1673.9135217542973 -425.47390477922335 -825.0143090168813 1392.9500438210957
241.14401270337524 54.95791452408252 39633322464251702 10 298-300-301-302-303-304-305-306-307-475 0.5556502398499392 1.0 11 0.9221133425378987 1.0 [-1,-1] 1.0 1.0 1.0 0.0006724560872077301 0.13333590500666823 2130.2808316597975 -590.3090869116751 -1071.2872521311788 1744.1259206456082
242.90072437902137 56.16586351301457 39633339589593313 10 298-300-301-302-303-304-305-306-307-475 0.8141989256946477 1.0 11 1.1889203577579728 1.0 [-1,-1] 1.0 1.0 1.0 0.000762533893525711 0.11946670068019369 2907.459228126697 -737.4388329385868 -1441.1267649348529 2415.0893934348824
242.89567037037105 56.17897181129491 39633339589593256 10 298-300-301-302-303-304-305-306-307-475 0.49457388721501283 1.0 11 1.201795230263507 1.0 [-1,-1] 1.0 1.0 1.0 0.0007365189099627642 0.12316671624379881 1928.1556591795065 -488.96869015937494 -955.3505778079405 1601.873634077238
242.13224544732475 55.757447226690864 39633332807403316 10 298-300-301-302-303-304-305-306-307-475 0.8908056828804297 1.0 11 0.8530279251317485 1.0 [-1,-1] 1.0 1.0 1.0 0.0005723615213970424 0.15308410280969617 3115.313343037123 -819.3991128008207 -1549.6839670135466 2575.3139462262693
242.44347197452637 55.54107084415364 39633329389044676 10 298-300-301-302-303-304-305-306-307-475 0.9095797392233017 1.0 11 0.5876304693051116 1.0 [-1,-1] 1.0 1.0 1.0 0.0005723615213970424 0.15308410280969617 3164.8130688952756 -828.4198250513583 -1587.5535601311465 2609.489614508387
241.88477546502034 54.041601347201095 39633308404941317 10 298-300-301-302-303-304-305-306-307-475 0.7674475240600612 1.0 11 1.0643593840857801 1.0 [-1,-1] 1.0 1.0 1.0 0.0007242712797402853 0.12498917450484462 2775.814488097911 -768.1087134364232 -1437.620262199446 2246.8651624854815
240.95339269879616 55.947152067710334 39633336192208099 10 298-300-301-302-303-304-305-306-307-475 0.5745103325754513 1.0 11 1.4044892965592046 1.0 [-1,-1] 1.0 1.0 1.0 0.0005369919189708607 0.1615383650856205 2191.1980986598633 -595.7232300504397 -1072.65443901165 1815.4545973990846
243.85186115666278 55.44033869327199 39633329401628370 9 298-300-301-302-303-304-305-306-308 0.8665409421016389 1.0 11 0.7791886074127533 1.0 [-1,-1] 1.0 1.0 1.0 0.0006576102792991648 0.1359368301360722 3050.508205478476 -762.5953409659922 -1553.3460210837404 2512.2031757825216
241.9592799488336 53.810666252619555 39633304831395027 9 298-300-301-302-303-304-305-306-308 0.6622299102968869 1.0 11 1.2566661026746682 1.0 [-1,-1] 1.0 1.0 1.0 0.0006371005092682059 0.1397016056866948 2465.519394870161 -684.3603362360361 -1284.890797600936 1989.8473446242692
241.47051802705099 54.57137590283592 39633315476539196 9 298-300-301-302-303-304-305-306-308 0.5083623986506767 1.0 11 0.8435368212183736 1.0 [-1,-1] 1.0 1.0 1.0 0.0007365189099627642 0.12316671624379881 1974.442411369328 -546.6549109269197 -1005.5788301007175 1608.8512860506037
243.14886947316757 53.59895463859284 39633301245267273 9 298-300-301-302-303-304-305-306-308 0.7345691436754862 1.0 11 1.400525507237761 1.0 [-1,-1] 1.0 1.0 1.0 0.0006073340474539246 0.1455520198534496 2680.976060289214 -718.6046848874254 -1419.446541269735 2157.87197469616
244.89001056651233 54.15172700127224 39633311982682786 9 298-300-301-302-303-304-305-306-308 0.9708454761780464 1.0 11 1.491671992193028 1.0 [-1,-1] 1.0 1.0 1.0 0.00030269805442075816 0.25472307248715254 3322.5541256362317 -825.724314855506 -1761.9329133057104 2693.1649935807495
244.28809009395874 54.40675201840095 39633315505897512 9 298-300-301-302-303-304-305-306-308 0.8141903131919672 1.0 11 1.0577116208178383 1.0 [-1,-1] 1.0 1.0 1.0 0.000762533893525711 0.11946670068019369 2907.4353175068304 -734.1575682638057 -1524.6556207979688 2364.2373037443135
241.14836732339893 55.89533198179461 39633336196400078 9 298-300-301-302-303-304-305-306-308 0.6980756820426331 1.0 11 1.2896666804699204 1.0 [-1,-1] 1.0 1.0 1.0 0.0005639081233901963 0.1550231922816235 2573.468399456649 -696.2906618982382 -1263.8488354810138 2130.8695497867916
241.2104229518656 55.97348594887478 39633336196400735 9 298-300-301-302-303-304-305-306-308 0.9351437605721515 1.0 11 1.3221841803064815 1.0 [-1,-1] 1.0 1.0 1.0 0.0003671239319408774 0.21984967794317842 3231.3308978558584 -870.8075513147014 -1584.6758404929267 2678.0582631020707
243.8421454648408 55.442391871354445 39633329401628303 9 298-300-301-302-303-304-305-306-308 0.8634336962613192 1.0 11 0.7759319170472627 1.0 [-1,-1] 1.0 1.0 1.0 0.0006576102792991648 0.1359368301360722 3042.1412670961 -760.7267837239917 -1548.8759363894912 2505.374539498554
244.26956687253886 54.39071832966997 39633315501707214 9 298-300-301-302-303-304-305-306-308 0.8111802795317212 1.0 11 1.0577238546070356 1.0 [-1,-1] 1.0 1.0 1.0 0.000762533893525711 0.11946670068019369 2899.07104105627 -732.8233278582368 -1520.6268955509734 2356.9634523608706
244.29320460471936 54.40730152400147 39633315505897567 9 298-300-301-302-303-304-305-306-308 0.8146345378549238 1.0 11 1.059894719401335 1.0 [-1,-1] 1.0 1.0 1.0 0.000762533893525711 0.11946670068019369 2908.668442402668 -734.3229462790309 -1525.3473871844799 2365.2562793081697
242.0440997204174 54.81107436252855 39633318987172646 10 298-300-301-302-303-304-305-306-308-475 0.9540536385631588 0.9565217391304348 11 0.4396839917230802 1.0 [-1,-1] 1.0 1.0 1.0 0.0003767415448896098 0.21544643941305056 3279.8886441934137 -886.0708220212134 -1669.555636028396 2680.509652076892
242.58035800251338 53.74452259915925 39633304835592058 10 298-300-301-302-303-304-305-306-308-475 0.7338212127497503 0.9565217391304348 11 1.2394239871943225 1.0 [-1,-1] 1.0 1.0 1.0 0.0006073340474539246 0.1455520198534496 2678.7965463864334 -729.5328125582107 -1406.2313438645456 2160.1495827524777
243.73135567725978 55.99393546147909 39633336221565135 10 298-300-301-302-303-304-305-306-308-475 0.5223467977279332 0.9565217391304348 11 1.1563606686816736 1.0 [-1,-1] 1.0 1.0 1.0 0.0006888416087567301 0.1305783864573065 2020.9942634653985 -500.2500763652406 -1013.5752085085098 1675.3605494798876
242.62009361939553 53.739546901076274 39633304835592511 10 298-300-301-302-303-304-305-306-308-475 0.6157163802452896 0.9565217391304348 11 1.2427599073321571 1.0 [-1,-1] 1.0 1.0 1.0 0.0007056687116799521 0.12786279395313782 2321.8854753013397 -631.5623833151104 -1219.4538837004666 1872.2214991620287
244.8594321222164 54.446973924376536 39633315510093098 10 298-300-301-302-303-304-305-306-308-475 0.8972560051600005 0.9565217391304348 11 1.3299567341345158 1.0 [-1,-1] 1.0 1.0 1.0 0.0005723615213970424 0.15308410280969617 3132.382881477409 -773.7803963069462 -1648.8042117486584 2548.436988780312
241.20410215549185 55.98353768096046 39633336196400675 10 298-300-301-302-303-304-305-306-308-475 0.6076175515229932 0.9565217391304348 11 1.332031684467752 1.0 [-1,-1] 1.0 1.0 1.0 0.0006106036532175123 0.14488555312656437 2296.457706229705 -618.8330698723258 -1125.8441032345345 1903.4806758531115
242.01793069352155 54.81132497177256 39633318987172439 10 298-300-301-302-303-304-305-306-308-475 0.7628976918679183 0.9565217391304348 11 0.4535201380398433 1.0 [-1,-1] 1.0 1.0 1.0 0.0007242712797402853 0.12498917450484462 2762.802863537889 -747.0163105145427 -1405.9946537749313 2257.9250049890297
241.21826943176342 54.10908132417521 39633308396554512 10 298-300-301-302-303-304-305-306-308-475 0.9028156248156723 0.9565217391304348 11 1.244111917558919 1.0 [-1,-1] 1.0 1.0 1.0 0.0005723615213970424 0.15308410280969617 3147.042675597172 -888.2885390749384 -1617.0119743057367 2549.5280638443232
243.9333262618404 54.44623320002592 39633315501703997 10 298-300-301-302-303-304-305-306-308-475 0.47335758190928945 0.9565217391304348 11 0.8672625602754694 1.0 [-1,-1] 1.0 1.0 1.0 0.000668512811805897 0.13401699399284683 1856.1781204626498 -474.26501482971463 -969.5223161033097 1510.1312489881466
242.5726684020372 56.05144875143986 39633336208983607 10 298-300-301-302-303-304-305-306-308-475 0.5450644656035344 0.9565217391304348 11 1.0761416000249195 1.0 [-1,-1] 1.0 1.0 1.0 0.0006094867785671962 0.14511252611805409 2095.782242123853 -539.1069554210003 -1038.8295695405907 1738.5338715327048
242.17811094196907 55.65562018090023 39633332807403666 10 298-300-301-302-303-304-305-306-308-475 1.0010744814378154 0.9565217391304348 11 0.7499002337747777 1.0 [-1,-1] 1.0 1.0 1.0 0.00023297360745577845 0.30751381291380364 3398.303941441544 -894.8074334788811 -1695.5828523354733 2805.8489136576777
244.33642714128837 54.99930708680856 39633322497803887 10 298-300-301-302-303-304-305-306-308-475 0.7680588434420389 0.9565217391304348 11 0.910357102006494 1.0 [-1,-1] 1.0 1.0 1.0 0.0007242712797402853 0.12498917450484462 2777.56000896488 -689.9800186277051 -1436.008278580304 2275.224692452226
241.10030999262304 54.355657475226124 39633311944934399 10 298-300-301-302-303-304-305-306-308-475 0.6304976174591918 0.9565217391304348 11 1.1401292391523647 1.0 [-1,-1] 1.0 1.0 1.0 0.0007982518636535506 0.11473445525619816 2367.971825752029 -666.8943928537022 -1208.0925571612606 1924.3323022979307
240.52983304229593 55.326827430455864 39633325924551004 9 298-300-301-302-303-304-305-306-475 0.8208466995803222 1.0 11 1.315053656404166 1.0 [-1,-1] 1.0 1.0 1.0 0.000762533893525711 0.11946670068019369 2925.8782333697177 -818.8924893682962 -1449.147621071554 2406.272989439384
244.465749432463 55.82161157770565 39633332828376121 9 298-300-301-302-303-304-305-306-475 0.9067085299402408 1.0 11 1.287367639214189 1.0 [-1,-1] 1.0 1.0 1.0 0.0005723615213970424 0.15308410280969617 3157.278706163131 -764.5409421582273 -1600.4305950427674 2611.9930870134394
244.64285442180196 55.56902660961414 39633329410016355 9 298-300-301-302-303-304-305-306-475 0.7571350620885829 1.0 11 1.228593272176667 1.0 [-1,-1] 1.0 1.0 1.0 0.0007242712797402853 0.12498917450484462 2746.2712860747906 -664.9914587876139 -1403.1763971505607 2265.1464268205664
244.6357567052186 55.56902751151767 39633329410016260 9 298-300-301-302-303-304-305-306-475 0.44661867833177143 1.0 11 1.2250474566743208 1.0 [-1,-1] 1.0 1.0 1.0 0.0006285113834356281 0.1413409039925048 1764.1466063323971 -427.28809978096734 -901.3179028182266 1455.0821854723663
241.3288699225362 54.91159171793044 39633322468443724 9 298-300-301-302-303-304-305-307-308 0.6110696264308056 1.0 11 0.8190749949004267 1.0 [-1,-1] 1.0 1.0 1.0 0.0007056687116799521 0.12786279395313782 2307.3114678300594 -636.3505992565753 -1163.7098076363918 1887.9945995729897
241.33090784514224 55.5702447840396 39633329376463520 9 298-300-301-302-303-304-305-307-308 0.4701565241823036 1.0 11 1.0008901224181266 1.0 [-1,-1] 1.0 1.0 1.0 0.000668512811805897 0.13401699399284683 1845.2382738895105 -500.5183038121688 -915.3873314427246 1521.9894048283968
