data_rosette/LRG_14_clustering_data.ecsv
# %ECSV 1.0
# ---
# datatype:
# - {name: RA, unit: deg, datatype: float64}
# - {name: DEC, unit: deg, datatype: float64}
# - {name: TARGETID, datatype: int64}
# - {name: NTILE, datatype: int64}
# - {name: TILES, datatype: string}
# - {name: Z, datatype: float64}
# - {name: COMP_TILE, datatype: float64}
# - {name: ROSETTE_NUMBER, datatype: int32}
# - {name: ROSETTE_R, unit: deg, datatype: float64}
# - {name: FRACZ_TILELOCID, datatype: float64}
# - {name: BITWEIGHTS, datatype: string, subtype: 'int64[2]'}
# - {name: PROB_OBS, datatype: float64}
# - {name: WEIGHT_ZFAIL, datatype: float64}
# - {name: WEIGHT, datatype: float64}
# - {name: NZ, unit: h3 / Mpc3, datatype: float64}
# - {name: WEIGHT_FKP, datatype: float64}
# - {name: distance, unit: Mpc, datatype: float64}
# - {name: x, unit: Mpc, datatype: float64}
# - {name: y, unit: Mpc, datatype: float64}
# - {name: z, unit: Mpc, datatype: float64}
# meta: !!omap
# - {EXTNAME: LSS}
# - {DESIDR: edr}
# - comments: ['Visit https://desidatamodel.readthedocs.io/en/latest/ for a more complet', e description]
# schema: astropy-2.0
RA DEC TARGETID NTILE TILES Z COMP_TILE ROSETTE_NUMBER ROSETTE_R FRACZ_TILELOCID BITWEIGHTS PROB_OBS WEIGHT_ZFAIL WEIGHT NZ WEIGHT_FKP distance x y z
[from data line 4597]
251.18365742006543 33.35075913881446 39632946763663410 5 380-383-386-389-437 0.5628451412591641 1.0 14 1.585454297842714 1.0 [-1,-1] 1.0 1.0 1.0 0.0006724560872077301 0.13333590500666823 2153.6024454720064 -580.2251356258664 -1702.807919288683 1183.9710617826333
251.17203445138767 33.34865726840668 39632946763663234 5 380-383-386-389-437 0.842346368229028 1.0 14 1.5936402899414661 1.0 [-1,-1] 1.0 1.0 1.0 0.0006366829495309179 0.1397804201853648 2984.944775854329 -804.7041757059159 -2360.0265105739704 1640.9208920266576
250.59360265444064 34.73493309416925 39632976853600716 4 380-383-386-436 0.8089425211691732 1.0 14 1.5863615956254888 1.0 [-1,-1] 1.0 1.0 1.0 0.0008239664519383997 0.11155322342262282 2892.842908097839 -789.9066704715998 -2242.262437405327 1648.2859899536713
251.9029538379882 35.956133620272276 39633001541272885 4 380-383-386-436 0.9168478094017456 1.0 14 1.5356263232529268 1.0 [-1,-1] 1.0 1.0 1.0 0.00042618922305278896 0.1953324009783564 3183.827739266514 -800.5498619225846 -2449.713047872039 1869.4343997541444
251.90450281486952 35.95722241549152 39633001541272909 4 380-383-386-436 0.9136247902031588 1.0 14 1.5362566899367753 1.0 [-1,-576460752303439873] 0.984375 1.0 1.015748031496063 0.00042618922305278896 0.1953324009783564 3175.405861090484 -798.3551855890728 -2443.220959292621 1864.538206732188
250.90797430434264 35.20961392887278 39632986768932982 5 380-383-386-436-437 0.8240305131407157 1.0 14 1.4866735078366804 1.0 [-1,-1] 1.0 1.0 1.0 0.000762533893525711 0.11946670068019369 2934.6735218009853 -784.2777828909839 -2265.878964883078 1692.0430122558332
250.5692479916265 34.04072319950165 39632961867352478 4 380-383-386-437 0.8681872510187635 1.0 14 1.6603063888469052 1.0 [-1,-1] 1.0 1.0 1.0 0.0006576102792991648 0.1359368301360722 3054.934937440663 -842.1277373895903 -2387.26088666451 1710.097600991375
251.1784134222118 33.38754262885047 39632951817797966 4 380-383-386-437 0.9515060429006872 1.0 14 1.5618841592893147 1.0 [-1,-1] 1.0 1.0 1.0 0.0003767415448896098 0.21544643941305056 3273.3784811088385 -881.779975720375 -2587.0163514308 1801.3376009051303
251.1635571955677 33.38505873030006 39632951817797701 4 380-383-386-437 0.5635897563803246 1.0 14 1.5723306887113153 1.0 [-1,-1] 1.0 1.0 1.0 0.0006724560872077301 0.13333590500666823 2156.0102315722947 -581.2426458620943 -1703.8359508817907 1186.372689233192
250.5666366622848 34.80223594567988 39632976853600322 4 380-383-386-437 0.6685694498396445 1.0 14 1.618875869791733 1.0 [-1,-1] 1.0 1.0 1.0 0.0006371005092682059 0.1397016056866948 2484.782709208747 -678.8361783759929 -1924.0829931658702 1418.1788287520383
250.59133203466905 33.98933845598622 39632961867352888 4 380-383-386-437 0.6113204727658582 1.0 14 1.6583333222905965 1.0 [-1,-1] 1.0 1.0 1.0 0.0007056687116799521 0.12786279395313782 2308.0992718148614 -635.9435010487865 -1804.9878278219007 1290.316648517286
250.56946511746781 33.98482680966265 39632961867352482 4 380-383-386-437 0.5897475924154487 1.0 14 1.676960438400749 1.0 [-1,-1] 1.0 1.0 1.0 0.0005369919189708607 0.1615383650856205 2239.9062032234024 -617.8557489126297 -1751.5165629201856 1252.047843570904
250.59080154680476 34.05028875697114 39632961867352877 4 380-383-386-437 0.8590486062765494 1.0 14 1.640464244784234 1.0 [-1,-1] 1.0 1.0 1.0 0.0006576102792991648 0.1359368301360722 3030.3068855819765 -834.3537505060805 -2368.0623728759774 1696.7304553142703
250.7556671195879 34.0362064349991 39632961871544623 7 380-383-387-388-389-436-437 0.9794048773518392 1.0 14 1.5142841771672335 1.0 [-1,-1] 1.0 1.0 1.0 0.00030269805442075816 0.25472307248715254 3344.139936546794 -913.3916042839434 -2616.3832669259705 1871.7708975674843
251.75833044516492 33.05498037644238 39632941709525743 5 380-383-387-389-437 0.8503084317288183 1.0 14 1.5710117514809858 1.0 [-1,-1] 1.0 1.0 1.0 0.0006576102792991648 0.1359368301360722 3006.6259674051066 -788.8236309279339 -2393.352900501255 1639.9447798101598
250.6467202878138 34.99087807209606 39632981815464381 3 380-383-388 0.5710127716596375 1.0 14 1.5999559419575706 1.0 [-1,-1] 1.0 1.0 1.0 0.0005369919189708607 0.1615383650856205 2179.9538048571217 -591.8369834305307 -1684.996445067742 1250.0858196395811
251.1595959670117 33.436570287843665 39632951813608377 5 380-383-388-389-437 0.8102183434853042 1.0 14 1.538365819711419 1.0 [-1,-1] 1.0 1.0 1.0 0.000762533893525711 0.11946670068019369 2896.3948097389857 -780.5394526594687 -2287.5306194474983 1595.95260638126
250.67753301197172 34.23165787278694 39632966879545241 4 380-383-388-436 0.9449059851801523 1.0 14 1.5280783609019977 1.0 [-1,-1] 1.0 1.0 1.0 0.0003671239319408774 0.21984967794317842 3256.4668210323744 -890.8563195722296 -2540.692112259668 1831.8937646775337
250.64011591661702 34.308353018618284 39632966879544654 5 380-383-388-436-437 0.6403237318193772 1.0 14 1.5464368030796019 1.0 [-1,-1] 1.0 1.0 1.0 0.0007982518636535506 0.11473445525619816 2398.379841192491 -656.7360795392294 -1869.0790939712451 1351.8383501549254
252.6497618721341 34.53439007544343 39632971904320187 5 380-383-388-436-437 0.6427789363800649 1.0 14 0.12809975352496383 1.0 [-3484404111503262215,7421928337604868990] 0.7578125 1.0 1.316326530612245 0.0007982518636535506 0.11473445525619816 2405.949371983555 -591.0523098541682 -1891.806528882669 1363.9346043124733
250.89573858622276 35.21366085288609 39632986764743301 5 380-383-388-436-437 0.9154285389807022 1.0 14 1.4973996360803032 1.0 [-1,-1] 1.0 1.0 1.0 0.00042618922305278896 0.1953324009783564 3180.1211210509305 -850.3544559976301 -2455.0865921343307 1833.7441121490856
250.7557099967388 35.10327758783221 39632981819655578 5 380-383-389-436-437 0.929502294331552 1.0 14 1.5541272721317672 1.0 [-1,-1] 1.0 1.0 1.0 0.00042618922305278896 0.1953324009783564 3216.7386009924126 -867.3887013898574 -2484.6152857873135 1849.792136821829
250.64609127560573 34.48192415208338 39632971874961918 5 380-383-389-436-437 0.7845298513119556 1.0 14 1.5281058719313618 1.0 [-1,-1] 1.0 1.0 1.0 0.0007064174578981374 0.12774458208408304 2824.347784552825 -771.5453913005106 -2196.560255526873 1598.9937964579829
250.7523236129938 33.7110832677525 39632956846772395 4 380-383-389-437 0.5215191051476791 0.75 14 1.6481261878717763 1.0 [-1,-1] 1.0 1.0 1.0 0.0006888416087567301 0.1305783864573065 2018.2499617144294 -553.4450122181686 -1585.0296427613873 1120.1395261211148
250.89827053257036 35.34299303347195 39632986764743331 4 380-383-389-437 0.7420039203099251 0.75 14 1.5605533317009386 1.0 [-1,-1] 1.0 1.0 1.0 0.0006073340474539246 0.1455520198534496 2702.5876880349224 -721.4183111507442 -2083.1284215053374 1563.3655399077454
250.570648408446 33.954004543094015 39632961867352513 4 380-383-389-437 0.9329798852443001 0.75 14 1.6860336052731697 1.0 [-1,-1] 1.0 1.0 1.0 0.0003671239319408774 0.21984967794317842 3225.73956845422 -890.05846961262 -2523.331356393343 1801.663273201791
250.6127640178603 34.479717127803305 39632971874961403 4 380-383-436-437 0.9442379129046071 1.0 14 1.5556194423966467 1.0 [-1,-1] 1.0 1.0 1.0 0.0003671239319408774 0.21984967794317842 3254.75129521223 -890.6172978680544 -2530.844317321809 1842.5617666455048
250.5923480301119 34.778155386074836 39632976853600692 3 380-383-437 0.7764632469719955 1.0 14 1.5939490469450985 1.0 [-1,-1] 1.0 1.0 1.0 0.0007064174578981374 0.12774458208408304 2801.491973005868 -764.6100013004539 -2170.302597819553 1597.97229469892
251.1300387324658 33.353016716408405 39632946763662575 3 380-383-437 0.8582480047247935 1.0 14 1.61480872676846 0.5 [-1,-1] 1.0 1.0 1.0 0.0006576102792991648 0.1359368301360722 3028.1428761719367 -818.0635102265151 -2393.461941490079 1664.8607468449916
252.49353248970337 34.206912567970704 39632966904711227 9 380-384-385-386-387-388-389-436-437 0.8536953450074304 1.0 14 0.29313606366191897 1.0 [-1,-1] 1.0 1.0 1.0 0.0006576102792991648 0.1359368301360722 3015.8173366147676 -750.2646685804905 -2378.5992773592347 1695.441716088207
252.25173950425582 33.60792547717198 39632951830383860 8 380-384-385-386-387-389-436-437 0.5549153653413733 1.0 14 0.9154790103026502 1.0 [-1,-1] 1.0 1.0 1.0 0.0006724560872077301 0.13333590500666823 2127.893061828989 -540.2306167715907 -1687.8564533619551 1177.8031907440816
251.8050311861434 35.86935877492392 39632996633939254 7 380-384-385-386-388-436-437 0.5572370612995672 1.0 14 1.4824725422643492 1.0 [-1,-1] 1.0 1.0 1.0 0.0006724560872077301 0.13333590500666823 2135.433132128157 -540.3384652368134 -1643.9352849935813 1251.2337046008906
253.58960072035438 34.44847809514931 39632971916903947 7 380-384-385-386-388-436-437 0.7092057963642613 1.0 14 0.8997178697761374 1.0 [-1,-1] 1.0 1.0 1.0 0.0005639081233901963 0.1550231922816235 2606.5102600591968 -607.2446334167419 -2061.8585240090288 1474.411447985852
253.8962474016477 34.28916109005025 39632966925681085 5 380-384-385-387-388 1.0353100422669193 1.0 14 1.1712593974035583 1.0 [-1,-1] 1.0 1.0 1.0 0.00017557006270178804 0.37077784677498654 3482.4851938212128 -798.0836070230486 -2764.345980144978 1961.9268547632837
253.63809571848452 35.69710394427551 39632996659105415 6 380-384-385-387-388-436 1.0348063681920747 1.0 14 1.5165780685783814 1.0 [-1,-1] 1.0 1.0 1.0 0.00017557006270178804 0.37077784677498654 3481.25889974393 -796.4254284833878 -2712.6792808114064 2031.3151364000323
251.80108615228252 35.847643098779756 39632996633939190 7 380-384-385-387-388-436-437 0.5927837215966477 1.0 14 1.4637227883995432 1.0 [-1,-1] 1.0 1.0 1.0 0.0006106036532175123 0.14488555312656437 2249.5578003933733 -569.4911787556565 -1732.2279328154123 1317.41279916517
251.8107520541804 35.85129070213624 39632996633939332 7 380-384-385-387-388-436-437 0.5599750007639677 1.0 14 1.4640186111460292 1.0 [-1,-1] 1.0 1.0 1.0 0.0006724560872077301 0.13333590500666823 2144.311366453799 -542.5437906979989 -1651.200578512983 1255.8877820077696
253.90559703869803 34.28879627083174 39632966925681247 6 380-384-385-387-388-437 0.7684260662668008 1.0 14 1.1789167931959401 1.0 [-1,-1] 1.0 1.0 1.0 0.0007242712797402853 0.12498917450484462 2778.6082419036275 -636.4184631550652 -2205.732174123324 1565.3692464614555
252.43244782457828 34.375740711711444 39632971900127210 6 380-384-385-387-388-437 0.6475210631575175 1.0 14 0.13617746937753988 1.0 [-19,-1] 0.984375 1.0 1.015748031496063 0.0007982518636535506 0.11473445525619816 2420.537601668297 -602.9951541508951 -1904.623331910794 1366.6781218347196
252.41376104942282 34.35898911553276 39632966904709942 6 380-384-385-387-388-437 0.5499674096213207 1.0 14 0.15793606479425634 1.0 [-1,-1] 1.0 1.0 1.0 0.0006094867785671962 0.14511252611805409 2111.788291779811 -526.7279248314443 -1661.8415404475154 1191.8431847118486
251.5067793622619 35.42779291774504 39632991709826112 7 380-384-386-387-388-436-437 0.877977388028233 1.0 14 1.2342144849130623 1.0 [-1,-1] 1.0 1.0 1.0 0.0005346154933450218 0.1621399955636538 3081.169445712763 -796.3689741827865 -2381.032205142943 1786.081534596079
253.5646971886129 34.61585309610894 39632971916903462 6 380-384-386-387-389-436 0.8648347025347282 1.0 14 0.8844508315212372 1.0 [-1,-1] 1.0 1.0 1.0 0.0006576102792991648 0.1359368301360722 3045.9157130027384 -709.2340294150057 -2404.300111538683 1730.2978344469518
251.20783224247654 33.63745628658988 39632956855158520 5 380-384-386-387-436 0.5169542789646675 1.0 14 1.3746438752473367 1.0 [-1,-1] 1.0 1.0 1.0 0.0006888416087567301 0.1305783864573065 2003.090070406475 -537.2238663876683 -1578.7921392777978 1109.5835833767262
252.99519257060746 35.80318267028824 39632996650716231 5 380-384-387-388-436 0.5195912583496758 1.0 14 1.3646241623054156 1.0 [-1,-1] 1.0 1.0 1.0 0.0006888416087567301 0.1305783864573065 2011.8526484220542 -477.1866754359242 -1560.3390250460088 1176.9392858884923
253.79804618606966 34.72627579603177 39632976899736270 7 380-385-386-387-388-389-436 0.9729951416859285 1.0 14 1.0919918650340614 1.0 [-1,-1] 1.0 1.0 1.0 0.00030269805442075816 0.25472307248715254 3327.9855888133447 -763.1900566562017 -2626.5830858963927 1895.8086163042385
250.91785367248315 34.801489879660494 39632976857795540 8 380-385-386-387-388-389-436-437 0.742370076599043 1.0 14 1.3359721972819067 1.0 [-1,-1] 1.0 1.0 1.0 0.0006073340474539246 0.1455520198534496 2703.649523543997 -725.7894852232471 -2098.0691127223263 1543.0671947584162
251.14503902198618 35.63575626172893 39632996625549884 5 380-385-386-388-436 0.9284631575932544 1.0 14 1.5873560236681818 1.0 [-1,-1] 1.0 1.0 1.0 0.00042618922305278896 0.1953324009783564 3214.045415712886 -844.185941015991 -2472.0045602947503 1872.6001936179337
253.29300517731517 35.743775770633825 39632996654910509 6 380-385-386-388-436-437 0.9180659612711406 1.0 14 1.4027281762339319 1.0 [-1,-1] 1.0 1.0 1.0 0.00042618922305278896 0.1953324009783564 3187.0066115149907 -743.616171554631 -2477.5028472168933 1861.7265570633306
254.08037171435163 35.31376847861223 39632986810878210 3 380-385-388 0.6248990635128683 1.0 14 1.5303021087709527 1.0 [-1,-1] 1.0 1.0 1.0 0.0007056687116799521 0.12786279395313782 2350.564912994643 -526.1015648788882 -1844.4954162704814 1358.7528152650432
254.07771635957556 34.753569708311915 39632976903930146 3 380-385-388 0.89645344063841 1.0 14 1.3227725146809612 1.0 [-33,-1] 0.9921875 1.0 1.0078125 0.0005723615213970424 0.15308410280969617 3130.262629816169 -705.5465623591215 -2473.189341956414 1784.3998035193981
252.10095070488688 36.13959460667877 39633006431830573 4 380-385-388-436 0.8838683553288653 0.8 14 1.6716061708762577 1.0 [-1,-1] 1.0 1.0 1.0 0.0005346154933450218 0.1621399955636538 3096.881434817886 -768.6555147420713 -2379.9382954066705 1826.4000194462003
253.27757612249945 35.777908671569676 39632996654910194 4 380-385-388-436 0.4801147384998749 0.8 14 1.4273531227851308 1.0 [-864695836309717253,-144255925564669953] 0.890625 1.0 1.1217391304347826 0.000668512811805897 0.13401699399284683 1879.202105776547 -438.6745869021626 -1460.102150450268 1098.6659507838258
253.27717923073027 35.80075730327926 39632996654910186 4 380-385-388-436 1.0444076038506185 0.8 14 1.4476630929035355 1.0 [-2305878193585782785,-1] 0.984375 1.0 1.015748031496063 0.00017557006270178804 0.37077784677498654 3504.5730685875083 -817.8793787107062 -2722.1942120999015 2050.064483512275
251.6774755999106 35.891862541340416 39633001537079703 5 380-385-388-436-437 0.8651973783829009 1.0 14 1.5456442361756249 1.0 [-1,-1] 1.0 1.0 1.0 0.0006576102792991648 0.1359368301360722 3046.892279979859 -775.9687064975269 -2343.2221718855017 1786.2628545434204
251.854196778835 36.031027016806924 39633001541272165 2 380-386 1.0218608096470063 0.6 14 1.6192698568253485 1.0 [-596867905417888819,-23653265909744105] 0.7265625 1.0 1.372340425531915 0.00020130102782971312 0.3394727840281335 3449.616206915686 -868.8134469112086 -2650.959768431488 2029.1445181749125
250.65598460002212 35.068765113524435 39632981815464504 2 380-386 0.6207740176157008 0.6 14 1.6177420053675577 1.0 [-1,-1] 1.0 1.0 1.0 0.0007056687116799521 0.12786279395313782 2337.7013721205794 -633.7675816418364 -1805.3089961791188 1343.1477156251433
251.83402641452184 36.04112759076439 39633001541271884 2 380-386 0.9173284680404968 0.6 14 1.6342166471023403 0.5 [8966658057706395643,7554626222525676542] 0.7265625 1.0 1.372340425531915 0.00042618922305278896 0.1953324009783564 3185.082334820203 -802.9471158031423 -2447.074465243736 1873.9935886654505
251.62784878112828 33.18741165881726 39632946767859762 6 380-386-387-388-389-437 0.9558921872739478 1.0 14 1.4991826184292505 1.0 [-1,-1] 1.0 1.0 1.0 0.0003767415448896098 0.21544643941305056 3284.5808009461093 -866.3929661738825 -2608.7061116271143 1797.9117579201568
252.19822686145466 33.00567713279179 39632941713722485 4 380-386-387-437 0.6407979940456883 0.6666666666666666 14 1.5152381672731783 1.0 [-1,-1] 1.0 1.0 1.0 0.0007982518636535506 0.11473445525619816 2399.842900005083 -615.2858027531255 -1916.1871500460957 1307.2475403049987
