data_rosette/LRG_4_clustering_data.ecsv
# %ECSV 1.0
# ---
# datatype:
# - {name: RA, unit: deg, datatype: float64}
# - {name: DEC, unit: deg, datatype: float64}
# - {name: TARGETID, datatype: int64}
# - {name: NTILE, datatype: int64}
# - {name: TILES, datatype: string}
# - {name: Z, datatype: float64}
# - {name: COMP_TILE, datatype: float64}
# - {name: ROSETTE_NUMBER, datatype: int32}
# - {name: ROSETTE_R, unit: deg, datatype: float64}
# - {name: FRACZ_TILELOCID, datatype: float64}
# - {name: BITWEIGHTS, datatype: string, subtype: 'int64[2]'}
# - {name: PROB_OBS, datatype: float64}
# - {name: WEIGHT_ZFAIL, datatype: float64}
# - {name: WEIGHT, datatype: float64}
# - {name: NZ, unit: h3 / Mpc3, datatype: float64}
# - {name: WEIGHT_FKP, datatype: float64}
# - {name: theta, unit: deg, datatype: float64}
# - {name: phi, unit: deg, datatype: float64}
# - {name: rho, unit: Mpc, datatype: float64}
# - {name: r, unit: Mpc, datatype: float64}
# - {name: x, unit: Mpc, datatype: float64}
# - {name: y, unit: Mpc, datatype: float64}
# - {name: z, unit: Mpc, datatype: float64}
# meta: !!omap
# - {EXTNAME: LSS}
# - {DESIDR: edr}
# - comments: ['Visit https://desidatamodel.readthedocs.io/en/latest/ for a more complet', e description]
# schema: astropy-2.0
RA DEC TARGETID NTILE TILES Z COMP_TILE ROSETTE_NUMBER ROSETTE_R FRACZ_TILELOCID BITWEIGHTS PROB_OBS WEIGHT_ZFAIL WEIGHT NZ WEIGHT_FKP theta phi rho r x y z
[from data line 1958]
193.665602555325 28.861768785425536 39628454563420049 9 109-110-112-113-114-115-118-119-454 0.9295970784281404 1.0 4 1.1599850011171517 1.0 [-1,-1] 1.0 1.0 1.0 0.0004951280553168204 0.17321314004730964 61.13823121457446 166.334397444675 3216.984175136049 3216.984175136049 3146.717430471208 -540.1982607659543 -394.13504653846974
193.12901980366763 28.47469317790287 39628449249232057 9 109-110-112-113-114-115-118-119-454 0.7298491545771796 1.0 4 1.4529251843081608 1.0 [-1,-1] 1.0 1.0 1.0 0.0006167714992318164 0.14396928707710532 61.52530682209713 166.87098019633237 2667.2051332902447 2667.2051332902447 2403.5709520939895 922.7834732770032 696.6351719132858
193.76197903001855 27.494225619132447 39628427891839854 9 109-110-112-113-114-115-118-119-454 0.46421566919847884 1.0 4 1.1230680899846244 1.0 [-1,-1] 1.0 1.0 1.0 0.0005635091211985168 0.1554616369400361 62.50577438086755 166.23802096998145 1824.8790784071903 1824.8790784071903 563.946005351948 -153.88684273042375 1728.7184251607657
193.24351749332533 28.186894165357387 39628443926662635 9 109-110-112-113-114-115-118-119-454 0.8234729244779856 1.0 4 1.3278057817930862 1.0 [-1,-1] 1.0 1.0 1.0 0.0006627118749498285 0.13533979738261318 61.81310583464261 166.75648250667467 2933.134401416178 2933.134401416178 2418.498120857235 622.8842965129965 1538.2325602257201
193.4179977532361 28.86969725457411 39628454563414723 8 109-110-112-113-114-115-118-454 0.8212758396291451 1.0 4 1.3482648019788817 1.0 [-1,-1] 1.0 1.0 1.0 0.0006627118749498285 0.13533979738261318 61.130302745425894 166.5820022467639 2927.0647177293013 2927.0647177293013 2893.347367032773 224.9510878258578 -381.63579961292584
193.20501669935769 28.09746466285966 39628438591508714 8 109-110-112-113-114-115-118-454 0.5096422992637676 1.0 4 1.3660957611007951 1.0 [-1,-1] 1.0 1.0 1.0 0.0005337442823398631 0.16272042362546515 61.902535337140336 166.79498330064231 1978.7193894582483 1978.7193894582483 1518.9145565962951 454.21096743058376 1184.0276132944182
194.77557989426924 27.556347227537678 39628427908614890 8 109-110-112-113-114-115-118-454 0.7097941693922788 1.0 4 0.6440498020298068 1.0 [-1,-1] 1.0 1.0 1.0 0.0005843703162771602 0.15074849413407446 62.44365277246232 165.22442010573076 2608.250740113424 2608.250740113424 283.07815505138694 -945.8305943534868 2414.175463428426
193.27977524390369 28.06030925957834 39628438591510083 8 109-110-112-113-114-115-119-454 0.9485994131367395 1.0 4 1.304055057818131 1.0 [-1,-1] 1.0 1.0 1.0 0.0004445766401596716 0.18918261239264766 61.93969074042166 166.72022475609631 3265.938828105431 3265.938828105431 2483.3323024079386 544.4167293041496 2050.128661718024
194.27422139700172 29.59729010163196 39628470426276497 6 109-110-112-113-114-116 0.6087596328555246 0.5 4 1.4580474780457617 1.0 [-289400325243142145,-4899916403304308737] 0.9140625 1.0 1.0932203389830508 0.0007756247847600315 0.11796159141779075 60.402709898368045 165.72577860299828 2300.051080334505 2300.051080334505 1070.3175042597577 -1055.9308203538271 -1740.5934375522563
194.6142288731225 28.551662178619498 39628449270205149 7 109-110-112-113-114-116-117 0.5292763619633182 1.0 4 0.3713979560412281 1.0 [-1,-1] 1.0 1.0 1.0 0.0006865842838717192 0.13125169390769817 61.448337821380505 165.3857711268775 2043.916069297129 2043.916069297129 877.385537100981 -1806.3684236472088 380.5530655077522
194.61563578143094 28.54550951889811 39628449270205182 7 109-110-112-113-114-116-117 0.7970730470816358 1.0 4 0.3651760980980073 1.0 [-1,-1] 1.0 1.0 1.0 0.0007229154976227362 0.12548315978664992 61.454490481101885 165.38436421856906 2859.6666975018898 2859.6666975018898 1222.553107553845 -2526.039037963603 549.71292389366
195.20682899447291 28.35146244301629 39628443956022643 8 109-110-112-113-114-116-117-118 1.0342221998834642 0.75 4 0.4298852278381623 1.0 [-1,-1] 1.0 1.0 1.0 0.00017111768859933566 0.3774092623312036 61.64853755698371 164.79317100552709 3479.8361747588306 3479.8361747588306 -451.00188912925853 -3190.1324001393914 1314.8811234263326
195.6350259177653 28.471865124414006 39628449286979857 8 109-110-112-113-114-116-117-118 0.9694922762925492 0.75 4 0.8250568066423287 1.0 [-1,-1] 1.0 1.0 1.0 0.00041974738576830407 0.19815580287489248 61.52813487558599 164.3649740822347 3319.1315187480413 3319.1315187480413 -1723.9413873841052 -2697.6551456078764 875.9662362135831
195.6217654589846 28.46345492666061 39628449286979668 8 109-110-112-113-114-116-117-118 0.9397689614488282 0.75 4 0.8113050280112561 1.0 [-1,-1] 1.0 1.0 1.0 0.0004445766401596716 0.18918261239264766 61.53654507333939 164.3782345410154 3243.2580881172266 3243.2580881172266 -1645.5777026546205 -2651.882959255762 882.2209593251858
193.47876087804596 27.59774908381101 39628427887645867 9 109-110-112-113-114-116-117-118-119 0.5953639684506621 1.0 4 1.2747161466236863 1.0 [-1,-1] 1.0 1.0 1.0 0.0007756247847600315 0.11796159141779075 62.40225091618899 166.52123912195404 2257.746181258144 2257.746181258144 940.2387734987022 15.824284817815549 2052.5882343532503
194.3081717334533 28.554706444249334 39628449266010161 9 109-110-112-113-114-116-117-118-119 0.5770637906072771 1.0 4 0.5262430608561642 1.0 [-1,-1] 1.0 1.0 1.0 0.0006621615122706149 0.13543705131792066 61.445293555750666 165.6918282665467 2199.392112521589 2199.392112521589 1486.7640356689176 -1569.8768791073935 402.9205272850713
193.65462127745263 27.118373257011065 39628417133449064 9 109-110-112-113-114-116-117-118-119 0.6245134347437771 1.0 4 1.452981294898022 1.0 [-1,-1] 1.0 1.0 1.0 0.0007214233604467519 0.12571007283523317 62.881626742988935 166.34537872254737 2349.363737317611 2349.363737317611 -115.41317507878999 18.510694569659556 2346.454159668958
194.61779768736466 29.301690652225787 39628465162420741 9 109-110-112-113-114-116-117-118-119 0.7339111487996216 1.0 4 1.1077704303366174 1.0 [-1,-1] 1.0 1.0 1.0 0.0007126833197713517 0.12705585074725267 60.69830934777421 165.38220231263534 2679.058677598095 2679.058677598095 982.7185550050648 -2041.7377850666862 -1429.309783319695
195.04662080688146 26.80851593322319 39628411756351316 9 109-110-112-113-114-116-117-118-119 0.6856758842910098 1.0 4 1.416135956700368 1.0 [-1,-1] 1.0 1.0 1.0 0.0007209928471550773 0.12577569469930108 63.19148406677681 164.95337919311854 2536.392776997224 2536.392776997224 -17.64157220542206 892.4554677060883 2374.1314901022893
195.04412007333468 26.80695190080376 39628411756351263 9 109-110-112-113-114-116-117-118-119 0.8988646118391689 1.0 4 1.4172632020644835 1.0 [-1,-1] 1.0 1.0 1.0 0.0005275616701708153 0.16431404058018498 63.19304809919624 164.95587992666532 3136.629513864329 3136.629513864329 -24.6785256374755 1108.1862911850153 2934.23905325499
194.97535588263855 28.67538940755592 39628454584387836 9 109-110-112-113-114-116-117-118-119 0.8323990499258022 1.0 4 0.5150372756871753 1.0 [-1,-1] 1.0 1.0 1.0 0.0006232532477076302 0.14268566385842998 61.32461059244408 165.02464411736145 2957.711312146028 2957.711312146028 268.32538652152175 -2939.5188450391834 187.84741841228168
193.62117449346383 28.34622346303225 39628443935047907 10 109-110-112-113-114-116-117-118-119-454 0.8268173951868814 1.0 4 1.0048482157142675 1.0 [-1,-1] 1.0 1.0 1.0 0.0006627118749498285 0.13533979738261318 61.653776536967754 166.37882550653617 2942.358446911131 2942.358446911131 2696.9530958357464 -340.4891224647183 1126.0481279476792
194.05172918876542 27.61259270971157 39628427896034335 10 109-110-112-113-114-116-117-118-119-454 0.6799225653455327 1.0 4 0.8519494105455774 1.0 [-1,-1] 1.0 1.0 1.0 0.0007209928471550773 0.12577569469930108 62.38740729028843 165.94827081123458 2519.0949830707905 2519.0949830707905 919.8793943961552 -571.7832512003432 2274.3626243729373
194.3404342399144 28.28455303846977 39628443943439656 10 109-110-112-113-114-116-117-118-119-454 0.8893956699716634 1.0 4 0.3705833884734014 1.0 [-1,-1] 1.0 1.0 1.0 0.0005690156306133545 0.15418916366201427 61.71544696153023 165.6595657600856 3111.5732431961774 3111.5732431961774 1856.0096994766548 -2090.9183969396054 1365.7145750714042
193.31922557725832 27.879697657561024 39628438595699417 10 109-110-112-113-114-116-117-118-119-454 0.41245057384716866 1.0 4 1.3028087463152471 1.0 [-1,-1] 1.0 1.0 1.0 0.0006262316776515472 0.14210347001521706 62.120302342438976 166.68077442274168 1644.3802288714862 1644.3802288714862 1057.1385714965638 188.39834513648324 1245.3716077169418
193.7836309465935 28.147621218449935 39628443935050711 10 109-110-112-113-114-116-117-118-119-454 0.8179653370420127 1.0 4 0.853479504105427 1.0 [-1,-1] 1.0 1.0 1.0 0.0006627118749498285 0.13533979738261318 61.852378781550065 166.2163690534065 2917.903900519441 2917.903900519441 2322.656474992537 -688.1594925480096 1626.6119957315802
194.6510770654676 29.284872583576828 39628465162421334 10 109-110-112-113-114-116-117-118-119-454 0.7163995384248888 1.0 4 1.088334046378348 1.0 [-1,-1] 1.0 1.0 1.0 0.0006167714992318164 0.14396928707710532 60.71512741642317 165.3489229345324 2627.7475610255037 2627.7475610255037 906.114815619234 -2054.881074547245 -1364.3595401720047
195.47218861270238 29.129466559576425 39628465175003548 10 109-110-112-113-114-116-117-118-119-454 0.8465011574585509 1.0 4 1.1249170524262808 1.0 [-1,-1] 1.0 1.0 1.0 0.0006232532477076302 0.14268566385842998 60.87053344042357 164.52781138729762 2996.2714705510552 2996.2714705510552 -1093.7450695092143 -2545.663210019241 -1140.597768416633
195.72809285616646 28.572003212456288 39628449286981161 10 109-110-112-113-114-116-117-118-119-454 0.7135133620934597 1.0 4 0.9374557426771947 1.0 [-1,-1] 1.0 1.0 1.0 0.0006167714992318164 0.14396928707710532 61.42799678754371 164.27190714383354 2619.2381737545884 2619.2381737545884 -1587.054622009682 -2037.7053735786153 435.22758196122095
193.9631555834444 28.723815534026585 39628454571802780 9 109-110-112-113-114-116-117-118-454 1.053863930622814 1.0 4 0.8676874142436595 1.0 [-1,-1] 1.0 1.0 1.0 0.0001568149373683449 0.39812733398474315 61.276184465973415 166.0368444165556 3527.408182217794 3527.408182217794 3148.443658681786 -1589.674106207504 53.35961147596778
193.90654752278425 28.74875296860122 39628454567613234 9 109-110-112-113-114-116-117-118-454 0.5450111665392768 1.0 4 0.9224011263193926 1.0 [-1,-1] 1.0 1.0 1.0 0.0007045118177349687 0.128340413101622 61.251247031398776 166.09345247721575 2095.6079812877947 2095.6079812877947 1921.0320180905603 -837.1297432894289 -20.55698441378305
193.58451108791905 28.90453414148157 39628459860823335 9 109-110-112-113-114-116-117-119-454 0.8021247324074202 1.0 4 1.242733542215146 1.0 [-1,-1] 1.0 1.0 1.0 0.0007229154976227362 0.12548315978664992 61.09546585851843 166.41548891208095 2873.8156743913546 2873.8156743913546 2823.3061812007895 -251.71706326136564 -473.7058767145746
194.17765998014278 27.927916851990993 39628438608282504 9 109-110-112-113-114-116-117-119-454 0.7338009341844077 1.0 4 0.5736717955798777 1.0 [-1,-1] 1.0 1.0 1.0 0.0007126833197713517 0.12705585074725267 62.07208314800901 165.82234001985722 2678.737439689796 2678.737439689796 1432.2109006230385 -1163.0867166775722 1942.0698999831525
194.02849131261632 27.23552175923138 39628422523131033 9 109-110-112-113-114-116-117-119-454 0.6230062394064314 1.0 4 1.1567871894538884 1.0 [-1,-1] 1.0 1.0 1.0 0.0007214233604467519 0.12571007283523317 62.764478240768625 165.97150868738368 2344.6663433714198 2344.6663433714198 135.9636835205468 -80.19435170457228 2339.3467046286473
195.67579626028424 26.94643756672074 39628417162811491 7 109-110-112-113-114-116-118 0.43508991803352864 1.0 4 1.498273656431565 1.0 [-1,-1] 1.0 1.0 1.0 0.0005288673958748294 0.16397488484989944 63.05356243327926 164.32420373971576 1724.0087752475831 1724.0087752475831 216.99381790336028 310.8607481702905 1681.8101959999535
196.20506223209523 27.641945171336722 39628433289906255 8 109-110-112-113-114-116-118-119 0.5065300484355745 1.0 4 1.4015586782516325 1.0 [-1,-1] 1.0 1.0 1.0 0.0005337442823398631 0.16272042362546515 62.35805482866328 163.79493776790477 1968.3135772874134 1968.3135772874134 -815.5296621579499 -376.11344450781985 1751.487477984064
196.30278316175526 27.7268895168008 39628433289907868 9 109-110-112-113-114-116-118-119-454 0.9442733645733704 1.0 4 1.4507846113263647 1.0 [-1,-1] 1.0 1.0 1.0 0.0004445766401596716 0.18918261239264766 62.273110483199204 163.69721683824474 3254.8423477288056 3254.8423477288056 -1629.881449027954 -566.2978357854971 2759.8536069632323
193.32130697411043 28.282858924042912 39628443926663819 9 109-110-112-113-114-116-118-119-454 0.7318588693576499 1.0 4 1.2613405790253969 1.0 [-1,-1] 1.0 1.0 1.0 0.0007126833197713517 0.12705585074725267 61.71714107595709 166.67869302588957 2673.073455654653 2673.073455654653 2363.4878519091358 416.1361460290036 1177.3179609483477
196.31050526866952 27.73007674019844 39628433289908020 9 109-110-112-113-114-116-118-119-454 0.6585312002222135 1.0 4 1.456182985913103 1.0 [-1,-1] 1.0 1.0 1.0 0.000700708733790897 0.12894715825466588 62.26992325980156 163.68949473133048 2454.246098928688 2454.246098928688 -1238.514473303574 -419.6284271269951 2076.852858695381
193.43310338959049 28.998204023052505 39628459860820552 9 109-110-112-113-114-116-118-119-454 0.7699625227820249 1.0 4 1.4049648287339422 1.0 [-1,-1] 1.0 1.0 1.0 0.0006416626200019751 0.139161677870846 61.00179597694749 166.56689661040951 2782.9915094679804 2782.9915094679804 2684.733448231209 167.9768527124011 -713.4646667300825
193.94817435159857 28.1561848700042 39628443939242950 8 109-110-112-113-114-116-118-454 0.9216711682570005 1.0 4 0.7081519946428472 1.0 [-1,-1] 1.0 1.0 1.0 0.0004951280553168204 0.17321314004730964 61.843815129995804 166.05182564840143 3196.4012131619234 3196.4012131619234 2400.129799868014 -1167.0564867646365 1759.0727148100289
194.3109661844368 28.290563059423345 39628443943439102 9 109-110-112-113-114-117-118-119-454 0.8165495336985763 1.0 4 0.3972192657031006 1.0 [-1,-1] 1.0 1.0 1.0 0.0006627118749498285 0.13533979738261318 61.70943694057665 165.6890338155632 2913.98050539133 2913.98050539133 1800.3255474646007 -1911.6386121875134 1263.229244967355
194.31049598391644 28.290965989163343 39628443943439089 9 109-110-112-113-114-117-118-119-454 0.8114977013207548 1.0 4 0.3977138333029482 1.0 [-1,-1] 1.0 1.0 1.0 0.0006627118749498285 0.13533979738261318 61.70903401083666 165.68950401608356 2899.953808930073 2899.953808930073 1792.9011642774458 -1901.9625625214398 1256.0955058543514
194.01706059110174 29.471201334522494 39628470422083855 9 109-110-112-113-114-117-118-119-454 0.6970095042751875 1.0 4 1.424135004571736 1.0 [-1,-1] 1.0 1.0 1.0 0.0005843703162771602 0.15074849413407446 60.52879866547751 165.98293940889826 2570.291490169831 2570.291490169831 1657.385260617435 -952.1960400164888 -1718.3699088684145
194.30133620034954 27.718118942684708 39628433260547112 8 109-110-112-113-114-117-118-454 0.5845474717586053 1.0 4 0.6239060860392593 1.0 [-1,-1] 1.0 1.0 1.0 0.0006621615122706149 0.13543705131792066 62.28188105731529 165.69866379965046 2223.333984455344 2223.333984455344 804.807726383545 -838.2463181955536 1895.4792639380212
194.21975735043947 28.86765092326287 39628454571807067 8 109-110-112-113-114-117-118-454 0.4685979675827724 1.0 4 0.8140987367404245 1.0 [-1,-1] 1.0 1.0 1.0 0.0005635091211985168 0.1554616369400361 61.13234907673713 165.78024264956053 1839.904164494419 1839.904164494419 1366.7823670350535 -1208.8769185911642 -236.156497652496
193.75924512446517 28.12910321771821 39628443935050273 8 109-110-112-113-114-117-118-454 0.5248145797799797 1.0 4 0.8763152562817316 1.0 [-1,-1] 1.0 1.0 1.0 0.0006865842838717192 0.13125169390769817 61.87089678228179 166.24075487553483 2029.168294687515 2029.168294687515 1605.9090979157763 -433.4988508695997 1162.1784216251444
