data_rosette/LRG_17_clustering_data.ecsv
# %ECSV 1.0
# ---
# datatype:
# - {name: RA, unit: deg, datatype: float64}
# - {name: DEC, unit: deg, datatype: float64}
# - {name: TARGETID, datatype: int64}
# - {name: NTILE, datatype: int64}
# - {name: TILES, datatype: string}
# - {name: Z, datatype: float64}
# - {name: COMP_TILE, datatype: float64}
# - {name: ROSETTE_NUMBER, datatype: int32}
# - {name: ROSETTE_R, unit: deg, datatype: float64}
# - {name: FRACZ_TILELOCID, datatype: float64}
# - {name: BITWEIGHTS, datatype: string, subtype: 'int64[2]'}
# - {name: PROB_OBS, datatype: float64}
# - {name: WEIGHT_ZFAIL, datatype: float64}
# - {name: WEIGHT, datatype: float64}
# - {name: NZ, unit: h3 / Mpc3, datatype: float64}
# - {name: WEIGHT_FKP, datatype: float64}
# - {name: distance, unit: Mpc, datatype: float64}
# - {name: x, unit: Mpc, datatype: float64}
# - {name: y, unit: Mpc, datatype: float64}
# - {name: z, unit: Mpc, datatype: float64}
# meta: !!omap
# - {EXTNAME: LSS}
# - {DESIDR: edr}
# - comments: ['Visit https://desidatamodel.readthedocs.io/en/latest/ for a more complet', e description]
# schema: astropy-2.0
RA DEC TARGETID NTILE TILES Z COMP_TILE ROSETTE_NUMBER ROSETTE_R FRACZ_TILELOCID BITWEIGHTS PROB_OBS WEIGHT_ZFAIL WEIGHT NZ WEIGHT_FKP distance x y z
[from data line 4736]
211.45732063507825 -1.4929165153303967 39627752034276423 4 512-515-518-520 0.943585211039565 0.875 17 1.612280972956044 1.0 [-1,-1] 1.0 1.0 1.0 0.0004445766401596716 0.18918261239264766 3253.074582147853 -2774.0254427791847 -1697.083946051853 -84.753524311668
211.9961201610273 -2.045626012069225 39627739963069374 4 512-515-518-520 0.5391695599094608 0.875 17 1.6539887069010377 1.0 [-40532407921164417,-595179388146954881] 0.84375 1.0 1.18348623853211 0.0007045118177349687 0.128340413101622 2076.474704263708 -1759.9026598233902 -1099.5435352817467 -74.12043856945732
211.45035780568887 -1.4910842824279094 39627752034276247 4 512-515-518-520 0.7164221583534813 0.875 17 1.617072041721338 1.0 [-1,-1] 1.0 1.0 1.0 0.0006167714992318164 0.14396928707710532 2627.8141929857584 -2241.009610071467 -1370.6230773367636 -68.3793850266643
211.23811216870175 -0.5315951677045587 39627776189272440 4 512-515-518-520 0.9212233673208485 0.875 17 1.5633088727411257 0.3333333333333333 [-4918085073213330737,-42198171125953] 0.7734375 1.0 1.29 0.0004951280553168204 0.17321314004730964 3195.2354106392677 -2731.870957858159 -1656.964561646644 -29.64524348663875
211.47311766038752 -1.4859331905892383 39627752034276810 4 512-515-518-520 1.0400442171069002 0.875 17 1.5952667193111214 1.0 [-8650754,-9007491312517129] 0.9453125 1.0 1.0573770491803278 0.00017111768859933566 0.3774092623312036 3493.9938753726888 -2978.973630696437 -1823.595382914638 -90.60457035691859
211.99469364899443 -2.042918570511001 39627739963069344 4 512-515-518-520 0.5417934844674078 0.875 17 1.6523174909596845 1.0 [-297281531281429,-288239447202332674] 0.859375 1.0 1.162162162162162 0.0007045118177349687 0.128340413101622 2085.0773508916955 -1767.224246479773 -1104.0567080147287 -74.32904777547604
211.46363290836865 -1.4777544399089078 39627752034276593 4 512-515-518-520 0.7181771144700257 0.875 17 1.5986581298962472 1.0 [-1,-1] 1.0 1.0 1.0 0.0006167714992318164 0.14396928707710532 2632.9810089076045 -2245.1111749131537 -1373.8464961813838 -67.90147626024
211.25180015465216 -0.5380431746505774 39627776193462336 4 512-515-518-520 0.6065830869326311 0.875 17 1.5493626944299546 1.0 [-144117387237607939,8065946931538362327] 0.8671875 1.0 1.1517857142857142 0.0007756247847600315 0.11796159141779075 2293.2007735706275 -1960.3607457457294 -1189.6603757296814 -21.534271821577825
211.46141558494122 -1.453170717189402 39627752034276541 4 512-515-518-520 0.7505509104635509 0.875 17 1.5871673481779303 1.0 [-1,-1] 1.0 1.0 1.0 0.0006416626200019751 0.139161677870846 2727.312118226325 -2325.6267729389815 -1422.9925495987184 -69.16434775316569
213.50599486938592 -1.9533326481345976 39627739992424628 5 512-515-518-520-521 0.5388759383049199 1.0 17 1.526324798042339 1.0 [-1,-1] 1.0 1.0 1.0 0.0007045118177349687 0.128340413101622 2075.51120149344 -1729.6138692680838 -1145.066715936428 -70.74480062021495
212.60074427781117 -2.189790981406864 39627733935851532 5 512-515-518-520-521 0.51770380227629 1.0 17 1.6022209990022065 1.0 [-1,-1] 1.0 1.0 1.0 0.0006865842838717192 0.13125169390769817 2005.5821294941497 -1688.3595941919011 -1079.781909164421 -76.63280947274352
213.38565514805137 -1.9845585354687652 39627739988232917 5 512-515-518-520-521 1.087372033486278 1.0 17 1.5032641578398056 1.0 [-1,-1] 1.0 1.0 1.0 0.0001075182622224553 0.4910338705006151 3607.321092389305 -3010.2547309090032 -1983.8161180490113 -124.922089342446
212.05678909976692 -2.0348899605501236 39627739967259875 5 512-515-518-520-521 0.9164299984750084 1.0 17 1.6158436642688518 1.0 [-1,-1] 1.0 1.0 1.0 0.0004951280553168204 0.17321314004730964 3182.736894454879 -2695.7399261188593 -1688.20274002024 -113.0128251178901
213.40284556836463 -2.018309973899402 39627739988233317 5 512-515-518-520-521 0.43371478051524714 1.0 17 1.5410443470206527 1.0 [-1,-1] 1.0 1.0 1.0 0.0005288673958748294 0.16397488484989944 1719.2026789899714 -1434.3352986374275 -945.8720826959192 -60.54837492006495
211.81830942092589 -1.8237383814832846 39627746002863485 5 512-515-518-520-521 0.8642582817526271 1.0 17 1.5686887095227013 1.0 [-1,-1] 1.0 1.0 1.0 0.0006812235016579503 0.1321480675826358 3044.363163912122 -2585.5588728166717 -1604.2585220341145 -96.88644623953545
211.50307539448139 -1.466325370849458 39627752038465625 5 512-515-518-520-521 0.4113912151117643 1.0 17 1.559472389200257 1.0 [-1,-1] 1.0 1.0 1.0 0.0006262316776515472 0.14210347001521706 1640.6278159985068 -1398.3610954352428 -857.0200290530905 -41.98270123536898
211.27761595539033 -0.591978088054637 39627776193462915 5 512-515-518-520-521 0.9360516424229036 1.0 17 1.5223228134858542 1.0 [-1,-1] 1.0 1.0 1.0 0.0004445766401596716 0.18918261239264766 3233.6746732826355 -2763.5504742590188 -1678.7866052083227 -33.409624742365246
211.79429636621109 -1.8231695771916938 39627746002863019 5 512-515-518-520-521 0.5465673876916991 1.0 17 1.5833802278587634 1.0 [-1,-1] 1.0 1.0 1.0 0.0007045118177349687 0.128340413101622 2100.69371361773 -1784.57057563235 -1106.234707942908 -66.83344943020694
212.1200775854736 -2.009446440078297 39627739967261326 5 512-515-518-520-521 0.5446889090123126 1.0 17 1.564790955866618 1.0 [-1,-1] 1.0 1.0 1.0 0.0007045118177349687 0.128340413101622 2094.5542429911466 -1772.8617979444616 -1112.9800086463238 -73.44400979640746
212.87415647314964 -2.171866090675699 39627733940046047 5 512-515-518-520-521 0.7915343224234046 1.0 17 1.5736132393944453 1.0 [-1,-1] 1.0 1.0 1.0 0.0007229154976227362 0.12548315978664992 2844.103875413027 -2386.9467703333653 -1542.6583256284023 -107.78339437914063
211.51479549543728 -1.4304965476759028 39627752038465919 5 512-515-518-520-521 0.8802803738269436 1.0 17 1.5300090245472278 1.0 [-1,-1] 1.0 1.0 1.0 0.0005690156306133545 0.15418916366201427 3087.3184099464306 -2631.1347675245725 -1613.2961913033548 -77.07268416022637
212.59951098286163 -2.185516186676085 39627733935851493 5 512-515-518-520-521 0.5572879399377925 1.0 17 1.5981336331635057 1.0 [-1,-1] 1.0 1.0 1.0 0.000677088223595666 0.13284793461577618 2135.5982494361488 -1797.8409624342407 -1149.7456427260067 -81.44147481982371
211.5433104250645 -1.4509984296282437 39627752038466581 4 512-515-518-521 0.7506657784089228 1.0 17 1.5175414582832494 1.0 [-1,-1] 1.0 1.0 1.0 0.0006416626200019751 0.139161677870846 2727.643531677076 -2323.8750535396784 -1426.4898855034223 -69.0693708686082
212.8800360009676 -2.242769456186068 39627733940046177 4 512-515-518-521 0.6979179570797676 1.0 17 1.6447166524259758 1.0 [-1,-1] 1.0 1.0 1.0 0.0005843703162771602 0.15074849413407446 2572.998553393139 -2159.1723062878314 -1395.7642462633369 -100.6909945119822
212.9108325799256 -2.230754958112176 39627733940046824 4 512-515-518-521 0.5903122699505433 1.0 17 1.6345143833414761 1.0 [-1,-1] 1.0 1.0 1.0 0.0007756247847600315 0.11796159141779075 2241.702615223261 -1880.521598727471 -1217.06838137368 -87.25644319324198
212.87126793797538 -2.2532648359340026 39627733940045982 4 512-515-518-521 0.6370045277718901 1.0 17 1.654799152633651 1.0 [-8215489447530633217,-17592740233217] 0.859375 1.0 1.162162162162162 0.000833303205902425 0.11070054926254569 2388.1285394932484 -2004.2195328653345 -1295.162539221862 -93.89346207055083
211.52478177495937 -1.4603437560693866 39627752038466157 4 512-515-518-521 0.6089281228687901 1.0 17 1.5381211439188376 1.0 [-1,-1] 1.0 1.0 1.0 0.0007756247847600315 0.11796159141779075 2300.580995427112 -1960.4107179754951 -1202.507882619603 -58.63041535692384
213.04681449822118 -2.2609649792990294 39627733944239083 4 512-515-518-521 0.7490943719780526 1.0 17 1.6791902285020384 1.0 [-1,-1] 1.0 1.0 1.0 0.0007126833197713517 0.12705585074725267 2723.1077545292383 -2280.8007875052904 -1483.8202471909638 -107.42943972052078
212.60286821552612 -2.2352189796685296 39627733935851570 4 512-515-518-521 0.744051169141093 1.0 17 1.6470505840515237 1.0 [-1,-1] 1.0 1.0 1.0 0.0007126833197713517 0.12705585074725267 2708.5215825747546 -2279.9913504755837 -1458.2761221468977 -105.63785593234444
213.1786474250468 -2.2063737367449554 39627733944242297 4 512-515-518-521 0.7910115855652082 1.0 17 1.6503681640756407 1.0 [-1,-1] 1.0 1.0 1.0 0.0007229154976227362 0.12548315978664992 2842.6323856931444 -2377.429405337529 -1554.4811145750582 -109.43841764857999
212.20013040185884 -2.1243790900910815 39627739967262995 4 512-515-518-521 0.6930693600606124 1.0 17 1.6380935670752073 1.0 [-1,-1] 1.0 1.0 1.0 0.0005843703162771602 0.15074849413407446 2558.533072356693 -2163.5221118037075 -1362.44946349643 -94.84204498899508
213.00885432210276 -2.248542317136039 39627733944238277 4 512-515-518-521 0.8848081566646077 1.0 17 1.661710545644817 1.0 [-1,-1] 1.0 1.0 1.0 0.0005690156306133545 0.15418916366201427 3099.382890196739 -2597.0990952979473 -1687.1465387633925 -121.60240945630255
211.4883118144638 -1.48456722675469 39627752034277198 4 512-515-518-521 0.718111355945617 1.0 17 1.5818917644714994 1.0 [-1,-1] 1.0 1.0 1.0 0.0006167714992318164 0.14396928707710532 2632.787506761201 -2244.347358519789 -1374.7081374247603 -68.20943454723026
213.63519845022324 -1.921336151993952 39627739992427396 4 512-515-518-521 0.9003268700165057 1.0 17 1.5630473686874389 1.0 [-1,-1] 1.0 1.0 1.0 0.0005275616701708153 0.16431404058018498 3140.4862569975858 -2613.239573166925 -1738.5472139479762 -105.29220530876603
211.73126136446507 -1.8504498725040261 39627745998673195 3 512-515-520 0.9510574120883871 0.6666666666666666 17 1.644767317654265 1.0 [-1,-1] 1.0 1.0 1.0 0.00041974738576830407 0.19815580287489248 3272.2310257903728 -2781.6605809439775 -1720.0859333529695 -105.6630514833441
212.07226230825006 -2.048926103055506 39627739967260177 3 512-515-520 0.8844704168518033 0.6666666666666666 17 1.6213197691503807 0.5 [-5746265033334276162,-3297113884920257242] 0.53125 1.0 1.8695652173913044 0.0005690156306133545 0.15418916366201427 3098.484095000615 -2623.911958750981 -1644.2072763149133 -110.7797463820118
211.59302794185012 -1.5729222444550357 39627752038467705 4 512-515-520-521 0.5493301700298636 0.6666666666666666 17 1.5500969136364455 1.0 [-1,-1] 1.0 1.0 1.0 0.0007045118177349687 0.128340413101622 2109.7106646328184 -1796.3547778566465 -1104.8235341711065 -57.90992038254594
212.1121163594737 -2.0112336303692038 39627739967261142 4 512-515-520-521 0.539039631718273 0.6666666666666666 17 1.5698709018213317 1.0 [-1,-1] 1.0 1.0 1.0 0.0007045118177349687 0.128340413101622 2076.048373380478 -1757.3494959484196 -1102.9011934818714 -72.85983201893968
213.55183598168617 -2.0148720797533146 39627739992425614 3 512-515-521 0.6465503348189177 1.0 17 1.6021227488660907 1.0 [-1,-1] 1.0 1.0 1.0 0.000833303205902425 0.11070054926254569 2417.554773932981 -2013.5109839714582 -1335.3351056451052 -84.99857660109248
213.06859921457294 -2.214290571350878 39627733944239609 3 512-515-521 0.602603195353765 1.0 17 1.6364691570122347 1.0 [-1,-1] 1.0 1.0 1.0 0.0007756247847600315 0.11796159141779075 2280.651246041573 -1909.799430794964 -1243.4916669523332 -88.11761700317776
213.0758686169499 -2.216863140998477 39627733944239803 3 512-515-521 0.5994046221768604 1.0 17 1.640213058294994 1.0 [-1,-1] 1.0 1.0 1.0 0.0007756247847600315 0.11796159141779075 2270.543337901206 -1901.1747613316325 -1238.2195492078235 -87.82894809079333
212.72669255327165 -2.2607391607147256 39627733935853975 3 512-515-521 0.7916680027204496 1.0 17 1.6623552016347953 1.0 [-1,-1] 1.0 1.0 1.0 0.0007229154976227362 0.12548315978664992 2844.4801070585413 -2391.081986864764 -1536.6208745614413 -112.20650339732724
212.22306511694936 -1.944121701429531 39627739967263411 6 512-516-517-518-519-520 0.839456439318717 1.0 17 1.462647491552695 1.0 [-1,-1] 1.0 1.0 1.0 0.0006232532477076302 0.14268566385842998 2977.0496094748423 -2517.070515406473 -1586.4993649928756 -100.99585448376376
211.54539029888204 0.2195716805712593 39627794317050791 5 512-516-517-518-520 0.8836202815464348 1.0 17 1.4985656652206458 1.0 [-1,-1] 1.0 1.0 1.0 0.0005690156306133545 0.15418916366201427 3096.2209058220305 -2638.6604831470077 -1619.8499816938424 11.865459715313818
211.52402095258367 0.18825158425411165 39627794317050365 4 512-516-517-519 0.8609470943782888 1.0 17 1.4998054498638558 1.0 [-1,-1] 1.0 1.0 1.0 0.0006812235016579503 0.1321480675826358 3035.434304995559 -2587.454084782251 -1587.0864228723938 9.973235263745996
212.92817161210667 -0.7046790009097254 39627770178834145 5 512-516-517-519-520 0.6504156659354555 1.0 17 0.16547967053679616 1.0 [-1,-1] 1.0 1.0 1.0 0.000700708733790897 0.12894715825466588 2429.4215954587303 -2038.9873307343396 -1320.5026396173532 -29.878626971444277
213.10101689007072 -1.7026882115449045 39627746023836162 6 512-516-517-519-520-521 0.8801020723502876 1.0 17 1.1430192811476174 1.0 [-1,-1] 1.0 1.0 1.0 0.0005690156306133545 0.15418916366201427 3086.8426483145267 -2584.7341936469306 -1685.0323923602248 -91.71979253448816
214.03177842708106 0.2302430876953912 39627794358993631 3 512-516-519 0.7825123029150115 1.0 17 1.485442469423738 1.0 [-1,-1] 1.0 1.0 1.0 0.0007324854237337303 0.12404708914385561 2818.6417489249725 -2335.8664927472637 -1577.4475405333776 11.326681271415406
213.59876966445552 -1.8887560094343856 39627739992426653 4 512-516-519-520 0.544809019353151 1.0 17 1.5161125253254748 1.0 [-1,-1] 1.0 1.0 1.0 0.0007045118177349687 0.128340413101622 2094.947011561943 -1744.0027322440587 -1158.6586648347554 -69.04744441987306
214.0942386209928 -1.45468195642616 39627752080410390 4 512-516-519-521 1.003183401777857 1.0 17 1.5507950461121969 1.0 [-1,-1] 1.0 1.0 1.0 0.0002622817504223413 0.28340640119267335 3403.538502904958 -2817.6187284865073 -1907.2581215884427 -86.40312073950318
212.4676689054688 -1.3194854564191654 39627758090850921 4 512-516-519-521 0.6037278736134785 1.0 17 0.7925092050960856 1.0 [-1,-1] 1.0 1.0 1.0 0.0007756247847600315 0.11796159141779075 2284.2007018639038 -1926.6565559234966 -1225.8877201969824 -52.59904355409884
211.5010075463636 0.25714313703334324 39627794317049897 3 512-517-518 1.0524393588355365 1.0 17 1.5562869835618913 1.0 [-1,-1] 1.0 1.0 1.0 0.0001568149373683449 0.39812733398474315 3523.9761681154973 -3004.6209799854646 -1841.3067829720887 15.815532180372054
212.4468483378188 -1.9167164203942548 39627739971456964 6 512-517-518-519-520-521 1.0954030866083078 1.0 17 1.3632287359728203 1.0 [-1,-1] 1.0 1.0 1.0 4.689797466212482e-05 0.6886505109163528 3626.2449767633448 -3058.437980715627 -1944.4534987957925 -121.28619310667744
214.01568275979525 -0.10528184243267895 39627788319195613 5 512-517-518-519-521 0.497300840637432 1.0 17 1.312465412992122 1.0 [-1,-1] 1.0 1.0 1.0 0.0005337442823398631 0.16272042362546515 1937.3403939466066 -1605.8286770512461 -1083.7847522284403 -3.559889629679265
211.22999597264237 -0.8996809540849116 39627764109677457 4 512-517-518-520 0.9133109699799968 1.0 17 1.5982157300983535 1.0 [-1,-1] 1.0 1.0 1.0 0.0004951280553168204 0.17321314004730964 3174.5849720811893 -2714.230548628164 -1645.7392249309535 -49.84653830555378
213.06975676044308 -0.26068191143880415 39627782262621558 5 512-517-518-520-521 0.42496504134481583 1.0 17 0.4334756709235748 1.0 [-1,-1] 1.0 1.0 1.0 0.0006262316776515472 0.14210347001521706 1688.5297672726003 -1414.9848771303277 -921.3531101465092 -7.682374729708686
211.31918262068726 0.05531628124987781 39627788273059112 3 512-517-520 0.5395417087777769 1.0 17 1.6193165495505843 1.0 [-1,-1] 1.0 1.0 1.0 0.0007045118177349687 0.128340413101622 2077.695643304773 -1774.9430781796957 -1079.9964035776118 2.0059135189196473
211.27151194858683 -0.08217441087871932 39627788273058245 3 512-517-520 1.0318861855738404 1.0 17 1.6137906804348183 1.0 [-1,-1] 1.0 1.0 1.0 0.00017111768859933566 0.3774092623312036 3474.1420256459223 -2969.40531648313 -1803.4051274976894 -4.982661529698559
