data_rosette/LRG_2_clustering_data.ecsv
# %ECSV 1.0
# ---
# datatype:
# - {name: RA, unit: deg, datatype: float64}
# - {name: DEC, unit: deg, datatype: float64}
# - {name: TARGETID, datatype: int64}
# - {name: NTILE, datatype: int64}
# - {name: TILES, datatype: string}
# - {name: Z, datatype: float64}
# - {name: COMP_TILE, datatype: float64}
# - {name: ROSETTE_NUMBER, datatype: int32}
# - {name: ROSETTE_R, unit: deg, datatype: float64}
# - {name: FRACZ_TILELOCID, datatype: float64}
# - {name: BITWEIGHTS, datatype: string, subtype: 'int64[2]'}
# - {name: PROB_OBS, datatype: float64}
# - {name: WEIGHT_ZFAIL, datatype: float64}
# - {name: WEIGHT, datatype: float64}
# - {name: NZ, unit: h3 / Mpc3, datatype: float64}
# - {name: WEIGHT_FKP, datatype: float64}
# - {name: theta, unit: deg, datatype: float64}
# - {name: phi, unit: deg, datatype: float64}
# - {name: rho, unit: Mpc, datatype: float64}
# - {name: r, unit: Mpc, datatype: float64}
# - {name: x, unit: Mpc, datatype: float64}
# - {name: y, unit: Mpc, datatype: float64}
# - {name: z, unit: Mpc, datatype: float64}
# meta: !!omap
# - {EXTNAME: LSS}
# - {DESIDR: edr}
# - comments: ['Visit https://desidatamodel.readthedocs.io/en/latest/ for a more complet', e description]
# schema: astropy-2.0
RA DEC TARGETID NTILE TILES Z COMP_TILE ROSETTE_NUMBER ROSETTE_R FRACZ_TILELOCID BITWEIGHTS PROB_OBS WEIGHT_ZFAIL WEIGHT NZ WEIGHT_FKP theta phi rho r x y z
[from data line 670]
182.62850113748405 0.8382488988933166 39627805910109654 11 55-56-57-58-59-60-61-63-64-65-448 1.0619513480848903 1.0 2 0.9617466049738418 1.0 [-1,-1] 1.0 1.0 1.0 0.0001568149373683449 0.39812733398474315 89.16175110110669 177.37149886251595 3546.8382231446703 3546.8382231446703 423.1105534101167 3274.9049880967327 1294.618152078893
182.68726529969246 1.021562769250131 39627811949908630 11 55-56-57-58-59-60-61-63-64-65-448 0.849478048922674 1.0 2 1.1017814541607505 1.0 [-1,-1] 1.0 1.0 1.0 0.0006232532477076302 0.14268566385842998 88.97843723074988 177.31273470030754 3004.369627052015 3004.369627052015 474.7617800881793 2505.737754182826 1588.1172549226249
182.3042008310401 -0.3583925414985643 39627781746721814 11 55-56-57-58-59-60-61-63-64-65-448 0.5747117966546198 1.0 2 0.8727733218901966 1.0 [-1,-1] 1.0 1.0 1.0 0.0006621615122706149 0.13543705131792066 90.35839254149856 177.6957991689599 2191.8450566697575 2191.8450566697575 -290.00066038013716 1462.021505216529 -1607.0399770108806
184.16390090532184 -1.028614563602753 39627763656690867 11 55-56-57-58-59-60-61-63-64-65-448 0.5526566122602466 1.0 2 1.4798011519336092 1.0 [-1,-1] 1.0 1.0 1.0 0.000677088223595666 0.13284793461577618 91.02861456360276 175.83609909467816 2120.5471991633817 2120.5471991633817 163.61948610467482 -15.27540650961049 -2114.170227205575
183.73662845494184 0.3813623232725182 39627799887091362 11 55-56-57-58-59-60-61-63-64-65-448 0.7726755798722916 1.0 2 0.7421098476323982 1.0 [-1,-1] 1.0 1.0 1.0 0.0007324854237337303 0.12404708914385561 89.61863767672749 176.26337154505816 2790.721477391893 2790.721477391893 2627.205186142532 912.1795688656208 -232.05109012090858
182.34293865265553 -1.150609268939154 39627757587531769 11 55-56-57-58-59-60-61-63-64-65-448 0.7321057501984937 1.0 2 1.3773040783423294 1.0 [-1,-1] 1.0 1.0 1.0 0.0007126833197713517 0.12705585074725267 91.15060926893915 177.65706134734447 2673.793848256924 2673.793848256924 18.574190334487756 -117.27526121304744 -2671.1561271362257
184.12766053702887 -0.3095020247921932 39627781776084015 11 55-56-57-58-59-60-61-63-64-65-448 0.852790005790241 1.0 2 1.0732508608718387 1.0 [-1,-1] 1.0 1.0 1.0 0.0006812235016579503 0.1321480675826358 90.3095020247922 175.87233946297113 3013.362267683468 3013.362267683468 2151.2013140414256 -122.42585520795818 -2106.584195502638
183.34021287778887 -1.2829470715897486 39627757604308728 11 55-56-57-58-59-60-61-63-64-65-448 1.00505456374944 1.0 2 1.3052378216732619 1.0 [-1,-1] 1.0 1.0 1.0 0.0002622817504223413 0.28340640119267335 91.28294707158975 176.65978712221113 3408.177498554425 3408.177498554425 -446.3420133228423 -399.9206453033499 -3355.0731953648583
182.59215672494415 0.8316429651555314 39627805910108704 11 55-56-57-58-59-60-61-63-64-65-448 1.08811437908625 1.0 2 0.9744314758616999 1.0 [-1,-1] 1.0 1.0 1.0 0.0001075182622224553 0.4910338705006151 89.16835703484446 177.40784327505585 3609.073995553046 3609.073995553046 309.9580966832986 3354.4048798050403 1295.109642469637
184.34055760243962 0.5908796128117456 39627799899670295 11 55-56-57-58-59-60-61-63-64-65-448 0.676837360838258 1.0 2 1.3740696200870872 1.0 [-1,-1] 1.0 1.0 1.0 0.0007209928471550773 0.12577569469930108 89.40912038718825 175.65944239756038 2509.7940938716074 2509.7940938716074 2399.7771696300942 -663.50219628156 316.0708232098035
183.19797113613572 0.8573353198058686 39627805918499515 11 55-56-57-58-59-60-61-63-64-65-448 0.9591660277242534 1.0 2 0.8629145251599412 1.0 [-1,-1] 1.0 1.0 1.0 0.00041974738576830407 0.19815580287489248 89.14266468019413 176.80202886386428 3292.923332174028 3292.923332174028 1955.09879502749 2330.827279285582 1260.2289345179834
183.90756736662067 -0.24001688220616355 39627781771889662 11 55-56-57-58-59-60-61-63-64-65-448 0.9752665883590195 1.0 2 0.8424780949641947 1.0 [-1,-1] 1.0 1.0 1.0 0.0003578035202613049 0.22475091060875194 90.24001688220616 176.09243263337933 3333.717267167696 3333.717267167696 2506.0387737126134 412.7689789090273 -2159.4124784559876
182.5459970296225 0.6534029359844421 39627805910107417 11 55-56-57-58-59-60-61-63-64-65-448 0.847333154506664 1.0 2 0.8566454240763951 1.0 [-1,-1] 1.0 1.0 1.0 0.0006232532477076302 0.14268566385842998 89.34659706401555 177.4540029703775 2998.536244383142 2998.536244383142 135.38093364520267 2942.143264775545 562.7473866848328
183.23274721901785 -0.539235177305971 39627775719511203 11 55-56-57-58-59-60-61-63-64-65-448 0.8645318871393642 1.0 2 0.5553340258922184 1.0 [-1,-1] 1.0 1.0 1.0 0.0006812235016579503 0.1321480675826358 90.53923517730597 176.76725278098215 3045.100167824449 3045.100167824449 1093.9316872373854 1215.6824516090085 -2568.669825530787
183.32699779672038 0.77627806301338 39627805922690983 11 55-56-57-58-59-60-61-63-64-65-448 0.6195699270873639 1.0 2 0.8087845682761217 1.0 [-1,-1] 1.0 1.0 1.0 0.0007214233604467519 0.12571007283523317 89.22372193698662 176.67300220327962 2333.940439698731 2333.940439698731 1634.782481384899 1504.175017228503 715.69667608825
183.97024295165212 0.583491540174541 39627799891284856 11 55-56-57-58-59-60-61-63-64-65-448 0.615799165610191 1.0 2 1.0477399443222513 1.0 [-1,-1] 1.0 1.0 1.0 0.0007214233604467519 0.12571007283523317 89.41650845982547 176.02975704834788 2322.1447483525767 2322.1447483525767 2294.1042731011867 231.49548087697144 275.4117985378754
182.8398330110461 -0.8962166898737762 39627763635718570 11 55-56-57-58-59-60-61-63-64-65-448 0.615791805428663 1.0 2 0.9332125679268669 1.0 [-1,-1] 1.0 1.0 1.0 0.0007214233604467519 0.12571007283523317 90.89621668987378 177.1601669889539 2322.1216977457293 2322.1216977457293 161.32525103075622 456.3242613089447 -2271.12120131494
182.53959157055567 0.6179834237859021 39627799870309296 11 55-56-57-58-59-60-61-63-64-65-448 0.7646620300747825 1.0 2 0.8342355429493138 1.0 [-1,-1] 1.0 1.0 1.0 0.0006416626200019751 0.139161677870846 89.3820165762141 177.46040842944433 2767.85278272371 2767.85278272371 108.22777670504495 2733.219702100982 422.8543901012358
183.25544419041472 1.3187299259804746 39627818002284705 11 55-56-57-58-59-60-61-63-64-65-448 0.8906821039369327 1.0 2 1.3278581427009029 1.0 [-1,-1] 1.0 1.0 1.0 0.0005275616701708153 0.16431404058018498 88.68127007401952 176.74455580958528 3114.985672353388 3114.985672353388 1402.8616441759943 1489.5710509597527 2348.678996885137
182.32259057580134 0.2574710271621554 39627793826317846 11 55-56-57-58-59-60-61-63-64-65-448 0.7748739456347972 1.0 2 0.8189338645591575 1.0 [-1,-1] 1.0 1.0 1.0 0.0007324854237337303 0.12404708914385561 89.74252897283785 177.67740942419866 2796.975691686658 2796.975691686658 -483.0998878788003 2694.216341558501 -575.2267579804305
182.0905518969752 -0.10712404083950758 39627787782326028 11 55-56-57-58-59-60-61-63-64-65-448 0.9260581230104797 1.0 2 1.0151156808265598 1.0 [-1,-1] 1.0 1.0 1.0 0.0004951280553168204 0.17321314004730964 90.10712404083951 177.9094481030248 3207.8057757704314 3207.8057757704314 -1073.9802181058503 2474.6480262707673 -1735.7135513262676
182.09419982437072 0.5396877816460524 39627799861922130 11 55-56-57-58-59-60-61-63-64-65-448 0.9213377338872598 1.0 2 1.141431984616966 1.0 [-1,-1] 1.0 1.0 1.0 0.0004951280553168204 0.17321314004730964 89.46031221835395 177.90580017562928 3195.533181477811 3195.533181477811 -1257.9403006729326 2927.7238791757195 239.6902191848252
183.82962184715487 -1.281364308782784 39627757612697221 11 55-56-57-58-59-60-61-63-64-65-448 1.0439900262418274 1.0 2 1.4745011958350043 1.0 [-1,-1] 1.0 1.0 1.0 0.00017111768859933566 0.3774092623312036 91.28136430878278 176.17037815284513 3503.5618003457853 3503.5618003457853 -592.9360840933545 -145.84914912227055 -3449.942045125186
183.90945328351052 -1.0011383420330418 39627763652496786 11 55-56-57-58-59-60-61-63-64-65-448 0.4021372932702868 1.0 2 1.2874105461535421 1.0 [-1,-1] 1.0 1.0 1.0 0.0003379611466139912 0.2348475370676925 91.00113834203304 176.09054671648948 1607.748339197409 1607.748339197409 166.39140624912105 27.084070363723132 -1598.885572907267
182.09458127317836 0.5508209887450558 39627799861922146 11 55-56-57-58-59-60-61-63-64-65-448 0.9348237510641213 1.0 2 1.146402824019442 1.0 [-1,-1] 1.0 1.0 1.0 0.0004445766401596716 0.18918261239264766 89.44917901125494 177.90541872682164 3230.5044644138493 3230.5044644138493 -1269.4351095997029 2957.586756212097 278.1621408319344
183.0952935169064 -0.847501601493689 39627769679710444 11 55-56-57-58-59-60-61-63-64-65-448 0.7614034854148035 1.0 2 0.8475146688419452 1.0 [-1,-1] 1.0 1.0 1.0 0.0006416626200019751 0.139161677870846 90.84750160149369 176.9047064830936 2758.5218946442205 2758.5218946442205 395.6896991443825 584.2787310994931 -2666.7379079330863
182.97194082422388 1.0896348550335329 39627811954102680 11 55-56-57-58-59-60-61-63-64-65-448 0.7395863752309313 1.0 2 1.0971332155710294 1.0 [-1,-1] 1.0 1.0 1.0 0.0007126833197713517 0.12705585074725267 88.91036514496646 177.02805917577612 2695.570997603746 2695.570997603746 993.7464797936973 1947.0300728782295 1577.2269438251067
182.2422942971303 0.1600458317119062 39627793822126670 11 55-56-57-58-59-60-61-63-64-65-448 0.6065714830244199 1.0 2 0.8725089269368504 1.0 [-1,-1] 1.0 1.0 1.0 0.0007756247847600315 0.11796159141779075 89.83995416828809 177.7577057028697 2293.1642279181383 2293.1642279181383 -557.5766580396783 2115.3781665279785 -687.6668228069633
182.4081249347502 0.2494817524647833 39627793826319541 11 55-56-57-58-59-60-61-63-64-65-448 0.7958894221113118 1.0 2 0.735478908880531 1.0 [-1,-1] 1.0 1.0 1.0 0.0007229154976227362 0.12548315978664992 89.75051824753521 177.5918750652498 2856.345299940395 2856.345299940395 -256.05910156954565 2778.7311998226387 -609.750053814859
182.24482023643705 0.2592664518417037 39627793822126734 11 55-56-57-58-59-60-61-63-64-65-448 0.9851462755706959 1.0 2 0.8936143068253428 1.0 [-1,-1] 1.0 1.0 1.0 0.0003578035202613049 0.22475091060875194 89.7407335481583 177.75517976356295 3358.5581357867477 3358.5581357867477 -830.0024361269027 3181.5138974534207 -684.8197045891021
182.28438581634646 0.2103297667670289 39627793826317116 11 55-56-57-58-59-60-61-63-64-65-448 0.7766336662741459 1.0 2 0.8422957432860335 1.0 [-1,-1] 1.0 1.0 1.0 0.0007324854237337303 0.12404708914385561 89.78967023323297 177.71561418365354 2801.9759917020833 2801.9759917020833 -580.2392121675132 2649.0759836616703 -704.8321413819406
184.19872766413906 -0.9895925001825031 39627763656691596 11 55-56-57-58-59-60-61-63-64-65-448 0.9165617962065417 1.0 2 1.4786398313721696 1.0 [-1,-1] 1.0 1.0 1.0 0.0004951280553168204 0.17321314004730964 90.9895925001825 175.80127233586094 3183.081028863499 3183.081028863499 367.2639793989962 -47.23695741158466 -3161.469701831922
183.90480308521015 -0.9705841970676777 39627763652496687 11 55-56-57-58-59-60-61-63-64-65-448 0.6834186225569727 1.0 2 1.260825020436763 1.0 [-1,-1] 1.0 1.0 1.0 0.0007209928471550773 0.12577569469930108 90.97058419706768 176.09519691478985 2529.6133674782304 2529.6133674782304 337.27090318064063 56.50984391657554 -2506.3915824014393
182.2072866342393 0.39094161667722355 39627799861925021 11 55-56-57-58-59-60-61-63-64-65-448 0.40136015400607195 1.0 2 0.9745563777101812 1.0 [-1,-1] 1.0 1.0 1.0 0.0003379611466139912 0.2348475370676925 89.60905838332278 177.7927133657607 1604.9789065599284 1604.9789065599284 -461.88565502998296 1532.535363836481 -118.1282809932152
184.32531521446646 -0.6147095193333324 39627775740479290 11 55-56-57-58-59-60-61-63-64-65-448 0.679883559033554 1.0 2 1.370841916339381 1.0 [-1,-1] 1.0 1.0 1.0 0.0007209928471550773 0.12577569469930108 90.61470951933333 175.67468478553354 2518.9775007199523 2518.9775007199523 1150.4859097728622 -299.29308708012564 -2220.822700841626
183.41486885397347 0.4581501718006015 39627799882894730 11 55-56-57-58-59-60-61-63-64-65-448 0.7025131782014936 1.0 2 0.555915337138767 1.0 [-1,-1] 1.0 1.0 1.0 0.0005843703162771602 0.15074849413407446 89.5418498281994 176.58513114602653 2586.6687723049704 2586.6687723049704 2049.8234764743943 1577.5930735684433 -16.707697058667208
182.32027213414344 0.1610894457901839 39627793826317803 11 55-56-57-58-59-60-61-63-64-65-448 0.6667815310585836 1.0 2 0.7961932883099762 1.0 [-1,-1] 1.0 1.0 1.0 0.000700708733790897 0.12894715825466588 89.83891055420982 177.67972786585656 2479.357469451851 2479.357469451851 -422.99039090924856 2327.909494298222 -741.0330470912371
182.60624169473215 -0.48214955151758926 39627775711120046 11 55-56-57-58-59-60-61-63-64-65-448 0.7381303579653735 1.0 2 0.6901157143925174 1.0 [-1,-1] 1.0 1.0 1.0 0.0007126833197713517 0.12705585074725267 90.4821495515176 177.39375830526785 2691.3400767651424 2691.3400767651424 166.73736299798082 1563.7297562367498 -2184.092330933479
183.30337162593895 0.6203291652283685 39627799882892389 11 55-56-57-58-59-60-61-63-64-65-448 0.5030611833180173 1.0 2 0.6528144264580463 1.0 [-1,-1] 1.0 1.0 1.0 0.0005337442823398631 0.16272042362546515 89.37967083477163 176.69662837406105 1956.6923327584977 1956.6923327584977 1391.173875878973 1342.083692134836 303.46580606963624
182.24543679114578 -0.1219127774804456 39627787782329182 11 55-56-57-58-59-60-61-63-64-65-448 0.9416319112711585 1.0 2 0.8632148638235656 1.0 [-1,-1] 1.0 1.0 1.0 0.0004445766401596716 0.18918261239264766 90.12191277748045 177.75456320885422 3248.0529087364907 3248.0529087364907 -681.2722252879008 2618.017777786 -1797.6926233923598
181.89366590292514 -0.3813060502376773 39627775698537314 11 55-56-57-58-59-60-61-63-64-65-448 0.8715837923507622 1.0 2 1.2651540510821295 1.0 [-1,-1] 1.0 1.0 1.0 0.0005690156306133545 0.15418916366201427 90.38130605023768 178.10633409707486 3064.054046260055 3064.054046260055 -1157.7559545673864 1669.442735952793 -2293.6846556230935
182.79688298212727 0.1474499307897911 39627793834705862 11 55-56-57-58-59-60-61-63-64-65-448 0.6896265102652457 1.0 2 0.3370774477439882 1.0 [-1,-1] 1.0 1.0 1.0 0.0007209928471550773 0.12577569469930108 89.85255006921021 177.20311701787273 2548.235604840461 2548.235604840461 708.2485475463408 2315.2356080839595 -794.7155288121818
182.32253463664355 0.15699106292109788 39627793826317844 11 55-56-57-58-59-60-61-63-64-65-448 0.7933930072670096 1.0 2 0.793156398425446 1.0 [-1,-1] 1.0 1.0 1.0 0.0007229154976227362 0.12548315978664992 89.8430089370789 177.67746536335645 2849.3322563774 2849.3322563774 -479.4355728189214 2672.920009737182 -862.7482021395921
182.90117773453298 -1.194211655036882 39627757595922444 11 55-56-57-58-59-60-61-63-64-65-448 0.5859064958599365 1.0 2 1.2106469533897835 1.0 [-1,-1] 1.0 1.0 1.0 0.0006621615122706149 0.13543705131792066 91.19421165503688 177.09882226546702 2227.670108168697 2227.670108168697 -76.47213379170623 -180.28890742224698 -2219.045297744544
182.58577365270557 -0.562236584081428 39627775711119505 11 55-56-57-58-59-60-61-63-64-65-448 0.44394996263692277 1.0 2 0.7619253409098123 1.0 [-1,-1] 1.0 1.0 1.0 0.0005288673958748294 0.16397488484989944 90.56223658408143 177.41422634729443 1754.8799867968107 1754.8799867968107 77.78930178482305 904.8483123320154 -1501.5998549073279
184.33186006669683 -0.595095192190794 39627775740479459 11 55-56-57-58-59-60-61-63-64-65-448 0.7901795551646458 1.0 2 1.3680507822217818 1.0 [-1,-1] 1.0 1.0 1.0 0.0007229154976227362 0.12548315978664992 90.5950951921908 175.66813993330317 2840.289283691334 2840.289283691334 1342.2014142306264 -358.56204078623074 -2477.331597020542
182.3761526304855 -0.2708809223206705 39627781746723280 11 55-56-57-58-59-60-61-63-64-65-448 0.877483996845254 1.0 2 0.7728697073970252 1.0 [-1,-1] 1.0 1.0 1.0 0.0005690156306133545 0.15418916366201427 90.27088092232067 177.6238473695145 3079.8509897928257 3079.8509897928257 -282.1438219326917 2266.2194096730577 -2066.428457579444
