data_rosette/LRG_12_clustering_data.ecsv
# %ECSV 1.0
# ---
# datatype:
# - {name: RA, unit: deg, datatype: float64}
# - {name: DEC, unit: deg, datatype: float64}
# - {name: TARGETID, datatype: int64}
# - {name: NTILE, datatype: int64}
# - {name: TILES, datatype: string}
# - {name: Z, datatype: float64}
# - {name: COMP_TILE, datatype: float64}
# - {name: ROSETTE_NUMBER, datatype: int32}
# - {name: ROSETTE_R, unit: deg, datatype: float64}
# - {name: FRACZ_TILELOCID, datatype: float64}
# - {name: BITWEIGHTS, datatype: string, subtype: 'int64[2]'}
# - {name: PROB_OBS, datatype: float64}
# - {name: WEIGHT_ZFAIL, datatype: float64}
# - {name: WEIGHT, datatype: float64}
# - {name: NZ, unit: h3 / Mpc3, datatype: float64}
# - {name: WEIGHT_FKP, datatype: float64}
# - {name: theta, unit: deg, datatype: float64}
# - {name: phi, unit: deg, datatype: float64}
# - {name: rho, unit: Mpc, datatype: float64}
# - {name: r, unit: Mpc, datatype: float64}
# - {name: x, unit: Mpc, datatype: float64}
# - {name: y, unit: Mpc, datatype: float64}
# - {name: z, unit: Mpc, datatype: float64}
# meta: !!omap
# - {EXTNAME: LSS}
# - {DESIDR: edr}
# - comments: ['Visit https://desidatamodel.readthedocs.io/en/latest/ for a more complet', e description]
# schema: astropy-2.0
RA DEC TARGETID NTILE TILES Z COMP_TILE ROSETTE_NUMBER ROSETTE_R FRACZ_TILELOCID BITWEIGHTS PROB_OBS WEIGHT_ZFAIL WEIGHT NZ WEIGHT_FKP theta phi rho r x y z
[from data line 1689]
241.84195938789586 44.59934145471196 39633158332747820 10 325-326-328-329-330-331-332-333-334-478 0.6820121756850095 1.0 12 1.282659871916525 1.0 [-1,-1] 1.0 1.0 1.0 0.0008053318504768218 0.11384060807160488 45.40065854528804 118.15804061210414 2525.384563613333 2525.384563613333 851.9579633542838 -2346.2070094572346 383.4677190944023
240.31078449001672 42.82499740878825 39633127638829520 10 325-326-328-329-330-331-332-333-334-478 0.6840200482831335 1.0 12 0.8255822989142841 1.0 [-1,-1] 1.0 1.0 1.0 0.0008053318504768218 0.11384060807160488 47.17500259121175 119.68921550998328 2531.42058650078 2531.42058650078 -123.21824936411892 -39.29292463326013 -2528.1146166377343
241.28516459904012 44.48812739569702 39633158328550827 10 325-326-328-329-330-331-332-333-334-478 0.6983647533216264 1.0 12 1.0518324710436515 1.0 [-1,-1] 1.0 1.0 1.0 0.0005639081233901963 0.1550231922816235 45.51187260430298 118.71483540095988 2574.3293953358766 2574.3293953358766 2022.9738163150812 -1588.55107661125 106.08605559268602
240.77199506846435 42.237417702711404 39633118721739416 10 325-326-328-329-330-331-332-333-334-478 0.4678917792866768 1.0 12 1.2295932259581583 1.0 [-1,-1] 1.0 1.0 1.0 0.0005330850268982689 0.1625298359500762 47.762582297288596 119.22800493153565 1837.485611756331 1837.485611756331 -1082.6944936886387 166.4205106713277 -1475.2729308083083
241.85043792359426 44.488762331094286 39633158332747905 9 325-326-328-329-330-331-332-333-335 0.6813400555726608 1.0 12 1.1877974530342013 1.0 [-1,-1] 1.0 1.0 1.0 0.0008053318504768218 0.11384060807160488 45.511237668905714 118.14956207640574 2523.362402025431 2523.362402025431 840.3856872804655 -2376.964701432176 105.58653661872565
242.1023142560748 44.026831647642204 39633149667313373 9 325-326-328-329-330-331-332-333-335 0.8085125428544386 1.0 12 0.9543407707411024 1.0 [-1,-1] 1.0 1.0 1.0 0.0008239664519383997 0.11155322342262282 45.973168352357796 117.8976857439252 2891.6452279137866 2891.6452279137866 231.9394927478051 -2630.033559876801 -1179.296260378293
241.32075427793697 42.39483753663318 39633123201254492 10 325-326-328-329-330-331-332-333-335-478 0.743298910089544 1.0 12 1.0736263766467429 1.0 [-1,-1] 1.0 1.0 1.0 0.0006073340474539246 0.1455520198534496 47.60516246336682 118.67924572206303 2706.3420372604123 2706.3420372604123 -957.154020851904 808.2883049909477 -2398.919218945218
242.07696023911822 43.11763598388576 39633132097372574 10 325-326-328-329-330-331-332-333-335-478 0.6207533385383358 1.0 12 0.8181367383854775 1.0 [-1,-1] 1.0 1.0 1.0 0.0007056687116799521 0.12786279395313782 46.88236401611424 117.92303976088178 2337.636805056085 2337.636805056085 63.222031758560554 -555.5404197012198 -2269.7849345546665
240.57197252318568 42.84497327478961 39633127643023012 10 325-326-328-329-330-331-332-333-335-478 0.9792905256756887 1.0 12 0.6983488981121965 1.0 [-1,-1] 1.0 1.0 1.0 0.00030269805442075816 0.25472307248715254 47.15502672521039 119.42802747681432 3343.85227274227 3343.85227274227 -103.98299327411698 -4.943602269581983 -3342.2314581473856
242.1595028533158 44.393115417143854 39633158336941338 10 325-326-328-329-330-331-332-333-335-478 0.7318969790141973 1.0 12 1.2361495189226397 1.0 [-1,-1] 1.0 1.0 1.0 0.0006073340474539246 0.1455520198534496 45.606884582856146 117.84049714668421 2673.184665804909 2673.184665804909 82.12899639456785 -2668.054428331708 -143.7242251858969
240.1595973659051 42.78401279000315 39633127638827569 10 325-326-328-329-330-331-332-333-335-478 0.6083708047928881 1.0 12 0.9305712622137639 1.0 [-1,-1] 1.0 1.0 1.0 0.0006106036532175123 0.14488555312656437 47.21598720999685 119.84040263409489 2298.827976271085 2298.827976271085 -189.45175848316273 -93.83575158983378 -2289.085613824398
240.7790297198204 43.8900405481182 39633149650536722 10 325-326-328-329-330-331-332-333-335-478 0.48578804856841706 1.0 12 0.4817168838044384 1.0 [-1,-1] 1.0 1.0 1.0 0.000668512811805897 0.13401699399284683 46.1099594518818 119.22097028017961 1898.460813330224 1898.460813330224 1591.1634926300965 -256.04739644613215 -1003.3902183322327
240.7298841617 42.48224434781234 39633123192866816 10 325-326-328-329-330-331-332-333-335-478 0.7631900702308829 1.0 12 0.9956996885111462 1.0 [-1,-1] 1.0 1.0 1.0 0.0007242712797402853 0.12498917450484462 47.51775565218766 119.2701158383 2763.640087261071 2763.640087261071 -1054.1203577098502 116.85533587457613 -2552.0348026341017
240.7300124334187 42.47884592830783 39633123192866818 10 325-326-328-329-330-331-332-333-335-478 0.76232987713898 1.0 12 0.9989825486477157 1.0 [-1,-1] 1.0 1.0 1.0 0.0007242712797402853 0.12498917450484462 47.52115407169217 119.2699875665813 2761.1765054678617 2761.1765054678617 -1061.7718779987654 117.84142210415351 -2546.1440596861676
242.3936368211018 43.327530559071924 39633136518169972 9 325-326-328-329-330-331-332-333-478 0.501842940890762 1.0 12 0.9840727411187199 1.0 [-1,-1] 1.0 1.0 1.0 0.0007365189099627642 0.12316671624379881 46.672469440928076 117.60636317889819 1952.6052455754534 1952.6052455754534 -172.03419423610717 -834.2593466553849 -1757.009625352246
240.82008478271842 43.83856792641257 39633145284265522 9 325-326-328-329-330-331-332-333-478 0.8759041807163507 1.0 12 0.42268834693530216 1.0 [-1,-1] 1.0 1.0 1.0 0.0005346154933450218 0.1621399955636538 46.16143207358743 119.17991521728158 3075.62673235624 3075.62673235624 2473.241956254916 -502.91054745918495 -1757.7357605336986
240.634596925225 43.1068362026121 39633132076404267 9 325-326-328-329-330-331-332-333-478 0.541162306467242 1.0 12 0.4574077925165034 1.0 [-1,-1] 1.0 1.0 1.0 0.0006094867785671962 0.14511252611805409 46.8931637973879 119.365403074775 2083.009257864361 2083.009257864361 476.29718800488325 -7.2010959606701865 -2027.8108149588913
239.80135410410566 44.66404334779041 39633162619324310 8 325-326-328-329-330-331-332-334 0.5569730936994401 1.0 12 1.5096306841130678 1.0 [-1,-1] 1.0 1.0 1.0 0.0006724560872077301 0.13333590500666823 45.33595665220959 120.19864589589434 2134.576391684766 2134.576391684766 1424.9129295418904 1521.37006623682 459.8615408151416
239.51981860034746 44.43959443006821 39633158307578917 9 325-326-328-329-330-331-332-334-335 0.5421722684681108 1.0 12 1.480874049175823 1.0 [-1,-1] 1.0 1.0 1.0 0.0006094867785671962 0.14511252611805409 45.56040556993179 120.48018139965254 2086.3180795158555 2086.3180795158555 946.9515476793538 1858.9709986060607 -15.255215632337245
239.87632798446054 44.666797218203484 39633162619325168 9 325-326-328-329-330-331-332-334-335 0.9742709408619937 1.0 12 1.4804960360502053 1.0 [-1,-1] 1.0 1.0 1.0 0.00030269805442075816 0.25472307248715254 45.333202781796516 120.12367201553946 3331.2058356076527 3331.2058356076527 2393.8377568547758 2199.66076062896 726.6124491035092
242.04568366312964 44.17897313106824 39633154012611440 9 325-326-328-329-330-331-332-334-335 0.8127000630392175 1.0 12 1.0235083822003734 1.0 [-1,-1] 1.0 1.0 1.0 0.000762533893525711 0.11946670068019369 45.82102686893176 117.95431633687036 2903.2961116623383 2903.2961116623383 403.40561843101995 -2770.491205973485 -768.6160918400822
239.69118618825496 42.37980162728882 39633123180283821 9 325-326-328-329-330-331-332-334-335 0.7117215365486032 1.0 12 1.4613421046682824 0.5 [-1,-1] 1.0 1.0 1.0 0.0005823912580269674 0.15084542533972659 47.62019837271118 120.30881381174504 2613.9477708999825 2613.9477708999825 -745.8361813096543 -996.518116960185 -2298.565418301717
240.83220181656887 43.90356968759015 39633149650537345 10 325-326-328-329-330-331-332-334-335-478 0.7998757870282706 0.9642857142857143 12 0.48014384103858937 1.0 [-1,-1] 1.0 1.0 1.0 0.0008239664519383997 0.11155322342262282 46.09643031240985 119.16779818343113 2867.5220646444045 2867.5220646444045 2399.238825808709 -518.2126651164515 -1482.495019103761
242.2446202213841 43.81767527520757 39633145301043080 10 325-326-328-329-330-331-332-334-335-478 0.9303203652783897 0.9642857142857143 12 0.9395406990471659 1.0 [-1,-1] 1.0 1.0 1.0 0.0003671239319408774 0.21984967794317842 46.18232472479243 117.75537977861589 3218.8576684696523 3218.8576684696523 -141.3561800926184 -2598.5406865123023 -1894.3730943918315
241.14943415312325 42.67831107381928 39633127651410196 10 325-326-328-329-330-331-332-334-335-478 0.7397105725813603 0.9642857142857143 12 0.7751005653135623 1.0 [-1,-1] 1.0 1.0 1.0 0.0006073340474539246 0.1455520198534496 47.32168892618072 118.85056584687675 2695.931719376465 2695.931719376465 -457.11215452112924 267.8021505843793 -2643.3649619134276
241.05323040013727 42.765729218789645 39633127647219355 10 325-326-328-329-330-331-332-334-335-478 0.8463697853113301 0.9642857142857143 12 0.6842748452857182 0.5 [-1,-1] 1.0 1.0 1.0 0.0006366829495309179 0.1397804201853648 47.234270781210355 118.94676959986273 2995.913759714531 2995.913759714531 -299.45939160541275 138.7003415790462 -2977.681236074813
241.0410493651563 42.77478611573995 39633127647219181 10 325-326-328-329-330-331-332-334-335-478 0.9293517531406491 0.9642857142857143 12 0.6752454976329673 1.0 [-1,-1] 1.0 1.0 1.0 0.00042618922305278896 0.1953324009783564 47.22521388426005 118.95895063484369 3216.348538514868 3216.348538514868 -296.8522267590447 133.12552186831905 -3199.8522266039427
241.41121092749708 42.29738455731981 39633118730127448 10 325-326-328-329-330-331-332-334-335-478 0.775474101802118 0.9642857142857143 12 1.1826191292248167 1.0 [-1,-1] 1.0 1.0 1.0 0.0007064174578981374 0.12774458208408304 47.70261544268019 118.58878907250292 2798.6816525054473 2798.6816525054473 -1075.5335703100018 1089.2445937350972 -2342.9453143907785
240.9500449404113 43.88309020570355 39633149654729049 10 325-326-328-329-330-331-332-334-335-478 0.48523016512487105 0.9642857142857143 12 0.4390842497512003 1.0 [-1,-1] 1.0 1.0 1.0 0.000668512811805897 0.13401699399284683 46.11690979429645 119.04995505958871 1896.56993128945 1896.56993128945 1516.2327408498168 -520.3060996385178 -1013.5567781457901
240.3214687446799 44.52938756984848 39633158315968824 10 325-326-328-329-330-331-332-334-335-478 0.43230784851259485 0.9642857142857143 12 1.199908661537868 1.0 [-1,-1] 1.0 1.0 1.0 0.0006285113834356281 0.1413409039925048 45.47061243015152 119.67853125532011 1714.2813723657137 1714.2813723657137 1633.1491885987407 501.6342270523399 141.23545471640907
239.35981925173184 43.98800865827529 39633149633759115 10 325-326-328-329-330-331-332-334-335-478 0.9166352638677228 0.9642857142857143 12 1.334752397886699 1.0 [-1,-1] 1.0 1.0 1.0 0.00042618922305278896 0.1953324009783564 46.01199134172471 120.64018074826816 3183.2728470726715 3183.2728470726715 873.7057388049756 2716.907348715341 -1410.0633884283284
239.4465930246108 43.95464095532937 39633149633760056 10 325-326-328-329-330-331-332-334-335-478 0.6269218607370542 0.9642857142857143 12 1.2642204175554568 1.0 [-1,-1] 1.0 1.0 1.0 0.0007056687116799521 0.12786279395313782 46.04535904467063 120.55340697538921 2356.86100348319 2356.86100348319 804.8290533627843 1914.7460209643314 -1113.9082815942313
240.83099961442264 43.89986871235887 39633149650537328 10 325-326-328-329-330-331-332-334-335-478 0.9667111824235386 0.9642857142857143 12 0.4769389245359179 1.0 [-1,-1] 1.0 1.0 1.0 0.0003767415448896098 0.21544643941305056 46.10013128764113 119.16900038557736 3312.088788869976 3312.088788869976 2765.707731770885 -593.8872950201493 -1722.8147806988948
240.8295667706153 43.90085600711409 39633149650537313 10 325-326-328-329-330-331-332-334-335-478 0.7739576008141311 0.9642857142857143 12 0.47821435327370776 1.0 [-1,-1] 1.0 1.0 1.0 0.0007064174578981374 0.12774458208408304 46.09914399288591 119.17043322938471 2794.3697594399237 2794.3697594399237 2335.512485328116 -498.0107465590363 -1451.1612865772483
239.99144651091018 42.7233073897498 39633127634635283 10 325-326-328-329-330-331-332-334-335-478 0.6859439882241657 0.9642857142857143 12 1.0609922179698514 1.0 [-1,-1] 1.0 1.0 1.0 0.0008053318504768218 0.11384060807160488 47.2766926102502 120.00855348908982 2537.19737565142 2537.19737565142 -312.49426635812074 -226.90391049308462 -2507.6348362368667
239.97847968556263 43.66986603715579 39633145271684595 10 325-326-328-329-330-331-332-334-335-478 0.5004561993426873 0.9642857142857143 12 0.8070027058443574 1.0 [-1,-1] 1.0 1.0 1.0 0.0007365189099627642 0.12316671624379881 46.33013396284421 120.02152031443737 1947.9491976336496 1947.9491976336496 1113.1786113632916 830.5409075816973 -1365.848182119171
239.4204987273125 43.93040511655432 39633149633759796 10 325-326-328-329-330-331-332-334-335-478 0.5384072900964596 0.9642857142857143 12 1.2724112493108302 1.0 [-1,-1] 1.0 1.0 1.0 0.0006094867785671962 0.14511252611805409 46.06959488344568 120.57950127268751 2073.9730032545044 2073.9730032545044 655.1994879195588 1680.1981329018593 -1024.2128116029219
240.68410130238033 42.37317011886894 39633118721738272 10 325-326-328-329-330-331-332-334-335-478 0.6094320061715398 0.9642857142857143 12 1.1096717749051013 1.0 [-1,-1] 1.0 1.0 1.0 0.0006106036532175123 0.14488555312656437 47.62682988113106 119.31589869761967 2302.1654259451207 2302.1654259451207 -1107.3359179711629 71.65819186267692 -2017.0864921284392
240.45051048471802 42.881143432345894 39633132076401928 10 325-326-328-329-330-331-332-334-335-478 0.6005673121447656 0.9642857142857143 12 0.717484277731269 1.0 [-1,-1] 1.0 1.0 1.0 0.0006106036532175123 0.14488555312656437 47.118856567654106 119.54948951528198 2274.2198666084587 2274.2198666084587 11.283622690416935 1.9249329935965749 -2274.191059732789
241.17404335767557 42.68749260930805 39633127651410515 10 325-326-328-329-330-331-332-334-335-478 0.7328019023770446 0.9642857142857143 12 0.7678728425238737 1.0 [-1,-1] 1.0 1.0 1.0 0.0006073340474539246 0.1455520198534496 47.31250739069195 118.82595664232443 2675.824622580372 2675.824622580372 -426.52745757734044 264.1922780951583 -2628.367207780315
239.8488732613696 42.372931869440684 39633118709157324 10 325-326-328-329-330-331-332-334-335-478 0.9290401935163156 0.9642857142857143 12 1.390638736153217 1.0 [-1,-1] 1.0 1.0 1.0 0.00042618922305278896 0.1953324009783564 47.627068130559316 120.15112673863041 3215.541155432795 3215.541155432795 -1112.5191668283665 -1080.0832533542864 -2816.9888518674
239.85174376047812 42.37203335585697 39633118709157362 10 325-326-328-329-330-331-332-334-335-478 0.8707701816031722 0.9642857142857143 12 1.390010604809477 1.0 [-1,-1] 1.0 1.0 1.0 0.0005346154933450218 0.1621399955636538 47.62796664414303 120.14825623952188 3061.871336825699 3061.871336825699 -1064.0336609497201 -1027.0947202237107 -2681.0380242229517
241.82198392149627 42.69088920203141 39633127659798662 10 325-326-328-329-330-331-332-334-335-478 0.6419218039419398 0.9642857142857143 12 0.9456556987783666 1.0 [-1,-1] 1.0 1.0 1.0 0.0007982518636535506 0.11473445525619816 47.30911079796859 118.17801607850373 2403.308071542009 2403.308071542009 -159.34657972776958 412.92299931437617 -2362.200870143192
240.3775561627876 42.61038694694221 39633123188672711 10 325-326-328-329-330-331-332-334-335-478 0.6096273427401007 0.9642857142857143 12 0.9729116436311618 1.0 [-1,-1] 1.0 1.0 1.0 0.0006106036532175123 0.14488555312656437 47.38961305305779 119.62244383721239 2302.779519217959 2302.779519217959 -587.1162927613884 -144.8743663392501 -2221.9584584059216
242.01961002959126 42.87137965178067 39633127659800865 10 325-326-328-329-330-331-332-334-335-478 0.6079434977500362 0.9642857142857143 12 0.9137899294731899 1.0 [-1,-1] 1.0 1.0 1.0 0.0006106036532175123 0.14488555312656437 47.12862034821933 117.98038997040874 2297.4834980923006 2297.4834980923006 -1.8458534924929888 10.710411945639896 -2297.4577915398736
