data_rosette/LRG_2_clustering_data.ecsv
# %ECSV 1.0
# ---
# datatype:
# - {name: RA, unit: deg, datatype: float64}
# - {name: DEC, unit: deg, datatype: float64}
# - {name: TARGETID, datatype: int64}
# - {name: NTILE, datatype: int64}
# - {name: TILES, datatype: string}
# - {name: Z, datatype: float64}
# - {name: COMP_TILE, datatype: float64}
# - {name: ROSETTE_NUMBER, datatype: int32}
# - {name: ROSETTE_R, unit: deg, datatype: float64}
# - {name: FRACZ_TILELOCID, datatype: float64}
# - {name: BITWEIGHTS, datatype: string, subtype: 'int64[2]'}
# - {name: PROB_OBS, datatype: float64}
# - {name: WEIGHT_ZFAIL, datatype: float64}
# - {name: WEIGHT, datatype: float64}
# - {name: NZ, unit: h3 / Mpc3, datatype: float64}
# - {name: WEIGHT_FKP, datatype: float64}
# - {name: theta, unit: deg, datatype: float64}
# - {name: phi, unit: deg, datatype: float64}
# - {name: rho, unit: Mpc, datatype: float64}
# - {name: r, unit: Mpc, datatype: float64}
# - {name: x, unit: Mpc, datatype: float64}
# - {name: y, unit: Mpc, datatype: float64}
# - {name: z, unit: Mpc, datatype: float64}
# meta: !!omap
# - {EXTNAME: LSS}
# - {DESIDR: edr}
# - comments: ['Visit https://desidatamodel.readthedocs.io/en/latest/ for a more complet', e description]
# schema: astropy-2.0
RA DEC TARGETID NTILE TILES Z COMP_TILE ROSETTE_NUMBER ROSETTE_R FRACZ_TILELOCID BITWEIGHTS PROB_OBS WEIGHT_ZFAIL WEIGHT NZ WEIGHT_FKP theta phi rho r x y z
[from data line 2894]
184.1197290232489 1.1510160736431865 39627818014869650 8 55-57-58-59-60-61-63-65 1.0515525082042654 0.9 2 1.53770783721769 1.0 [-1,-1] 1.0 1.0 1.0 0.0001568149373683449 0.39812733398474315 88.84898392635681 -184.1197290232489 3521.838170111584 3521.838170111584 -899.6559767880698 -2571.402501123638 2232.006361348353
183.34520687837318 1.4292596302195197 39627824042084127 8 55-57-58-59-60-61-63-65 0.618084083806931 0.9 2 1.4501369010122325 1.0 [-1,-1] 1.0 1.0 1.0 0.0007214233604467519 0.12571007283523317 88.57074036978048 -183.34520687837318 2329.2956600573207 2329.2956600573207 562.7794771957167 -1201.763053138168 1914.3309787289172
184.10143255062593 1.1066603498663852 39627811975071386 9 55-57-58-59-60-61-63-65-448 1.0314840315296288 1.0 2 1.4924609095519195 1.0 [-1,-1] 1.0 1.0 1.0 0.00017111768859933566 0.3774092623312036 88.89333965013361 -184.10143255062593 3473.1609712860263 3473.1609712860263 -870.3925153191101 -2641.8601240821113 2079.8651606596563
184.10287499177915 1.1066419445075384 39627811975071418 9 55-57-58-59-60-61-63-65-448 0.6344731440642744 1.0 2 1.4934154044391725 1.0 [-1,-1] 1.0 1.0 1.0 0.000833303205902425 0.11070054926254569 88.89335805549246 -184.10287499177915 2380.2964645228794 2380.2964645228794 -599.1341560971322 -1809.7352489250773 1425.379897015524
182.36793181611782 0.36679463127250667 39627793826318718 9 55-57-58-59-60-61-63-65-448 0.7955436058206901 1.0 2 0.818813047086775 1.0 [-1,-1] 1.0 1.0 1.0 0.0007229154976227362 0.12548315978664992 89.63320536872749 -182.36793181611782 2855.3744482108186 2855.3744482108186 2807.412484409968 -440.27222928422117 -278.85255242760564
182.04206363799526 -0.012601120727056575 39627787782325111 9 55-57-58-59-60-61-63-65-448 0.6904058671647991 1.0 2 1.0580113970323126 1.0 [-1,-1] 1.0 1.0 1.0 0.0005843703162771602 0.15074849413407446 90.01260112072706 -182.04206363799526 2550.5685291717928 2550.5685291717928 2232.8395620206325 383.9953788544643 -1171.4840422709512
184.43329013862913 -0.22979121264605903 39627781780278959 9 55-57-58-59-60-61-63-65-448 0.9793936760238207 1.0 2 1.3529438508584573 1.0 [-1,-1] 1.0 1.0 1.0 0.0003578035202613049 0.22475091060875194 90.22979121264606 -184.43329013862913 3344.111759271654 3344.111759271654 -1555.4173645023427 -2045.5423831593457 -2139.9805231362106
183.59993983695864 0.8805421379020281 39627811966683020 9 55-57-58-59-60-61-63-65-448 0.5120521057723801 1.0 2 1.0125584522977014 1.0 [-1,-1] 1.0 1.0 1.0 0.0006865842838717192 0.13125169390769817 89.11945786209797 -183.59993983695864 1986.763137761893 1986.763137761893 331.1375002025551 -1786.9490057077974 802.7384209871857
182.0087398250361 -0.020775810384732692 39627787782324439 9 55-57-58-59-60-61-63-65-448 0.7266663158058622 1.0 2 1.0914579018752057 1.0 [-1,-1] 1.0 1.0 1.0 0.0006167714992318164 0.14396928707710532 90.02077581038473 -182.0087398250361 2657.896643932349 2657.896643932349 2302.323172741018 475.4211105251102 -1240.039251698771
184.23908722343361 -0.8857642957542045 39627763656692391 9 55-57-58-59-60-61-63-65-448 0.741414049882564 1.0 2 1.4429118886497232 1.0 [-1,-1] 1.0 1.0 1.0 0.0007126833197713517 0.12705585074725267 90.8857642957542 -184.23908722343361 2700.8765959148245 2700.8765959148245 -259.99990180197676 -530.2076356515387 -2635.5292258899763
184.24276297194334 -0.8784567028252456 39627763656692459 9 55-57-58-59-60-61-63-65-448 0.6965150013091616 1.0 2 1.441350428709766 1.0 [-1,-1] 1.0 1.0 1.0 0.0005843703162771602 0.15074849413407446 90.87845670282525 -184.24276297194334 2568.8173109344143 2568.8173109344143 -257.25785046062333 -519.7741124636724 -2502.493885576006
182.85328938841857 -1.1362235362998794 39627757595921119 7 55-57-58-59-60-61-64 0.645470824497051 1.0 2 1.1626960356453837 1.0 [-1,-1] 1.0 1.0 1.0 0.000833303205902425 0.11070054926254569 91.13622353629988 -182.85328938841857 2414.23561201635 2414.23561201635 -58.11587421467926 43.35256884246241 -2413.1466367104554
183.4527680914667 -0.061516941080236545 39627787803299894 7 55-57-58-59-60-61-64 0.8369756307276703 1.0 2 0.3580916259532238 1.0 [-1,-1] 1.0 1.0 1.0 0.0006232532477076302 0.14268566385842998 90.06151694108024 -183.4527680914667 2970.2611847339886 2970.2611847339886 833.300993317203 -2429.631332688601 -1491.6274827488705
184.4157970947838 -0.05753157868133017 39627787820076437 8 55-57-58-59-60-61-64-448 0.9404917329754017 1.0 2 1.3170540214051045 1.0 [-1,-1] 1.0 1.0 1.0 0.0004445766401596716 0.18918261239264766 90.05753157868133 -184.4157970947838 3245.118971401129 3245.118971401129 -1663.0624790094707 -2268.392625192023 -1618.460758694148
183.48152097138782 -0.06875527988256054 39627787803300461 8 55-57-58-59-60-61-64-448 0.8790086151939971 1.0 2 0.38766669995215275 1.0 [-1,-1] 1.0 1.0 1.0 0.0005690156306133545 0.15418916366201427 90.06875527988257 -183.48152097138782 3083.9238669263564 3083.9238669263564 788.9578497667302 -2535.665823361065 -1567.970267743659
183.60461619004047 -0.06937532257861433 39627787807492209 8 55-57-58-59-60-61-64-448 0.401664968719419 1.0 2 0.5093626509587611 1.0 [-1,-1] 1.0 1.0 1.0 0.0003379611466139912 0.2348475370676925 90.06937532257861 -183.60461619004047 1606.0653039987442 1606.0653039987442 245.5375293674538 -1360.4989703728493 -817.4347888334106
182.95916249939845 1.4018223568995372 39627824033698429 8 55-57-58-59-60-61-64-65 0.7477078536268756 1.0 2 1.4088779804863953 1.0 [-1,-1] 1.0 1.0 1.0 0.0007126833197713517 0.12705585074725267 88.59817764310046 -182.95916249939845 2719.102053686452 2719.102053686452 1181.3959883640246 -1093.5188299487668 2191.354847026549
182.82727724401886 -1.1582473311472032 39627757595920382 9 55-57-58-59-60-61-64-65-448 0.5180241236978689 1.0 2 1.1899178332259224 1.0 [-1,-1] 1.0 1.0 1.0 0.0006865842838717192 0.13125169390769817 91.15824733114721 -182.82727724401886 2006.6468081999565 2006.6468081999565 -85.29298532439448 60.23753750095495 -2003.9281320919038
182.83134012956734 -1.1592672081718163 39627757595920498 9 55-57-58-59-60-61-64-65-448 0.667195295782648 1.0 2 1.1899868639281148 1.0 [-1,-1] 1.0 1.0 1.0 0.000700708733790897 0.12894715825466588 91.15926720817181 -182.83134012956734 2480.6135176398457 2480.6135176398457 -107.19335495308223 76.3591324313241 -2477.1197571869166
182.56522415954538 -0.4519245411785088 39627775711119009 9 55-57-58-59-60-61-64-65-448 0.8665538199625921 1.0 2 0.70015359718726 1.0 [-1,-1] 1.0 1.0 1.0 0.0006812235016579503 0.1321480675826358 90.45192454117851 -182.56522415954538 3050.5428494991547 3050.5428494991547 1742.1065385299812 -641.5514692147683 -2420.5966614431827
182.87958329040904 0.011863698730267533 39627787794909868 9 55-57-58-59-60-61-64-65-448 0.9476518064931218 1.0 2 0.22073575269914406 1.0 [-1,-1] 1.0 1.0 1.0 0.0004445766401596716 0.18918261239264766 89.98813630126973 -182.87958329040904 3263.510614121286 3263.510614121286 2305.366040703806 -1815.9875194486958 -1427.5777653278722
182.5651102993976 -0.4525957118091043 39627775711119008 9 55-57-58-59-60-61-64-65-448 0.705875045484867 1.0 2 0.7006739036077565 1.0 [-1,-1] 1.0 1.0 1.0 0.0005843703162771602 0.15074849413407446 90.45259571180911 -182.5651102993976 2596.6457371188453 2596.6457371188453 1481.6586776143884 -545.4468716480787 -2061.490809428162
183.0506220866953 -1.3389061533804159 39627757600113838 9 55-57-58-59-60-61-64-65-448 0.6628407746972298 1.0 2 1.3398161896521752 1.0 [-1,-1] 1.0 1.0 1.0 0.000700708733790897 0.12894715825466588 91.33890615338042 -183.0506220866953 2467.3788059417425 2467.3788059417425 -380.553051466968 423.0638008779676 -2400.8653788616234
183.0652255878449 -1.3469348588639516 39627757600114156 9 55-57-58-59-60-61-64-65-448 0.976870477852144 1.0 2 1.3473835945975592 1.0 [-1,-1] 1.0 1.0 1.0 0.0003578035202613049 0.22475091060875194 91.34693485886395 -183.0652255878449 3337.7598332284483 3337.7598332284483 -523.5199128348363 599.3784416553519 -3241.498586897333
183.0670327902022 -1.3382124885103166 39627757600114202 9 55-57-58-59-60-61-64-65-448 0.6592132265442612 1.0 2 1.3386184309548936 1.0 [-1,-1] 1.0 1.0 1.0 0.000700708733790897 0.12894715825466588 91.33821248851032 -183.0670327902022 2456.326756550858 2456.326756550858 -370.79758934793205 426.078202149717 -2390.5036390548094
182.56013955960393 -0.43196576199925973 39627775711118876 9 55-57-58-59-60-61-64-65-448 0.6122324227721071 1.0 2 0.6914030608889485 1.0 [-1,-1] 1.0 1.0 1.0 0.0007214233604467519 0.12571007283523317 90.43196576199927 -182.56013955960393 2310.9623137295393 2310.9623137295393 1356.343041679552 -491.67230171004945 -1805.3084823643821
183.65078573480497 -0.5304309109837158 39627775727898606 9 55-57-58-59-60-61-64-65-448 0.7227943541453077 1.0 2 0.7646654236555516 1.0 [-1,-1] 1.0 1.0 1.0 0.0006167714992318164 0.14396928707710532 90.53043091098371 -183.65078573480497 2646.5484575032783 2646.5484575032783 190.20456555205783 -1428.355370890234 -2219.874297253148
183.65539240127018 -0.5350191069912553 39627775727898743 9 55-57-58-59-60-61-64-65-448 0.8427190903894917 1.0 2 0.7711661291059049 1.0 [-1,-1] 1.0 1.0 1.0 0.0006232532477076302 0.14268566385842998 90.53501910699126 -183.65539240127018 2985.962038616676 2985.962038616676 205.70524434252914 -1601.0953495781812 -2512.0008618766356
182.12403551186372 -0.8059231004344253 39627769662933949 9 55-57-58-59-60-61-64-65-448 0.762825970960721 1.0 2 1.2656839673495748 1.0 [-1,-1] 1.0 1.0 1.0 0.0006416626200019751 0.139161677870846 90.80592310043443 -182.12403551186372 2762.597468479203 2762.597468479203 813.913595246728 72.08743496585852 -2638.994663511143
182.74275361343888 -0.9450598051776573 39627763631528083 9 55-57-58-59-60-61-64-65-448 0.6427525881855278 1.0 2 1.0103224444301577 1.0 [-1,-1] 1.0 1.0 1.0 0.000833303205902425 0.11070054926254569 90.94505980517766 -182.74275361343888 2405.8681991240796 2405.8681991240796 332.94827517769835 -195.249919324914 -2374.705183094599
183.01884123809015 -0.14613386677322962 39627781759304074 8 55-57-58-59-60-61-65-448 1.098686312636341 1.0 2 0.16715812086301401 1.0 [-1,-1] 1.0 1.0 1.0 4.689797466212482e-05 0.6886505109163528 90.14613386677323 -183.01884123809015 3633.956138932474 3633.956138932474 2060.252836756796 -2148.950364731881 -2083.9884352460563
182.7283736745569 0.7369366670772789 39627805910112255 7 55-57-58-59-60-62-63 1.047697957460301 1.0 2 0.8253327579185735 1.0 [-1,-1] 1.0 1.0 1.0 0.00017111768859933566 0.3774092623312036 89.26306333292273 -182.7283736745569 3512.5328764685355 3512.5328764685355 2942.608924169199 -1669.231169393778 944.7789322356814
182.7061577909182 0.7988019358637843 39627805910111704 8 55-57-58-59-60-62-63-448 0.7817559275280909 1.0 2 0.8906099979564505 1.0 [-1,-1] 1.0 1.0 1.0 0.0007324854237337303 0.12404708914385561 89.20119806413622 -182.7061577909182 2816.5007700785877 2816.5007700785877 2342.8497405946364 -1261.0585710730738 923.830591164884
184.53526784480258 -0.12684978094532473 39627781784470241 8 55-57-58-59-60-62-63-448 0.8154874195154491 1.0 2 1.4408613005356967 1.0 [-1,-1] 1.0 1.0 1.0 0.0006627118749498285 0.13533979738261318 90.12684978094532 -184.53526784480258 2911.035033684996 2911.035033684996 -1650.906883295321 -1764.6902199429333 -1623.1142466466422
182.57307790940996 -0.7156171547314119 39627769671321563 8 55-57-58-59-60-62-63-64 0.626716535676081 0.5 2 0.8886733731275038 1.0 [-1,-1] 1.0 1.0 1.0 0.0007214233604467519 0.12571007283523317 90.71561715473142 -182.57307790940996 2356.22226926893 2356.22226926893 839.3235899753746 -316.5985724863155 -2178.780539065214
183.55156415753873 0.4802022507369072 39627799887086843 9 55-57-58-59-60-62-63-64-448 0.9319406738700516 1.0 2 0.6591658482679266 1.0 [-1,-1] 1.0 1.0 1.0 0.0004445766401596716 0.18918261239264766 89.51979774926309 -183.55156415753873 3223.051750241082 3223.051750241082 739.7326244332094 -3136.611659516755 50.25461635321331
183.16970252889885 0.4223453190248613 39627799878700914 9 55-57-58-59-60-62-63-64-448 0.8045057367607881 1.0 2 0.4280583173348137 1.0 [-1,-1] 1.0 1.0 1.0 0.0007229154976227362 0.12548315978664992 89.57765468097514 -183.16970252889885 2880.469536682034 2880.469536682034 1656.8236307205334 -2353.1315997078827 -121.7040792063319
182.74231933198087 0.4703665979093269 39627799870314129 9 55-57-58-59-60-62-63-64-448 0.7377195059219195 1.0 2 0.5909122799643333 1.0 [-1,-1] 1.0 1.0 1.0 0.0007126833197713517 0.12705585074725267 89.52963340209067 -182.74231933198087 2690.145538816891 2690.145538816891 2321.1123416283435 -1359.8090487534944 15.487688178791876
182.56469015043038 -0.7285397003028796 39627769671321347 9 55-57-58-59-60-62-63-64-448 0.43328992491908974 1.0 2 0.9040527009202215 1.0 [-1,-1] 1.0 1.0 1.0 0.0005288673958748294 0.16397488484989944 90.72853970030287 -182.56469015043038 1717.7170128148184 1717.7170128148184 594.4767239955105 -218.5626921879925 -1596.677647593454
184.52723137774916 -0.11882576847797226 39627787824267881 9 55-57-58-59-60-62-63-64-448 0.5948518961191677 1.0 2 1.432168303083287 1.0 [-1,-1] 1.0 1.0 1.0 0.0007756247847600315 0.11796159141779075 90.11882576847798 -184.52723137774916 2256.1221486721915 2256.1221486721915 -1275.2554913898828 -1385.2975110086554 -1242.8843016960186
182.73274421526585 -0.10544236436933681 39627787790717694 9 55-57-58-59-60-62-63-64-448 0.7354942133855856 1.0 2 0.3820925952688515 1.0 [-1,-1] 1.0 1.0 1.0 0.0007126833197713517 0.12705585074725267 90.10544236436934 -182.73274421526585 2683.670397724722 2683.670397724722 1960.2565308345936 -1123.3321369512357 -1448.3114468362328
183.6398744915644 1.0692995946418609 39627811966683828 9 55-57-58-59-60-62-63-64-65 0.800229835206465 1.0 2 1.1978448354136375 1.0 [-1,-1] 1.0 1.0 1.0 0.0007229154976227362 0.12548315978664992 88.93070040535814 -183.6398744915644 2868.5134256041392 2868.5134256041392 337.00232432179223 -2335.676699205718 1630.7706960392643
182.25090467776067 1.1192602173611634 39627811945709615 9 55-57-58-59-60-62-63-64-65 0.6570893811671845 1.0 2 1.4048539384817995 1.0 [-1,-1] 1.0 1.0 1.0 0.000700708733790897 0.12894715825466588 88.88073978263884 -182.25090467776067 2449.8446958595127 2449.8446958595127 1941.9228010305376 -74.86083023641419 1491.667095824338
183.86198052966427 1.0784953677076985 39627811970877546 9 55-57-58-59-60-62-63-64-65 0.6112146483235333 1.0 2 1.3204915787660418 1.0 [-1,-1] 1.0 1.0 1.0 0.0007214233604467519 0.12571007283523317 88.9215046322923 -183.86198052966427 2307.7669359385445 2307.7669359385445 -148.51427335560865 -1880.5496090694567 1329.3851620390335
182.96718081657997 -0.22157717907055577 39627781755113863 9 55-57-58-59-60-62-63-64-65 0.7284088908877924 1.0 2 0.25833562244763464 1.0 [-1,-1] 1.0 1.0 1.0 0.0006167714992318164 0.14396928707710532 90.22157717907055 -182.96718081657997 2662.9951862464045 2662.9951862464045 1500.7112539840957 -1411.5924277385648 -1687.2509926173257
182.89305232144648 -0.43568995917929976 39627775715314707 9 55-57-58-59-60-62-63-64-65 0.7033518011149794 1.0 2 0.4823403950517597 1.0 [-1,-1] 1.0 1.0 1.0 0.0005843703162771602 0.15074849413407446 90.4356899591793 -182.89305232144648 2589.159451648728 2589.159451648728 1250.303628017034 -1012.4759248835346 -2028.6399398021856
184.31960235995484 0.531078271891499 39627799899669864 10 55-57-58-59-60-62-63-64-65-448 0.9740288557232342 0.9375 2 1.330199777463193 1.0 [-1,-1] 1.0 1.0 1.0 0.0003578035202613049 0.22475091060875194 89.4689217281085 -184.31960235995484 3330.594974499522 3330.594974499522 -1698.4167753166735 -2856.4498834278274 221.21800322201528
183.68561185774658 -0.8427158316106584 39627769688101965 10 55-57-58-59-60-62-63-64-65-448 0.6207163633793994 0.9375 2 1.0262000247230312 1.0 [-1,-1] 1.0 1.0 1.0 0.0007214233604467519 0.12571007283523317 90.84271583161066 -183.68561185774658 2337.521354093646 2337.521354093646 59.29632774492196 -605.8740379636328 -2256.857699652639
