data_rosette/LRG_2_clustering_data.ecsv
# %ECSV 1.0
# ---
# datatype:
# - {name: RA, unit: deg, datatype: float64}
# - {name: DEC, unit: deg, datatype: float64}
# - {name: TARGETID, datatype: int64}
# - {name: NTILE, datatype: int64}
# - {name: TILES, datatype: string}
# - {name: Z, datatype: float64}
# - {name: COMP_TILE, datatype: float64}
# - {name: ROSETTE_NUMBER, datatype: int32}
# - {name: ROSETTE_R, unit: deg, datatype: float64}
# - {name: FRACZ_TILELOCID, datatype: float64}
# - {name: BITWEIGHTS, datatype: string, subtype: 'int64[2]'}
# - {name: PROB_OBS, datatype: float64}
# - {name: WEIGHT_ZFAIL, datatype: float64}
# - {name: WEIGHT, datatype: float64}
# - {name: NZ, unit: h3 / Mpc3, datatype: float64}
# - {name: WEIGHT_FKP, datatype: float64}
# - {name: theta, unit: deg, datatype: float64}
# - {name: phi, unit: deg, datatype: float64}
# - {name: rho, unit: Mpc, datatype: float64}
# - {name: r, unit: Mpc, datatype: float64}
# - {name: x, unit: Mpc, datatype: float64}
# - {name: y, unit: Mpc, datatype: float64}
# - {name: z, unit: Mpc, datatype: float64}
# meta: !!omap
# - {EXTNAME: LSS}
# - {DESIDR: edr}
# - comments: ['Visit https://desidatamodel.readthedocs.io/en/latest/ for a more complet', e description]
# schema: astropy-2.0
RA DEC TARGETID NTILE TILES Z COMP_TILE ROSETTE_NUMBER ROSETTE_R FRACZ_TILELOCID BITWEIGHTS PROB_OBS WEIGHT_ZFAIL WEIGHT NZ WEIGHT_FKP theta phi rho r x y z
[from data line 2371]
182.55407511003662 -0.15943876144446484 39627781750916394 10 55-56-58-60-61-62-63-64-65-448 0.9158629713751532 0.9333333333333333 2 0.5687301072056584 1.0 [-1,-1] 1.0 1.0 1.0 0.0004951280553168204 0.17321314004730964 90.15943876144446 177.44592488996338 3181.2560332480934 3181.2560332480934 139.49623015362417 2577.8803933847094 -1858.8876857553869
182.61580303178465 0.7101934457432352 39627805910109298 10 55-56-58-60-61-62-63-64-65-448 0.6848650154426608 0.9333333333333333 2 0.8595402418294411 1.0 [-1,-1] 1.0 1.0 1.0 0.0007209928471550773 0.12577569469930108 89.28980655425677 177.38419696821535 2533.958503607048 2533.958503607048 283.9630025844967 2441.470177435001 616.0633764972351
183.67849893747672 -0.5748382870148672 39627775727899260 10 55-56-58-60-61-62-63-64-65-448 0.7464721941714876 0.9333333333333333 2 0.815529795909092 1.0 [-1,-1] 1.0 1.0 1.0 0.0007126833197713517 0.12705585074725267 90.57483828701487 176.32150106252328 2715.5293483949918 2715.5293483949918 1271.4148515597105 526.0614749834108 -2341.1243541867243
184.44592538767893 0.31712418927773717 39627793859875007 10 55-56-58-60-61-62-63-64-65-448 0.8842453367132123 0.9333333333333333 2 1.382774168656765 1.0 [-1,-1] 1.0 1.0 1.0 0.0005690156306133545 0.15418916366201427 89.68287581072227 175.55407461232107 3097.8850095509006 3097.8850095509006 2851.1834019940966 -1122.6769359490763 -455.23756224804936
183.76120348504122 -0.5229260182748636 39627775732089125 10 55-56-58-60-61-62-63-64-65-448 0.8446648769813148 0.9333333333333333 2 0.8429884518823113 1.0 [-1,-1] 1.0 1.0 1.0 0.0006232532477076302 0.14268566385842998 90.52292601827486 176.23879651495878 2991.2689324483404 2991.2689324483404 1569.1068530468212 501.949815598364 -2496.7258344826137
183.02221641159846 0.48988213900723654 39627799878697600 10 55-56-58-60-61-62-63-64-65-448 0.617926316427849 0.9333333333333333 2 0.49601879935126353 1.0 [-1,-1] 1.0 1.0 1.0 0.0007214233604467519 0.12571007283523317 89.51011786099276 176.97778358840154 2328.8022288045454 2328.8022288045454 1161.2106877253252 2017.7825337938264 58.84900945691844
182.07851715604576 0.6455209706838191 39627805901719501 8 55-56-58-60-61-62-63-65 0.9197581927305373 1.0 2 1.2083378559976004 1.0 [-1,-1] 1.0 1.0 1.0 0.0004951280553168204 0.17321314004730964 89.35447902931618 177.92148284395424 3191.418810928967 3191.418810928967 -1284.3890357431878 2864.571480341692 574.2203981285865
183.36813604474335 1.0168857151598807 39627811962489332 9 55-56-58-60-61-62-63-65-448 0.6428151969494466 1.0 2 1.0516396469511513 1.0 [-1,-1] 1.0 1.0 1.0 0.000833303205902425 0.11070054926254569 88.98311428484011 176.63186395525665 2406.0610805097745 2406.0610805097745 1563.1346385202532 1323.7751201239519 1262.2834294812073
182.0790448654283 0.6330765442376035 39627805901719516 9 55-56-58-60-61-62-63-65-448 0.7956095394336551 1.0 2 1.201288007742067 1.0 [-1,-1] 1.0 1.0 1.0 0.0007229154976227362 0.12548315978664992 89.36692345576239 177.9209551345717 2855.5595672416985 2855.5595672416985 -1150.3933447010586 2569.352107018644 478.7957233434342
182.20957408277602 1.245166745956411 39627817981317435 7 55-56-58-60-61-62-64 0.8698605232258229 1.0 2 1.5307428632478404 1.0 [-1,-1] 1.0 1.0 1.0 0.0006812235016579503 0.1321480675826358 88.75483325404359 177.79042591722398 3059.429695623541 3059.429695623541 -622.5187282707756 2082.747004502877 2152.8458864139766
181.92669732528017 1.023894728448101 39627811937324379 7 55-56-58-60-61-62-64 0.7002202353962914 1.0 2 1.5571939607907348 1.0 [-1,-1] 1.0 1.0 1.0 0.0005843703162771602 0.15074849413407446 88.9761052715519 178.07330267471983 2579.8523259482145 2579.8523259482145 -1186.1537880655358 1837.1201098875326 1368.819533979922
182.71458906470403 -0.41702225264566856 39627775711122682 8 55-56-58-60-61-62-64-448 0.8056750728079344 1.0 2 0.5678437507096544 1.0 [-1,-1] 1.0 1.0 1.0 0.0007229154976227362 0.12548315978664992 90.41702225264567 177.28541093529597 2883.7338161758344 2883.7338161758344 390.46162558330667 1791.6924675457442 -2225.6007151424815
181.6348556179523 -0.17891169234151133 39627781734140579 8 55-56-58-60-61-62-64-448 0.9323522967690093 1.0 2 1.4760252289661249 1.0 [-1,-1] 1.0 1.0 1.0 0.0004445766401596716 0.18918261239264766 90.17891169234152 178.3651443820477 3224.116570950783 3224.116570950783 -1963.3252421990978 1672.6949962978827 -1934.521415178265
181.7447890961837 -0.11085199408170607 39627787773940827 8 55-56-58-60-61-62-64-448 0.4824047007562051 1.0 2 1.3597361754226747 1.0 [-1,-1] 1.0 1.0 1.0 0.00048380039118235755 0.17655271186088778 90.1108519940817 178.2552109038163 1886.9835727239918 1886.9835727239918 -1085.1193799525977 1152.658530686446 -1026.9378007538985
182.23694242474826 -0.7662176811881745 39627769662936334 8 55-56-58-60-61-62-64-65 0.6884012407324474 1.0 2 1.1540855724114851 1.0 [-1,-1] 1.0 1.0 1.0 0.0007209928471550773 0.12577569469930108 90.76621768118818 177.76305757525174 2544.565648987717 2544.565648987717 -220.65291289014283 819.3136593488989 -2398.9272105767805
181.6858541762486 0.32102629939940447 39627793813737682 8 55-56-58-60-61-62-64-65 0.7224809385702085 1.0 2 1.45011908753469 1.0 [-1,-1] 1.0 1.0 1.0 0.0006167714992318164 0.14396928707710532 89.6789737006006 178.3141458237514 2645.628710915372 2645.628710915372 -1903.9722055581246 1797.4789862385503 -378.5636148822235
183.89713964383947 -0.11542054018949827 39627787811687536 9 55-56-58-60-61-62-64-65-448 0.630036523968274 1.0 2 0.8054518317825369 1.0 [-1,-1] 1.0 1.0 1.0 0.000833303205902425 0.11070054926254569 90.1154205401895 176.10286035616053 2366.5404448832805 2366.5404448832805 1949.7063782206096 342.05486955587554 -1296.9800238274072
184.43728827463596 0.33534480957550294 39627793859874802 9 55-56-58-60-61-62-64-65-448 0.7982308008535403 1.0 2 1.3786862041389636 1.0 [-1,-1] 1.0 1.0 1.0 0.0007229154976227362 0.12548315978664992 89.6646551904245 175.56271172536404 2862.9131996122187 2862.9131996122187 2650.5037944308883 -1017.3045462456049 -369.04347224867354
184.20050537841527 0.4697440707362233 39627799895478152 9 55-56-58-60-61-62-64-65-448 0.9222905723502799 1.0 2 1.1965552404555595 1.0 [-1,-1] 1.0 1.0 1.0 0.0004951280553168204 0.17321314004730964 89.53025592926377 175.79949462158473 3198.013254446618 3198.013254446618 3171.1129938322492 -413.59583484038376 16.42076025043881
182.7678533974755 -0.4013740943828047 39627775715311965 9 55-56-58-60-61-62-64-65-448 0.5034436792522288 1.0 2 0.5209805414367737 1.0 [-1,-1] 1.0 1.0 1.0 0.0005337442823398631 0.16272042362546515 90.4013740943828 177.2321466025245 1957.9749497210148 1957.9749497210148 335.71983123863674 1223.3248831277906 -1491.4537636039843
184.0956036047733 -0.7605480196664994 39627769696487952 9 55-56-58-60-61-62-64-65-448 1.0530147863504589 1.0 2 1.252837422764196 1.0 [-1,-1] 1.0 1.0 1.0 0.0001568149373683449 0.39812733398474315 90.7605480196665 175.9043963952267 3525.3628046440413 3525.3628046440413 1194.0184449133442 -29.608417571440697 -3316.869940046389
183.58475640230012 -0.00016296323896221424 39627787807491761 7 55-56-58-60-61-62-65 0.9392980438672697 1.0 2 0.48475642969205535 1.0 [-1,-1] 1.0 1.0 1.0 0.0004445766401596716 0.18918261239264766 90.00016296323896 176.41524359769988 3242.045210930478 3242.045210930478 2562.485719803124 1353.8416489690774 -1453.147231026162
184.4759520089827 0.3122444910524167 39627793859875712 8 55-56-58-60-61-62-65-448 0.9532071814685548 1.0 2 1.410929413495723 1.0 [-1,-1] 1.0 1.0 1.0 0.00041974738576830407 0.19815580287489248 89.68775550894759 175.5240479910173 3277.7266848917957 3277.7266848917957 2977.4860778937978 -1276.9425026918652 -497.4803730996881
181.9309536020333 1.007550639025727 39627811937324476 7 55-56-58-60-61-63-64 0.44963631105192714 1.0 2 1.5432714894081778 1.0 [-1,-1] 1.0 1.0 1.0 0.0005288673958748294 0.16397488484989944 88.99244936097428 178.0690463979667 1774.6069449092547 1774.6069449092547 -818.7190509816652 1279.958031324782 916.8622374855606
181.7693314424766 0.6865705672996123 39627805897523682 7 55-56-58-60-61-63-64 0.8073524870347747 1.0 2 1.497322009201214 1.0 [-1,-1] 1.0 1.0 1.0 0.0007229154976227362 0.12548315978664992 89.31342943270039 178.2306685575234 2888.412407081918 2888.412407081918 -1880.375206411187 2098.283134573019 635.864139313793
182.91272318330147 1.5124894764383634 39627824033697252 7 55-56-58-60-61-63-64 0.9583466651508712 1.0 2 1.5240370321093215 1.0 [-1,-1] 1.0 1.0 1.0 0.00041974738576830407 0.19815580287489248 88.48751052356164 177.08727681669853 3290.836915753962 3290.836915753962 659.1830313263401 1505.4835406963246 2851.0707893689564
182.78975678638642 1.5179025580152956 39627824033694574 7 55-56-58-60-61-63-64 0.568845923127033 1.0 2 1.5492761239786246 1.0 [-1,-1] 1.0 1.0 1.0 0.000677088223595666 0.13284793461577618 88.4820974419847 177.21024321361358 2172.975609335807 2172.975609335807 307.1315995284881 1030.188278696363 1888.4399089661335
182.35419995380965 1.3343490886585365 39627817985509447 7 55-56-58-60-61-63-64 0.7327645062599267 1.0 2 1.5285956418859632 1.0 [-1,-1] 1.0 1.0 1.0 0.0007126833197713517 0.12705585074725267 88.66565091134146 177.64580004619035 2675.715554643167 2675.715554643167 -250.77213069529662 1707.5890300868418 2044.6776695002588
183.81269153738768 1.2634238458660616 39627818010674344 7 55-56-58-60-61-63-64 0.9075575160895253 1.0 2 1.4505470391075868 1.0 [-1,-1] 1.0 1.0 1.0 0.0005275616701708153 0.16431404058018498 88.73657615413394 176.18730846261232 3159.5078807072414 3159.5078807072414 2130.9229495391232 562.5835928825841 2263.880989009354
183.81695972242866 1.2377643842017878 39627818010674438 7 55-56-58-60-61-63-64 1.0445310485253099 1.0 2 1.4303887395533 1.0 [-1,-1] 1.0 1.0 1.0 0.00017111768859933566 0.3774092623312036 88.76223561579822 176.18304027757134 3504.8719734962156 3504.8719734962156 2428.0838719070107 629.9634092851353 2447.7913237337375
183.95185751024238 -0.11549649869128156 39627787811688724 7 55-56-58-60-61-63-64 0.9411699147236642 1.0 2 0.859650903600619 1.0 [-1,-1] 1.0 1.0 1.0 0.0004445766401596716 0.18918261239264766 90.11549649869129 176.04814248975762 3246.8643260214885 3246.8643260214885 2696.5014241152644 322.2808606182686 -1779.646894250226
182.61077634623422 -1.1132487405528642 39627763631524578 8 55-56-58-60-61-63-64-448 0.8954839185431557 1.0 2 1.2159903052161112 1.0 [-1,-1] 1.0 1.0 1.0 0.0005275616701708153 0.16431404058018498 91.11324874055286 177.38922365376578 3127.6999461636497 3127.6999461636497 -2.4413814514669685 -21.95162186434747 -3127.6219591226545
183.96873513615733 -0.09628683097530509 39627787811689045 8 55-56-58-60-61-63-64-448 0.8490848668758906 1.0 2 0.8740544491842357 1.0 [-1,-1] 1.0 1.0 1.0 0.0006232532477076302 0.14268566385842998 90.0962868309753 176.03126486384267 3003.3008685153773 3003.3008685153773 2529.893606092102 259.1427619399969 -1597.5917743947075
183.5899035258844 1.1809120388737153 39627818006480710 8 55-56-58-60-61-63-64-448 0.8490182533439127 1.0 2 1.2784853233072198 1.0 [-1,-1] 1.0 1.0 1.0 0.0006232532477076302 0.14268566385842998 88.81908796112629 176.4100964741156 3003.119772715425 3003.119772715425 2008.1540113474255 1047.7851388844986 1971.8499280412752
181.8060302911254 0.6258509607208539 39627805897524462 8 55-56-58-60-61-63-64-65 0.8562462680672801 1.0 2 1.4373518836729138 1.0 [-1,-1] 1.0 1.0 1.0 0.0006812235016579503 0.1321480675826358 89.37414903927915 178.1939697088746 3022.727670173074 3022.727670173074 -1908.2747699106915 2293.441316610757 485.28022607041544
181.80452723836208 0.6220622731166262 39627799857726776 8 55-56-58-60-61-63-64-65 0.6126528578897361 1.0 2 1.4370613082516517 1.0 [-1,-1] 1.0 1.0 1.0 0.0007214233604467519 0.12571007283523317 89.37793772688337 178.19547276163792 2312.2817228676736 2312.2817228676736 -1463.2899533441 1753.2741074242758 362.5730031121008
182.61856220343094 0.704798905025054 39627805910109388 9 55-56-58-60-61-63-64-65-448 0.6841336612989138 1.0 2 0.8535292364735988 1.0 [-1,-1] 1.0 1.0 1.0 0.0007209928471550773 0.12577569469930108 89.29520109497494 177.38143779656906 2531.7619069886077 2531.7619069886077 290.83483870867263 2441.823342579848 602.2725412170707
182.452848731745 -1.2305321054470277 39627757587534455 9 55-56-58-60-61-63-64-65-448 0.9118501475181287 1.0 2 1.3903055894836462 1.0 [-1,-1] 1.0 1.0 1.0 0.0004951280553168204 0.17321314004730964 91.23053210544703 177.547151268255 3170.7617406755703 3170.7617406755703 18.54145765118814 -392.8162740543176 -3146.2805986304247
181.73887625791292 0.3284046511198051 39627793813739050 9 55-56-58-60-61-63-64-65-448 0.4871755084335307 1.0 2 1.4001739773921504 1.0 [-1,-1] 1.0 1.0 1.0 0.00048380039118235755 0.17655271186088778 89.67159534888019 178.26112374208708 1903.1606929678373 1903.1606929678373 -1300.5407379409737 1365.223123535758 -258.41872063965326
183.68518518246245 -0.570417308181438 39627775727899449 9 55-56-58-60-61-63-64-65-448 0.8441970668852276 1.0 2 0.8171941564710339 1.0 [-1,-1] 1.0 1.0 1.0 0.0006232532477076302 0.14268566385842998 90.57041730818143 176.31481481753755 2989.993604809292 2989.993604809292 1414.306496904199 574.1394952298773 -2571.023673487317
182.90108298083473 0.5837246730075919 39627799874506360 9 55-56-58-60-61-63-64-65-448 0.44615723184839784 1.0 2 0.6166855806748665 1.0 [-1,-1] 1.0 1.0 1.0 0.0005288673958748294 0.16397488484989944 89.4162753269924 177.09891701916527 1762.545378018947 1762.545378018947 683.2249889500384 1611.179853152154 209.45000560223494
182.36794648550367 0.41152516780485016 39627799866116980 7 55-56-58-60-61-63-65 0.6087714287919085 1.0 2 0.8397893166376038 1.0 [-1,-1] 1.0 1.0 1.0 0.0007756247847600315 0.11796159141779075 89.58847483219515 177.63205351449633 2300.088181304335 2300.088181304335 -302.4604443056011 2276.8463522541488 -122.04101619258712
182.69110959430446 1.2166498020089584 39627817989705651 7 55-56-58-60-61-63-65 1.074608170449858 1.0 2 1.2835119690002297 1.0 [-1,-1] 1.0 1.0 1.0 0.0001075182622224553 0.4910338705006151 88.78335019799104 177.30889040569554 3577.0636921035857 3577.0636921035857 496.1668158818561 2564.76495980724 2443.6005911622224
182.37809867279537 0.397023545471497 39627799866117255 7 55-56-58-60-61-63-65 1.0334594309776715 1.0 2 0.8238694561003582 1.0 [-1,-1] 1.0 1.0 1.0 0.00017111768859933566 0.3774092623312036 89.6029764545285 177.62190132720463 3477.977742432751 3477.977742432751 -422.0072169798076 3444.280624466697 -234.8830892122085
182.37081378325774 0.4024572218053281 39627799866117054 7 55-56-58-60-61-63-65 0.48124688734584714 1.0 2 0.8328719044053587 1.0 [-1,-1] 1.0 1.0 1.0 0.00048380039118235755 0.17655271186088778 89.59754277819466 177.62918621674226 1883.0505759228367 1883.0505759228367 -242.14779778477748 1863.7500373395903 -116.9603087717602
182.42467821719376 0.8431608737153443 39627805905916100 8 55-56-58-60-61-63-65-448 0.6968576871248134 1.0 2 1.080253140379406 1.0 [-1,-1] 1.0 1.0 1.0 0.0005843703162771602 0.15074849413407446 89.15683912628465 177.57532178280624 2569.8389501983415 2569.8389501983415 -179.72650917117423 2381.1235469712055 949.7480012702973
182.2423446926261 -0.01436756540343427 39627787782329112 8 55-56-58-60-61-63-65-448 0.5478662848478725 1.0 2 0.8577756337083924 1.0 [-1,-1] 1.0 1.0 1.0 0.0007045118177349687 0.128340413101622 90.01436756540343 177.7576553073739 2104.934834962399 2104.934834962399 -476.0349833651559 1806.3883110101533 -970.1044396850282
181.96788734442123 1.0504804243108044 39627811937325196 6 55-56-58-60-61-64 0.8539483101808426 1.0 2 1.5443589506644104 1.0 [-1,-1] 1.0 1.0 1.0 0.0006812235016579503 0.1321480675826358 88.9495195756892 178.03211265557877 3016.503080611014 3016.503080611014 -1275.2406853722262 2165.9081051153084 1667.9011091497377
181.92854836620617 1.0436893616411793 39627811937324411 6 55-56-58-60-61-64 0.6995022841177041 1.0 2 1.5688959885152136 1.0 [-1,-1] 1.0 1.0 1.0 0.0005843703162771602 0.15074849413407446 88.95631063835881 178.07145163379383 2577.7160492885696 2577.7160492885696 -1166.8984323314996 1814.6597653365577 1410.6658057282127
