data_rosette/LRG_0_clustering_data.ecsv
# %ECSV 1.0
# ---
# datatype:
# - {name: RA, unit: deg, datatype: float64}
# - {name: DEC, unit: deg, datatype: float64}
# - {name: TARGETID, datatype: int64}
# - {name: NTILE, datatype: int64}
# - {name: TILES, datatype: string}
# - {name: Z, datatype: float64}
# - {name: COMP_TILE, datatype: float64}
# - {name: ROSETTE_NUMBER, datatype: int32}
# - {name: ROSETTE_R, unit: deg, datatype: float64}
# - {name: FRACZ_TILELOCID, datatype: float64}
# - {name: BITWEIGHTS, datatype: string, subtype: 'int64[2]'}
# - {name: PROB_OBS, datatype: float64}
# - {name: WEIGHT_ZFAIL, datatype: float64}
# - {name: WEIGHT, datatype: float64}
# - {name: NZ, unit: h3 / Mpc3, datatype: float64}
# - {name: WEIGHT_FKP, datatype: float64}
# - {name: theta, unit: deg, datatype: float64}
# - {name: phi, unit: deg, datatype: float64}
# - {name: rho, unit: Mpc, datatype: float64}
# - {name: r, unit: Mpc, datatype: float64}
# - {name: x, unit: Mpc, datatype: float64}
# - {name: y, unit: Mpc, datatype: float64}
# - {name: z, unit: Mpc, datatype: float64}
# meta: !!omap
# - {EXTNAME: LSS}
# - {DESIDR: edr}
# - comments: ['Visit https://desidatamodel.readthedocs.io/en/latest/ for a more complet', e description]
# schema: astropy-2.0
RA DEC TARGETID NTILE TILES Z COMP_TILE ROSETTE_NUMBER ROSETTE_R FRACZ_TILELOCID BITWEIGHTS PROB_OBS WEIGHT_ZFAIL WEIGHT NZ WEIGHT_FKP theta phi rho r x y z
[from data line 1179]
150.00269344872592 1.0325515708989468 39627811404644446 10 1-2-3-4-6-7-8-9-10-11 0.8728895568787524 1.0 0 1.1535564524017425 1.0 [-1,-1] 1.0 1.0 1.0 0.0005690156306133545 0.15418916366201427 88.96744842910105 209.99730655127408 3067.5548546073383 3067.5548546073383 -2282.4219582435144 1215.6619449860807 1650.032977266075
151.01531758930693 3.072775928085483 39627859739803958 10 1-2-3-4-6-7-8-9-10-11 0.4298618997597781 1.0 0 1.2765228294054733 1.0 [-1,-1] 1.0 1.0 1.0 0.0006262316776515472 0.14210347001521706 86.92722407191452 208.98468241069307 1705.7158383559245 1705.7158383559245 100.9270929633739 -1465.268948033986 867.3333575111662
151.5686618686309 1.9653026165948622 39627835589002412 10 1-2-3-4-6-7-8-9-10-11 0.45062044042783206 1.0 0 1.4836099915914038 1.0 [-1,-1] 1.0 1.0 1.0 0.0005635091211985168 0.1554616369400361 88.03469738340513 208.4313381313691 1778.014247843137 1778.014247843137 58.01560528004439 110.20413885457862 1773.6470626526875
149.46948290195192 3.0357430337552866 39627859710447528 10 1-2-3-4-6-7-8-9-10-11 0.6346668408666233 1.0 0 1.060941993369731 1.0 [-1,-1] 1.0 1.0 1.0 0.000833303205902425 0.11070054926254569 86.96425696624472 210.53051709804808 2380.8961871757247 2380.8961871757247 2001.9662136239692 87.76090590459809 1285.7277927348446
150.25405769049758 1.9719758073081477 39627835568029827 10 1-2-3-4-6-7-8-9-10-11 0.6678185644967768 1.0 0 0.26040877937579104 1.0 [-1,-1] 1.0 1.0 1.0 0.000700708733790897 0.12894715825466588 88.02802419269186 209.74594230950242 2482.5049509631813 2482.5049509631813 -116.123752686924 106.19449863445784 2477.512630457893
151.07345375202848 1.1113981562919115 39627811421422980 10 1-2-3-4-6-7-8-9-10-11 0.9887353525801033 1.0 0 1.446717097796486 1.0 [-1,-1] 1.0 1.0 1.0 0.0003578035202613049 0.22475091060875194 88.88860184370809 208.92654624797152 3367.5465346013443 3367.5465346013443 -28.579166092368652 2687.227873190232 2029.3741033925926
150.07260446819927 0.7074046678470611 39627805364848171 10 1-2-3-4-6-7-8-9-10-11 0.9961293319288249 1.0 0 1.474849616138707 1.0 [-1,-1] 1.0 1.0 1.0 0.0002622817504223413 0.28340640119267335 89.29259533215294 209.92739553180073 3386.0040952001646 3386.0040952001646 -2785.8663614863253 1743.929718312967 814.0525082794618
150.03853859420207 0.7134819099240207 39627805364847415 10 1-2-3-4-6-7-8-9-10-11 0.6596125428898763 1.0 0 1.4698027986553726 1.0 [-1,-1] 1.0 1.0 1.0 0.000700708733790897 0.12894715825466588 89.28651809007597 209.96146140579793 2457.5445498004474 2457.5445498004474 -2060.759834826693 1194.3116622357388 605.3212129660179
150.99956384484636 3.0919416242268447 39627859735614046 10 1-2-3-4-6-7-8-9-10-11 0.6047906837042631 1.0 0 1.278858432922735 1.0 [-1,-1] 1.0 1.0 1.0 0.0007756247847600315 0.11796159141779075 86.90805837577315 209.00043615515364 2287.552670747366 2287.552670747366 168.14517903043804 -1984.5627576923046 1125.2266798263113
150.57108341632903 3.0181914041951385 39627859731416662 10 1-2-3-4-6-7-8-9-10-11 0.9149957434677068 1.0 0 0.9595181040344339 1.0 [-1,-1] 1.0 1.0 1.0 0.0004951280553168204 0.17321314004730964 86.98180859580486 209.42891658367097 3178.990192989939 3178.990192989939 1298.1922132115908 -2304.5756510279502 1763.4076934651557
149.2458456532805 2.472229381415976 39627847626658875 10 1-2-3-4-6-7-8-9-10-11 0.8336168589153635 1.0 0 0.9014478738140111 1.0 [-1,-1] 1.0 1.0 1.0 0.0006232532477076302 0.14268566385842998 87.52777061858403 210.7541543467195 2961.054157513728 2961.054157513728 1208.1786192838583 331.05428751857875 2683.0112199449054
150.07222151661688 1.7171206672449273 39627829524039172 10 1-2-3-4-6-7-8-9-10-11 0.8374388569319332 1.0 0 0.4657075701183955 1.0 [-1,-1] 1.0 1.0 1.0 0.0006232532477076302 0.14268566385842998 88.28287933275507 209.92777848338312 2971.5295153006437 2971.5295153006437 -788.3952433693842 493.10889225476035 2822.279968556396
149.481441220526 2.006262424569673 39627835551257507 10 1-2-3-4-6-7-8-9-10-11 0.974293005470081 1.0 0 0.6426410032422772 1.0 [-1,-1] 1.0 1.0 1.0 0.0003578035202613049 0.22475091060875194 87.99373757543033 210.518558779474 3331.2615075933595 3331.2615075933595 -97.02089384603492 -3.091256834353579 3329.846936761761
150.6776997439984 1.1018880484437386 39627811413036653 10 1-2-3-4-6-7-8-9-10-11 0.8686852448938857 1.0 0 1.2247836200281503 1.0 [-1,-1] 1.0 1.0 1.0 0.0006812235016579503 0.1321480675826358 88.89811195155626 209.3223002560016 3056.2731241414963 3056.2731241414963 -970.9949141507839 2256.3198507019742 1818.5145084302064
149.48899166178023 1.9912564507953974 39627835551257672 10 1-2-3-4-6-7-8-9-10-11 0.7407094977828077 1.0 0 0.6397022797306564 1.0 [-1,-1] 1.0 1.0 1.0 0.0007126833197713517 0.12705585074725267 88.00874354920461 210.51100833821977 2698.8320328368354 2698.8320328368354 -119.077535629149 -2.8942190522307145 2696.2022374945786
149.50465692081104 1.9627384503491605 39627835555446902 10 1-2-3-4-6-7-8-9-10-11 0.7412423793258982 1.0 0 0.6340702546288466 1.0 [-1,-1] 1.0 1.0 1.0 0.0007126833197713517 0.12705585074725267 88.03726154965084 210.49534307918896 2700.378500015276 2700.378500015276 -196.04911418022687 -1.6929827761025886 2693.2519232302093
150.446815749329 2.750889340720112 39627853687427604 10 1-2-3-4-6-7-8-9-10-11 0.7899322647218698 1.0 0 0.6661024686866637 1.0 [-1,-1] 1.0 1.0 1.0 0.0007324854237337303 0.12404708914385561 87.24911065927989 209.553184250671 2839.592655483171 2839.592655483171 1108.3309826449047 -1497.1105843625319 2143.256582906728
150.44813271644063 2.750463195591193 39627853687427635 10 1-2-3-4-6-7-8-9-10-11 0.7939799579691561 1.0 0 0.6664243269610697 1.0 [-1,-1] 1.0 1.0 1.0 0.0007229154976227362 0.12548315978664992 87.2495368044088 209.55186728355937 2850.9820970622263 2850.9820970622263 1110.2511649792057 -1503.841725736859 2152.649839700928
150.0754549636143 1.719945826352788 39627829524039236 10 1-2-3-4-6-7-8-9-10-11 0.8922996667042168 1.0 0 0.46270489154988104 1.0 [-1,-1] 1.0 1.0 1.0 0.0005275616701708153 0.16431404058018498 88.28005417364722 209.9245450363857 3119.2727403114054 3119.2727403114054 -818.8308602654424 515.8360022878577 2965.348490392059
151.22585049227908 2.3228005939166625 39627841620415488 10 1-2-3-4-6-7-8-9-10-11 0.9535942595769749 1.0 0 1.1337572785194934 1.0 [-1,-1] 1.0 1.0 1.0 0.00041974738576830407 0.19815580287489248 87.67719940608333 208.77414950772092 3278.7154661834084 3278.7154661834084 -131.30819681953827 -920.045195045438 3144.2407835138974
151.35539500667159 1.5987138497004523 39627823505213538 10 1-2-3-4-6-7-8-9-10-11 1.0788304668801412 1.0 0 1.3836584548427218 1.0 [-1,-1] 1.0 1.0 1.0 0.0001075182622224553 0.4910338705006151 88.40128615029954 208.64460499332841 3587.097620443471 3587.097620443471 406.57933636978004 1461.647101363798 3250.4692481091292
150.23352628695 2.0593606999601866 39627835563840436 10 1-2-3-4-6-7-8-9-10-11 0.827603452588012 1.0 0 0.1812325751739513 1.0 [-1,-1] 1.0 1.0 1.0 0.0006627118749498285 0.13533979738261318 87.94063930003982 209.76647371305 2944.5236956126532 2944.5236956126532 53.01345987035586 -46.51836347557712 2943.6788902590115
148.93718936708262 2.6847680378941545 39627853662260562 10 1-2-3-4-6-7-8-9-10-11 0.858812839128941 1.0 0 1.2658823179075456 1.0 [-1,-1] 1.0 1.0 1.0 0.0006812235016579503 0.1321480675826358 87.31523196210584 211.06281063291738 3029.669719892832 3029.669719892832 1536.2809709857063 997.9874921784866 2413.0396505814033
149.80385193332472 1.7954416508429296 39627829519844392 10 1-2-3-4-6-7-8-9-10-11 0.6687945014908494 1.0 0 0.48685221688218216 1.0 [-1,-1] 1.0 1.0 1.0 0.000700708733790897 0.12894715825466588 88.20455834915707 210.19614806667528 2485.4651848419426 2485.4651848419426 -565.9542110986905 169.23301808513943 2414.247957768805
150.4590976376242 2.7333897603288086 39627853687427896 10 1-2-3-4-6-7-8-9-10-11 0.794397446316918 1.0 0 0.6578325477210395 1.0 [-1,-1] 1.0 1.0 1.0 0.0007229154976227362 0.12548315978664992 87.2666102396712 209.5409023623758 2852.15524528947 2852.15524528947 1072.4741353694167 -1486.5112067108364 2185.1483255191056
149.80039181771807 1.802782102102942 39627829519844322 10 1-2-3-4-6-7-8-9-10-11 0.6744997824729839 1.0 0 0.4831795180268675 1.0 [-1,-1] 1.0 1.0 1.0 0.0007209928471550773 0.12577569469930108 88.19721789789706 210.19960818228193 2502.7354121949975 2502.7354121949975 -553.3433379199179 163.37840374656545 2435.3240423039665
151.01575281950585 3.0833396798534864 39627859739803968 10 1-2-3-4-6-7-8-9-10-11 0.9152617513352852 1.0 0 1.2842234043523018 1.0 [-1,-1] 1.0 1.0 1.0 0.0004951280553168204 0.17321314004730964 86.91666032014652 208.98424718049415 3179.6853265958 3179.6853265958 188.10873459669236 -2748.4285536498146 1587.8143360038853
151.25058046125397 1.8874328462804169 39627835584806974 11 1-2-3-4-6-7-8-9-10-11-442 0.935175608753801 1.0 0 1.186984999704545 1.0 [-1,-1] 1.0 1.0 1.0 0.0004445766401596716 0.18918261239264766 88.11256715371958 208.74941953874603 3231.413138076291 3231.413138076291 78.95386629794292 469.8305484297286 3196.100187993313
150.030645055819 1.0035644557911225 39627811404645069 11 1-2-3-4-6-7-8-9-10-11-442 0.8712913223256517 1.0 0 1.1804730212970915 1.0 [-1,-1] 1.0 1.0 1.0 0.0005690156306133545 0.15418916366201427 88.99643554420888 209.969354944181 3063.269546547747 3063.269546547747 -2284.9788652685993 1300.2722028171324 1572.1908594899494
150.52608086247182 3.0264866860802586 39627859731415680 11 1-2-3-4-6-7-8-9-10-11-442 0.7513735099691146 1.0 0 0.9456873477288881 1.0 [-1,-1] 1.0 1.0 1.0 0.0006416626200019751 0.139161677870846 86.97351331391974 209.47391913752818 2729.684947506454 2729.684947506454 1209.215386748423 -1937.293934841276 1495.2826726480112
150.80671719887505 3.0712062968210474 39627859735610477 11 1-2-3-4-6-7-8-9-10-11-442 0.6094177833498281 1.0 0 1.1353757375889844 1.0 [-1,-1] 1.0 1.0 1.0 0.0007756247847600315 0.11796159141779075 86.92879370317895 209.19328280112495 2302.1207098102363 2302.1207098102363 542.3027112472957 -1904.7517001292329 1173.7071580108118
150.89260733479858 3.2356518145881594 39627865771216277 11 1-2-3-4-6-7-8-9-10-11-442 0.8905938394197832 1.0 0 1.3179482387591552 1.0 [-1,-1] 1.0 1.0 1.0 0.0005275616701708153 0.16431404058018498 86.76434818541185 209.10739266520142 3114.7516233717756 3114.7516233717756 552.5455354759857 -2850.28467573877 1127.9398803887552
150.06767213634518 1.5119226831318642 39627823484241361 11 1-2-3-4-6-7-8-9-10-11-442 0.48131666462714023 1.0 0 0.6708558740921564 1.0 [-1,-1] 1.0 1.0 1.0 0.00048380039118235755 0.17655271186088778 88.48807731686813 209.93232786365482 1883.287681298267 1883.287681298267 -800.4505081762851 495.59718001052823 1631.0839676901192
150.09104221655775 1.467702664655167 39627823484241818 11 1-2-3-4-6-7-8-9-10-11-442 0.707002425849036 1.0 0 0.7143534438589517 1.0 [-1,-1] 1.0 1.0 1.0 0.0005843703162771602 0.15074849413407446 88.53229733534484 209.90895778344225 2599.986882176212 2599.986882176212 -1171.099523735495 763.5069820683561 2192.1484396198507
150.5358632789064 3.3216646228751183 39627865767019982 11 1-2-3-4-6-7-8-9-10-11-442 0.9595894355670338 1.0 0 1.2199869120599682 1.0 [-1,-1] 1.0 1.0 1.0 0.00041974738576830407 0.19815580287489248 86.67833537712488 209.4641367210936 3294.0010972383525 3294.0010972383525 1647.7181570118978 -2698.2313686847924 924.6705276508923
149.81436198076045 2.143239614054268 39627841599440533 11 1-2-3-4-6-7-8-9-10-11-442 0.9522987707487746 1.0 0 0.28805426512291615 1.0 [-1,-1] 1.0 1.0 1.0 0.00041974738576830407 0.19815580287489248 87.85676038594573 210.18563801923955 3275.4052822095555 3275.4052822095555 336.6594373717341 -104.53570935496207 3256.380271317289
150.0569119632342 1.510797755862125 39627823484241113 11 1-2-3-4-6-7-8-9-10-11-442 0.6660726861942613 1.0 0 0.6725823985097589 1.0 [-1,-1] 1.0 1.0 1.0 0.000700708733790897 0.12894715825466588 88.48920224413787 209.9430880367658 2477.204923214108 2477.204923214108 -1061.900383474819 641.7708940128468 2144.071343675438
150.07682367363256 1.2543070167181534 39627817444443953 11 1-2-3-4-6-7-8-9-10-11-442 0.8627552847571925 1.0 0 0.9279821758528211 1.0 [-1,-1] 1.0 1.0 1.0 0.0006812235016579503 0.1321480675826358 88.74569298328184 209.92317632636744 3040.312420888397 3040.312420888397 -1809.5758579161468 1143.4348538360798 2159.0487641755963
150.77234864403195 3.0556459968399508 39627859735609796 11 1-2-3-4-6-7-8-9-10-11-442 0.6071256073815577 1.0 0 1.1019788918772544 1.0 [-1,-1] 1.0 1.0 1.0 0.0007756247847600315 0.11796159141779075 86.94435400316004 209.22765135596805 2294.9091135066296 2294.9091135066296 599.873155302482 -1861.5321704912965 1200.6073525633565
150.84564996826546 1.535897873262273 39627823496824887 11 1-2-3-4-6-7-8-9-10-11-442 0.9820794877505507 1.0 0 0.9863320189755245 1.0 [-1,-1] 1.0 1.0 1.0 0.0003578035202613049 0.22475091060875194 88.46410212673773 209.15435003173454 3350.862674885902 3350.862674885902 -379.08781598519136 1559.6317103014835 2941.4489664002585
148.86721920045917 2.2340830829932212 39627841582663922 11 1-2-3-4-6-7-8-9-10-11-442 0.42927457355867266 1.0 0 1.232965945908148 1.0 [-1,-1] 1.0 1.0 1.0 0.0006262316776515472 0.14210347001521706 87.76591691700678 211.13278079954083 1703.6572014700503 1703.6572014700503 268.48483814230957 202.4446477849677 1670.1436813614814
148.80466298151305 2.3549053363331915 39627841582662691 11 1-2-3-4-6-7-8-9-10-11-442 0.44240684620504317 1.0 0 1.3058193161211575 1.0 [-1,-1] 1.0 1.0 1.0 0.0005288673958748294 0.16397488484989944 87.64509466366681 211.19533701848695 1749.515041320824 1749.515041320824 417.21644902751143 357.61623844210396 1660.9768031105066
150.44456100062504 2.751761913066636 39627853687427555 11 1-2-3-4-6-7-8-9-10-11-442 0.7935370155779154 1.0 0 0.6656800978296817 1.0 [-1,-1] 1.0 1.0 1.0 0.0007229154976227362 0.12548315978664992 87.24823808693337 209.55543899937496 2849.737098863328 2849.737098863328 1116.7950283982286 -1501.4526121750382 2149.2813800374606
149.85175458718183 3.621839259606594 39627871785847515 11 1-2-3-4-6-7-8-9-10-11-442 0.7147408854407575 1.0 0 1.4610276073941986 1.0 [-1,-1] 1.0 1.0 1.0 0.0006167714992318164 0.14396928707710532 86.37816074039341 210.14824541281817 2622.859137040075 2622.859137040075 2473.7522316244504 -870.78006226855 -41.01258883852561
148.97318061678476 2.4434351982193503 39627847622463662 11 1-2-3-4-6-7-8-9-10-11-442 0.8757799163203696 1.0 0 1.155854826183985 1.0 [-1,-1] 1.0 1.0 1.0 0.0005690156306133545 0.15418916366201427 87.55656480178065 211.02681938321524 3075.29429322242 3075.29429322242 1046.5755725139452 627.507166426981 2822.8264766057214
150.0814065702872 1.3197035004935356 39627817444444059 11 1-2-3-4-6-7-8-9-10-11-442 0.5085406622453605 1.0 0 0.8624967474853983 1.0 [-1,-1] 1.0 1.0 1.0 0.0005337442823398631 0.16272042362546515 88.68029649950647 209.9185934297128 1975.0383040719446 1975.0383040719446 -1092.3500082962694 697.259488828583 1490.4284508707642
148.97123678628668 2.447422048060339 39627847622463618 11 1-2-3-4-6-7-8-9-10-11-442 0.6715501564415643 1.0 0 1.158652043469846 1.0 [-1,-1] 1.0 1.0 1.0 0.0007209928471550773 0.12577569469930108 87.55257795193967 211.02876321371332 2493.814208599709 2493.814208599709 855.5083866478195 515.2102860633295 2285.1199243198553
150.15000019076393 1.438441334819466 39627823484242886 11 1-2-3-4-6-7-8-9-10-11-442 0.7047254189257287 1.0 0 0.7452361892675142 1.0 [-1,-1] 1.0 1.0 1.0 0.0005843703162771602 0.15074849413407446 88.56155866518053 209.84999980923607 2593.236302291447 2593.236302291447 -1172.1126310323878 866.7062378143756 2144.725343028846
150.22430858014496 3.558472921102264 39627871794233767 11 1-2-3-4-6-7-8-9-10-11-442 0.784071934310859 1.0 0 1.3820603577555286 1.0 [-1,-1] 1.0 1.0 1.0 0.0007324854237337303 0.12404708914385561 86.44152707889774 209.77569141985504 2823.053313514488 2823.053313514488 2136.5886565340306 -1840.2383951375434 134.69065586310685
