data_rosette/LRG_14_clustering_data.ecsv
# %ECSV 1.0
# ---
# datatype:
# - {name: RA, unit: deg, datatype: float64}
# - {name: DEC, unit: deg, datatype: float64}
# - {name: TARGETID, datatype: int64}
# - {name: NTILE, datatype: int64}
# - {name: TILES, datatype: string}
# - {name: Z, datatype: float64}
# - {name: COMP_TILE, datatype: float64}
# - {name: ROSETTE_NUMBER, datatype: int32}
# - {name: ROSETTE_R, unit: deg, datatype: float64}
# - {name: FRACZ_TILELOCID, datatype: float64}
# - {name: BITWEIGHTS, datatype: string, subtype: 'int64[2]'}
# - {name: PROB_OBS, datatype: float64}
# - {name: WEIGHT_ZFAIL, datatype: float64}
# - {name: WEIGHT, datatype: float64}
# - {name: NZ, unit: h3 / Mpc3, datatype: float64}
# - {name: WEIGHT_FKP, datatype: float64}
# - {name: distance, unit: Mpc, datatype: float64}
# - {name: x, unit: Mpc, datatype: float64}
# - {name: y, unit: Mpc, datatype: float64}
# - {name: z, unit: Mpc, datatype: float64}
# meta: !!omap
# - {EXTNAME: LSS}
# - {DESIDR: edr}
# - comments: ['Visit https://desidatamodel.readthedocs.io/en/latest/ for a more complet', e description]
# schema: astropy-2.0
RA DEC TARGETID NTILE TILES Z COMP_TILE ROSETTE_NUMBER ROSETTE_R FRACZ_TILELOCID BITWEIGHTS PROB_OBS WEIGHT_ZFAIL WEIGHT NZ WEIGHT_FKP distance x y z
[from data line 2011]
250.85530116640837 34.95522673938653 39632981819656896 11 379-380-382-383-385-386-387-388-389-436-437 0.8139489246041484 1.0 14 1.4263013853096294 1.0 [-1,-1] 1.0 1.0 1.0 0.000762533893525711 0.11946670068019369 2906.7651074331598 -781.314962593009 -2250.6229900650496 1665.390787656113
253.60907998052318 34.484438886257415 39632971916904269 11 379-380-382-383-385-386-387-388-389-436-437 0.7128524198828128 1.0 14 0.9142350128601759 1.0 [-1,-1] 1.0 1.0 1.0 0.0005823912580269674 0.15084542533972659 2617.2873987879707 -608.7891542179328 -2069.6990138905808 1481.8620332072996
253.31217235700663 34.21505736104742 39632966917292897 11 379-380-382-383-385-386-387-388-389-436-437 0.6181893216140769 1.0 14 0.7285077202795763 1.0 [-1,-1] 1.0 1.0 1.0 0.0007056687116799521 0.12786279395313782 2329.6247741305374 -553.1917024407612 -1845.3082047483426 1309.9496776906726
251.9162994502697 34.026032177651444 39632961884131439 11 379-380-382-383-385-386-387-388-389-436-437 0.7990003963495034 1.0 14 0.6762820964403732 1.0 [-1,-1] 1.0 1.0 1.0 0.0008239664519383997 0.11155322342262282 2865.069995748824 -737.0660696200858 -2257.2307696796643 1603.2058326884658
253.3862082037776 35.106443002545994 39632981853213103 11 379-380-382-383-385-386-387-388-389-436-437 0.513024039738139 1.0 14 0.9472469623549992 1.0 [-1,-1] 1.0 1.0 1.0 0.0006888416087567301 0.1305783864573065 1990.0040620209988 -465.47407316505047 -1560.030037036742 1144.4458648683883
251.04978265238324 34.87666272670959 39632981823849643 11 379-380-382-383-385-386-387-388-389-436-437 0.6323666792110748 1.0 14 1.2505151903208453 1.0 [-1,-1] 1.0 1.0 1.0 0.0007982518636535506 0.11473445525619816 2373.7698723970284 -632.4129017382069 -1841.8576313117594 1357.3495477560311
251.0471205329575 34.903967543128935 39632981823849602 11 379-380-382-383-385-386-387-388-389-436-437 0.6296031960556449 1.0 14 1.260894743810434 1.0 [-1,-1] 1.0 1.0 1.0 0.0007056687116799521 0.12786279395313782 2365.194890746159 -630.0042422716571 -1834.5650577244335 1353.3708194386327
251.71946138463804 34.88588536241713 39632981832239128 11 379-380-382-383-385-386-387-388-389-436-437 0.9400975514635181 1.0 14 0.7488459496256481 1.0 [-1,-1] 1.0 1.0 1.0 0.0003671239319408774 0.21984967794317842 3244.1041911518982 -834.7119064124902 -2526.814334892392 1855.445324800722
251.04507156941386 34.891012944367375 39632981823849564 11 379-380-382-383-385-386-387-388-389-436-437 0.6311038569694252 1.0 14 1.258494568360279 1.0 [-1,-1] 1.0 1.0 1.0 0.0007982518636535506 0.11473445525619816 2369.853174423019 -631.4103543205586 -1838.4456112337925 1355.5968306671618
251.47026544298748 34.46173800563513 39632971887543538 11 379-380-382-383-385-386-387-388-389-436-437 0.8527096495432812 1.0 14 0.8496841369057644 1.0 [-1,-1] 1.0 1.0 1.0 0.0006576102792991648 0.1359368301360722 3013.14429575687 -789.5184719007636 -2355.5587192478893 1705.0050585716433
253.93427111589804 33.86755005511233 39632956892907623 10 379-380-382-383-385-386-387-388-389-437 0.8864317687127603 1.0 14 1.3445016681666466 1.0 [-1,-1] 1.0 1.0 1.0 0.0005346154933450218 0.1621399955636538 3103.7011224629637 -713.1836949698209 -2476.441433616289 1729.6148417134816
251.88215542888605 35.092750818810785 39632981836431468 10 379-380-382-383-385-386-387-388-389-437 0.8640930512100821 1.0 14 0.7802347254160923 1.0 [-1,-1] 1.0 1.0 1.0 0.0006576102792991648 0.1359368301360722 3043.9180279961342 -774.5086361364359 -2367.1153761474698 1749.953750736337
251.8951505299599 35.091879253191514 39632981836431643 10 379-380-382-383-385-386-387-388-389-437 0.625246306785905 1.0 14 0.7726719699759645 1.0 [-1,-1] 1.0 1.0 1.0 0.0007056687116799521 0.12786279395313782 2351.6462822592694 -597.9553965644595 -1828.9226187865727 1351.9362540719692
253.9285573358983 33.87083407692833 39632956892907523 10 379-380-382-383-385-386-387-388-389-437 0.9765165670957072 1.0 14 1.3387659530571416 1.0 [-1,-1] 1.0 1.0 1.0 0.00030269805442075816 0.25472307248715254 3336.8681383020785 -766.997960691005 -2662.306367659892 1859.7117802038601
253.9286924617573 33.8766400598443 39632961913490633 10 379-380-382-383-385-386-387-388-389-437 0.886869204137976 1.0 14 1.3361103210388363 1.0 [-1,-1] 1.0 1.0 1.0 0.0005346154933450218 0.1621399955636538 3104.8638286388978 -713.6160734292488 -2477.0358687829275 1730.6717767665898
252.0490037125127 34.64905356710918 39632976874571386 10 379-380-382-383-385-386-387-388-389-437 0.4177023658656043 1.0 14 0.4001422942587663 1.0 [-1,-1] 1.0 1.0 1.0 0.0005613841910631427 0.1556117057517016 1662.9480015304387 -421.6297448492484 -1301.4292474902043 945.466196026869
251.65596584115463 35.32945226344411 39632986777323599 9 379-380-382-383-385-386-387-388-436 0.8967972751589526 1.0 14 1.080271598910254 1.0 [-1,-1] 1.0 1.0 1.0 0.0005723615213970424 0.15308410280969617 3131.1711120107825 -803.9687764912952 -2424.724414693833 1810.6844705540443
253.30032439954135 34.65665442768756 39632976891349377 10 379-380-382-383-385-386-387-388-436-437 0.8019569796473399 1.0 14 0.6773109450210247 1.0 [-1,-1] 1.0 1.0 1.0 0.0008239664519383997 0.11155322342262282 2873.3465181037905 -679.1757006762678 -2263.8570754061316 1633.9497308190582
253.55120447429667 34.9024434322012 39632981857405774 10 379-380-382-383-385-386-387-388-436-437 0.627118604969983 1.0 14 0.9533298182287894 1.0 [-1,-1] 1.0 1.0 1.0 0.0007056687116799521 0.12786279395313782 2357.4729691469265 -547.4663768989931 -1854.299266157694 1348.9008851470712
251.56096390567782 34.79127101635735 39632976866184757 10 379-380-382-383-385-386-387-388-436-437 0.8886982803469234 1.0 14 0.8256110845240037 1.0 [-1,-1] 1.0 1.0 1.0 0.0005346154933450218 0.1621399955636538 3109.7222315361787 -807.7604540397278 -2422.7052586385726 1774.3716172112572
251.87546282659645 34.03138981676367 39632961884130854 10 379-380-382-383-385-386-387-388-436-437 0.5124362259805979 1.0 14 0.697130782586069 1.0 [-1,-1] 1.0 1.0 1.0 0.0006888416087567301 0.1305783864573065 1988.0442184427175 -512.526821941394 -1565.8066991309252 1112.6030074698185
251.9003894661762 34.018620438417805 39632961884131198 10 379-380-382-383-385-386-387-388-436-437 0.889564437645264 1.0 14 0.6908825929531986 1.0 [-1,-1] 1.0 1.0 1.0 0.0005346154933450218 0.1621399955636538 3112.0210704143424 -801.3473072190974 -2451.7816057525893 1741.0584693251365
253.63435011804958 34.943891007935285 39632981857407300 9 379-380-382-383-385-386-387-388-437 0.6255958155828891 1.0 14 1.0326176666993903 1.0 [-1,-1] 1.0 1.0 1.0 0.0007056687116799521 0.12786279395313782 2352.734475804583 -543.4053810809429 -1850.428207779443 1347.5850820285518
251.88016514301762 34.04717487560005 39632961884130904 9 379-380-382-383-385-386-387-388-437 0.5116185403568648 1.0 14 0.683667295209417 1.0 [-1,-1] 1.0 1.0 1.0 0.0006888416087567301 0.1305783864573065 1985.3167945677387 -511.6001279723865 -1563.4095668866773 1111.52985115946
252.1006205552043 34.10449063897341 39632961888324244 9 379-380-382-383-385-386-387-388-437 0.8123990776488985 1.0 14 0.5150458932684674 1.0 [-1,-1] 1.0 1.0 1.0 0.000762533893525711 0.11946670068019369 2902.4596656013946 -738.6405271256222 -2286.9597747681964 1627.4204345290564
251.31941865516984 33.64545293161626 39632956855160160 10 379-380-382-383-385-386-387-389-436-437 0.7943447340550897 1.0 14 1.2986535969276412 1.0 [-1,-1] 1.0 1.0 1.0 0.0008239664519383997 0.11155322342262282 2852.0071394103566 -760.4513950559239 -2249.1666775090575 1580.1606423993767
251.96614942398563 35.76558372185656 39632996638131603 10 379-380-382-383-385-386-387-389-436-437 0.705076514623519 1.0 14 1.3387668605010463 1.0 [-1,-1] 1.0 1.0 1.0 0.0005639081233901963 0.1550231922816235 2594.2777958175056 -651.6745880846313 -2001.623571245705 1516.2785338288118
253.07970341943428 34.99247880076066 39632981849018712 10 379-380-382-383-385-386-387-389-436-437 0.45307656193781176 1.0 14 0.6851457287230156 1.0 [-1,-1] 1.0 1.0 1.0 0.0005330850268982689 0.1625298359500762 1786.5091928585862 -425.95531274033794 -1400.200565254661 1024.507464480882
252.72738107177926 33.9150305658755 39632961896713440 10 379-380-382-383-385-386-387-389-436-437 0.8612178515261625 1.0 14 0.6144507117420722 1.0 [-1,-1] 1.0 1.0 1.0 0.0006576102792991648 0.1359368301360722 3036.1650875783703 -748.1189970835221 -2405.982650718822 1694.0672624404706
252.71893904457878 33.91645584974016 39632961896713273 10 379-380-382-383-385-386-387-389-436-437 0.9111338557363681 1.0 14 0.6109883270722996 1.0 [-1,-1] 1.0 1.0 1.0 0.00042618922305278896 0.1953324009783564 3168.885861620739 -781.178664220577 -2510.9990019157894 1768.185937882178
253.4007226235617 35.607345769069326 39632991734992840 10 379-380-382-383-385-386-387-389-436-437 0.8500376819575898 1.0 14 1.330355568558281 1.0 [-1,-1] 1.0 1.0 1.0 0.0006576102792991648 0.1359368301360722 3005.8904019330057 -698.1549541904409 -2342.0221187191833 1750.111186125732
253.4279392018831 35.618380728211356 39632991734993284 10 379-380-382-383-385-386-387-389-436-437 0.6796885315950771 1.0 14 1.3519160921085192 1.0 [-1,-1] 1.0 1.0 1.0 0.0008053318504768218 0.11384060807160488 2518.390059531281 -583.9143139211424 -1962.195971629832 1466.6695383976692
254.0310175486205 33.88261922165258 39632961913492216 9 379-380-382-383-385-386-387-389-437 0.6891451967745482 1.0 14 1.4088557350737043 1.0 [-1,-1] 1.0 1.0 1.0 0.0008053318504768218 0.11384060807160488 2546.7942898319557 -581.6800933143827 -2032.7120972607945 1419.8207469297136
252.85504607784372 33.5245076559657 39632951838772157 9 379-380-382-383-385-386-387-389-437 0.9463156799497189 1.0 14 1.0189186236759014 1.0 [-1,-1] 1.0 1.0 1.0 0.0003671239319408774 0.21984967794317842 3260.0845112709953 -801.1713224277588 -2596.996206685194 1800.5238779897134
252.61212103728414 35.10218613647706 39632981844821827 8 379-380-382-383-385-386-387-437 0.6307216286299058 1.0 14 0.609183274086352 1.0 [-1,-1] 1.0 1.0 1.0 0.0007982518636535506 0.11473445525619816 2368.667082608666 -579.1116644371015 -1849.318487726269 1362.069953893912
252.17360288085163 34.16992982605055 39632966900516677 9 379-380-382-383-385-386-388-389-436 0.7954296996479613 1.0 14 0.42613244175974246 1.0 [-1,-1] 1.0 1.0 1.0 0.0008239664519383997 0.11155322342262282 2855.054621260331 -723.1502275750636 -2248.7891377224328 1603.5392270847951
253.16383453992302 33.41538488810602 39632951842966843 9 379-380-382-383-385-386-388-389-437 0.9648007260504009 1.0 14 1.216366472621315 1.0 [-1,-1] 1.0 1.0 1.0 0.0003767415448896098 0.21544643941305056 3307.244116223527 -799.5566239212847 -2642.230622036374 1821.3155106713418
254.08058969589263 34.51858706892368 39632971921100789 6 379-380-382-383-385-387 0.7757205516367325 1.0 14 1.3025794816428258 1.0 [-1,-1] 1.0 1.0 1.0 0.0007064174578981374 0.12774458208408304 2799.382013565477 -632.6464894729282 -2218.0705383900427 1586.335766462318
252.43311938976544 34.88643677872105 39632981840629395 8 379-380-382-383-385-387-388-389 0.8295934862212572 1.0 14 0.39032967621030235 1.0 [-1,-1] 1.0 1.0 1.0 0.000762533893525711 0.11946670068019369 2950.0007974696896 -730.3558049710817 -2306.999253446825 1687.2579968139548
251.59010697332485 34.59392515912638 39632971887545473 10 379-380-382-383-385-387-388-389-436-437 0.8485909684972437 1.0 14 0.7553040048404344 1.0 [-1,-1] 1.0 1.0 1.0 0.0006366829495309179 0.1397804201853648 3001.9579821063885 -780.4372445022848 -2344.729117051676 1704.3810610822948
253.49988120008476 35.50047083204372 39632991739183640 10 379-380-382-383-385-387-388-389-436-437 0.7862104532915904 1.0 14 1.2929582187730218 1.0 [-1,-1] 1.0 1.0 1.0 0.0007064174578981374 0.12774458208408304 2829.0955527484075 -654.1478949019279 -2208.3494687409916 1642.8830762070602
253.40639838854912 35.11064972620014 39632981857403020 10 379-380-382-383-385-387-388-389-436-437 0.8719038059529007 1.0 14 0.9626889514016597 1.0 [-1,-1] 1.0 1.0 1.0 0.0005346154933450218 0.1621399955636538 3064.9122692871533 -716.0179755192408 -2402.8145969118323 1762.8067080731469
251.4633952945744 34.49583813782884 39632971887543402 10 379-380-382-383-385-387-388-389-436-437 0.8547520362556237 1.0 14 0.8543208080342808 1.0 [-1,-1] 1.0 1.0 1.0 0.0006576102792991648 0.1359368301360722 3018.6811491046333 -790.9288927313723 -2358.8280643789803 1709.6191181957774
253.1183936885515 33.39679074406069 39632951842966100 9 379-380-382-383-385-387-388-389-437 0.9587023944165969 1.0 14 1.2166355590631297 1.0 [-1,-1] 1.0 1.0 1.0 0.0003767415448896098 0.21544643941305056 3291.7428653365637 -798.0653122390477 -2629.7771612229153 1811.8871187812194
251.65307052708485 34.29715001251121 39632966892129006 9 379-380-382-383-385-387-388-436-437 0.79341927935344 1.0 14 0.727667650330946 1.0 [-1,-1] 1.0 1.0 1.0 0.0008239664519383997 0.11155322342262282 2849.4061162486532 -740.9589485907362 -2234.312372336466 1605.5974821363973
252.1894415806522 35.168041476581394 39632986785711162 9 379-380-382-383-385-387-389-436-437 0.685791469778264 1.0 14 0.7150219701451387 1.0 [-1,-1] 1.0 1.0 1.0 0.0008053318504768218 0.11384060807160488 2536.7396732299812 -634.2839390097419 -1974.3130898359736 1461.1022817570197
251.54832635044693 34.70973080697337 39632976866184563 9 379-380-382-383-385-388-389-436-437 0.7962252341314946 1.0 14 0.8108991244961437 1.0 [-1,-1] 1.0 1.0 1.0 0.0008239664519383997 0.11155322342262282 2857.2878712969555 -743.414384622336 -2228.0750014194596 1626.994413096418
251.55718920997052 34.71284641395497 39632976866184695 9 379-380-382-383-385-388-389-436-437 0.5008073063179032 1.0 14 0.8046591618413742 1.0 [-1,-1] 1.0 1.0 1.0 0.0007365189099627642 0.12316671624379881 1949.128424070745 -506.87359079015295 -1519.9255407511578 1109.958164550495
251.35192599397809 35.100514695847835 39632981828044118 9 379-380-382-383-385-388-389-436-437 0.5304222075029895 1.0 14 1.1177394881125562 1.0 [-1,-1] 1.0 1.0 1.0 0.0006094867785671962 0.14511252611805409 2047.6970660639815 -535.6884833387174 -1587.359068506077 1177.4516171872297
252.5299116387411 35.94677055444622 39633001549661885 9 379-380-382-383-385-388-389-436-437 1.0334390922706778 1.0 14 1.4469768596372377 1.0 [-1,-1] 1.0 1.0 1.0 0.00017557006270178804 0.37077784677498654 3477.928177283354 -845.265556120161 -2685.728020672307 2041.6599973928078
251.4175026706897 35.04870900405031 39632981828045120 8 379-380-382-383-385-388-389-437 0.8885279676481982 1.0 14 1.0448345969042672 1.0 [-1,-1] 1.0 1.0 1.0 0.0005346154933450218 0.1621399955636538 3109.27007027255 -811.1572940388429 -2412.7429984210676 1785.5686595004877
251.9222623641488 35.808133574577255 39632996638130907 6 379-380-382-383-385-436 0.745640819854643 1.0 14 1.390796444523637 1.0 [-1,-1] 1.0 1.0 1.0 0.0006073340474539246 0.1455520198534496 2713.1240587728253 -682.7660167219935 -2091.6770780600873 1587.3751055813893
251.57164733737505 34.57697218853692 39632971887545211 10 379-380-382-383-386-387-388-389-436-437 1.0315654474788842 1.0 14 0.7685875419931403 1.0 [-1,-1] 1.0 1.0 1.0 0.00017557006270178804 0.37077784677498654 3473.359604016543 -904.0488068454881 -2713.187563738916 1971.176282737719
252.3779796740976 33.97754890977564 39632961892518401 10 379-380-382-383-386-387-388-389-436-437 0.8069502387269141 1.0 14 0.5321001568148308 1.0 [-1,-1] 1.0 1.0 1.0 0.0008239664519383997 0.11155322342262282 2887.2909006314167 -724.8428440581265 -2281.950879200217 1613.6145082404469
251.32532116726952 33.61893583619598 39632951817800278 10 379-380-382-383-386-387-388-389-436-437 0.7970393265267152 1.0 14 1.3127377502721969 1.0 [-1,-1] 1.0 1.0 1.0 0.0008239664519383997 0.11155322342262282 2859.572106344334 -762.4708757254834 -2255.9055514342613 1583.2501186044694
253.17060197756405 33.44398852187243 39632951842966943 9 379-380-382-383-386-387-388-389-437 0.7170694670784761 1.0 14 1.1934937528032723 1.0 [-1,-1] 1.0 1.0 1.0 0.0005823912580269674 0.15084542533972659 2629.7205945555866 -635.3015390951014 -2100.3248635794307 1449.2956314303956
