data_rosette/LRG_2_clustering_data.ecsv
# %ECSV 1.0
# ---
# datatype:
# - {name: RA, unit: deg, datatype: float64}
# - {name: DEC, unit: deg, datatype: float64}
# - {name: TARGETID, datatype: int64}
# - {name: NTILE, datatype: int64}
# - {name: TILES, datatype: string}
# - {name: Z, datatype: float64}
# - {name: COMP_TILE, datatype: float64}
# - {name: ROSETTE_NUMBER, datatype: int32}
# - {name: ROSETTE_R, unit: deg, datatype: float64}
# - {name: FRACZ_TILELOCID, datatype: float64}
# - {name: BITWEIGHTS, datatype: string, subtype: 'int64[2]'}
# - {name: PROB_OBS, datatype: float64}
# - {name: WEIGHT_ZFAIL, datatype: float64}
# - {name: WEIGHT, datatype: float64}
# - {name: NZ, unit: h3 / Mpc3, datatype: float64}
# - {name: WEIGHT_FKP, datatype: float64}
# - {name: distance, unit: Mpc, datatype: float64}
# - {name: x, unit: Mpc, datatype: float64}
# - {name: y, unit: Mpc, datatype: float64}
# - {name: z, unit: Mpc, datatype: float64}
# meta: !!omap
# - {EXTNAME: LSS}
# - {DESIDR: edr}
# - comments: ['Visit https://desidatamodel.readthedocs.io/en/latest/ for a more complet', e description]
# schema: astropy-2.0
RA DEC TARGETID NTILE TILES Z COMP_TILE ROSETTE_NUMBER ROSETTE_R FRACZ_TILELOCID BITWEIGHTS PROB_OBS WEIGHT_ZFAIL WEIGHT NZ WEIGHT_FKP distance x y z
[from data line 5317]
183.3573908451263 -1.54953645215641 39627751564511782 6 57-59-62-64-65-448 0.7844548417827775 1.0 2 1.5707632256389714 1.0 [-1,-1] 1.0 1.0 1.0 0.0007324854237337303 0.12404708914385561 2824.1357670569682 -2818.257620301712 -165.33219541133704 -76.36806624662438
184.28678486371962 -0.7059668148086602 39627769700680752 6 57-59-62-64-65-448 0.6122589180821066 1.0 2 1.380860665366475 1.0 [-1,-1] 1.0 1.0 1.0 0.0007214233604467519 0.12571007283523317 2311.045471262097 -2304.405155818926 -172.73459277410495 -28.474699917040496
183.33314271363707 -1.5772002810161565 39627751564511207 6 57-59-62-64-65-448 0.805623643680971 1.0 2 1.5943345073329083 1.0 [-1,-1] 1.0 1.0 1.0 0.0007229154976227362 0.12548315978664992 2883.5902967935326 -2877.6216667237295 -167.59277002132268 -79.36753996778482
183.32847574570093 -1.558567714856044 39627751564511084 6 57-59-62-64-65-448 0.5877883244752571 1.0 2 1.5752211311396607 1.0 [-1,-1] 1.0 1.0 1.0 0.0006621615122706149 0.13543705131792066 2233.668384330443 -2229.075410391058 -129.63923508168105 -60.753063089400136
183.30805776329922 -1.5758756521601403 39627751564510596 6 57-59-62-64-65-448 0.5938617990794538 1.0 2 1.5895474789512911 1.0 [-1,-1] 1.0 1.0 1.0 0.0007756247847600315 0.11796159141779075 2252.9806295508047 -2248.3758171715863 -129.95778696433874 -61.958659576150545
183.9760052589836 -0.4810301857792415 39627775732094291 6 57-59-62-64-65-448 0.5809790943579349 1.0 2 0.9993784184203881 1.0 [-1,-1] 1.0 1.0 1.0 0.0006621615122706149 0.13543705131792066 2211.931585847446 -2206.5300892007403 -153.36705663753546 -18.570187390258884
181.88011351967782 -0.8965422667698065 39627763618941808 6 57-59-62-64-65-448 0.9535893352692019 1.0 2 1.5138657802976863 1.0 [-1,-1] 1.0 1.0 1.0 0.00041974738576830407 0.19815580287489248 3278.7028885863338 -3276.5366754052798 -107.5554424303503 -51.3017850770929
184.0667935683465 -1.3659812961070803 39627757616891158 4 57-59-62-65 0.600824679409761 0.875 2 1.673444832220202 1.0 [-1,-1] 1.0 1.0 1.0 0.0007756247847600315 0.11796159141779075 2275.0333330423673 -2268.6600274228126 -161.2980436190075 -54.23363856930501
182.57522276923856 -1.4561683768561489 39627751551928050 4 57-59-62-65 0.49876661232764186 0.875 2 1.5478236938869696 1.0 [-1,-1] 1.0 1.0 1.0 0.0005337442823398631 0.16272042362546515 1942.2710591878242 -1939.68293924245 -87.23996891599054 -49.35737426059111
182.62365158793187 -1.431317003585421 39627751551929154 4 57-59-62-65 0.9533978549565512 0.875 2 1.508485654848389 1.0 [-1,-1] 1.0 1.0 1.0 0.00041974738576830407 0.19815580287489248 3278.213783845551 -3273.755649721462 -150.01458632005233 -81.8851781642995
184.39027407541099 -0.7632966273739082 39627769700683481 4 57-59-62-65 0.43379446163119345 0.875 2 1.4991098820179327 1.0 [-1,-1] 1.0 1.0 1.0 0.0005288673958748294 0.16397488484989944 1719.4812717560587 -1714.283768537406 -131.61422937623965 -22.90631953676986
184.4930683221269 -0.692649335343747 39627769700685937 4 57-59-62-65 0.6788274335000996 0.875 2 1.5557338813213595 1.0 [-1,-1] 1.0 1.0 1.0 0.0007209928471550773 0.12577569469930108 2515.7955161922036 -2507.8807525982074 -197.06921444762995 -30.412740048184315
183.10902068942045 -1.5934301198541116 39627751560317545 4 57-59-62-65 0.8090277512347231 0.875 2 1.5934556469247632 1.0 [-1,-1] 1.0 1.0 1.0 0.0007229154976227362 0.12548315978664992 2893.0802746927175 -2887.7049981616956 -156.8484921427214 -80.44793297908103
183.09772718562738 -1.5935007170740996 39627751560317263 5 57-59-62-65-448 0.782759185178809 1.0 2 1.5935023375160333 1.0 [-1,-1] 1.0 1.0 1.0 0.0007324854237337303 0.12404708914385561 2819.340356098635 -2814.132063730578 -152.2959862166887 -78.40091831184378
184.0205898264458 -1.3462006245709 39627757616890251 5 57-59-62-65-448 0.9645557644410554 1.0 2 1.630823654390638 1.0 [-1,-1] 1.0 1.0 1.0 0.00041974738576830407 0.19815580287489248 3306.622529192668 -3297.5742467359623 -231.7796957969222 -77.68404240612394
184.5462482782768 -0.7190551185468635 39627769704875041 5 57-59-62-65-448 0.7841900549908251 1.0 2 1.6151051141300459 1.0 [-1,-1] 1.0 1.0 1.0 0.0007324854237337303 0.12404708914385561 2823.3872594418576 -2814.282335421012 -223.7746851988049 -35.43223927490957
182.9446894451001 -1.5668137055704017 39627751556125267 5 57-59-62-65-448 0.5170704755086893 1.0 2 1.5744905663152458 1.0 [-1,-1] 1.0 1.0 1.0 0.0006865842838717192 0.13125169390769817 2003.4764815384683 -2000.0830041916208 -102.88392021882164 -54.78035580378204
182.94777594519482 -1.564524994134939 39627751556125344 5 57-59-62-65-448 1.0742763530395691 1.0 2 1.5719112126982766 1.0 [-1,-1] 1.0 1.0 1.0 0.0001075182622224553 0.4910338705006151 3576.274115483422 -3570.2106418817293 -183.84384673923 -97.64200780044747
182.576444346191 -1.437995126074145 39627751551928080 5 57-59-62-65-448 0.797563429973402 1.0 2 1.5303211913546244 1.0 [-1,-1] 1.0 1.0 1.0 0.0007229154976227362 0.12548315978664992 2861.042076417003 -2857.249826756074 -128.56987190170963 -71.79817943429308
182.53872261480024 -1.4752651068162517 39627751551927159 5 57-59-62-65-448 0.9891460557200898 1.0 2 1.5784073668906886 1.0 [-1,-1] 1.0 1.0 1.0 0.0003578035202613049 0.22475091060875194 3368.5738790592536 -3364.1521936664662 -149.16007751951676 -86.72524317510704
183.06840471011742 0.19948111369261134 39627793838900664 3 57-59-63 0.5925969858386365 1.0 2 0.20196775244942308 1.0 [-1,-1] 1.0 1.0 1.0 0.0007756247847600315 0.11796159141779075 2248.964697743842 -2245.726835699034 -120.38223481500782 7.829984687069985
183.55808744529062 -1.5092382699479567 39627751568704615 4 57-59-63-448 0.6674326542441511 1.0 2 1.5772113766327431 1.0 [-1,-1] 1.0 1.0 1.0 0.000700708733790897 0.12894715825466588 2481.3339139100062 -2475.6917411781355 -153.93923866466142 -65.35369753630496
183.1952629579467 0.2161735990119962 39627793838903391 4 57-59-63-448 0.6520793030941683 1.0 2 0.2362329634182672 1.0 [-1,-1] 1.0 1.0 1.0 0.000700708733790897 0.12894715825466588 2434.52047747256 -2430.718412479165 -135.69666573124005 9.1852804753259
184.70005843876586 -0.13228362330880808 39627781784473647 4 57-59-63-65 0.929602448596323 1.0 2 1.6055159342742817 1.0 [-1,-1] 1.0 1.0 1.0 0.0004951280553168204 0.17321314004730964 3216.998088178923 -3206.171753897511 -263.59859319518637 -7.427349602852947
183.5603120435047 -1.4874046974416468 39627751568704659 5 57-59-63-65-448 0.6683632064090375 1.0 2 1.5569882177376095 1.0 [-8804691361793,-1310817] 0.9375 1.0 1.0661157024793388 0.000700708733790897 0.12894715825466588 2484.1571879106114 -2478.5273143317486 -154.2121604392578 -64.48174882913003
183.0492495993686 0.18725008407376945 39627793838900277 5 57-59-63-65-448 0.5873269680817087 1.0 2 0.19400563904138354 1.0 [-1,-1] 1.0 1.0 1.0 0.0006621615122706149 0.13543705131792066 2232.198459072013 -2229.0261630212917 -118.73965944151863 7.2951028615491
183.2206402307205 0.21592272974322735 39627793838903982 5 57-59-63-65-448 0.6942484710758369 1.0 2 0.24733908220971146 1.0 [-1,-1] 1.0 1.0 1.0 0.0005843703162771602 0.15074849413407446 2562.054803537029 -2557.990104746722 -143.93823907121148 9.655240965207758
184.63236937065213 0.1282929698914292 39627793864067574 5 57-59-63-65-448 0.6773883881105955 1.0 2 1.5377291860768503 1.0 [-1,-1] 1.0 1.0 1.0 0.0007209928471550773 0.12577569469930108 2511.456543804216 -2503.2463717680807 -202.8298549642336 5.623484875453258
184.6338455174195 -0.6523161209851311 39627769704876925 5 57-59-63-65-448 0.4570107438466956 1.0 2 1.6667623513768635 1.0 [-1,-1] 1.0 1.0 1.0 0.0005635091211985168 0.1554616369400361 1800.0902304635742 -1794.0900481675205 -145.41576648364781 -20.493699876814585
184.35805181842798 -1.0780266352893504 39627763660884200 3 57-59-65 0.44281600443029084 1.0 2 1.6566982318455516 1.0 [-1,-1] 1.0 1.0 1.0 0.0005288673958748294 0.16397488484989944 1750.9380426026753 -1745.566455917407 -133.02853602945567 -32.94215553194861
184.3726826424963 -1.0710596591300194 39627763660884550 3 57-59-65 0.7241798884552053 1.0 2 1.663340380712409 1.0 [-1,-1] 1.0 1.0 1.0 0.0006167714992318164 0.14396928707710532 2650.6123359185563 -2642.4352145979146 -202.05704136507322 -49.54638242386295
184.24270770312427 -1.2336607605093135 39627757616894539 4 57-59-65-448 0.5218257537543861 1.0 2 1.6815165676352744 1.0 [-1,-1] 1.0 1.0 1.0 0.0006865842838717192 0.13125169390769817 2019.2668477919221 -2013.2664990401056 -149.35389437955493 -43.47436794229669
183.2075066632101 0.21011423970993293 39627793838903694 4 57-59-65-448 0.5187871019001251 1.0 2 0.23602039011980094 1.0 [-1,-1] 1.0 1.0 1.0 0.0006865842838717192 0.13125169390769817 2009.1819504797659 -2006.0209618197443 -112.41762791789316 7.368025975710246
184.54900557518883 -0.7240360922372314 39627769704875108 4 57-59-65-448 0.7827854744725322 1.0 2 1.6197943239411847 1.0 [-1,-1] 1.0 1.0 1.0 0.0007324854237337303 0.12404708914385561 2819.4147412365605 -2810.3087939924444 -223.5948318890244 -35.62747062694549
184.1166912100266 -1.3549577744099297 39627757616892100 4 57-59-65-448 0.6667680458873266 1.0 2 1.6939241080968828 1.0 [-1,-1] 1.0 1.0 1.0 0.000700708733790897 0.12894715825466588 2479.3165277583694 -2472.2282151150275 -177.9354386246017 -58.626588562292326
184.09238353741137 -1.3560795009320956 39627757616891665 4 57-59-65-448 0.8401539725834158 1.0 2 1.6803549611936142 1.0 [-1,-1] 1.0 1.0 1.0 0.0006232532477076302 0.14268566385842998 2978.9564983291993 -2970.528783982715 -212.53324630756265 -70.49951547285113
184.07474370973168 -1.3649972555400622 39627757616891320 4 57-59-65-448 0.9160333701204713 1.0 2 1.6772486527912194 1.0 [-1,-1] 1.0 1.0 1.0 0.0004951280553168204 0.17321314004730964 3181.7011031512397 -3172.757815319838 -226.02039748073932 -75.79271101731412
184.58043361177857 -0.7580676002753334 39627769704875792 4 57-59-65-448 0.6108098861727437 1.0 2 1.6631964018247158 1.0 [-1,-1] 1.0 1.0 1.0 0.0007214233604467519 0.12571007283523317 2306.4956049226935 -2298.9279056592404 -184.17720787255038 -30.515835384128312
184.5584433198491 -0.7430216939038812 39627769704875321 4 57-59-65-448 0.5063717682648854 1.0 2 1.6367708789231281 1.0 [-1,-1] 1.0 1.0 1.0 0.0005337442823398631 0.16272042362546515 1967.7838441087915 -1961.3943810896906 -156.37831786882936 -25.51784994621491
184.34374775144695 -1.145856352673617 39627757621085989 4 57-59-65-448 0.7854804514152901 1.0 2 1.6910615024521736 1.0 [-1,-1] 1.0 1.0 1.0 0.0007324854237337303 0.12404708914385561 2827.0338610803974 -2818.3497648065345 -214.07700337887525 -56.53398565830248
184.27588299554714 -1.165119457027 39627757621084732 4 57-59-65-448 0.656863083555061 1.0 2 1.6552986336781799 1.0 [-1,-1] 1.0 1.0 1.0 0.000700708733790897 0.12894715825466588 2449.153532106794 -2441.8316120957884 -182.56864444682896 -49.80052274540142
184.27053495292705 -1.163513641795633 39627757621084603 4 57-59-65-448 0.4313279899880394 1.0 2 1.65037199415831 1.0 [-1,-1] 1.0 1.0 1.0 0.0005288673958748294 0.16397488484989944 1710.8514815075775 -1705.749636628116 -127.373831760395 -34.740119493153756
182.58100363633594 -1.4255980296435997 39627751551928198 4 57-59-65-448 0.7557294246433852 1.0 2 1.5171128435919972 1.0 [-1,-1] 1.0 1.0 1.0 0.0006416626200019751 0.139161677870846 2742.2300848854993 -2738.6003138984474 -123.44927347960677 -68.22342738249918
184.3425467722463 0.8968317026721089 39627811979265744 3 57-60-448 0.8806513694686141 1.0 2 1.5323522728335304 1.0 [-1,-1] 1.0 1.0 1.0 0.0005690156306133545 0.15418916366201427 3088.3081744772817 -3079.0649669244594 -233.81556928032356 48.33828259047843
184.44377360557078 0.7204630168690622 39627805939469942 3 57-60-61 0.45783200520626266 1.0 2 1.524696456753674 1.0 [-1,-1] 1.0 1.0 1.0 0.0005635091211985168 0.1554616369400361 1802.9212326177608 -1797.359272339052 -139.68064117769785 22.670148675432372
183.02725041210553 1.4951009688267116 39627824037888633 7 57-60-61-62-63-64-65 0.9889599094196369 1.0 2 1.4968694693307818 1.0 [-1,-1] 1.0 1.0 1.0 0.0003578035202613049 0.22475091060875194 3368.1082782121925 -3362.2631451219354 -177.8123010095366 87.87890717313684
183.90242544528883 0.4585998823125968 39627799891283425 7 57-60-61-62-64-65-448 0.7785770311516799 1.0 2 0.9242222118144663 1.0 [-1,-1] 1.0 1.0 1.0 0.0007324854237337303 0.12404708914385561 2807.491935600543 -2800.89275883881 -191.06483094620557 22.471144205432513
184.4890825249844 -0.5314377838567803 39627775740482804 7 57-60-61-62-64-65-448 0.4002733566956415 1.0 2 1.4872528509103449 1.0 [-1,-1] 1.0 1.0 1.0 0.0003379611466139912 0.2348475370676925 1601.1038268438272 -1596.12340446699 -125.31162227487994 -14.85056798549422
184.15128492798578 1.2227189413023556 39627818014870178 4 57-60-61-63 0.6547396011063509 1.0 2 1.6124744417260617 1.0 [-1,-1] 1.0 1.0 1.0 0.000700708733790897 0.12894715825466588 2442.663296534548 -2435.6999592450807 -176.784659998302 52.12362957258426
183.95968231822823 0.34301343709673865 39627793851486859 5 57-60-61-63-64 0.8068115169770101 1.0 2 0.9255825607357758 1.0 [-1,-1] 1.0 1.0 1.0 0.0007229154976227362 0.12548315978664992 2886.904068064426 -2879.961097602338 -199.3501281989423 17.282965345510405
183.29318373575012 1.5344815943296475 39627824042083089 4 57-60-61-64 0.6907823697901642 1.0 2 1.54659134742396 1.0 [-1,-1] 1.0 1.0 1.0 0.0005843703162771602 0.15074849413407446 2551.6951545234165 -2546.5678806493393 -146.53021936017893 68.33070816017559
184.480771692011 0.23395344020424846 39627793859875824 7 57-60-62-63-64-65-448 0.40500609703006885 1.0 2 1.4004478145804042 1.0 [-1,-1] 1.0 1.0 1.0 0.0003379611466139912 0.2348475370676925 1617.960625105423 -1613.0020567230845 -126.40135732332078 6.606532029266101
184.29676501403085 -0.6758981561172035 39627769700681037 7 57-60-62-63-64-65-448 0.6549591423951302 1.0 2 1.374415648967589 1.0 [-1,-1] 1.0 1.0 1.0 0.000700708733790897 0.12894715825466588 2443.334694117002 -2436.297844352207 -183.04782181266035 -28.82249139565335
182.30499068060587 0.48346313590716794 39627799866115516 6 57-60-62-63-65-448 0.8617872201416493 1.0 2 0.9304630142987733 1.0 [-1,-1] 1.0 1.0 1.0 0.0006812235016579503 0.1321480675826358 3037.701445187418 -3035.1355734636904 -122.16843657682246 25.631892113856168
184.29100437053307 1.142375333640188 39627818019062480 3 57-60-63 0.6349245592866449 1.0 2 1.6502499319134416 1.0 [-1,-1] 1.0 1.0 1.0 0.000833303205902425 0.11070054926254569 2381.694023411902 -2374.5458231058115 -178.1680823473432 47.483571468332435
184.35961281004282 -0.9143834382109471 39627763660884242 4 57-60-63-448 0.822439752539113 0.8333333333333334 2 1.556466124812036 1.0 [-1,-1] 1.0 1.0 1.0 0.0006627118749498285 0.13533979738261318 2930.281153819738 -2921.4305597080574 -222.72046463087062 -46.76237664630101
184.3762115459274 -0.9320261977933643 39627763660884634 4 57-60-63-448 0.7515254693651223 0.8333333333333334 2 1.5802674065839204 1.0 [-1,-1] 1.0 1.0 1.0 0.0006416626200019751 0.139161677870846 2730.1231523982883 -2721.803378458188 -208.29464465027775 -44.408752344284075
184.707923306695 0.30758293521944546 39627793864069070 4 57-60-63-448 0.7029640703339656 0.8333333333333334 2 1.6370704885560003 1.0 [-1,-1] 1.0 1.0 1.0 0.0005843703162771602 0.15074849413407446 2588.008063351079 -2579.239077676164 -212.41114469633152 13.893227386273692
184.27954015418916 1.024950586153831 39627811979264584 4 57-60-63-65 0.85081850873456 0.7272727272727273 2 1.5625908810320999 1.0 [-1,-1] 1.0 1.0 1.0 0.0006812235016579503 0.1321480675826358 3008.0114054388864 -2999.1446622040526 -224.42982438510938 53.80673145464802
184.3142532680611 -0.9728953039077775 39627763660883298 4 57-60-63-65 0.7851471707537113 0.7272727272727273 2 1.5558902788100006 1.0 [-7449839268784554658,-1594362285027268015] 0.6171875 1.0 1.6125 0.0007324854237337303 0.12404708914385561 2826.092297756287 -2817.678168593166 -212.56720559828892 -47.98538084670915
184.7299132094791 -0.11377206902566091 39627787824271825 4 57-60-63-65 0.5541989925507622 0.7272727272727273 2 1.6338781050805062 1.0 [-1,-1] 1.0 1.0 1.0 0.000677088223595666 0.13284793461577618 2125.564382287477 -2118.3215374401348 -175.27119772325804 -4.220724471383745
