data_rosette/LRG_12_clustering_data.ecsv
# %ECSV 1.0
# ---
# datatype:
# - {name: RA, unit: deg, datatype: float64}
# - {name: DEC, unit: deg, datatype: float64}
# - {name: TARGETID, datatype: int64}
# - {name: NTILE, datatype: int64}
# - {name: TILES, datatype: string}
# - {name: Z, datatype: float64}
# - {name: COMP_TILE, datatype: float64}
# - {name: ROSETTE_NUMBER, datatype: int32}
# - {name: ROSETTE_R, unit: deg, datatype: float64}
# - {name: FRACZ_TILELOCID, datatype: float64}
# - {name: BITWEIGHTS, datatype: string, subtype: 'int64[2]'}
# - {name: PROB_OBS, datatype: float64}
# - {name: WEIGHT_ZFAIL, datatype: float64}
# - {name: WEIGHT, datatype: float64}
# - {name: NZ, unit: h3 / Mpc3, datatype: float64}
# - {name: WEIGHT_FKP, datatype: float64}
# - {name: theta, unit: deg, datatype: float64}
# - {name: phi, unit: deg, datatype: float64}
# - {name: rho, unit: Mpc, datatype: float64}
# - {name: r, unit: Mpc, datatype: float64}
# - {name: x, unit: Mpc, datatype: float64}
# - {name: y, unit: Mpc, datatype: float64}
# - {name: z, unit: Mpc, datatype: float64}
# meta: !!omap
# - {EXTNAME: LSS}
# - {DESIDR: edr}
# - comments: ['Visit https://desidatamodel.readthedocs.io/en/latest/ for a more complet', e description]
# schema: astropy-2.0
RA DEC TARGETID NTILE TILES Z COMP_TILE ROSETTE_NUMBER ROSETTE_R FRACZ_TILELOCID BITWEIGHTS PROB_OBS WEIGHT_ZFAIL WEIGHT NZ WEIGHT_FKP theta phi rho r x y z
[from data line 1593]
240.6535229654325 42.58264293366858 39633123192865889 9 325-326-328-329-330-331-332-333-334 0.6038500193445809 1.0 12 0.9145148046408115 1.0 [-1,-1] 1.0 1.0 1.0 0.0006106036532175123 0.14488555312656437 47.41735706633142 -240.6535229654325 2284.5860443929496 2284.5860443929496 208.94401199549898 626.9691063748597 -2186.912328772637
240.04215278881273 42.6200365915453 39633123184478163 9 325-326-328-329-330-331-332-333-334 0.8975886157591427 1.0 12 1.1097228873199654 1.0 [-1,-1] 1.0 1.0 1.0 0.0005723615213970424 0.15308410280969617 47.3799634084547 -240.04215278881273 3133.2612895614116 3133.2612895614116 -226.69383895189273 760.5389366003628 -3031.0916742916374
241.24599267590258 44.51658259566365 39633158328550306 10 325-326-328-329-330-331-332-333-334-335 0.8277222537854575 1.0 12 1.0758644449341237 1.0 [-1,-1] 1.0 1.0 1.0 0.000762533893525711 0.11946670068019369 45.48341740433635 -241.24599267590258 2944.85085242285 2944.85085242285 -2326.8003219091343 -1793.3526545025438 205.01966141766505
241.67583098675127 44.59597646778799 39633158332745780 10 325-326-328-329-330-331-332-333-334-335 0.706187969927584 1.0 12 1.2311559732939301 1.0 [-1,-1] 1.0 1.0 1.0 0.0005639081233901963 0.1550231922816235 45.40402353221201 -241.67583098675127 2597.5733609828885 2597.5733609828885 -2502.9797238436695 -577.6225466287501 385.7875857794348
241.6805260652941 44.58697950174626 39633158332745844 10 325-326-328-329-330-331-332-333-334-335 0.9355361972109044 1.0 12 1.2240451198783326 1.0 [-1,-1] 1.0 1.0 1.0 0.0003671239319408774 0.21984967794317842 45.41302049825374 -241.6805260652941 3232.344161994044 3232.344161994044 -3122.0617447132327 -705.0681760080282 451.2849553839091
241.20098368552155 44.461092566686716 39633158328549786 10 325-326-328-329-330-331-332-333-334-335 0.8636438316377106 1.0 12 1.0169171604734202 1.0 [-1,-1] 1.0 1.0 1.0 0.0006576102792991648 0.1359368301360722 45.538907433313284 -241.20098368552155 3042.707594273317 3042.707594273317 -2323.71859592294 -1963.8071154668787 43.162535283464756
241.99349930610313 42.78958217200357 39633127659800560 10 325-326-328-329-330-331-332-333-334-335 0.6502007593886074 1.0 12 0.9541564323819764 1.0 [-1,-1] 1.0 1.0 1.0 0.0006371005092682059 0.1397016056866948 47.21041782799643 -241.99349930610313 2428.7625514177666 2428.7625514177666 209.02798712229895 -19.045769458478986 -2419.676030057469
242.29434311959417 42.39961914371016 39633123213836760 10 325-326-328-329-330-331-332-333-334-335 0.4774761997673179 1.0 12 1.3904776389176292 1.0 [-1,-1] 1.0 1.0 1.0 0.000668512811805897 0.13401699399284683 47.60038085628984 -242.29434311959417 1870.2228307618443 1870.2228307618443 792.8320048587682 -327.4823060904192 -1661.8983687254083
242.24876526694055 44.61071216031901 39633158341132791 10 325-326-328-329-330-331-332-333-334-335 0.6400032223373406 1.0 12 1.445675316676823 1.0 [-1,-1] 1.0 1.0 1.0 0.0007982518636535506 0.11473445525619816 45.38928783968099 -242.24876526694055 2397.3908572258706 2397.3908572258706 -2225.018697221458 802.4531295738436 390.9522914145218
242.27103779841914 43.03671733125693 39633132097374794 10 325-326-328-329-330-331-332-333-334-335 1.0926318802258679 1.0 12 0.9807776382870343 1.0 [-1,-1] 1.0 1.0 1.0 5.9370222311395755e-05 0.6353792046182113 46.96328266874307 -242.27103779841914 3619.724990929343 3619.724990929343 -540.0182540556575 208.461945460488 -3573.140483180019
242.24870274426 43.03931486109427 39633132097374523 10 325-326-328-329-330-331-332-333-334-335 0.9986124106701113 1.0 12 0.9649223464177132 1.0 [-1,-1] 1.0 1.0 1.0 0.00023297360745577845 0.30751381291380364 46.96068513890573 -242.24870274426 3392.1846127466965 3392.1846127466965 -518.4892854377723 186.95655959518984 -3347.1080879867045
239.89269684071536 44.65253797941533 39633162619325368 10 325-326-328-329-330-331-332-333-334-335 0.8020932641981207 1.0 12 1.4621348675598105 1.0 [-1,-1] 1.0 1.0 1.0 0.0008239664519383997 0.11155322342262282 45.34746202058467 -239.89269684071536 2873.727670470756 2873.727670470756 1196.0599855781666 -2546.2616839536895 586.7731007445329
240.3899924638669 42.54140459462566 39633123188672904 10 325-326-328-329-330-331-332-333-334-335 0.9118154099231813 1.0 12 1.0288623175134004 1.0 [-1,-1] 1.0 1.0 1.0 0.00042618922305278896 0.1953324009783564 47.45859540537434 -240.3899924638669 3170.6707857115152 3170.6707857115152 60.535903260863755 1039.7764932828245 -2994.7209352120512
241.9956731679052 42.78652783716573 39633127659800587 10 325-326-328-329-330-331-332-333-334-335 1.0747582936632982 1.0 12 0.9574286637247564 1.0 [-1,-1] 1.0 1.0 1.0 0.00012850791192818028 0.44600300211103894 47.21347216283427 -241.9956731679052 3577.4208681405175 3577.4208681405175 318.6611452859679 -29.733707233386827 -3563.076065557182
240.64530855584508 43.059182767786055 39633132076404418 10 325-326-328-329-330-331-332-333-334-335 0.91929614975735 1.0 12 0.48950005946206726 1.0 [-1,-1] 1.0 1.0 1.0 0.00042618922305278896 0.1953324009783564 46.940817232213945 -240.64530855584508 3190.214555284408 3190.214555284408 -179.09161861363472 -552.481724644677 -3136.9027789882944
241.97729344872096 44.255296259651445 39633154012610644 10 325-326-328-329-330-331-332-333-334-335 0.8566231379617274 1.0 12 1.0467189794503369 1.0 [-1,-1] 1.0 1.0 1.0 0.0006576102792991648 0.1359368301360722 45.744703740348555 -241.97729344872096 3023.7476962913065 3023.7476962913065 -2960.140542148451 221.41303200569624 -575.8423141920927
242.824486144888 42.842375119034934 39633127668191188 10 325-326-328-329-330-331-332-333-334-335 0.6758802012685677 1.0 12 1.4301389941428277 1.0 [-1,-1] 1.0 1.0 1.0 0.0008053318504768218 0.11384060807160488 47.157624880965066 -242.824486144888 2506.9050161476034 2506.9050161476034 51.10021448125229 -67.36651570202987 -2505.4786529978965
240.01323775867814 42.6276213955797 39633127634635612 10 325-326-328-329-330-331-332-333-334-335 0.6985668481427987 1.0 12 1.1182419337909681 1.0 [-1,-1] 1.0 1.0 1.0 0.0005639081233901963 0.1550231922816235 47.3723786044203 -240.01323775867814 2574.931242781174 2574.931242781174 -198.3661975914553 601.4073947704396 -2495.8427238548393
241.4154180222347 44.24929696771379 39633154004223420 10 325-326-328-329-330-331-332-333-334-335 0.7649067335659433 1.0 12 0.841615515071618 1.0 [-1,-1] 1.0 1.0 1.0 0.0007242712797402853 0.12498917450484462 45.75070303228621 -241.4154180222347 2768.552750961393 2768.552750961393 -2398.7924062224174 -1270.9228512135655 -543.5388053936376
242.41826338875393 44.16642918836235 39633154016805951 10 325-326-328-329-330-331-332-333-334-335 0.9530350876048777 1.0 12 1.219919513389446 1.0 [-1,-1] 1.0 1.0 1.0 0.0003767415448896098 0.21544643941305056 45.83357081163765 -242.41826338875393 3277.2870026553096 3277.2870026553096 -2739.7685470127335 1552.8252848569516 -907.2001109358856
242.00005992077078 44.28835664548556 39633154012610893 11 325-326-328-329-330-331-332-333-334-335-478 0.6309111402747668 0.9836065573770492 12 1.0825534279633757 1.0 [-1,-1] 1.0 1.0 1.0 0.0007982518636535506 0.11473445525619816 45.71164335451444 -242.00005992077078 2369.255190238521 2369.255190238521 -2328.443904350473 227.57050116351905 -374.0732652375465
239.415283315206 43.93506557342653 39633149633759743 11 325-326-328-329-330-331-332-333-334-335-478 0.932890297539058 0.9836065573770492 12 1.2776232422865321 1.0 [-1,-1] 1.0 1.0 1.0 0.0003671239319408774 0.21984967794317842 46.06493442657347 -239.415283315206 3225.5079240058776 3225.5079240058776 2231.4608609633497 -1711.3497852100625 -1579.7992614490252
240.6293590070656 42.53026230713175 39633123192865603 11 325-326-328-329-330-331-332-333-334-335-478 0.724685319455975 0.9836065573770492 12 0.9698355699130458 1.0 [-1,-1] 1.0 1.0 1.0 0.0005823912580269674 0.15084542533972659 47.46973769286825 -240.6293590070656 2652.0939522476065 2652.0939522476065 263.5560309354645 859.5466965554998 -2495.0591228558897
240.64552948547163 42.548193394570795 39633123192865790 11 325-326-328-329-330-331-332-333-334-335-478 0.4746218177560303 0.9836065573770492 12 0.9490812351228504 1.0 [-1,-1] 1.0 1.0 1.0 0.000668512811805897 0.13401699399284683 47.451806605429205 -240.64552948547163 1860.4929372726947 1860.4929372726947 184.900032703671 569.9708532787844 -1761.3571965846152
240.6488477692208 42.537549027499985 39633123192865826 11 325-326-328-329-330-331-332-333-334-335-478 0.804752736947598 0.9836065573770492 12 0.9584632295784136 1.0 [-1,-1] 1.0 1.0 1.0 0.0008239664519383997 0.11155322342262282 47.462450972500015 -240.6488477692208 2881.159246195807 2881.159246195807 298.29761155718927 909.2386208128488 -2717.605980877511
241.54214658410163 43.122352393511136 39633132088985709 11 325-326-328-329-330-331-332-333-334-335-478 0.9824238902548603 0.9836065573770492 12 0.485485338024885 1.0 [-1,-1] 1.0 1.0 1.0 0.00030269805442075816 0.25472307248715254 46.877647606488864 -241.54214658410163 3351.7275740980526 3351.7275740980526 -764.5071383346277 -288.1884573095781 -3250.623629317633
241.59672223534042 44.412638672464674 39633158332744741 11 325-326-328-329-330-331-332-333-334-335-478 0.8737981291338198 0.9836065573770492 12 1.0400410251615453 1.0 [-1,-1] 1.0 1.0 1.0 0.0005346154933450218 0.1621399955636538 45.587361327535326 -241.59672223534042 3069.9891586981885 3069.9891586981885 -2925.739064178978 -924.0244847037058 -105.18134116648999
241.7842404327272 42.33674835667507 39633118734322195 11 325-326-328-329-330-331-332-333-334-335-478 0.5900036863428822 0.9836065573770492 12 1.2363871075884403 1.0 [-1,-1] 1.0 1.0 1.0 0.0006106036532175123 0.14488555312656437 47.66325164332493 -241.7842404327272 2240.7209928437733 2240.7209928437733 1142.752512629803 135.93063217786693 -1922.6206401380337
241.59017430617203 44.543905217861095 39633158332744652 11 325-326-328-329-330-331-332-333-334-335-478 0.8073467904835032 0.9836065573770492 12 1.1608668965546327 1.0 [-1,-1] 1.0 1.0 1.0 0.0008239664519383997 0.11155322342262282 45.456094782138905 -241.59017430617203 2888.396526457603 2888.396526457603 -2735.62102725419 -883.7207392575201 279.73155757479475
240.38441417615124 44.0099963367212 39633149646341903 11 325-326-328-329-330-331-332-333-334-335-478 0.4286047257025841 0.9836065573770492 12 0.7381776860855892 1.0 [-1,-1] 1.0 1.0 1.0 0.0005613841910631427 0.1556117057517016 45.9900036632788 -240.38441417615124 1701.308436712987 1701.308436712987 -81.00849225247335 -1539.3632846621747 -719.8949220878345
241.52314829247456 44.579380258693185 39633158332743793 11 325-326-328-329-330-331-332-333-334-335-478 0.7295021299235294 0.9836065573770492 12 1.1795206465698969 1.0 [-1,-1] 1.0 1.0 1.0 0.0005823912580269674 0.15084542533972659 45.420619741306815 -241.52314829247456 2666.191103489999 2666.191103489999 -2454.806651384391 -979.0183404665524 352.16813268422123
241.05911738508973 42.4418686103885 39633123197061028 11 325-326-328-329-330-331-332-333-334-335-478 0.6169138004522176 0.9836065573770492 12 1.0081534781460968 1.0 [-1,-1] 1.0 1.0 1.0 0.0007056687116799521 0.12786279395313782 47.5581313896115 -241.05911738508973 2325.6343680329487 2325.6343680329487 650.5103438271701 730.8859245009279 -2109.790812312039
242.95444768132847 43.25748560022743 39633136522366808 11 325-326-328-329-330-331-332-333-334-335-478 0.6684310211009575 0.9836065573770492 12 1.398065090146956 1.0 [-1,-1] 1.0 1.0 1.0 0.0006371005092682059 0.1397016056866948 46.74251439977257 -242.95444768132847 2484.362873599214 2484.362873599214 -458.63550554438416 802.9161894689029 -2305.8703245111005
242.09805776321474 44.09759695145638 39633149667313333 11 325-326-328-329-330-331-332-333-334-335-478 0.8046671458765366 0.9836065573770492 12 0.9960242544586204 1.0 [-1,-1] 1.0 1.0 1.0 0.0008239664519383997 0.11155322342262282 45.90240304854362 -242.09805776321474 2880.920258121671 2880.920258121671 -2655.414136388733 525.6386919602497 -985.9925270695676
241.17718889111597 42.50438137008292 39633123197062525 11 325-326-328-329-330-331-332-333-334-335-478 0.7335533331434058 0.9836065573770492 12 0.9501857923528624 1.0 [-1,-1] 1.0 1.0 1.0 0.0006073340474539246 0.1455520198534496 47.49561862991708 -241.17718889111597 2678.0156889172645 2678.0156889172645 727.798093603846 645.3739089976891 -2495.109312759395
242.07743716224456 44.09836305433543 39633149667313063 11 325-326-328-329-330-331-332-333-334-335-478 0.8073517498989171 0.9836065573770492 12 0.9852598135467237 1.0 [-1,-1] 1.0 1.0 1.0 0.0008239664519383997 0.11155322342262282 45.90163694566457 -242.07743716224456 2888.41035212629 2888.41035212629 -2673.3633428106696 472.1301256450313 -986.476529900681
241.73862334815848 42.917756451904225 39633132093178265 11 325-326-328-329-330-331-332-333-334-335-478 0.6505488462249239 0.9836065573770492 12 0.7317083366476745 1.0 [-1,-1] 1.0 1.0 1.0 0.0006371005092682059 0.1397016056866948 47.082243548095775 -241.73862334815848 2429.829970044748 2429.829970044748 -99.80648184730109 -16.517731805479848 -2427.7231131339763
241.4472930444187 42.62790184699802 39633127651413982 11 325-326-328-329-330-331-332-333-334-335-478 1.039717989538954 0.9836065573770492 12 0.8718710117069615 1.0 [-1,-1] 1.0 1.0 1.0 0.00017557006270178804 0.37077784677498654 47.37209815300198 -241.4472930444187 3493.2018423857494 3493.2018423857494 770.7288134975848 377.39491511775066 -3386.1496254204517
241.25474758068873 42.460156249846825 39633123201253657 11 325-326-328-329-330-331-332-333-334-335-478 0.4745033834289887 0.9836065573770492 12 1.0011215461250023 1.0 [-1,-1] 1.0 1.0 1.0 0.000668512811805897 0.13401699399284683 47.539843750153175 -241.25474758068873 1860.0888621519969 1860.0888621519969 599.2905467250757 453.5881619609282 -1701.481470671008
241.2515180747858 42.46300172654853 39633123201253606 11 325-326-328-329-330-331-332-333-334-335-478 0.47488000049719337 0.9836065573770492 12 0.9979556877888991 1.0 [-1,-1] 1.0 1.0 1.0 0.000668512811805897 0.13401699399284683 47.53699827345147 -241.2515180747858 1861.3737072474623 1861.3737072474623 594.3794367282427 452.89765962819365 -1704.789979185144
241.76383384028279 42.90749243756122 39633132093178547 11 325-326-328-329-330-331-332-333-334-335-478 0.6272994935827858 0.9836065573770492 12 0.7518451900496765 1.0 [-1,-1] 1.0 1.0 1.0 0.0007056687116799521 0.12786279395313782 47.09250756243878 -241.76383384028279 2358.0355517901153 2358.0355517901153 -73.2767250183286 -10.236668074459653 -2356.874497232179
242.0240625571334 44.30646953082812 39633154012611164 11 325-326-328-329-330-331-332-333-334-335-478 0.6368022670466122 0.9836065573770492 12 1.1074610292843965 1.0 [-1,-1] 1.0 1.0 1.0 0.0007982518636535506 0.11473445525619816 45.69353046917188 -242.0240625571334 2387.503190701703 2387.503190701703 -2346.5910837748092 286.35118737363393 -334.19271184316153
239.58187484556385 44.41581823547222 39633158307579665 11 325-326-328-329-330-331-332-333-334-335-478 0.9954834127817629 0.9836065573770492 12 1.43195818588333 1.0 [-1,-1] 1.0 1.0 1.0 0.00023297360745577845 0.30751381291380364 45.58418176452778 -239.58187484556385 3384.394888145257 3384.394888145257 2305.728819784241 -2475.2124614961936 -105.19809396596983
240.4010898006717 44.02413337294743 39633149646342078 11 325-326-328-329-330-331-332-333-334-335-478 0.6211307436065603 0.9836065573770492 12 0.7412435638248653 1.0 [-1,-1] 1.0 1.0 1.0 0.0007056687116799521 0.12786279395313782 45.97586662705257 -240.4010898006717 2338.815063168266 2338.815063168266 -147.58866658908548 -2127.780838205136 -959.5948049902553
241.3167885125089 44.46398257011927 39633158328551231 11 325-326-328-329-330-331-332-333-334-335-478 0.8697991044362081 0.9836065573770492 12 1.0320079587630115 1.0 [-1,-1] 1.0 1.0 1.0 0.0006576102792991648 0.1359368301360722 45.53601742988073 -241.3167885125089 3059.264791635613 3059.264791635613 -2548.744623572968 -1691.2342064694628 52.237611132103325
