data_rosette/LRG_18_clustering_data.ecsv
# %ECSV 1.0
# ---
# datatype:
# - {name: RA, unit: deg, datatype: float64}
# - {name: DEC, unit: deg, datatype: float64}
# - {name: TARGETID, datatype: int64}
# - {name: NTILE, datatype: int64}
# - {name: TILES, datatype: string}
# - {name: Z, datatype: float64}
# - {name: COMP_TILE, datatype: float64}
# - {name: ROSETTE_NUMBER, datatype: int32}
# - {name: ROSETTE_R, unit: deg, datatype: float64}
# - {name: FRACZ_TILELOCID, datatype: float64}
# - {name: BITWEIGHTS, datatype: string, subtype: 'int64[2]'}
# - {name: PROB_OBS, datatype: float64}
# - {name: WEIGHT_ZFAIL, datatype: float64}
# - {name: WEIGHT, datatype: float64}
# - {name: NZ, unit: h3 / Mpc3, datatype: float64}
# - {name: WEIGHT_FKP, datatype: float64}
# - {name: theta, unit: deg, datatype: float64}
# - {name: phi, unit: deg, datatype: float64}
# - {name: rho, unit: Mpc, datatype: float64}
# - {name: r, unit: Mpc, datatype: float64}
# - {name: x, unit: Mpc, datatype: float64}
# - {name: y, unit: Mpc, datatype: float64}
# - {name: z, unit: Mpc, datatype: float64}
# meta: !!omap
# - {EXTNAME: LSS}
# - {DESIDR: edr}
# - comments: ['Visit https://desidatamodel.readthedocs.io/en/latest/ for a more complet', e description]
# schema: astropy-2.0
RA DEC TARGETID NTILE TILES Z COMP_TILE ROSETTE_NUMBER ROSETTE_R FRACZ_TILELOCID BITWEIGHTS PROB_OBS WEIGHT_ZFAIL WEIGHT NZ WEIGHT_FKP theta phi rho r x y z
[from data line 3981]
267.4999917082489 63.23716729341661 39633425245669629 5 542-543-547-548-551 0.5242924202935173 1.0 18 1.2440078286776477 1.0 [-1,-1] 1.0 1.0 1.0 0.0006888416087567301 0.1305783864573065 26.76283270658339 92.5000082917511 2027.4397653427668 2027.4397653427668 -356.308789968434 -1992.2652351949127 -120.14691389346198
271.6670233331398 61.18766783126903 39633402701284445 5 542-543-548-549-551 0.7840298897274985 1.0 18 1.615404415558581 1.0 [-1,-1] 1.0 1.0 1.0 0.0007064174578981374 0.12774458208408304 28.81233216873097 88.33297666686019 2822.9344410382087 2822.9344410382087 -1349.4770025597932 -520.9026302003922 -2424.155755683255
271.8465224517031 61.27647229440461 39633402701286162 5 542-543-548-549-551 0.7829111051309107 1.0 18 1.5936631783316069 1.0 [-1,-1] 1.0 1.0 1.0 0.0007064174578981374 0.12774458208408304 28.723527705595387 88.1534775482969 2819.770194844898 2819.770194844898 -1202.678009017953 -229.90636759429623 -2540.0418540842675
270.0686851393722 62.7935372495456 39633419759518239 5 542-543-548-549-551 1.0370053129094792 1.0 18 0.3146782888192523 1.0 [-1,-1] 1.0 1.0 1.0 0.00017557006270178804 0.37077784677498654 27.2064627504544 89.93131486062782 3486.6100168988382 3486.6100168988382 -1178.1504283371771 2818.561046084663 -1680.5131976995515
271.63861483292794 61.22840351153465 39633402701284187 5 542-543-548-549-551 0.45570167043097043 1.0 18 1.5739434458516153 1.0 [-1,-1] 1.0 1.0 1.0 0.0005330850268982689 0.1625298359500762 28.77159648846535 88.36138516707206 1795.5747867445864 1795.5747867445864 -789.980588961316 -331.01415262128126 -1578.115684803118
268.7148421343371 61.108586992553846 39633399748497761 5 542-543-548-549-551 0.4925990747577424 1.0 18 1.490590479279587 1.0 [-1,-1] 1.0 1.0 1.0 0.0007365189099627642 0.12316671624379881 28.891413007446154 91.28515786566288 1921.4947888063432 1921.4947888063432 1094.1237691400697 197.9341707526213 -1567.1175658708994
269.5926629860459 62.67075408021685 39633419755324503 4 542-543-548-551 0.512884553906402 1.0 18 0.16347035906816929 1.0 [-1,-1] 1.0 1.0 1.0 0.0006888416087567301 0.1305783864573065 27.329245919783148 90.40733701395408 1989.5390621115207 1989.5390621115207 -1234.5920886061745 1037.4577482863497 -1165.2164927339684
271.4303770672923 61.09870006641157 39633399773660703 4 542-543-548-551 0.940356085090421 1.0 18 1.6324584740145363 1.0 [-1,-1] 1.0 1.0 1.0 0.0003671239319408774 0.21984967794317842 28.901299933588433 88.56962293270772 3244.769786491319 3244.769786491319 -1565.7462758960085 -1082.7833895483311 -2627.650984846147
266.9203612207259 63.44756308850367 39633427955192027 2 542-544 0.4332986757053122 1.0 18 1.577498780138182 1.0 [-1,-1] 1.0 1.0 1.0 0.0006285113834356281 0.1413409039925048 26.55243691149633 93.07963877927409 1717.7476170093457 1717.7476170093457 665.4519183296059 -1562.3617123385277 258.5662390014551
266.3814916149564 62.45940310223486 39633416940946873 3 542-544-545 0.47384200824071826 1.0 18 1.5477156259926907 1.0 [-35184380479814,-2885259798528393221] 0.890625 1.0 1.1217391304347826 0.000668512811805897 0.13401699399284683 27.54059689776514 93.61850838504358 1857.8318477731202 1857.8318477731202 1005.7980853589935 -732.2201214480015 -1379.7692125261178
266.3791164872122 62.470228560346136 39633416940946843 3 542-544-545 0.5429472327375542 1.0 18 1.5481454191928548 1.0 [-1407378139517057,-292741689541927169] 0.8515625 1.0 1.1727272727272726 0.0006094867785671962 0.14511252611805409 27.529771439653864 93.62088351278783 2088.85563103511 2088.85563103511 1146.3565937496644 -830.3880243680479 -1536.1120194373473
266.3490631869809 62.46709477725939 39633416940946576 3 542-544-545 0.5422068942525821 1.0 18 1.5621978121464806 1.0 [2305831971147743231,-9007201402423441] 0.890625 1.0 1.1217391304347826 0.0006094867785671962 0.14511252611805409 27.53290522274061 93.65093681301909 2086.4314840283705 2086.4314840283705 1165.4496498043782 -791.9368696921999 -1538.7525615698585
270.2730968623785 61.93370934492181 39633411328969069 7 542-544-545-546-547-548-549 0.8468850677080305 1.0 18 0.6385711602981111 1.0 [-1,-1] 1.0 1.0 1.0 0.0006366829495309179 0.1397804201853648 28.06629065507819 89.72690313762149 2997.316650921276 2997.316650921276 -117.83870048736974 607.7645112325334 -2932.685364208657
266.4517468031832 62.68959769944221 39633419730159662 8 542-544-545-546-547-548-549-550 0.9369476597087432 1.0 18 1.5177442074397414 1.0 [-1,-1] 1.0 1.0 1.0 0.0003671239319408774 0.21984967794317842 27.31040230055779 93.5482531968168 3235.986580780547 3235.986580780547 2033.8905948860054 -1711.4764810208455 -1845.4664597164933
272.07423988120775 62.735217373006336 39633419772103708 9 542-544-545-546-547-548-549-550-551 0.798258224124158 0.9655172413793104 18 1.0990271705307153 1.0 [-1,-1] 1.0 1.0 1.0 0.0008239664519383997 0.11155322342262282 27.264782626993664 87.92576011879225 2862.9900707318707 2862.9900707318707 2421.9601900337257 -94.10215185299757 -1523.7997795044191
271.014189825439 61.78212132971876 39633408476842012 9 542-544-545-546-547-548-549-550-551 0.7510754695200412 0.9655172413793104 18 0.9509330129773054 1.0 [-1,-1] 1.0 1.0 1.0 0.0007242712797402853 0.12498917450484462 28.217878670281237 88.98581017456098 2728.8253717633393 2728.8253717633393 80.42547373749079 131.3008705330625 -2724.477882852178
272.028284362958 62.845297857155444 39633419772103405 9 542-544-545-546-547-548-549-550-551 0.800280082127726 0.9655172413793104 18 1.1036803417536283 1.0 [-1,-1] 1.0 1.0 1.0 0.0008239664519383997 0.11155322342262282 27.154702142844556 87.971715637042 2868.6541035001005 2868.6541035001005 2581.5509306899817 18.384403720858607 -1250.7730295627107
267.3945632912642 62.06431829963335 39633411307995521 9 542-544-545-546-547-548-549-550-551 0.7774266847945137 0.9655172413793104 18 1.1775422603405734 1.0 [-1,-1] 1.0 1.0 1.0 0.0007064174578981374 0.12774458208408304 27.93568170036665 92.6054367087358 2804.2276372556003 2804.2276372556003 -66.59662586203135 -929.2262503346648 -2644.956730583867
271.0732067443806 61.79181358388624 39633408476842544 9 542-544-545-546-547-548-549-550-551 0.5972042361021755 0.9655172413793104 18 0.961129315833145 1.0 [-1,-1] 1.0 1.0 1.0 0.0006106036532175123 0.14488555312656437 28.20818641611376 88.92679325561937 2263.578396808133 2263.578396808133 85.54079534311143 122.7565022621592 -2258.6280729639634
271.8477452907729 62.20650421596876 39633414172709029 9 542-544-545-546-547-548-549-550-551 1.015598509498116 0.9655172413793104 18 1.0311009955159534 1.0 [-1,-1] 1.0 1.0 1.0 0.00020130102782971312 0.3394727840281335 27.793495784031244 88.15225470922712 3434.2231123128036 3434.2231123128036 1560.5181297782194 296.3342761436495 -3044.808294221386
269.4358504342962 61.941893957766986 39633411320582228 9 542-544-545-546-547-548-549-550-551 0.8716879894521248 0.9655172413793104 18 0.5941266902822286 1.0 [-1,-1] 1.0 1.0 1.0 0.0005346154933450218 0.1621399955636538 28.058106042233014 90.56414956570381 3064.33350355124 3064.33350355124 -563.2047851561609 339.1633114898416 -2992.9765183013155
271.1275590796573 61.851630578751156 39633408476843030 9 542-544-545-546-547-548-549-550-551 0.7497516692686705 0.9655172413793104 18 0.9337507359817128 1.0 [-1,-1] 1.0 1.0 1.0 0.0006073340474539246 0.1455520198534496 28.148369421248844 88.87244092034268 2725.005532672408 2725.005532672408 210.69545214120353 269.83102566637257 -2703.4152099021126
269.3333057210224 62.03218235979405 39633411320581333 9 542-544-545-546-547-548-549-550-551 0.8718916977690729 0.9655172413793104 18 0.5215563229894834 1.0 [-1,-1] 1.0 1.0 1.0 0.0005346154933450218 0.1621399955636538 27.96781764020595 90.66669427897762 3064.8798001562955 3064.8798001562955 -836.9086848730087 393.4817486523615 -2922.0274050849875
270.767445485453 62.80710181253649 39633419763713743 9 542-544-545-546-547-548-549-550-551 0.650717259897693 0.9655172413793104 18 0.5562225337936095 1.0 [-1,-1] 1.0 1.0 1.0 0.0006371005092682059 0.1397016056866948 27.192898187463513 89.23255451454702 2430.3463343468143 2430.3463343468143 639.7314394608052 2047.491242182497 -1142.4126239780348
267.971767401163 62.0851691587368 39633411312190149 9 542-544-545-546-547-548-549-550-551 0.7504103126856364 0.9655172413793104 18 0.9256694311893235 1.0 [-1,-1] 1.0 1.0 1.0 0.0007242712797402853 0.12498917450484462 27.914830841263203 92.02823259883701 2726.906438420729 2726.906438420729 -579.6312740788553 -764.4481030565942 -2552.580147173311
269.66795244142355 61.94065953471202 39633411324774298 9 542-544-545-546-547-548-549-550-551 1.0653468705307627 0.9655172413793104 18 0.5800612262654354 1.0 [-1,-1] 1.0 1.0 1.0 0.00014839258087788972 0.41078905010633954 28.05934046528798 90.33204755857645 3554.9687961154077 3554.9687961154077 -542.2881239797638 530.2125773078467 -3473.125588689432
271.16270479631623 62.245187259274175 39633414168513237 9 542-544-545-546-547-548-549-550-551 0.9340364276522759 0.9655172413793104 18 0.7187433161919885 1.0 [-1,-1] 1.0 1.0 1.0 0.0003671239319408774 0.21984967794317842 27.754812740725825 88.83729520368377 3228.4705110967952 3228.4705110967952 1030.228973264509 1227.8695389136901 -2802.496476193296
270.5190430036874 62.95237229209483 39633422527760108 9 542-544-545-546-547-548-549-550-551 0.5693568636752127 0.9655172413793104 18 0.563545563372068 1.0 [-1,-1] 1.0 1.0 1.0 0.0006724560872077301 0.13333590500666823 27.04762770790517 89.48095699631261 2174.621888518237 2174.621888518237 111.3788716056742 2044.1194512364095 -733.5876048976232
269.0098747452211 62.48505244513611 39633416961917927 9 542-544-545-546-547-548-549-550-551 0.9419041988000356 0.9655172413793104 18 0.3343185060548447 1.0 [-1,-1] 1.0 1.0 1.0 0.0003671239319408774 0.21984967794317842 27.514947554863888 90.99012525477889 3248.7532727639464 3248.7532727639464 -2221.6427316536615 259.01166630146054 -2356.186401137366
270.6388893618201 61.358044028707155 39633402692895923 9 542-544-545-546-547-548-549-550-551 0.4333175427172194 0.9655172413793104 18 1.23808990307415 1.0 [-1,-1] 1.0 1.0 1.0 0.0006285113834356281 0.1413409039925048 28.641955971292845 89.36111063817992 1717.8136002163296 1717.8136002163296 -107.05273763384099 -608.0255176212879 -1603.0371943204102
268.9923777550865 61.511286518541 39633405578578367 9 542-544-545-546-547-548-549-550-551 1.026459795870766 0.9655172413793104 18 1.0664244495449757 1.0 [-1,-1] 1.0 1.0 1.0 0.00020130102782971312 0.3394727840281335 28.488713481459 91.00762224491348 3460.884899078281 3460.884899078281 732.6994972376104 -72.45309227999095 -3381.6602846582477
268.9682453900438 61.497587008901306 39633405578578157 9 542-544-545-546-547-548-549-550-551 0.8503813029165631 0.9655172413793104 18 1.0831007375473038 1.0 [-1,-1] 1.0 1.0 1.0 0.0006576102792991648 0.1359368301360722 28.502412991098694 91.03175460995618 3006.8239213905613 3006.8239213905613 677.9809144155209 -50.5571083060928 -2928.9547542996515
269.87614679486427 63.76714386435636 39633430668906468 9 542-544-545-546-547-548-549-550-551 0.6815770658066449 0.9655172413793104 18 1.248889360210128 1.0 [-1,-1] 1.0 1.0 1.0 0.0008053318504768218 0.11384060807160488 26.232856135643637 90.12385320513573 2524.0755728684776 2524.0755728684776 -1248.7178812559844 1871.211379987033 1144.6524022557776
271.7326871237644 61.640730908644635 39633408481037913 9 542-544-545-546-547-548-549-550-551 1.063171089363673 0.9655172413793104 18 1.2853668556265418 1.0 [-1,-1] 1.0 1.0 1.0 0.00014839258087788972 0.41078905010633954 28.359269091355365 88.26731287623562 3549.7607371098497 3549.7607371098497 -287.4444546986916 -89.77392695906728 -3536.9644638062146
268.2393400415665 62.734995125964275 39633419742743753 9 542-544-545-546-547-548-549-550-551 0.6279630528672369 0.9655172413793104 18 0.7182771572721405 1.0 [-1,-1] 1.0 1.0 1.0 0.0007056687116799521 0.12786279395313782 27.265004874035725 91.76065995843351 2360.0987604487236 2360.0987604487236 -1584.9637742096781 -1216.121354404506 -1256.5845951928438
269.4238762875528 63.86200219669396 39633430664712219 9 542-544-545-546-547-548-549-550-551 0.4101161170790885 0.9655172413793104 18 1.3490816531788554 1.0 [-1,-1] 1.0 1.0 1.0 0.0005613841910631427 0.1556117057517016 26.137997803306042 90.57612371244721 1636.108084879147 1636.108084879147 -1191.8075082192101 698.4015455138784 876.7438679472209
267.55507627172005 62.95218777142581 39633422506786983 9 542-544-545-546-547-548-549-550-551 0.4017197606482599 0.9655172413793104 18 1.0859410819804751 1.0 [-1,-1] 1.0 1.0 1.0 0.00024055914515870672 0.3007331513712552 27.047812228574188 92.44492372827995 1606.2605683954666 1606.2605683954666 -347.73470517517796 -1471.476388806322 -542.1354310357937
267.53396045744296 62.92688875629425 39633422502596881 9 542-544-545-546-547-548-549-550-551 0.6504106095107467 0.9655172413793104 18 1.0854848326391267 1.0 [-1,-1] 1.0 1.0 1.0 0.0006371005092682059 0.1397016056866948 27.073111243705753 92.46603954255704 2429.406090144182 2429.406090144182 -474.3308069005527 -2215.1611479261987 -877.5450559219157
269.2869876576856 62.47489287838065 39633416961920324 8 542-544-545-546-547-548-549-551 0.7618505400381751 1.0 18 0.20949118861813748 1.0 [-1,-1] 1.0 1.0 1.0 0.0007242712797402853 0.12498917450484462 27.52510712161935 90.71301234231441 2759.803132833455 2759.803132833455 -1736.2064902844822 720.1277381490728 -2020.7712378791653
269.2746218089772 62.475252439393664 39633416961920217 8 542-544-545-546-547-548-549-551 0.7620232475789743 1.0 18 0.21499476513338125 1.0 [-1,-1] 1.0 1.0 1.0 0.0007242712797402853 0.12498917450484462 27.524747560606336 90.7253781910228 2760.298011809718 2760.298011809718 -1745.96596315432 698.9988878720984 -2020.4575037007978
271.9810209322368 61.91449288049949 39633411341553024 8 542-544-545-546-547-548-549-551 0.5129593873967316 1.0 18 1.2113321738447718 1.0 [-1,-1] 1.0 1.0 1.0 0.0006888416087567301 0.1305783864573065 28.085507119500512 88.01897906776321 1989.7885372464052 1989.7885372464052 372.94431360916747 20.302509904595762 -1954.4203155911343
267.3715921153337 63.30069785800883 39633425245668514 7 542-544-545-546-547-548-550 0.8233007259731926 1.0 18 1.327619598574714 1.0 [-1,-1] 1.0 1.0 1.0 0.000762533893525711 0.11946670068019369 26.69930214199117 92.62840788466627 2932.6589747461335 2932.6589747461335 -142.39777899744004 -2929.1734762205456 12.4209863410786
267.75942225116154 63.187393658982714 39633425245671621 8 542-544-545-546-547-548-550-551 0.5510075155881891 1.0 18 1.1196543368889158 1.0 [-1,-1] 1.0 1.0 1.0 0.0006724560872077301 0.13333590500666823 26.812606341017286 92.24057774883846 2115.177680267206 2115.177680267206 -888.7405151824528 -1905.5459060959147 -230.24273177429114
269.2324311689255 63.553641103139235 39633427976159814 8 542-544-545-546-547-548-550-551 0.9499217028035031 1.0 18 1.0579672097723571 1.0 [-1,-1] 1.0 1.0 1.0 0.0003671239319408774 0.21984967794317842 26.446358896860765 90.76756883107453 3269.324878093634 3269.324878093634 -2982.2573480932156 1050.2998796491383 831.562644107454
270.77530213406163 62.80529426613258 39633419763713797 8 542-544-545-546-547-548-550-551 0.6497370814548762 1.0 18 0.5584025965443219 1.0 [-1,-1] 1.0 1.0 1.0 0.0007982518636535506 0.11473445525619816 27.194705733867423 89.22469786593837 2427.3403176939405 2427.3403176939405 654.3552276627167 2037.9087785986824 -1144.8703263005032
267.42331498369856 63.34798360215117 39633425245668960 8 542-544-545-546-547-548-550-551 0.49101437862787034 1.0 18 1.336719115166069 1.0 [-1,-1] 1.0 1.0 1.0 0.0007365189099627642 0.12316671624379881 26.652016397848833 92.57668501630144 1916.1440035956578 1916.1440035956578 -191.60926862397582 -1903.9843292853761 98.67828803084264
