data_rosette/LRG_7_clustering_data.ecsv
# %ECSV 1.0
# ---
# datatype:
# - {name: RA, unit: deg, datatype: float64}
# - {name: DEC, unit: deg, datatype: float64}
# - {name: TARGETID, datatype: int64}
# - {name: NTILE, datatype: int64}
# - {name: TILES, datatype: string}
# - {name: Z, datatype: float64}
# - {name: COMP_TILE, datatype: float64}
# - {name: ROSETTE_NUMBER, datatype: int32}
# - {name: ROSETTE_R, unit: deg, datatype: float64}
# - {name: FRACZ_TILELOCID, datatype: float64}
# - {name: BITWEIGHTS, datatype: string, subtype: 'int64[2]'}
# - {name: PROB_OBS, datatype: float64}
# - {name: WEIGHT_ZFAIL, datatype: float64}
# - {name: WEIGHT, datatype: float64}
# - {name: NZ, unit: h3 / Mpc3, datatype: float64}
# - {name: WEIGHT_FKP, datatype: float64}
# - {name: theta, unit: deg, datatype: float64}
# - {name: phi, unit: deg, datatype: float64}
# - {name: rho, unit: Mpc, datatype: float64}
# - {name: r, unit: Mpc, datatype: float64}
# - {name: x, unit: Mpc, datatype: float64}
# - {name: y, unit: Mpc, datatype: float64}
# - {name: z, unit: Mpc, datatype: float64}
# meta: !!omap
# - {EXTNAME: LSS}
# - {DESIDR: edr}
# - comments: ['Visit https://desidatamodel.readthedocs.io/en/latest/ for a more complet', e description]
# schema: astropy-2.0
RA DEC TARGETID NTILE TILES Z COMP_TILE ROSETTE_NUMBER ROSETTE_R FRACZ_TILELOCID BITWEIGHTS PROB_OBS WEIGHT_ZFAIL WEIGHT NZ WEIGHT_FKP theta phi rho r x y z
[from data line 1695]
218.36043022083047 33.23713152214157 39632946302289961 9 190-191-192-195-196-197-198-199-200 0.5716571992121502 1.0 7 1.2526115474914397 1.0 [-1,-1] 1.0 1.0 1.0 0.0005369919189708607 0.1615383650856205 56.76286847785843 -218.36043022083047 2182.0273694477737 2182.0273694477737 9.155697315692285 463.73549501483046 2132.160642374112
218.70425726562033 33.11316890132616 39632941243957650 9 190-191-192-195-196-197-198-199-200 0.632045729814482 1.0 7 1.490330621554778 1.0 [-1,-1] 1.0 1.0 1.0 0.0007982518636535506 0.11473445525619816 56.88683109867384 -218.70425726562033 2372.7747194296035 2372.7747194296035 279.9299183946691 735.7250975774259 2238.393998103657
218.69019631734048 33.10333698333986 39632941243957457 9 190-191-192-195-196-197-198-199-200 0.8598019989312108 1.0 7 1.4930200728923424 1.0 [-1,-1] 1.0 1.0 1.0 0.0006576102792991648 0.1359368301360722 56.89666301666014 -218.69019631734048 3032.3423408215795 3032.3423408215795 354.1016183361173 971.5527435453934 2850.5784294315526
219.03928024098317 34.42984026102584 39632971438751957 10 190-191-192-195-196-197-198-199-200-463 0.8094302586161528 1.0 7 1.0227934941334333 1.0 [-1,-1] 1.0 1.0 1.0 0.0008239664519383997 0.11155322342262282 55.57015973897416 -219.03928024098317 2894.201096823935 2894.201096823935 -1544.3178284823664 -1838.7312326245776 1615.7196191354733
217.2960088770671 33.354965265069445 39632946285514222 10 190-191-192-195-196-197-198-199-200-463 0.6106466460570581 1.0 7 1.1256859585124246 1.0 [-1,-1] 1.0 1.0 1.0 0.0007056687116799521 0.12786279395313782 56.645034734930555 -217.2960088770671 2305.982789899826 2305.982789899826 -191.8710953912821 111.42168740125625 2295.2837117977792
217.94570017120165 33.388171089512575 39632951348039543 10 190-191-192-195-196-197-198-199-200-463 0.49576656135225905 1.0 7 1.0190307402903136 1.0 [-1,-1] 1.0 1.0 1.0 0.0007365189099627642 0.12316671624379881 56.611828910487425 -217.94570017120165 1932.1746015916813 1932.1746015916813 -46.9289334379759 112.5666143067349 1928.3218412873575
218.29536177492642 33.5887962456737 39632951356424521 10 190-191-192-195-196-197-198-199-200-463 0.8555245980244792 1.0 7 0.9092411820683258 1.0 [-1,-1] 1.0 1.0 1.0 0.0006576102792991648 0.1359368301360722 56.4112037543263 -218.29536177492642 3020.773772761748 3020.773772761748 18.756554274072325 -413.5159661217575 2992.2778820890617
216.78121453334896 35.49168319460656 39632991235867302 10 190-191-192-195-196-197-198-199-200-463 0.8522916770982536 1.0 7 1.3744428358015515 1.0 [-1,-1] 1.0 1.0 1.0 0.0006576102792991648 0.1359368301360722 54.50831680539344 -216.78121453334896 3012.0103466257037 3012.0103466257037 2685.84802916049 -30.408954869219293 -1362.9020463330312
216.78520945785095 35.057766983190234 39632981349895445 10 190-191-192-195-196-197-198-199-200-463 0.75235242853559 1.0 7 1.0621722918721759 1.0 [-1,-1] 1.0 1.0 1.0 0.0007242712797402853 0.12498917450484462 54.942233016809766 -216.78520945785095 2732.5071443470056 2732.5071443470056 2730.4517525092833 -41.82385297730955 -97.36162718721286
219.38255264468216 34.88509573259272 39632981387641984 10 190-191-192-195-196-197-198-199-200-463 0.9617703723277656 1.0 7 1.3894004561873585 1.0 [-1,-1] 1.0 1.0 1.0 0.0003767415448896098 0.21544643941305056 55.11490426740728 -219.38255264468216 3299.548296658759 3299.548296658759 -2821.9474334320307 -1649.3852424458698 450.73270009160984
218.62934059166204 34.699168593548436 39632976413197456 10 190-191-192-195-196-197-198-199-200-463 0.6028080042953942 1.0 7 0.7457127230229273 1.0 [-1,-1] 1.0 1.0 1.0 0.0006106036532175123 0.14488555312656437 55.300831406451564 -218.62934059166204 2281.2977988097973 2281.2977988097973 -615.819469687851 -2073.854254724469 724.0266278038525
219.11580202139504 34.99441916693637 39632981383448211 10 190-191-192-195-196-197-198-199-200-463 0.9635711335127529 1.0 7 1.2343484780107523 1.0 [-1,-1] 1.0 1.0 1.0 0.0003767415448896098 0.21544643941305056 55.00558083306363 -219.11580202139504 3304.1231322687895 3304.1231322687895 -2311.3262305214325 -2359.368667659882 91.54353806872294
216.26687402416576 34.880150667887285 39632981345698182 10 190-191-192-195-196-197-198-199-200-463 0.4713554309445669 1.0 7 1.349639488068944 1.0 [-1,-1] 1.0 1.0 1.0 0.000668512811805897 0.13401699399284683 55.119849332112715 -216.26687402416576 1849.3380922985175 1849.3380922985175 1603.95970844512 882.5452798667873 261.6838976624673
216.59708143782947 34.57106073226751 39632971401006772 10 190-191-192-195-196-197-198-199-200-463 0.8696635240157512 1.0 7 1.006169790408439 1.0 [-1,-1] 1.0 1.0 1.0 0.0006576102792991648 0.1359368301360722 55.42893926773249 -216.59708143782947 3058.9007487713325 3058.9007487713325 2711.9512201540733 473.378505116998 1333.4568464078052
218.86627607771374 34.84564467576073 39632976417390777 10 190-191-192-195-196-197-198-199-200-463 0.926700856291745 1.0 7 0.9841239612732738 1.0 [-1,-1] 1.0 1.0 1.0 0.00042618922305278896 0.1953324009783564 55.15435532423927 -218.86627607771374 3209.4741616391348 3209.4741616391348 -1585.2471869729739 -2733.1667960479394 563.4847073386627
217.0813962755515 33.72925633219824 39632956377008246 10 190-191-192-195-196-197-198-199-200-463 0.8413988754643176 1.0 7 0.896807201048099 1.0 [-1,-1] 1.0 1.0 1.0 0.0006366829495309179 0.1397804201853648 56.27074366780176 -217.0813962755515 2982.3577768459977 2982.3577768459977 778.8610151202565 -250.78212728387663 2867.9159250010484
218.9397914117634 35.22558530726228 39632986328532509 10 190-191-192-195-196-197-198-199-200-463 1.0578558624265229 1.0 7 1.2478998893230264 1.0 [-1,-1] 1.0 1.0 1.0 0.00014839258087788972 0.41078905010633954 54.77441469273772 -218.9397914117634 3537.0102264322027 3537.0102264322027 -1953.384799810882 -2860.7639112588254 -714.6740584300594
218.20376837770752 35.411586599820694 39632991252647070 10 190-191-192-195-196-197-198-199-200-463 1.0648265671642028 1.0 7 1.064399392008668 1.0 [-1,-1] 1.0 1.0 1.0 0.00014839258087788972 0.41078905010633954 54.588413400179306 -218.20376837770752 3553.7239703840764 3553.7239703840764 448.73689940333486 -3256.8344031171173 -1349.303125123859
217.34336903160286 34.28253395210125 39632966413978922 9 190-191-192-195-196-197-198-199-463 0.5188786475600727 1.0 7 0.3949107927371514 1.0 [-1,-1] 1.0 1.0 1.0 0.0006888416087567301 0.1305783864573065 55.71746604789875 -217.34336903160286 2009.4860499384267 2009.4860499384267 1247.0027459225423 -805.4185115525495 1354.3704654957805
219.38445388707473 35.01269824896503 39632981387642010 9 190-191-192-195-196-197-198-199-463 0.9956357111167001 1.0 7 1.439430266411112 1.0 [-1,-1] 1.0 1.0 1.0 0.00023297360745577845 0.30751381291380364 54.98730175103497 -219.38445388707473 3384.7743708169073 3384.7743708169073 -2925.343131781375 -1702.3649078617761 31.919009372008436
217.3093336071412 35.557855773332925 39632991240064022 9 190-191-192-195-196-197-198-199-463 0.5897133970045098 1.0 7 1.225661988687579 1.0 [-1,-1] 1.0 1.0 1.0 0.0005369919189708607 0.1615383650856205 54.442144226667075 -217.3093336071412 2239.79739733769 2239.79739733769 1652.4976769079506 -989.2997161708349 -1143.3415414996618
216.21762169614982 33.9731534176841 39632961389200581 9 190-191-192-195-196-197-198-199-463 0.5826390472239131 1.0 7 1.376781778755739 1.0 [-1,-1] 1.0 1.0 1.0 0.0005369919189708607 0.1615383650856205 56.0268465823159 -216.21762169614982 2217.2388804976827 2217.2388804976827 940.8992736113277 579.8148698600204 1922.1528364824428
217.57977004168254 34.62472089665771 39632971417781139 8 190-191-192-195-196-197-198-200 0.9135285137578807 1.0 7 0.2888440037431683 1.0 [-1,-1] 1.0 1.0 1.0 0.00042618922305278896 0.1953324009783564 55.37527910334229 -217.57977004168254 3175.154038078046 3175.154038078046 2018.9096451126225 -2120.251505254034 1228.8777664448783
218.04704272748654 33.522226487436605 39632951352231043 8 190-191-192-195-196-197-198-200 0.6561295924965443 1.0 7 0.9013706064592122 1.0 [-1,-1] 1.0 1.0 1.0 0.0006371005092682059 0.1397016056866948 56.477773512563395 -218.04704272748654 2446.912630711655 2446.912630711655 50.16852082134357 -165.90746586037847 2440.7661204274814
218.60046683243905 35.542152399753384 39632991261032844 9 190-191-192-195-196-197-198-200-463 0.7353806094061192 1.0 7 1.3170901003188458 1.0 [-1,-1] 1.0 1.0 1.0 0.0006073340474539246 0.1455520198534496 54.457847600246616 -218.60046683243905 2683.3395988274297 2683.3395988274297 -598.1424475893666 -2250.489954550784 -1333.35365882168
218.0561615293273 33.33064532718031 39632946298095712 9 190-191-192-195-196-197-198-200-463 0.7888488552348668 1.0 7 1.0903023192306989 1.0 [-1,-1] 1.0 1.0 1.0 0.0007064174578981374 0.12774458208408304 56.66935467281969 -218.0561615293273 2836.539414283705 2836.539414283705 -95.86130896501535 327.77238111261295 2815.9069097554034
219.38133378399345 34.74859978342937 39632976421587939 9 190-191-192-195-196-197-198-200-463 0.6562392672803157 1.0 7 1.347896243233473 1.0 [-1,-1] 1.0 1.0 1.0 0.0006371005092682059 0.1397016056866948 55.25140021657063 -219.38133378399345 2447.2477637234256 2447.2477637234256 -2032.82369308712 -1191.4809978403878 661.0767592785459
217.43074208027946 35.07824740823099 39632981358284449 9 190-191-192-195-196-197-198-200-463 0.9803385574639091 1.0 7 0.7430292055424365 1.0 [-1,-1] 1.0 1.0 1.0 0.00030269805442075816 0.25472307248715254 54.92175259176901 -217.43074208027946 3346.487982615931 3346.487982615931 2637.7975259299637 -2050.798334090686 -187.7024850167742
217.4528298830364 35.009369804801956 39632981358284763 9 190-191-192-195-196-197-198-200-463 0.7740782947273834 1.0 7 0.6728946056805071 1.0 [-1,-1] 1.0 1.0 1.0 0.0007064174578981374 0.12774458208408304 54.990630195198044 -217.4528298830364 2794.7130755473586 2794.7130755473586 2167.7460279764423 -1763.5268570270557 35.65609866496354
218.50416298694563 34.90549103002606 39632981375059724 9 190-191-192-195-196-197-198-200-463 0.6490177335269497 1.0 7 0.7687974421278327 1.0 [-1,-1] 1.0 1.0 1.0 0.0007982518636535506 0.11473445525619816 55.09450896997394 -218.50416298694563 2425.133075380835 2425.133075380835 -392.00011544656746 -2376.5432598936213 282.220616982855
218.3162188879946 33.593411984956454 39632951356424833 9 190-191-192-195-196-197-198-200-463 0.8551270596391061 1.0 7 0.9130962744122503 1.0 [-1,-1] 1.0 1.0 1.0 0.0006576102792991648 0.1359368301360722 56.406588015043546 -218.3162188879946 3019.6970892017102 3019.6970892017102 10.462454132132539 -427.46777209640265 2989.2695347535578
217.3003063427052 34.23725800636896 39632966413978364 9 190-191-192-195-196-197-198-200-463 0.9624977495069035 1.0 7 0.4436319911818457 1.0 [-1,-1] 1.0 1.0 1.0 0.0003767415448896098 0.21544643941305056 55.76274199363104 -217.3003063427052 3301.396785558419 3301.396785558419 2014.7456812526777 -1181.5924501347322 2333.2080613082385
217.70910024381382 35.25169401944562 39632986311755844 9 190-191-192-195-196-197-198-200-463 0.6873567859737809 1.0 7 0.8549563872675752 1.0 [-1,-1] 1.0 1.0 1.0 0.0008053318504768218 0.11384060807160488 54.74830598055438 -217.70910024381382 2541.4351121963605 2541.4351121963605 1461.1687678924534 -1997.355830430652 -578.3147481128746
218.5809453822569 33.30097242190571 39632946306483195 8 190-191-192-195-196-197-198-463 0.552660103642365 1.0 7 1.2761163319112356 1.0 [-1,-1] 1.0 1.0 1.0 0.0006724560872077301 0.13333590500666823 56.69902757809429 -218.5809453822569 2120.558561528799 2120.558561528799 75.58443297838456 308.52299369031215 2096.632816858687
219.29695198706867 35.04431334413762 39632981387640932 8 190-191-192-195-196-197-198-463 0.8318922626443281 1.0 7 1.3888516937871918 1.0 [-1,-1] 1.0 1.0 1.0 0.0006366829495309179 0.1397804201853648 54.95568665586238 -219.29695198706867 2956.319475416987 2956.319475416987 -2414.843859567918 -1704.128295726756 -65.57992330213689
219.28301179810177 34.28042662777593 39632966443336950 7 190-191-192-195-196-197-199 0.642131385949895 1.0 7 1.2303395452620434 1.0 [-1,-1] 1.0 1.0 1.0 0.0007982518636535506 0.11473445525619816 55.71957337222407 -219.28301179810177 2403.954037324369 2403.954037324369 -1433.8070405131925 -1042.0623084652582 1623.9761480449743
218.5068423075753 34.980089763698395 39632981375059759 9 190-191-192-195-196-197-199-200-463 0.4026676605863625 1.0 7 0.8211483528183001 1.0 [-1,-1] 1.0 1.0 1.0 0.00024055914515870672 0.3007331513712552 55.019910236301605 -218.5068423075753 1609.637636169073 1609.637636169073 -265.9818750694488 -1586.0677174378527 67.64730303553085
217.53411842199964 33.2637101025116 39632946289707554 9 190-191-192-195-196-197-199-200-463 0.57070142111031 1.0 7 1.157553721240042 1.0 [-1,-1] 1.0 1.0 1.0 0.0005369919189708607 0.1615383650856205 56.7362898974884 -217.53411842199964 2178.9516859243145 2178.9516859243145 -293.4059477800547 281.23730033967934 2140.7122600427524
218.2890873884369 33.60240508134294 39632951356424428 9 190-191-192-195-196-197-199-200-463 0.5004107643309033 1.0 7 0.8947367244133804 1.0 [-1,-1] 1.0 1.0 1.0 0.0007365189099627642 0.12316671624379881 56.39759491865706 -218.2890873884369 1947.7965815144812 1947.7965815144812 15.119967240304565 -292.7509393092769 1925.6115384686723
216.29783525603347 34.072535176146296 39632961389201673 9 190-191-192-195-196-197-199-200-463 0.7377435231464763 1.0 7 1.2843101785148645 1.0 [-1,-1] 1.0 1.0 1.0 0.0006073340474539246 0.1455520198534496 55.927464823853704 -216.29783525603347 2690.215376258548 2690.215376258548 1394.5041302209436 711.9744518036631 2187.626426388547
218.1583147390808 35.51020512406645 39632991252646499 9 190-191-192-195-196-197-199-200-463 0.8698392678614203 1.0 7 1.1483874777296597 1.0 [-1,-1] 1.0 1.0 1.0 0.0006576102792991648 0.1359368301360722 54.48979487593355 -218.1583147390808 3059.37262754737 3059.37262754737 490.0763691778912 -2657.336366047525 -1434.6251999183787
218.1621034570784 35.515603727398435 39632991252646539 9 190-191-192-195-196-197-199-200-463 0.8204870537874049 1.0 7 1.1543992159950658 1.0 [-1,-1] 1.0 1.0 1.0 0.000762533893525711 0.11946670068019369 54.484396272601565 -218.1621034570784 2924.8836499426056 2924.8836499426056 457.582118477479 -2534.953910454334 -1385.4860672065665
218.5119104973394 35.421279419699104 39632991256841175 9 190-191-192-195-196-197-199-200-463 0.8310971558751095 1.0 7 1.1763542730722405 1.0 [-1,-1] 1.0 1.0 1.0 0.0006366829495309179 0.1397804201853648 54.578720580300896 -218.5119104973394 2954.134944121119 2954.134944121119 -463.77526156772393 -2682.113002373338 -1148.083453994158
216.31154189774384 34.05294975297196 39632961389201904 9 190-191-192-195-196-197-199-200-463 0.5213080627590776 1.0 7 1.2786707829837163 1.0 [-1,-1] 1.0 1.0 1.0 0.0006888416087567301 0.1305783864573065 55.94705024702804 -216.31154189774384 2017.550008416137 2017.550008416137 1024.0245684676333 505.2505611943201 1663.3110322628947
218.22616097072944 35.50048910272235 39632991252647366 8 190-191-192-195-196-197-199-463 0.8263922946134704 1.0 7 1.154590513907621 1.0 [-1,-1] 1.0 1.0 1.0 0.000762533893525711 0.11946670068019369 54.49951089727765 -218.22616097072944 2941.187051100686 2941.187051100686 298.38519824598023 -2593.935654357872 -1353.9000569026712
217.59462011924333 34.10810003451857 39632961405980209 7 190-191-192-195-196-198-199 0.6629389360600189 1.0 7 0.3376725921388334 1.0 [-1,-1] 1.0 1.0 1.0 0.0006371005092682059 0.1397016056866948 55.89189996548143 -217.59462011924333 2467.6775349573554 2467.6775349573554 1022.660637706275 -1106.4388904145426 1954.326128975827
