data_rosette/LRG_1_clustering_data.ecsv
# %ECSV 1.0
# ---
# datatype:
# - {name: RA, unit: deg, datatype: float64}
# - {name: DEC, unit: deg, datatype: float64}
# - {name: TARGETID, datatype: int64}
# - {name: NTILE, datatype: int64}
# - {name: TILES, datatype: string}
# - {name: Z, datatype: float64}
# - {name: COMP_TILE, datatype: float64}
# - {name: ROSETTE_NUMBER, datatype: int32}
# - {name: ROSETTE_R, unit: deg, datatype: float64}
# - {name: FRACZ_TILELOCID, datatype: float64}
# - {name: BITWEIGHTS, datatype: string, subtype: 'int64[2]'}
# - {name: PROB_OBS, datatype: float64}
# - {name: WEIGHT_ZFAIL, datatype: float64}
# - {name: WEIGHT, datatype: float64}
# - {name: NZ, unit: h3 / Mpc3, datatype: float64}
# - {name: WEIGHT_FKP, datatype: float64}
# - {name: theta, unit: deg, datatype: float64}
# - {name: phi, unit: deg, datatype: float64}
# - {name: rho, unit: Mpc, datatype: float64}
# - {name: r, unit: Mpc, datatype: float64}
# - {name: x, unit: Mpc, datatype: float64}
# - {name: y, unit: Mpc, datatype: float64}
# - {name: z, unit: Mpc, datatype: float64}
# meta: !!omap
# - {EXTNAME: LSS}
# - {DESIDR: edr}
# - comments: ['Visit https://desidatamodel.readthedocs.io/en/latest/ for a more complet', e description]
# schema: astropy-2.0
RA DEC TARGETID NTILE TILES Z COMP_TILE ROSETTE_NUMBER ROSETTE_R FRACZ_TILELOCID BITWEIGHTS PROB_OBS WEIGHT_ZFAIL WEIGHT NZ WEIGHT_FKP theta phi rho r x y z
[from data line 3356]
180.57984833475408 0.18926916076511352 39627793796958077 9 28-30-32-33-35-36-37-38-445 0.7847201459758362 0.6666666666666666 1 0.9979589580598648 1.0 [-1,-1] 1.0 1.0 1.0 0.0007324854237337303 0.12404708914385561 89.81073083923489 -180.57984833475408 2824.885617020213 2824.885617020213 -167.70316763569704 2713.302228712705 -768.0139402870825
178.84118907636957 0.3925729282417918 39627799807395582 7 28-30-32-33-35-36-38 0.6389933785226868 1.0 1 0.8543409807167591 1.0 [-1,-1] 1.0 1.0 1.0 0.000833303205902425 0.11070054926254569 89.60742707175821 -178.84118907636957 2394.2735576265854 2394.2735576265854 -2325.399503159075 -543.4766140208073 -172.32582357230262
180.05366034773886 -1.3582382250289045 39627757549782238 7 28-30-32-33-35-36-38 0.5081706210676461 1.0 1 1.4319847182932206 1.0 [-1,-1] 1.0 1.0 1.0 0.0005337442823398631 0.16272042362546515 91.3582382250289 -180.05366034773886 1973.8012729089194 1973.8012729089194 273.01518085835994 -409.5985296209996 -1911.4348590757843
180.07353029950826 -1.418966132971514 39627751509984877 7 28-30-32-33-35-36-38 0.9999112231517987 1.0 1 1.4958776641101634 1.0 [-1,-1] 1.0 1.0 1.0 0.0002622817504223413 0.28340640119267335 91.41896613297152 -180.07353029950826 3395.413836205703 3395.413836205703 562.0796788447191 -880.7030571190915 -3230.675421472735
181.12503898153855 -0.1386269484475845 39627781725751590 7 28-30-32-33-35-36-38 0.5763649189622764 1.0 1 1.531325173683855 1.0 [-1,-1] 1.0 1.0 1.0 0.0006621615122706149 0.13543705131792066 90.13862694844758 -181.12503898153855 2197.1507068141154 2197.1507068141154 841.0759736278047 1601.9934273036313 -1246.4668041772206
180.41550317714191 -0.7050981152498624 39627769633574748 8 28-30-32-33-35-36-38-445 0.6535057554120379 1.0 1 1.0780423047115948 1.0 [-1,-1] 1.0 1.0 1.0 0.000700708733790897 0.12894715825466588 90.70509811524987 -180.41550317714191 2438.8882992302715 2438.8882992302715 -213.43749288186197 927.9635419697989 -2245.3294273957877
179.0056410271349 0.8570790523178511 39627805851386006 8 28-30-32-33-35-36-38-445 1.0482450024991445 1.0 1 1.0429864526610022 1.0 [-1,-1] 1.0 1.0 1.0 0.00017111768859933566 0.3774092623312036 89.14292094768214 -179.0056410271349 3513.8547732893817 3513.8547732893817 -3239.8010799504086 -211.34038725550164 1343.949244144075
180.41483418411644 -0.6999625770056935 39627769633574729 8 28-30-32-33-35-36-38-445 0.656523493725263 1.0 1 1.0741830966126193 1.0 [-1,-1] 1.0 1.0 1.0 0.000700708733790897 0.12894715825466588 90.69996257700569 -180.41483418411644 2448.116169713386 2448.116169713386 -217.4673546554333 942.5970890334096 -2248.886715203114
178.6385348743163 0.8620197948307914 39627805842999918 8 28-30-32-33-35-36-38-445 0.754023697757304 1.0 1 1.291287560421401 1.0 [-1,-1] 1.0 1.0 1.0 0.0006416626200019751 0.139161677870846 89.13798020516921 -178.6385348743163 2737.3214990215324 2737.3214990215324 -2291.852899567092 -1057.3296065069371 1059.4306862439316
178.8221413119473 0.431547329189579 39627799807395204 8 28-30-32-33-35-36-38-445 1.0302971718803673 1.0 1 0.8895424632888359 1.0 [-1,-1] 1.0 1.0 1.0 0.00017111768859933566 0.3774092623312036 89.56845267081042 -178.8221413119473 3470.264283995701 3470.264283995701 -3361.7085712660164 -853.516596843659 -114.71312725757258
179.00684099679742 0.44987161804814707 39627799811588287 7 28-30-32-33-35-37-445 1.0657660230744057 1.0 1 0.7444560735737173 1.0 [-1,-1] 1.0 1.0 1.0 0.0001568149373683449 0.39812733398474315 89.55012838195185 -179.00684099679742 3555.9713450798467 3555.9713450798467 -3548.319397002809 -227.19015294604412 -52.40513607408131
179.63656483989425 0.26936407686424463 39627793780181706 7 28-30-32-33-35-38-445 0.813257025612229 1.0 1 0.2718344782602093 1.0 [-1,-1] 1.0 1.0 1.0 0.0006627118749498285 0.13533979738261318 89.73063592313575 -179.63656483989425 2904.843524251198 2904.843524251198 -2405.5871465043456 1527.634104180058 -563.5604889478946
180.8584883985405 -0.8572678801792284 39627769641961922 5 28-30-32-33-36 0.864301951193266 1.0 1 1.5226894221604426 1.0 [-1,-1] 1.0 1.0 1.0 0.0006812235016579503 0.1321480675826358 90.85726788017922 -180.8584883985405 3044.4808032922374 3044.4808032922374 161.4163380203185 732.4521715407607 -2950.6477159837773
180.8477724755557 -0.8633533461297026 39627769641961678 5 28-30-32-33-36 0.9600020357717793 1.0 1 1.5172993470582234 1.0 [-1,-1] 1.0 1.0 1.0 0.00041974738576830407 0.19815580287489248 90.8633533461297 -180.8477724755557 3295.05109227886 3295.05109227886 162.2147588981519 775.5249774557419 -3198.376006986357
180.77175882825242 -0.9736786044148531 39627763602162188 7 28-30-32-33-36-37-38 0.6631407844571197 1.0 1 1.5234620433483743 1.0 [-1,-1] 1.0 1.0 1.0 0.000700708733790897 0.12894715825466588 90.97367860441486 -180.77175882825242 2468.291752843684 2468.291752843684 42.3339824696487 323.35352426968694 -2446.6537371329805
178.74781284348444 0.4662845915165604 39627799803204690 8 28-30-32-33-36-37-38-445 0.9028642956485202 1.0 1 0.9714052897985871 1.0 [-1,-1] 1.0 1.0 1.0 0.0005275616701708153 0.16431404058018498 89.53371540848345 -178.74781284348444 3147.1707978212958 3147.1707978212958 -2984.4499316677648 -998.8567664900763 5.272197302137717
180.60458575464463 0.8865813211772408 39627811916351531 8 28-30-32-33-36-37-38-445 0.7828292576717266 1.0 1 1.3398277607331848 1.0 [-1,-1] 1.0 1.0 1.0 0.0007324854237337303 0.12404708914385561 89.11341867882275 -180.60458575464463 2819.538622474941 2819.538622474941 -95.12932077161301 2570.457682565271 1154.770868223907
181.18816421426638 -0.14891545393480063 39627781725752933 6 28-30-32-33-36-38 0.6042797996812441 1.0 1 1.595128742197655 1.0 [-1,-1] 1.0 1.0 1.0 0.0007756247847600315 0.11796159141779075 90.1489154539348 -181.18816421426638 2285.941677707714 2285.941677707714 971.4788048125321 1596.7277656849212 -1316.137807363656
180.79373530427216 -0.9595509185436074 39627763602162657 6 28-30-32-33-36-38 0.9129664230311486 1.0 1 1.5315380212826877 1.0 [-1,-1] 1.0 1.0 1.0 0.0004951280553168204 0.17321314004730964 90.95955091854361 -180.79373530427216 3173.6835315034427 3173.6835315034427 70.28517738790794 458.3528428926814 -3139.624153204952
179.92235270560892 1.3777670009350036 39627823983365441 7 28-30-32-33-36-38-445 0.44040115277757624 1.0 1 1.4149675425249046 1.0 [-1,-1] 1.0 1.0 1.0 0.0005288673958748294 0.16397488484989944 88.62223299906499 -179.92235270560892 1742.5344467262614 1742.5344467262614 -701.7053493684984 801.3102629866341 1379.1075966462959
179.95103308615842 1.4280984695907997 39627823983366017 7 28-30-32-33-36-38-445 0.7783673689429017 1.0 1 1.470599859699733 1.0 [-1,-1] 1.0 1.0 1.0 0.0007324854237337303 0.12404708914385561 88.5719015304092 -179.95103308615842 2806.897153741585 2806.897153741585 -1020.264423770003 1234.810364545471 2304.9892626394067
180.02954078607846 -1.0995672869553876 39627763589579450 5 28-30-32-33-37 0.6099712047340182 1.0 1 1.1804790781215093 1.0 [-1,-1] 1.0 1.0 1.0 0.0007756247847600315 0.11796159141779075 91.09956728695539 -180.02954078607846 2303.8603648572703 2303.8603648572703 -8.762059005630409 12.482366877450241 -2303.809887468884
178.75952425737503 0.44478369152281405 39627799807393998 7 28-30-32-33-37-38-445 0.8528478605578894 1.0 1 0.9509036838461357 1.0 [0,0] 0.0 1.0 129.0 0.0006812235016579503 0.1321480675826358 89.55521630847718 -178.75952425737503 3013.519196263107 3013.519196263107 -2868.1539022786483 -922.7253834444506 -59.74115697988682
181.15969306669945 -0.15954388598374625 39627781725752303 5 28-30-32-33-38 0.7669546470975162 1.0 1 1.5678298460409512 1.0 [-1,-513] 0.9921875 1.0 1.0078125 0.0006416626200019751 0.139161677870846 90.15954388598375 -181.15969306669945 2774.4066890145286 2774.4066890145286 1114.9499861941888 1955.8391300261314 -1621.3920876187726
181.16295742615435 -0.15807384839858019 39627781725752381 5 28-30-32-33-38 0.5675809876344687 1.0 1 1.5709287250736053 1.0 [-1,-9007199254740993] 0.9921875 1.0 1.0078125 0.000677088223595666 0.13284793461577618 90.15807384839859 -181.16295742615435 2168.897715732717 2168.897715732717 877.5278921259868 1527.7416517629447 -1264.937763417691
180.8306097167534 -0.8717433267133777 39627769641961284 5 28-30-32-33-38 0.6746744403554696 1.0 1 1.5080516705771678 1.0 [-1,-1] 1.0 1.0 1.0 0.0007209928471550773 0.12577569469930108 90.87174332671337 -180.8306097167534 2503.263166200528 2503.263166200528 109.27109981964507 571.1539735947962 -2434.7832438324713
180.7771100378863 0.6238759010578505 39627799840948978 4 28-30-32-34 0.48232484197234077 1.0 1 1.332199091414301 1.0 [-1,-1] 1.0 1.0 1.0 0.00048380039118235755 0.17655271186088778 89.37612409894214 -180.7771100378863 1886.712387097972 1886.712387097972 251.70221371446598 1845.7508482397973 299.22137868513613
178.8421932424777 1.0050873339973654 39627811886991210 9 28-30-32-34-35-36-37-38-445 0.4854495297569694 1.0 1 1.2587345721068557 1.0 [-1,-1] 1.0 1.0 1.0 0.00048380039118235755 0.17655271186088778 88.99491266600263 -178.8421932424777 1897.3135184511298 1897.3135184511298 -1584.5564583781113 -368.65412110192057 976.2548624740327
179.13777687072937 -0.35696131530885783 39627781692198127 9 28-30-32-34-35-36-37-38-445 0.7373686378984393 1.0 1 0.5840109909741942 1.0 [-1,-1] 1.0 1.0 1.0 0.0007126833197713517 0.12705585074725267 90.35696131530885 -179.13777687072937 2689.1251663680814 2689.1251663680814 -1827.3790599340066 122.60988214878633 -1969.0217745135094
179.39444099832752 1.433022749705155 39627823974976501 9 28-30-32-34-35-36-37-38-445 0.7053146350257645 1.0 1 1.447687774770705 1.0 [-1,-1] 1.0 1.0 1.0 0.0005843703162771602 0.15074849413407446 88.56697725029484 -179.39444099832752 2594.9840318138354 2594.9840318138354 -1393.994556960142 467.6238495772868 2138.235074972068
178.877774411452 0.9687648143264123 39627811886991919 9 28-30-32-34-35-36-37-38-445 0.7739071879804769 1.0 1 1.2083316423653152 1.0 [-1,-1] 1.0 1.0 1.0 0.0007324854237337303 0.12404708914385561 89.0312351856736 -178.877774411452 2794.226351756233 2794.226351756233 -2401.1482293669533 -469.2797091396999 1349.8017039723466
180.4627938033474 1.198451516816546 39627817951957175 9 28-30-32-34-35-36-37-38-445 0.6943990686890952 1.0 1 1.4766823002232865 1.0 [-1,-1] 1.0 1.0 1.0 0.0005843703162771602 0.15074849413407446 88.80154848318345 -180.4627938033474 2562.504421732703 2562.504421732703 -338.4040261495083 1872.6015403451588 1716.1803802579718
180.86489538938505 0.35335869198036396 39627793801152950 8 28-30-32-34-35-36-37-445 0.500100074020802 1.0 1 1.3133173362179207 1.0 [-1,-1] 1.0 1.0 1.0 0.0005337442823398631 0.16272042362546515 89.64664130801964 -180.86489538938505 1946.7528610970335 1946.7528610970335 428.47477022528506 1886.6752288760517 -216.1311042292928
180.27385085723435 -0.07175282356715192 39627787752964696 8 28-30-32-34-35-36-37-445 1.0323543169776952 1.0 1 0.6776600977670366 1.0 [-1,-1] 1.0 1.0 1.0 0.00017111768859933566 0.3774092623312036 90.07175282356715 -180.27385085723435 3475.2837414235473 3475.2837414235473 -1073.9056547280393 2787.55379951383 -1775.9131574944763
179.04946281658692 -1.3776578964844348 39627751493207048 7 28-30-32-34-35-36-38 0.4893951788438801 1.0 1 1.4835680156761053 1.0 [-1,-1] 1.0 1.0 1.0 0.00048380039118235755 0.17655271186088778 91.37765789648444 -179.04946281658692 1910.6714292379368 1910.6714292379368 512.2278295541832 10.92155181938525 -1840.6978787520259
180.81986596344015 0.35861969752533596 39627793801152036 8 28-30-32-34-35-36-38-445 0.6439128370338173 1.0 1 1.2714800915450075 1.0 [-1,-1] 1.0 1.0 1.0 0.000833303205902425 0.11070054926254569 89.64138030247466 -180.81986596344015 2409.441430700057 2409.441430700057 424.9053518341777 2357.9419920785654 -254.8980422623471
180.97618561612572 0.6154358543959317 39627799840953901 7 28-30-32-34-35-36-445 0.7982352018971268 1.0 1 1.5075063185172866 1.0 [-1,-1] 1.0 1.0 1.0 0.0007229154976227362 0.12548315978664992 89.38456414560407 -180.97618561612572 2862.9255364157348 2862.9255364157348 929.5081278181626 2673.4455874682326 430.16968538930547
180.70579029418468 -0.4954641450814781 39627775677567600 8 28-30-32-34-35-37-38-445 0.4075753578427205 1.0 1 1.2117039298732037 1.0 [-1,-1] 1.0 1.0 1.0 0.0003379611466139912 0.2348475370676925 90.49546414508148 -180.70579029418468 1627.091851663815 1627.091851663815 59.87389931097754 931.1487082026632 -1332.9685266894312
179.41590031168477 1.4476562546483829 39627823974976981 8 28-30-32-34-35-37-38-445 0.5609099848235063 1.0 1 1.459312891159076 1.0 [-1,-1] 1.0 1.0 1.0 0.000677088223595666 0.13284793461577618 88.55234374535162 -179.41590031168477 2147.3398306592544 2147.3398306592544 -1120.4693887042904 402.8165666569579 1786.9962257763864
179.20402062352807 -1.036826828654632 39627763572805930 8 28-30-32-34-36-37-38-445 0.4343667165861344 1.0 1 1.1098614432541318 1.0 [-1,-1] 1.0 1.0 1.0 0.0005288673958748294 0.16397488484989944 91.03682682865463 -179.20402062352807 1721.4816835035838 1721.4816835035838 -118.24902935370699 15.849326838385412 -1717.3424680400847
181.0627465651996 0.38571597634139887 39627799845144244 6 28-30-32-34-36-38 0.6874961063467162 1.0 1 1.5127365944736921 1.0 [-1,-1] 1.0 1.0 1.0 0.0007209928471550773 0.12577569469930108 89.6142840236586 -181.0627465651996 2541.852811190626 2541.852811190626 1035.9471468695244 2312.5090572996182 -200.32743835484266
181.0059142403947 0.03699460877862919 39627787765547121 7 28-30-32-34-36-38-445 0.7270168574141503 1.0 1 1.4064007884423102 1.0 [-1,-1] 1.0 1.0 1.0 0.0006167714992318164 0.14396928707710532 89.96300539122137 -181.0059142403947 2658.9227157042014 2658.9227157042014 862.1417768671265 2260.6910551336005 -1102.659293665603
179.20753552839142 -0.23113127298605163 39627781692199515 7 28-30-32-34-36-38-445 0.5233225739995988 1.0 1 0.4554659057634109 1.0 [-1,-1] 1.0 1.0 1.0 0.0006865842838717192 0.13125169390769817 90.23113127298605 -179.20753552839142 2024.2277861826442 2024.2277861826442 -1539.2488028874325 211.82097446448068 -1297.4371383386608
181.01488829513733 0.49526766785597964 39627799845142991 7 28-30-32-34-37-38-445 0.411932960969297 1.0 1 1.4990493946621681 1.0 [-1,-1] 1.0 1.0 1.0 0.0006262316776515472 0.14210347001521706 89.50473233214402 -181.01488829513733 1642.547059191792 1642.547059191792 598.7555941207513 1528.6979680079708 50.349804140746976
180.95871465049893 0.7504379438548263 39627805880750830 5 28-30-32-34-445 0.8361744222619978 1.0 1 1.5521459464194671 1.0 [-1,-1] 1.0 1.0 1.0 0.0006232532477076302 0.14268566385842998 89.24956205614518 -180.95871465049893 2968.0666113332 2968.0666113332 888.0322014130207 2705.6411293236633 836.8538091427091
180.6523350793893 1.0489311798447127 39627811916352584 8 28-30-32-35-36-37-38-445 0.6931271612920332 1.0 1 1.4857799349347807 1.0 [-1,-1] 1.0 1.0 1.0 0.0005843703162771602 0.15074849413407446 88.95106882015529 -180.6523350793893 2558.7057701384842 2558.7057701384842 22.95801212189051 2134.0581769122514 1411.46868380894
178.89588565159903 0.0929378483789311 39627787727801204 8 28-30-32-35-36-37-38-445 0.7851713908767204 1.0 1 0.7102211095607701 1.0 [-1,-1] 1.0 1.0 1.0 0.0007324854237337303 0.12404708914385561 89.90706215162106 -178.89588565159903 2826.160729304345 2826.160729304345 -2593.024827544942 -458.1899725726407 -1026.3862141667105
180.28753757746028 -1.2574389880895191 39627757553976031 6 28-30-32-35-36-38 0.845823453592335 1.0 1 1.4331032179459755 1.0 [-1,-1] 1.0 1.0 1.0 0.0006232532477076302 0.14268566385842998 91.25743898808952 -180.28753757746028 2994.425859922823 2994.425859922823 156.42242659986516 -423.2052798181389 -2960.23910287078
