data_rosette/LRG_10_clustering_data.ecsv
# %ECSV 1.0
# ---
# datatype:
# - {name: RA, unit: deg, datatype: float64}
# - {name: DEC, unit: deg, datatype: float64}
# - {name: TARGETID, datatype: int64}
# - {name: NTILE, datatype: int64}
# - {name: TILES, datatype: string}
# - {name: Z, datatype: float64}
# - {name: COMP_TILE, datatype: float64}
# - {name: ROSETTE_NUMBER, datatype: int32}
# - {name: ROSETTE_R, unit: deg, datatype: float64}
# - {name: FRACZ_TILELOCID, datatype: float64}
# - {name: BITWEIGHTS, datatype: string, subtype: 'int64[2]'}
# - {name: PROB_OBS, datatype: float64}
# - {name: WEIGHT_ZFAIL, datatype: float64}
# - {name: WEIGHT, datatype: float64}
# - {name: NZ, unit: h3 / Mpc3, datatype: float64}
# - {name: WEIGHT_FKP, datatype: float64}
# - {name: theta, unit: deg, datatype: float64}
# - {name: phi, unit: deg, datatype: float64}
# - {name: rho, unit: Mpc, datatype: float64}
# - {name: r, unit: Mpc, datatype: float64}
# - {name: x, unit: Mpc, datatype: float64}
# - {name: y, unit: Mpc, datatype: float64}
# - {name: z, unit: Mpc, datatype: float64}
# meta: !!omap
# - {EXTNAME: LSS}
# - {DESIDR: edr}
# - comments: ['Visit https://desidatamodel.readthedocs.io/en/latest/ for a more complet', e description]
# schema: astropy-2.0
RA DEC TARGETID NTILE TILES Z COMP_TILE ROSETTE_NUMBER ROSETTE_R FRACZ_TILELOCID BITWEIGHTS PROB_OBS WEIGHT_ZFAIL WEIGHT NZ WEIGHT_FKP theta phi rho r x y z
[from data line 4498]
216.88024046600808 3.5829190642187667 39627872909920181 3 272-274-280 0.5888246209361986 0.631578947368421 10 1.6412644790836586 1.0 [-4646916726284602155,6457230506741037170] 0.5625 1.0 1.7671232876712328 0.0006621615122706149 0.13543705131792066 86.41708093578123 143.11975953399192 2236.9686193473462 2236.9686193473462 -394.4192588616088 2201.306402303066 52.07854993529291
216.55153969184428 2.889879559740664 39627860838712259 3 272-274-280 0.6735190576177922 0.631578947368421 10 1.5658940668235353 0.5 [-5038845963631471061,-4036162193889973828] 0.53125 1.0 1.8695652173913044 0.0007209928471550773 0.12577569469930108 87.11012044025934 143.44846030815572 2499.770967882686 2499.770967882686 -913.8068917323142 1649.138163017771 1641.3881855825693
216.49446319536537 2.027000532511624 39627836675331109 3 272-274-280 0.491402598502114 0.631578947368421 10 1.6057504270735417 1.0 [-1,-1] 1.0 1.0 1.0 0.0005337442823398631 0.16272042362546515 87.97299946748838 143.50553680463463 1917.4553155582043 1917.4553155582043 8.602672516307457 -13.628298340880713 1917.38758488531
216.87906464030348 3.57682933630029 39627872909920149 3 272-274-280 0.6112179075701647 0.631578947368421 10 1.6378330050023817 1.0 [7637452324040863727,-1231770133832214529] 0.75 1.0 1.3298969072164948 0.0007214233604467519 0.12571007283523317 86.42317066369971 143.12093535969652 2307.777171744033 2307.777171744033 -409.5084514325059 2270.142007266672 67.77587676661145
216.45833086685465 2.025807524657633 39627836675330297 3 272-274-280 0.6377335016420514 0.631578947368421 10 1.6410188459236306 1.0 [-1,-1] 1.0 1.0 1.0 0.000833303205902425 0.11070054926254569 87.97419247534236 143.54166913314535 2390.3817384969752 2390.3817384969752 12.939475453163075 -18.945947045371568 2390.2716324312123
216.77988881978368 3.474306482333298 39627872905728703 3 272-274-280 0.6207401874766727 0.631578947368421 10 1.642995578882406 1.0 [-1,-1] 1.0 1.0 1.0 0.0007214233604467519 0.12571007283523317 86.5256935176667 143.22011118021632 2337.595742576426 2337.595742576426 -635.1513323704005 2228.5480309571644 307.4252989207031
216.46422948311698 2.007229007115724 39627836675330443 3 272-274-280 0.7981984612208678 0.631578947368421 10 1.6400070558742303 1.0 [-1,-1] 1.0 1.0 1.0 0.0007229154976227362 0.12548315978664992 87.99277099288427 143.53577051688302 2862.822545630947 2862.822545630947 45.094088539531704 -66.87019264041193 2861.686186199996
216.4830901408306 2.020302922422256 39627836675330873 3 272-274-280 0.8949391752912795 0.631578947368421 10 1.618439455202424 1.0 [-1,-1] 1.0 1.0 1.0 0.0005275616701708153 0.16431404058018498 87.97969707757774 143.5169098591694 3126.259405387156 3126.259405387156 25.654263128822684 -39.6353919563563 3125.9028718530967
216.4771659406287 2.238957964040651 39627842715128667 3 272-274-280 1.0336125509890761 0.631578947368421 10 1.583097274974267 1.0 [-1,-1] 1.0 1.0 1.0 0.00017111768859933566 0.3774092623312036 87.76104203595935 143.5228340593713 3478.350874895 3478.350874895 -385.5579801926944 588.0142168175016 3406.539172475937
216.59128253895068 3.0577280317633315 39627860838712884 3 272-274-280 0.7374305017953654 0.631578947368421 10 1.586505962839794 1.0 [-1,-1] 1.0 1.0 1.0 0.0007126833197713517 0.12705585074725267 86.94227196823667 143.40871746104932 2689.305090871292 2689.305090871292 -1031.6256938900638 2049.888600926609 1402.1651198354796
216.49997108074058 2.835891493106183 39627854794724506 3 272-274-280 0.7364851942597214 0.631578947368421 10 1.6007051894488753 0.2 [-4583819926661166064,2464746629773805696] 0.21875 1.0 4.448275862068965 0.0007126833197713517 0.12705585074725267 87.16410850689381 143.50002891925942 2686.5550278105434 2686.5550278105434 -1020.2098816684058 1636.1052465284986 1870.8044625460375
216.4794977051267 2.7983133903739343 39627854794724093 3 272-274-280 0.5180326009030533 0.631578947368421 10 1.611518681229295 1.0 [-1,-1] 1.0 1.0 1.0 0.0006865842838717192 0.13125169390769817 87.20168660962607 143.5205022948733 2006.6749817818782 2006.6749817818782 -757.6466788163709 1161.383184578202 1450.4844332728353
216.5535386465873 2.63596129209542 39627854798914654 4 272-274-280-281 0.7977100014504477 1.0 10 1.5091189781837584 1.0 [-1,-1] 1.0 1.0 1.0 0.0007229154976227362 0.12548315978664992 87.36403870790458 143.4464613534127 2861.453086929981 2861.453086929981 -780.8996162497072 1415.9507567349438 2360.7611087409755
217.7538285244218 1.3693829075527253 39627818581098660 6 272-275-276-277-278-279 0.9683093297617082 1.0 10 1.1011481533299905 1.0 [-1,-1] 1.0 1.0 1.0 0.00041974738576830407 0.19815580287489248 88.63061709244728 142.2461714755782 3316.137286756465 3316.137286756465 -1314.134658086957 -1571.981631068515 2607.429837332997
216.64697892007334 2.202904912689857 39627842719321136 8 272-275-276-277-278-279-280-281 0.8884237281898208 1.0 10 1.4201484964992996 1.0 [-1,-1] 1.0 1.0 1.0 0.0005690156306133545 0.15418916366201427 87.79709508731014 143.35302107992666 3108.9933033939224 3108.9933033939224 -206.8720619304909 475.2493643250119 3065.482238123319
217.52488054049655 2.519849136814215 39627848775893533 9 272-275-276-277-278-279-280-281-472 0.8276670611043865 1.0 10 0.5322678484308795 1.0 [-1,-1] 1.0 1.0 1.0 0.0006627118749498285 0.13533979738261318 87.48015086318578 142.47511945950345 2944.698864766931 2944.698864766931 617.8382692821973 1224.3344890008873 2605.8649881014494
217.05154666635462 2.2740909565723877 39627842727707776 8 272-275-276-277-278-279-280-472 0.8011795085322603 1.0 10 1.0097212498654615 1.0 [-1,-1] 1.0 1.0 1.0 0.0007229154976227362 0.12548315978664992 87.7259090434276 142.94845333364538 2871.1715338426525 2871.1715338426525 -4.06446179897484 678.8055999946523 2789.7728248577077
217.60463765959997 1.8700106750325807 39627830656502057 8 272-275-276-277-278-279-280-472 0.7477294038208984 1.0 10 0.7153005739840451 1.0 [-1,-1] 1.0 1.0 1.0 0.0007126833197713517 0.12705585074725267 88.12998932496743 142.39536234040003 2719.1643387497834 2719.1643387497834 -232.89459739835297 -382.34171062162306 2682.0569762684268
217.02574493374948 1.8228692247241705 39627830648111625 8 272-275-276-277-278-279-281-472 0.4101337054250341 1.0 10 1.190063853943548 1.0 [-1,-1] 1.0 1.0 1.0 0.0006262316776515472 0.14210347001521706 88.17713077527583 142.97425506625052 1636.170452096799 1636.170452096799 10.969722395926835 -344.95938334209 1599.3550066665764
218.44526925030735 2.1413906875160422 39627842748682215 7 272-275-276-277-278-279-472 0.7521972454636254 1.0 10 0.4891669155431931 1.0 [-1,-1] 1.0 1.0 1.0 0.0006416626200019751 0.139161677870846 87.85860931248396 141.55473074969265 2732.0598673457453 2732.0598673457453 284.186389044656 52.61256571425298 2716.729860139203
217.74794216640993 1.3720985563955204 39627818576910135 7 272-275-276-277-278-279-472 0.6611473993318807 1.0 10 1.1001324441142324 1.0 [-1,-1] 1.0 1.0 1.0 0.000700708733790897 0.12894715825466588 88.62790144360449 142.25205783359007 2462.2226385424424 2462.2226385424424 -965.502095038395 -1168.8574652528873 1940.1335655438706
219.0709682722408 2.7881982403574495 39627854840858118 8 272-275-276-277-278-280-281-472 0.8989682189405495 1.0 10 1.0809804319304188 1.0 [-1,-1] 1.0 1.0 1.0 0.0005275616701708153 0.16431404058018498 87.21180175964255 140.9290317277592 3136.9028910715438 3136.9028910715438 1937.9465701541678 -918.5999028202706 2289.2568789411325
217.60553844322365 3.806979967587238 39627878953911493 7 272-275-276-277-278-280-472 0.9124459508584873 1.0 10 1.4467293135231343 1.0 [-1,-1] 1.0 1.0 1.0 0.0004951280553168204 0.17321314004730964 86.19302003241276 142.39446155677635 3172.321465555736 3172.321465555736 1619.5304537848087 2653.3910461856235 -632.6614782893174
217.62432778445597 1.8890294319065435 39627836696300043 7 272-275-276-277-278-281-472 0.5801861234431941 1.0 10 0.6881768348258682 1.0 [-1,-1] 1.0 1.0 1.0 0.0006621615122706149 0.13543705131792066 88.11097056809345 142.37567221554403 2209.3943627614963 2209.3943627614963 -173.0252148258792 -271.8581681454886 2185.767339322581
217.75595933809922 1.1584547742846305 39627818581098711 7 272-275-276-277-278-281-472 0.4791465460570083 1.0 10 1.3050666104857631 1.0 [-1,-1] 1.0 1.0 1.0 0.00048380039118235755 0.17655271186088778 88.84154522571536 142.24404066190078 1875.908883789844 1875.908883789844 -927.3426121663831 -1104.5056599295528 1199.6403907528581
217.38964579196357 2.515046950362219 39627848771701624 8 272-275-276-277-279-280-281-472 0.7904163305053914 1.0 10 0.6651984785900499 1.0 [-1,-1] 1.0 1.0 1.0 0.0007229154976227362 0.12548315978664992 87.48495304963778 142.61035420803643 2840.9561927697596 2840.9561927697596 427.4351507612489 1239.352563834971 2520.3841976266713
218.85401144982353 2.9211352653343337 39627860876462432 6 272-275-276-277-279-472 0.8915670715123764 1.0 10 0.9414008906071574 1.0 [-1,-1] 1.0 1.0 1.0 0.0005275616701708153 0.16431404058018498 87.07886473466567 141.14598855017647 3117.331638016254 3117.331638016254 2352.7753241934884 -540.1784147150178 1972.4127599261008
218.7695785678565 2.6449116665134484 39627854836662754 5 272-275-276-277-472 0.7750257439831905 1.0 10 0.7503098124837181 1.0 [-1,-1] 1.0 1.0 1.0 0.0007324854237337303 0.12404708914385561 87.35508833348655 141.2304214321435 2797.4072413449135 2797.4072413449135 1585.4622996482672 -225.4446254581891 2293.6807300003643
217.68847333446402 1.1126700575905115 39627812537110493 4 272-275-276-278 0.47654822432571886 0.6666666666666666 10 1.3659901377261188 1.0 [-3900706755525607699,-680191019436740622] 0.6953125 1.0 1.4333333333333333 0.00048380039118235755 0.17655271186088778 88.8873299424095 142.31152666553598 1867.0614223932955 1867.0614223932955 -878.0862879422359 -1201.945755903464 1127.0355920656416
217.67908348077253 1.1110424491751678 39627812537110285 4 272-275-276-278 0.8153096698464584 0.6666666666666666 10 1.3700695840907604 1.0 [-670232327196807405,-1442894706061012355] 0.625 1.0 1.5925925925925926 0.0006627118749498285 0.13533979738261318 88.88895755082483 142.32091651922747 2910.5419111574683 2910.5419111574683 -1352.8487167651137 -1888.7929607658743 1753.1445227112442
217.93091860753466 0.9130309646942256 39627812541304649 5 272-275-276-278-279 0.830756398176105 1.0 10 1.5216315378488494 1.0 [-1,-1] 1.0 1.0 1.0 0.0006232532477076302 0.14268566385842998 89.08696903530577 142.06908139246534 2953.198402624751 2953.198402624751 -2039.8458380181637 -1709.1335980318638 1280.34062126608
217.44369464460272 2.52401675272888 39627848771702807 5 272-275-276-278-279 0.7857666558733433 1.0 10 0.6129915300846995 1.0 [-1,-1] 1.0 1.0 1.0 0.0007324854237337303 0.12404708914385561 87.47598324727112 142.55630535539728 2827.8422762061596 2827.8422762061596 499.94023775503814 1229.6426966102026 2496.944239754957
217.2650668573276 3.194557082183826 39627866882708784 5 272-275-276-278-279 0.7437860193071261 1.0 10 1.0950685827919147 1.0 [-1,-1] 1.0 1.0 1.0 0.0007126833197713517 0.12705585074725267 86.80544291781618 142.7349331426724 2707.7534686546196 2707.7534686546196 511.3153317561234 2428.309729883959 1083.419279075808
219.48170667679688 2.6952984780099674 39627854845055646 8 272-275-276-278-279-280-281-472 0.48344501194816875 1.0 10 1.4546702697067748 1.0 [-1,-1] 1.0 1.0 1.0 0.00048380039118235755 0.17655271186088778 87.30470152199003 140.51829332320312 1890.5150846597269 1890.5150846597269 761.9412749882265 -873.2711611565044 1493.6165029510287
218.13502632898175 0.8656620221279115 39627806505700488 6 272-275-276-278-279-281 0.48428419064515166 1.0 10 1.5666449366817432 1.0 [-1,-1] 1.0 1.0 1.0 0.00048380039118235755 0.17655271186088778 89.1343379778721 141.86497367101825 1893.3622055141964 1893.3622055141964 -1535.2973739196125 -825.4372597094422 739.1452801638465
219.0846502756782 2.544861057159616 39627848801060534 7 272-275-276-278-279-281-472 0.7745191368309284 1.0 10 1.040037243329981 1.0 [-1,-1] 1.0 1.0 1.0 0.0007324854237337303 0.12404708914385561 87.45513894284038 140.9153497243218 2795.966846018422 2795.966846018422 1224.075212358932 -600.865929533696 2440.907743698693
219.0797383243218 2.5428850455570458 39627848801060443 7 272-275-276-278-279-281-472 0.7731710536562078 1.0 10 1.0349434593121676 1.0 [-1,-1] 1.0 1.0 1.0 0.0007324854237337303 0.12404708914385561 87.45711495444296 140.9202616756782 2792.1317965183675 2792.1317965183675 1220.9922730295816 -591.9278577719384 2440.245735479209
218.45370602821885 2.1273688995791247 39627842748682446 7 272-275-276-278-279-281-472 0.8544193501411936 1.0 10 0.5042877276786137 1.0 [-1,-1] 1.0 1.0 1.0 0.0006812235016579503 0.1321480675826358 87.87263110042088 141.54629397178115 3017.7797093292043 3017.7797093292043 272.91896892294864 48.148764683981796 3005.0276715698474
218.2399407704659 2.8631290760801975 39627854824084363 6 272-275-276-278-279-472 0.4375508427974921 1.0 10 0.4728648843125021 1.0 [-1,-1] 1.0 1.0 1.0 0.0005288673958748294 0.16397488484989944 87.1368709239198 141.7600592295341 1732.5998358477702 1732.5998358477702 1180.8473440552204 483.17192519095005 1172.1973519526152
218.5165106703632 2.656338640145922 39627854832468367 5 272-275-276-278-280 0.6476151551125178 1.0 10 0.518104822017056 1.0 [-1,-1] 1.0 1.0 1.0 0.000833303205902425 0.11070054926254569 87.34366135985408 141.4834893296368 2420.8266311291954 2420.8266311291954 1399.626838652442 157.16173924032884 1968.9455244437452
217.37001351378274 2.9591888446221186 39627860851297524 7 272-275-276-278-280-281-472 0.7141633930476468 1.0 10 0.8610442552298065 1.0 [-1,-1] 1.0 1.0 1.0 0.0006167714992318164 0.14396928707710532 87.04081115537788 142.62998648621726 2621.155979587251 2621.155979587251 642.9320674461751 1990.1115540753256 1580.0484259386737
217.94271284780132 0.9128736025480977 39627812541304933 4 272-275-276-279 0.8289058895611817 1.0 10 1.5209117569361348 1.0 [-1,-1] 1.0 1.0 1.0 0.0006627118749498285 0.13533979738261318 89.0871263974519 142.05728715219868 2948.1090908865463 2948.1090908865463 -2056.467279430853 -1682.1804531704388 1277.7161121976433
219.4324528141919 2.9502166470840843 39627860884852452 4 272-275-276-281 0.7108021392537863 1.0 10 1.4756618222559317 1.0 [-1,-1] 1.0 1.0 1.0 0.0006167714992318164 0.14396928707710532 87.04978335291591 140.5675471858081 2611.2309925046065 2611.2309925046065 1435.538106134626 -1490.3286202651384 1592.6952770918274
216.8773392269356 3.3443507609895664 39627866878510725 6 272-275-277-278-279-280 0.7866876593380651 1.0 10 1.4858170585758517 1.0 [-1,-1] 1.0 1.0 1.0 0.0007324854237337303 0.12404708914385561 86.65564923901043 143.1226607730644 2830.442799338482 2830.442799338482 -489.98424830200224 2689.693584918861 732.7143345051414
217.1645444544492 1.9509658223714612 39627836687912308 8 272-275-277-278-279-280-281-472 0.7906711061489369 1.0 10 1.0061586680630978 1.0 [-1,-1] 1.0 1.0 1.0 0.0007229154976227362 0.12548315978664992 88.04903417762854 142.8354555455508 2841.673695437481 2841.673695437481 -25.59773563032267 -238.29461651605493 2831.54901476407
216.8685031705664 3.3233498735842053 39627866878510517 6 272-275-277-278-280-281 0.5906304604314845 1.0 10 1.4800217253921129 1.0 [-1,-1] 1.0 1.0 1.0 0.0007756247847600315 0.11796159141779075 86.6766501264158 143.1314968294336 2242.714604633468 2242.714604633468 -404.67659079959213 2115.2340462192187 625.9317729674253
216.837807850177 3.232374432843374 39627866878509901 6 272-275-277-278-280-281 0.8318406643405936 1.0 10 1.4524480499824373 1.0 [-1,-1] 1.0 1.0 1.0 0.0006232532477076302 0.14268566385842998 86.76762556715663 143.162192149823 2956.1777424040006 2956.1777424040006 -599.8360684666044 2685.8471376233965 1079.5409621554659
