data_rosette/LRG_5_clustering_data.ecsv
# %ECSV 1.0
# ---
# datatype:
# - {name: RA, unit: deg, datatype: float64}
# - {name: DEC, unit: deg, datatype: float64}
# - {name: TARGETID, datatype: int64}
# - {name: NTILE, datatype: int64}
# - {name: TILES, datatype: string}
# - {name: Z, datatype: float64}
# - {name: COMP_TILE, datatype: float64}
# - {name: ROSETTE_NUMBER, datatype: int32}
# - {name: ROSETTE_R, unit: deg, datatype: float64}
# - {name: FRACZ_TILELOCID, datatype: float64}
# - {name: BITWEIGHTS, datatype: string, subtype: 'int64[2]'}
# - {name: PROB_OBS, datatype: float64}
# - {name: WEIGHT_ZFAIL, datatype: float64}
# - {name: WEIGHT, datatype: float64}
# - {name: NZ, unit: h3 / Mpc3, datatype: float64}
# - {name: WEIGHT_FKP, datatype: float64}
# - {name: theta, unit: deg, datatype: float64}
# - {name: phi, unit: deg, datatype: float64}
# - {name: rho, unit: Mpc, datatype: float64}
# - {name: r, unit: Mpc, datatype: float64}
# - {name: x, unit: Mpc, datatype: float64}
# - {name: y, unit: Mpc, datatype: float64}
# - {name: z, unit: Mpc, datatype: float64}
# meta: !!omap
# - {EXTNAME: LSS}
# - {DESIDR: edr}
# - comments: ['Visit https://desidatamodel.readthedocs.io/en/latest/ for a more complet', e description]
# schema: astropy-2.0
RA DEC TARGETID NTILE TILES Z COMP_TILE ROSETTE_NUMBER ROSETTE_R FRACZ_TILELOCID BITWEIGHTS PROB_OBS WEIGHT_ZFAIL WEIGHT NZ WEIGHT_FKP theta phi rho r x y z
[from data line 2308]
209.94642743448057 4.192856630179321 39627890886708489 9 136-137-139-141-142-143-144-146-457 0.915628239840835 1.0 5 0.8089078811296561 1.0 [-1,-1] 1.0 1.0 1.0 0.0004951280553168204 0.17321314004730964 85.80714336982068 150.05357256551943 3180.6428565120796 3180.6428565120796 -1950.9354941732313 1791.6904794944098 -1760.7341945749397
211.01428669029164 5.09523199797257 39627908976741965 9 136-137-139-141-142-143-144-146-457 0.5468608371942175 1.0 5 1.0148311642107415 1.0 [-1,-1] 1.0 1.0 1.0 0.0007045118177349687 0.128340413101622 84.90476800202742 148.98571330970836 2101.65216878651 2101.65216878651 40.79199141556739 166.73563420022603 -2094.6305355096024
210.50532462219974 4.654138643299928 39627902945332670 9 136-137-139-141-142-143-144-146-457 0.6327493740661835 1.0 5 0.6108715918135066 1.0 [-1,-1] 1.0 1.0 1.0 0.000833303205902425 0.11070054926254569 85.34586135670007 149.49467537780026 2374.956222407439 2374.956222407439 -315.2168700245463 1143.2996035688122 -2057.6494841646713
209.72603099061007 6.48436536620455 39627945043559728 8 136-137-139-141-142-143-144-457 0.9161684992620355 1.0 5 1.5091865024499989 1.0 [-1,-1] 1.0 1.0 1.0 0.0004951280553168204 0.17321314004730964 83.51563463379546 150.27396900938993 3182.0540191429827 3182.0540191429827 2662.3934475303936 -1533.1588372666497 -828.58487254017
210.04601972637974 4.902040087134291 39627908959965037 8 136-137-139-141-142-143-144-457 1.093813361845601 1.0 5 0.10815814758311969 1.0 [-1,-1] 1.0 1.0 1.0 4.689797466212482e-05 0.6886505109163528 85.0979599128657 149.95398027362026 3622.5060102323887 3622.5060102323887 -654.6641338099017 733.9998564561093 -3486.4321127472313
209.04703158690256 4.893649407631016 39627908943188508 8 136-137-139-141-142-143-144-457 0.5186428499447809 1.0 5 0.95535647913833 1.0 [-1,-1] 1.0 1.0 1.0 0.0006865842838717192 0.13125169390769817 85.10635059236898 150.95296841309744 2008.7027352746506 2008.7027352746506 -554.7133019733681 -87.54035259445301 -1928.6048112512074
209.68891768274443 6.507905825035213 39627945043558956 8 136-137-139-141-142-143-144-457 1.0971459320244437 1.0 5 1.5393419984099328 1.0 [-1,-1] 1.0 1.0 1.0 4.689797466212482e-05 0.6886505109163528 83.49209417496479 150.31108231725557 3630.340136626982 3630.340136626982 3119.1024437482283 -1645.1680458168578 -862.5494501950513
209.58700921188588 6.001887022832107 39627933022687857 8 136-137-139-141-142-143-144-457 0.45200520099703145 1.0 5 1.0829437577235408 1.0 [-1,-1] 1.0 1.0 1.0 0.0005635091211985168 0.1554616369400361 83.99811297716789 150.41299078811412 1782.8052335787047 1782.8052335787047 1214.3268291667237 -489.8913717489726 -1209.8806952453704
210.00574800172248 6.457195025118837 39627945047754755 8 136-137-139-141-142-143-144-457 0.734720376121278 1.0 5 1.457206248187016 1.0 [-1,-1] 1.0 1.0 1.0 0.0007126833197713517 0.12705585074725267 83.54280497488116 149.99425199827752 2681.4166400513 2681.4166400513 1785.7830181329389 -1846.8061223314642 -768.2977002510386
210.71815337205283 6.282577120148022 39627939054093477 7 136-137-139-141-142-143-145 0.6883332707750679 1.0 5 1.4682447791524975 1.0 [-1,-1] 1.0 1.0 1.0 0.0007209928471550773 0.12577569469930108 83.71742287985198 149.28184662794717 2544.361983654882 2544.361983654882 127.71911036424399 -2270.3677635459776 -1141.444677138235
210.75656130509898 6.280135687798369 39627939054094432 7 136-137-139-141-142-143-145 0.7384588386908408 1.0 5 1.4851193631767527 1.0 [-1,-1] 1.0 1.0 1.0 0.0007126833197713517 0.12705585074725267 83.71986431220164 149.24343869490102 2692.2949086445915 2692.2949086445915 42.745248623169424 -2402.8324032803066 -1213.680831429713
208.66671859580978 5.667909007461133 39627926995469264 7 136-137-139-141-142-143-145 0.6990488082995793 1.0 5 1.4860547712179495 0.5 [-1,-1] 1.0 1.0 1.0 0.0005843703162771602 0.15074849413407446 84.33209099253887 151.33328140419022 2576.3662431094426 2576.3662431094426 1043.72267108945 621.1550671303035 -2272.1074770059
208.76806254426126 5.3698582653911755 39627914962014220 9 136-137-139-141-142-143-145-146-457 0.620489248065205 1.0 5 1.281430692513213 1.0 [-1,-1] 1.0 1.0 1.0 0.0007214233604467519 0.12571007283523317 84.63014173460883 151.23193745573874 2336.8121538897763 2336.8121538897763 406.0843474731586 188.94401922506302 -2293.4878902892324
210.00353273497603 3.6178732005512213 39627872792481536 9 136-137-139-141-142-143-145-146-457 0.5366819175762562 1.0 5 1.382131288592505 1.0 [-1,-1] 1.0 1.0 1.0 0.0007045118177349687 0.128340413101622 86.38212679944878 149.99646726502397 2068.3062126392956 2068.3062126392956 -1440.9341851662127 1483.5823439411954 -24.13901422258781
209.0127985486682 4.905863674414784 39627908943187751 9 136-137-139-141-142-143-145-146-457 0.5165670614778382 1.0 5 0.9880098170243913 1.0 [-1,-1] 1.0 1.0 1.0 0.0006865842838717192 0.13125169390769817 85.09413632558521 150.9872014513318 2001.8021840678264 2001.8021840678264 -526.4077254354065 -101.65034311976383 -1928.671589069605
209.7551952997724 4.707655719779891 39627902932750030 9 136-137-139-141-142-143-145-146-457 0.4750336305418441 1.0 5 0.3807431170771471 1.0 [-1,-1] 1.0 1.0 1.0 0.00048380039118235755 0.17655271186088778 85.2923442802201 150.2448047002276 1861.8977390299917 1861.8977390299917 -717.2180163186016 441.3527603073593 -1660.562931250147
209.38325388419693 4.3742812773449256 39627890878318174 9 136-137-139-141-142-143-145-146-457 0.5028653887945469 1.0 5 0.8771293793367891 1.0 [-1,-1] 1.0 1.0 1.0 0.0005337442823398631 0.16272042362546515 85.62571872265508 150.61674611580307 1956.0356636745219 1956.0356636745219 -1384.2170302925067 251.45812542824643 -1358.9656146389184
209.3948126522397 4.3754181829095415 39627896905532679 8 136-137-139-141-142-143-145-457 0.42754337673328463 1.0 5 0.8682766293890343 1.0 [-1,-1] 1.0 1.0 1.0 0.0006262316776515472 0.14210347001521706 85.62458181709046 150.6051873477603 1697.5849831121202 1697.5849831121202 -1197.4007585807535 231.8488579633001 -1180.7930831856727
208.6340750413309 4.869487845943997 39627902915970051 8 136-137-139-141-142-143-145-457 0.9269674060735708 1.0 5 1.3671053672361622 1.0 [-1,-1] 1.0 1.0 1.0 0.0004951280553168204 0.17321314004730964 85.130512154056 151.3659249586691 3210.165875741156 3210.165875741156 -818.3279849251147 -523.9195627250865 -3059.577184948165
209.90721051128224 4.299404837295348 39627890886707707 8 136-137-139-141-142-143-145-457 0.5879535764473428 1.0 5 0.7066730392026944 1.0 [-1,-1] 1.0 1.0 1.0 0.0006621615122706149 0.13543705131792066 85.70059516270466 150.09278948871776 2234.194792445585 2234.194792445585 -1310.3611375249047 1111.9209660524048 -1427.6595620484932
211.23767827274978 5.074791682910534 39627908980936482 8 136-137-139-141-142-143-146-457 0.5545888861824999 1.0 5 1.2351640643877795 1.0 [-1,-1] 1.0 1.0 1.0 0.000677088223595666 0.13284793461577618 84.92520831708947 148.76232172725022 2126.831916921938 2126.831916921938 96.98273950080994 194.11992085926354 -2115.732924402879
209.99616605510656 4.812716792181019 39627902936943995 7 136-137-139-141-142-143-457 0.8681449358063966 1.0 5 0.18732215973392938 1.0 [-1,-1] 1.0 1.0 1.0 0.0006812235016579503 0.1321480675826358 85.18728320781898 150.00383394489344 3054.8212114913945 3054.8212114913945 -764.0181019606633 775.123608482805 -2854.3637409459175
210.0216427479192 5.655699857935065 39627927016443135 7 136-137-139-141-142-143-457 0.5441911484693529 1.0 5 0.6560538609204197 1.0 [-1,-1] 1.0 1.0 1.0 0.0007045118177349687 0.128340413101622 84.34430014206494 149.9783572520808 2092.926228716582 2092.926228716582 659.0460890850837 -703.609855586622 -1857.6683295014864
211.31804408564753 5.6909819786620455 39627927037415387 7 136-137-139-141-142-144-145 0.7236489956578999 1.0 5 1.483103747060099 1.0 [-1,-1] 1.0 1.0 1.0 0.0006167714992318164 0.14396928707710532 84.30901802133795 148.68195591435247 2649.0555909753803 2649.0555909753803 -673.7381938653226 -1114.6049849421017 -2306.7787275218298
209.76765754074697 5.003420104355193 39627908955770571 9 136-137-139-141-142-144-145-146-457 1.0781335266619956 1.0 5 0.23148298730226852 1.0 [-1,-1] 1.0 1.0 1.0 0.0001075182622224553 0.4910338705006151 84.9965798956448 150.23234245925303 3585.4430917990167 3585.4430917990167 -523.2949034569458 331.07965111191163 -3531.564932599271
208.95740785210404 5.6123100400474675 39627920985032563 9 136-137-139-141-142-144-145-146-457 0.6076607951812909 1.0 5 1.2052448210920201 1.0 [-1,-1] 1.0 1.0 1.0 0.0007756247847600315 0.11796159141779075 84.38768995995254 151.04259214789596 2296.593810920232 2296.593810920232 939.2673617770764 235.98092741972582 -2082.410371985208
210.25049827840584 5.8398922266620135 39627927020636806 9 136-137-139-141-142-144-145-146-457 0.5202137719982843 1.0 5 0.8761320462536369 1.0 [-1,-1] 1.0 1.0 1.0 0.0006865842838717192 0.13125169390769817 84.16010777333798 149.74950172159416 2013.9191967257425 2013.9191967257425 619.9537098432027 -1073.1669296519283 -1587.4006015160644
208.9597490917978 5.609024776947556 39627920985032602 9 136-137-139-141-142-144-145-146-457 0.6473129226648816 1.0 5 1.2015713944040756 1.0 [-1,-1] 1.0 1.0 1.0 0.000833303205902425 0.11070054926254569 84.39097522305245 151.0402509082022 2419.898181731148 2419.898181731148 983.2754410035068 244.59152939406934 -2197.5558242769953
210.68378396099956 6.215075974410055 39627939054092650 8 136-137-139-141-142-144-145-457 1.0720320151054048 1.0 5 1.392655001658413 1.0 [-1,-1] 1.0 1.0 1.0 0.0001075182622224553 0.4910338705006151 83.78492402558994 149.31621603900044 3570.9296086802055 3570.9296086802055 278.2066707433919 -3063.497551567223 -1813.5936893484375
210.43409800323238 6.184905430568356 39627939049898352 8 136-137-139-141-142-144-145-457 0.7377902375761702 1.0 5 1.261207955195685 1.0 [-1,-1] 1.0 1.0 1.0 0.0007126833197713517 0.12705585074725267 83.81509456943165 149.56590199676762 2690.3512098638853 2690.3512098638853 759.3132313851391 -2144.835962624141 -1435.6572510504395
211.209071765827 5.078771448902786 39627908980935789 8 136-137-139-141-142-144-146-457 0.7950968280931353 1.0 5 1.2069710937082418 1.0 [-1,-1] 1.0 1.0 1.0 0.0007229154976227362 0.12548315978664992 84.92122855109722 148.790928234173 2854.119854797239 2854.119854797239 117.88272114346749 253.86628634164163 -2840.3618991710773
211.4247240889675 4.932847661256789 39627908985128754 8 136-137-139-141-142-144-146-457 0.5556914539896888 1.0 5 1.4209623912557572 1.0 [-1,-1] 1.0 1.0 1.0 0.000677088223595666 0.13284793461577618 85.06715233874321 148.5752759110325 2130.4147139619063 2130.4147139619063 311.8187399867499 409.8582752718685 -2067.232962452378
209.74243209945587 6.509227669182746 39627945043560075 7 136-137-139-141-142-144-457 0.6384522071091794 1.0 5 1.5308293475470618 1.0 [-1,-1] 1.0 1.0 1.0 0.000833303205902425 0.11070054926254569 83.49077233081725 150.25756790054413 2392.602219495527 2392.602219495527 1995.3718220252151 -1193.047763892719 -565.3969452281098
209.9886550651717 5.0045928333698155 39627908959963919 7 136-137-139-141-142-144-457 0.6164392151944429 1.0 5 0.01219930692725709 1.0 [-1,-1] 1.0 1.0 1.0 0.0007214233604467519 0.12571007283523317 84.99540716663019 150.0113449348283 2324.148859725969 2324.148859725969 -282.0167458103153 281.84999579698234 -2289.6932233636285
209.74028397843978 6.508181419482062 39627945043560027 7 136-137-139-141-142-144-457 0.811834029482891 1.0 5 1.5301573800358839 1.0 [-1,-1] 1.0 1.0 1.0 0.0006627118749498285 0.13533979738261318 83.49181858051794 150.25971602156022 2900.88897200419 2900.88897200419 2421.754544471365 -1440.9322547014715 -688.4591430061405
210.71643188393023 6.3024883027031535 39627939054093430 6 136-137-139-141-142-145 0.540801527370359 1.0 5 1.4848402740783175 1.0 [7001671253410966094,-5643703300262361022] 0.4453125 1.0 2.2241379310344827 0.0007045118177349687 0.128340413101622 83.69751169729685 149.28356811606977 2081.8267875505476 2081.8267875505476 108.75402367837762 -1875.6541794389223 -896.7144109749204
210.75958128537783 5.885369797905807 39627933043657709 8 136-137-139-141-142-145-146-457 0.525020004581946 1.0 5 1.1643199651113751 1.0 [-1,-1] 1.0 1.0 1.0 0.0006865842838717192 0.13125169390769817 84.11463020209419 149.24041871462217 2029.8481723408966 2029.8481723408966 19.501695059509277 -1320.4709035712917 -1541.5122054226817
208.64619793343644 5.685142487309538 39627926995468834 7 136-137-139-141-142-145-457 0.6238985315505762 1.0 5 1.5120475991598126 1.0 [-1,-1] 1.0 1.0 1.0 0.0007214233604467519 0.12571007283523317 84.31485751269047 151.35380206656356 2347.447822601774 2347.447822601774 969.3079241690464 604.14107645163 -2050.8454324314084
209.80461653082625 6.5626944409692785 39627945043561457 6 136-137-139-141-142-457 0.6538694669396694 1.0 5 1.5747377056607177 0.5 [-1,-1] 1.0 1.0 1.0 0.000700708733790897 0.12894715825466588 83.43730555903072 150.19538346917375 2440.0013832181085 2440.0013832181085 1977.9777285679936 -1356.298937433571 -449.07020354489066
210.1351873038944 6.475996477349523 39627945047757615 7 136-137-139-141-143-144-145 1.0430510590842208 1.0 5 1.4821125111213374 0.5 [-1,-1] 1.0 1.0 1.0 0.00017111768859933566 0.3774092623312036 83.52400352265047 149.8648126961056 3501.2869580969564 3501.2869580969564 2011.9244451263376 -2706.9590562289845 -939.9697111837188
210.1216047366807 6.479844063413625 39627945047757319 8 136-137-139-141-143-144-145-146 1.0435943265630072 1.0 5 1.484781940119357 1.0 [-1,-1] 1.0 1.0 1.0 0.00017111768859933566 0.3774092623312036 83.52015593658638 149.8783952633193 3502.6032877913062 3502.6032877913062 2051.4576027783373 -2683.2447770202016 -927.3343314270385
209.62394118082514 3.78240330446754 39627878819694480 8 136-137-139-141-143-144-145-146 0.6266726185787712 1.0 5 1.2740202146444684 1.0 [-1,-1] 1.0 1.0 1.0 0.0007214233604467519 0.12571007283523317 86.21759669553246 150.37605881917486 2356.0856396647123 2356.0856396647123 -2117.6385513612513 946.6663179936468 -413.00047166952317
209.6112746782096 3.7449577454863783 39627878819694208 8 136-137-139-141-143-144-145-146 0.9807864024797135 1.0 5 1.313527312702683 1.0 [-1,-1] 1.0 1.0 1.0 0.0003578035202613049 0.22475091060875194 86.25504225451363 150.3887253217904 3347.613777775938 3347.613777775938 -3043.6610723399367 1314.6351797364305 -463.01147510311057
209.1953721576706 6.189887398902709 39627939028927204 9 136-137-139-141-143-144-145-146-457 0.7375843755336161 1.0 5 1.4342524896849096 1.0 [-1,-1] 1.0 1.0 1.0 0.0007126833197713517 0.12705585074725267 83.81011260109729 150.8046278423294 2689.7525868095445 2689.7525868095445 2281.8152744733266 18.66673783760289 -1423.987213540682
208.98566850967865 4.3631479355967 39627890869931703 9 136-137-139-141-143-144-145-146-457 0.8278077721916491 1.0 5 1.1948155545440253 1.0 [-1,-1] 1.0 1.0 1.0 0.0006627118749498285 0.13533979738261318 85.6368520644033 151.01433149032135 2945.0863400084268 2945.0863400084268 -2090.2741504221653 -462.7841485922899 -2022.404103534413
210.80721595330564 4.869171264157221 39627902949527912 9 136-137-139-141-143-144-145-146-457 0.5641492880836744 1.0 5 0.8147957511252986 1.0 [-1,-1] 1.0 1.0 1.0 0.000677088223595666 0.13284793461577618 85.13082873584278 149.19278404669436 2157.818815542988 2157.818815542988 21.4843932935055 653.4413670032009 -2056.388786549164
210.16224886240101 4.714527176060481 39627902941136781 9 136-137-139-141-143-144-145-146-457 0.8635552606301516 1.0 5 0.3280710785555832 1.0 [-1,-1] 1.0 1.0 1.0 0.0006812235016579503 0.1321480675826358 85.28547282393951 149.83775113759899 3042.468898911245 3042.468898911245 -779.9630022214665 1110.9801914367172 -2722.8657202005234
