data_rosette/LRG_3_clustering_data.ecsv
# %ECSV 1.0
# ---
# datatype:
# - {name: RA, unit: deg, datatype: float64}
# - {name: DEC, unit: deg, datatype: float64}
# - {name: TARGETID, datatype: int64}
# - {name: NTILE, datatype: int64}
# - {name: TILES, datatype: string}
# - {name: Z, datatype: float64}
# - {name: COMP_TILE, datatype: float64}
# - {name: ROSETTE_NUMBER, datatype: int32}
# - {name: ROSETTE_R, unit: deg, datatype: float64}
# - {name: FRACZ_TILELOCID, datatype: float64}
# - {name: BITWEIGHTS, datatype: string, subtype: 'int64[2]'}
# - {name: PROB_OBS, datatype: float64}
# - {name: WEIGHT_ZFAIL, datatype: float64}
# - {name: WEIGHT, datatype: float64}
# - {name: NZ, unit: h3 / Mpc3, datatype: float64}
# - {name: WEIGHT_FKP, datatype: float64}
# - {name: theta, unit: deg, datatype: float64}
# - {name: phi, unit: deg, datatype: float64}
# - {name: rho, unit: Mpc, datatype: float64}
# - {name: r, unit: Mpc, datatype: float64}
# - {name: x, unit: Mpc, datatype: float64}
# - {name: y, unit: Mpc, datatype: float64}
# - {name: z, unit: Mpc, datatype: float64}
# meta: !!omap
# - {EXTNAME: LSS}
# - {DESIDR: edr}
# - comments: ['Visit https://desidatamodel.readthedocs.io/en/latest/ for a more complet', e description]
# schema: astropy-2.0
RA DEC TARGETID NTILE TILES Z COMP_TILE ROSETTE_NUMBER ROSETTE_R FRACZ_TILELOCID BITWEIGHTS PROB_OBS WEIGHT_ZFAIL WEIGHT NZ WEIGHT_FKP theta phi rho r x y z
[from data line 5077]
193.2632738615079 61.477263272652415 39633404970403228 4 84-86-90-92 0.783837139482421 0.9285714285714286 3 1.6297332941624947 1.0 [-1,-1] 1.0 1.0 1.0 0.0007064174578981374 0.12774458208408304 28.522736727347585 -193.2632738615079 2822.389440357259 2822.389440357259 -38.37099559276571 -692.8400551580569 -2735.7599451899946
193.25491347312882 61.48533650128577 39633404970403158 4 84-86-90-92 0.5874104304375571 0.9285714285714286 3 1.6240558523056954 1.0 [-1,-1] 1.0 1.0 1.0 0.0005369919189708607 0.1615383650856205 28.514663498714228 -193.25491347312882 2232.4644086290145 2232.4644086290145 -24.94711302357705 -530.7914584959726 -2168.302424694213
193.22710523971188 61.62231634265159 39633404970402935 4 84-86-90-92 0.5209994610024246 0.9285714285714286 3 1.586572851619205 1.0 [-72690912736071745,-4611688219614912513] 0.90625 1.0 1.1025641025641026 0.0006888416087567301 0.1305783864573065 28.377683657348413 -193.22710523971188 2016.5263240157446 2016.5263240157446 -3.9851250876426336 -207.99856099038368 -2005.766470168553
193.12938431596365 61.642699540909845 39633407856083029 4 84-86-90-92 0.9518612533086636 0.9285714285714286 3 1.5378568034126086 1.0 [-1,-1] 1.0 1.0 1.0 0.0003767415448896098 0.21544643941305056 28.357300459090155 -193.12938431596365 3274.286780388372 3274.286780388372 21.295978349989728 -270.5078392945507 -3263.024043799304
193.22966993539862 61.626789968539185 39633407856083732 4 84-86-90-92 0.5789702488781876 0.9285714285714286 3 1.5871724353358057 0.5 [-148654109615391003,-882705527502619665] 0.828125 1.0 1.205607476635514 0.0005369919189708607 0.1615383650856205 28.373210031460815 -193.22966993539862 2205.5016220629773 2205.5016220629773 -4.728806019411978 -217.66499093721617 -2194.7293671513025
192.28635936573357 60.60980844687839 39633393192797275 4 84-86-90-92 1.0131239135220962 0.9285714285714286 3 1.6544317954363106 1.0 [-1,-1] 1.0 1.0 1.0 0.00020130102782971312 0.3394727840281335 29.39019155312161 -192.28635936573357 3428.1248294712072 3428.1248294712072 2452.971124037141 -1861.6938468625867 -1506.342766979329
193.26468246961227 61.48839704772753 39633404970403243 4 84-86-90-92 1.0626167316054373 0.9285714285714286 3 1.6279408200903431 1.0 [-1,-1] 1.0 1.0 1.0 0.00014839258087788972 0.41078905010633954 28.51160295227247 -193.26468246961227 3548.4327462994306 3548.4327462994306 -47.29417349397505 -832.7139180361303 -3449.0180844513643
192.40762265861227 60.73856073794371 39633396170753335 4 84-86-90-92 0.4991918042133596 0.9285714285714286 3 1.60592777841849 1.0 [-1,-1] 1.0 1.0 1.0 0.0007365189099627642 0.12316671624379881 29.261439262056292 -192.40762265861227 1943.7005329375102 1943.7005329375102 1163.8406438584857 -1129.6030101763254 -1071.1880119032378
193.06127774367124 61.17011242606188 39633402063750050 4 84-86-90-92 0.8855862977549102 0.9285714285714286 3 1.6351170577868444 1.0 [-1,-1] 1.0 1.0 1.0 0.0005346154933450218 0.1621399955636538 28.829887573938123 -193.06127774367124 3101.452992863561 3101.452992863561 239.0567990919178 -1618.1863349749447 -2635.020967478366
193.05041164137717 61.11354390403835 39633399131932228 4 84-86-90-92 0.6308716810840256 0.9285714285714286 3 1.65424084629537 1.0 [-1,-1] 1.0 1.0 1.0 0.0007982518636535506 0.11473445525619816 28.88645609596165 -193.05041164137717 2369.132742930731 2369.132742930731 213.5712361741277 -1344.4595122366954 -1938.9703196959495
193.1717167485148 61.98226709087436 39633410716601385 5 84-86-90-92-451 0.8053168976553797 1.0 3 1.5520332950347946 1.0 [-1,-1] 1.0 1.0 1.0 0.0008239664519383997 0.11155322342262282 28.01773290912564 -193.1717167485148 2882.7341912407287 2882.7341912407287 -26.501905585181223 731.1413169466231 -2788.348335664368
193.11881390132555 61.8929457694668 39633410716600995 5 84-86-90-92-451 0.9680168396601179 1.0 3 1.5214361142740045 1.0 [-4672506771409487107,-1088692517117920641] 0.671875 1.0 1.4827586206896552 0.0003767415448896098 0.21544643941305056 28.1070542305332 -193.11881390132555 3315.3966235793705 3315.3966235793705 -49.13838520459902 549.8240938201385 -3269.118177214742
190.76308397167264 60.289479188429894 39633390181287468 5 84-86-90-92-452 1.0797435629817762 1.0 3 1.5672119141199892 1.0 [-1,-1] 1.0 1.0 1.0 0.00012850791192818028 0.44600300211103894 29.710520811570106 -190.76308397167264 3589.2642906800584 3589.2642906800584 2282.438183463395 2727.86875131478 -481.69094097739014
190.76811049795293 60.2927017017973 39633390181287510 5 84-86-90-92-452 0.5901922845178673 1.0 3 1.5647520370004224 1.0 [-1,-1] 1.0 1.0 1.0 0.0006106036532175123 0.14488555312656437 29.7072982982027 -190.76811049795293 2241.320956492638 2241.320956492638 1433.1826821376837 1695.486612049907 -307.94833656513794
190.29893568798119 62.12875196312989 39633413535171466 4 84-86-91-452 1.037589881694146 1.0 3 0.3784651239943985 1.0 [-1,-1] 1.0 1.0 1.0 0.00017557006270178804 0.37077784677498654 27.871248036870107 -190.29893568798119 3488.0314057950186 3488.0314057950186 -315.3574861094358 -1331.3716305440507 -3208.4828696986347
192.1491712230258 60.525704035173646 39633393192796271 3 84-86-92 0.5927919783901318 0.9090909090909091 3 1.6733287628396212 1.0 [-1,-1] 1.0 1.0 1.0 0.0006106036532175123 0.14488555312656437 29.474295964826354 -192.1491712230258 2249.5840237348866 2249.5840237348866 1827.786007887213 -1027.2392987684264 -815.2337163542235
191.8477366593684 60.4278454558895 39633393188603603 3 84-86-92 0.8390349537176899 0.9090909090909091 3 1.6635991044399572 1.0 [-1,-1] 1.0 1.0 1.0 0.0006366829495309179 0.1397804201853648 29.572154544110496 -191.8477366593684 2975.896980884506 2975.896980884506 2802.401414081427 -599.0241697137027 -802.2962042106053
189.9018442327112 61.95154040167752 39633410691434861 3 84-86-92 0.8507432184886371 0.9090909090909091 3 0.1515428952246625 1.0 [-1,-1] 1.0 1.0 1.0 0.0006576102792991648 0.1359368301360722 28.04845959832248 -189.9018442327112 3007.806933673314 3007.806933673314 110.31957637346545 -664.5290699154077 -2931.404655887584
191.9503353345685 60.41472095043869 39633393188604245 3 84-86-92 0.8382480976371588 0.9090909090909091 3 1.7028819549842023 1.0 [-1,-1] 1.0 1.0 1.0 0.0006366829495309179 0.1397804201853648 29.585279049561308 -191.9503353345685 2973.744398288866 2973.744398288866 2734.1166397268844 -885.419668609184 -764.0641054014901
192.04235571969244 60.49265593886183 39633393188604856 3 84-86-92 0.49445012053831344 0.9090909090909091 3 1.6665490395344473 1.0 [-1,-1] 1.0 1.0 1.0 0.0007365189099627642 0.12316671624379881 29.50734406113817 -192.04235571969244 1927.7384380959747 1927.7384380959747 1671.5202433080347 -716.9833313045 -638.8508938364712
192.14180999653388 60.52554545318362 39633393192796231 3 84-86-92 0.5924418979046995 0.9090909090909091 3 1.6711533022372365 1.0 [-1,-1] 1.0 1.0 1.0 0.0006106036532175123 0.14488555312656437 29.474454546816382 -192.14180999653388 2248.472062414515 2248.472062414515 1834.5040640782615 -1013.3182103790722 -814.498409361909
192.89778605803912 61.02144035109668 39633399131931173 3 84-86-92 0.5693062744569545 0.9090909090909091 3 1.631961641987338 1.0 [-1,-1] 1.0 1.0 1.0 0.0006724560872077301 0.13333590500666823 28.97855964890332 -192.89778605803912 2174.4589100158373 2174.4589100158373 429.6912231182806 -1340.6639365907924 -1657.183518276494
192.21572336439053 60.535128233947454 39633393192796755 3 84-86-92 0.42605703532673717 0.9090909090909091 3 1.6871171088190957 1.0 [-1,-1] 1.0 1.0 1.0 0.0005613841910631427 0.1556117057517016 29.464871766052546 -192.21572336439053 1692.3665938322529 1692.3665938322529 1315.7121525791447 -859.3293314622013 -628.1395701304457
191.6487719386113 60.348117395489176 39633390189675277 3 84-86-92 0.9998391157116646 0.9090909090909091 3 1.6801660149353186 0.5 [-2684339038059502081,-5772506415105069193] 0.8046875 1.0 1.2403846153846154 0.00023297360745577845 0.30751381291380364 29.651882604510824 -191.6487719386113 3395.2346208644735 3395.2346208644735 3331.8098151100385 -38.71760470223288 -652.0448096099353
193.2344923738067 61.90646868190993 39633410716601840 4 84-86-92-451 0.8024371817064642 1.0 3 1.57641014700861 1.0 [-1,-1] 1.0 1.0 1.0 0.0008239664519383997 0.11155322342262282 28.093531318090072 -193.2344923738067 2874.6893786168225 2874.6893786168225 13.719713950643213 516.7419954858946 -2827.8310598553694
191.1851752461673 62.01729510243109 39633410704015821 5 84-86-92-451-452 0.6771309520788259 1.0 3 0.6429780953572818 1.0 [-1,-1] 1.0 1.0 1.0 0.0008053318504768218 0.11384060807160488 27.982704897568908 -191.1851752461673 2510.6799284074154 2510.6799284074154 -649.3682269509845 -315.26519036407404 -2404.6709688602105
190.189804129798 60.165083515169655 39633390177092766 4 84-86-92-452 0.5779923782764287 1.0 3 1.6409446589707783 1.0 [-1,-1] 1.0 1.0 1.0 0.0005369919189708607 0.1615383650856205 29.834916484830345 -190.189804129798 2202.3687851062045 2202.3687851062045 271.1751435496471 2185.4945269334826 -22.493996416866057
192.91102251009895 62.621698908183866 39633416366328706 3 84-87-451 0.5788078746319573 1.0 3 1.6263700684407218 1.0 [-1,-1] 1.0 1.0 1.0 0.0005369919189708607 0.1615383650856205 27.378301091816134 -192.91102251009895 2204.9815472114788 2204.9815472114788 -503.758639678936 1646.426381899079 -1377.4799546558431
190.86520196222776 63.29669644541703 39633424662661589 3 84-87-451 0.9897946666425512 1.0 3 1.5613929118680296 1.0 [-2882321353975792129,-1155454783708990977] 0.890625 1.0 1.1217391304347826 0.00030269805442075816 0.25472307248715254 26.703303554582973 -190.86520196222776 3370.1958269940956 3370.1958269940956 -2414.9201802551042 -2350.8253472662423 0.7886289515088862
188.70182235871576 60.446794275725615 39633393163436943 7 84-87-88-89-90-91-452 0.6613187257637531 1.0 3 1.4716656150144138 1.0 [-1,-1] 1.0 1.0 1.0 0.0006371005092682059 0.1397016056866948 29.553205724274385 -188.70182235871576 2462.744553097403 2462.744553097403 -2308.5562142861613 483.03979599760277 -708.7675886877637
192.65383906632727 62.57980154894722 39633416366327205 5 84-87-89-90-451 0.640085837285112 1.0 3 1.5027339408653912 1.0 [-1,-1] 1.0 1.0 1.0 0.0007982518636535506 0.11473445525619816 27.420198451052777 -192.65383906632727 2397.6457975101266 2397.6457975101266 -951.2562090942395 1537.3259616668997 -1574.9431362949488
188.45451309237043 60.60186602027683 39633393159244981 6 84-87-89-90-91-452 0.6422275586325658 1.0 3 1.3857174104943022 1.0 [-1,-1] 1.0 1.0 1.0 0.0007982518636535506 0.11473445525619816 29.39813397972317 -188.45451309237043 2404.2504295487824 2404.2504295487824 -2166.2057262695316 -88.96431422426507 -1039.2585002092615
192.49600283949457 60.858876407769436 39633396170753850 3 84-87-90 0.9563321075503681 0.9230769230769231 3 1.5608886887802436 1.0 [-81069261132578817,-144194765364200449] 0.875 1.0 1.1415929203539823 0.0003767415448896098 0.21544643941305056 29.141123592230564 -192.49600283949457 3285.702763696308 3285.702763696308 1636.2375965441743 -1896.1705309763856 -2126.7596235761184
192.4757086595851 60.85305516885419 39633396170753721 3 84-87-90 0.6413398579833748 0.9230769230769231 3 1.5567584413644024 1.0 [-144713322539790401,-1143497463693313] 0.8984375 1.0 1.1120689655172413 0.0007982518636535506 0.11473445525619816 29.14694483114581 -192.4757086595851 2401.51398715512 2401.51398715512 1229.8293333753186 -1368.059782658833 -1543.7621812775337
192.4648947237693 60.82342854344512 39633396170753649 3 84-87-90 0.8544900967011647 0.9230769230769231 3 1.5713371657021065 1.0 [-1,-1] 1.0 1.0 1.0 0.0006576102792991648 0.1359368301360722 29.176571456554882 -192.4648947237693 3017.9714178993636 3017.9714178993636 1602.2150406587311 -1743.993979061824 -1870.706669614598
193.40881705901833 61.68222424518753 39633407856084912 3 84-87-90 0.5022439165856809 0.9230769230769231 3 1.6652369547598092 1.0 [-1,-1] 1.0 1.0 1.0 0.0007365189099627642 0.12316671624379881 28.317775754812473 -193.40881705901833 1953.950812928387 1953.950812928387 -16.930653892749042 -83.15042485746707 -1952.1073585098468
193.3535092180416 61.68699444757491 39633407856084601 3 84-87-90 0.7866575407540722 0.9230769230769231 3 1.6386652256590684 1.0 [-1,-1] 1.0 1.0 1.0 0.0007064174578981374 0.12774458208408304 28.31300555242509 -193.3535092180416 2830.357780146114 2830.357780146114 -15.872172892423501 -108.27015402792328 -2828.2416465903475
192.42475872407587 62.918461557149 39633421927975094 3 84-87-90 0.567539597935867 0.9230769230769231 3 1.6193243809411169 1.0 [-1,-1] 1.0 1.0 1.0 0.0006724560872077301 0.13333590500666823 27.081538442851 -192.42475872407587 2168.764230823058 2168.764230823058 -1422.134502553461 1428.43053212684 -800.411119633143
193.30587898822245 62.05056807938837 39633410720793047 3 84-87-90 1.0148662239647368 0.9230769230769231 3 1.6221540061473263 1.0 [-1,-1] 1.0 1.0 1.0 0.00020130102782971312 0.3394727840281335 27.94943192061163 -193.30587898822245 3432.4194220890563 3432.4194220890563 107.12965441029064 1090.4329380171964 -3252.8421932161555
192.44072957357923 62.88844857118983 39633421927975187 3 84-87-90 0.40318093079206063 0.9230769230769231 3 1.6046165288195642 1.0 [-1,-1] 1.0 1.0 1.0 0.00024055914515870672 0.3007331513712552 27.111551428810174 -192.44072957357923 1611.4654629446495 1611.4654629446495 -1026.7527128172176 1064.7800074642462 -639.4085866567148
192.53475708187753 62.90420504260615 39633421927975731 3 84-87-90 0.6398441500059151 0.9230769230769231 3 1.6472156974086642 1.0 [-1,-1] 1.0 1.0 1.0 0.0007982518636535506 0.11473445525619816 27.09579495739385 -192.53475708187753 2396.8999420630485 2396.8999420630485 -1380.92479502577 1731.6508965678725 -916.2757309677933
193.25229711324334 62.11424703634661 39633410720792717 3 84-87-90 0.7790245854791165 0.9230769230769231 3 1.60685246010491 0.5 [315727238091063302,7660639742937815815] 0.3203125 1.0 3.0714285714285716 0.0007064174578981374 0.12774458208408304 27.88575296365339 -193.25229711324334 2808.761331024739 2808.761331024739 47.1793576535145 1063.1245379200086 -2599.3615638736433
193.21658593600748 62.36529049169726 39633413556144544 4 84-87-90-451 1.072403445942637 1.0 3 1.6522833735657472 1.0 [-1,-1] 1.0 1.0 1.0 0.00012850791192818028 0.44600300211103894 27.63470950830274 -193.21658593600748 3571.814587905264 3571.814587905264 18.415390804706128 2131.9155597220865 -2865.738363837359
193.17588722391795 62.25718563799255 39633413556144253 4 84-87-90-451 0.807348803097635 1.0 3 1.6028661231422465 1.0 [-1,-1] 1.0 1.0 1.0 0.0008239664519383997 0.11155322342262282 27.74281436200745 -193.17588722391795 2888.4021371513263 2888.4021371513263 -46.92822009452639 1463.2163972032838 -2489.9121315850784
193.1827386284679 62.26352490001869 39633413556144313 4 84-87-90-451 0.8069517167474475 1.0 3 1.607606649522453 1.0 [-1,-1] 1.0 1.0 1.0 0.0008239664519383997 0.11155322342262282 27.736475099981313 -193.1827386284679 2887.295021991475 2887.295021991475 -37.28493962974348 1478.6862612507327 -2479.6308834344454
193.18287393951547 62.24427125846467 39633413556144315 4 84-87-90-451 1.0888054712663222 1.0 3 1.6026940903085252 1.0 [-1,-1] 1.0 1.0 1.0 0.00012850791192818028 0.44600300211103894 27.75572874153533 -193.18287393951547 3610.7051979768144 3610.7051979768144 -44.871076481266186 1789.1526620599705 -3135.938673672673
192.41170020399372 60.776779512168225 39633396170753355 4 84-87-90-92 0.7668920932210366 0.9333333333333333 3 1.5818711676100996 1.0 [-1,-1] 1.0 1.0 1.0 0.0007242712797402853 0.12498917450484462 29.223220487831775 -192.41170020399372 2774.2279869927133 2774.2279869927133 1611.590378859107 -1576.9934341287287 -1616.2329916498059
