data_rosette/LRG_16_clustering_data.ecsv
# %ECSV 1.0
# ---
# datatype:
# - {name: RA, unit: deg, datatype: float64}
# - {name: DEC, unit: deg, datatype: float64}
# - {name: TARGETID, datatype: int64}
# - {name: NTILE, datatype: int64}
# - {name: TILES, datatype: string}
# - {name: Z, datatype: float64}
# - {name: COMP_TILE, datatype: float64}
# - {name: ROSETTE_NUMBER, datatype: int32}
# - {name: ROSETTE_R, unit: deg, datatype: float64}
# - {name: FRACZ_TILELOCID, datatype: float64}
# - {name: BITWEIGHTS, datatype: string, subtype: 'int64[2]'}
# - {name: PROB_OBS, datatype: float64}
# - {name: WEIGHT_ZFAIL, datatype: float64}
# - {name: WEIGHT, datatype: float64}
# - {name: NZ, unit: h3 / Mpc3, datatype: float64}
# - {name: WEIGHT_FKP, datatype: float64}
# - {name: theta, unit: deg, datatype: float64}
# - {name: phi, unit: deg, datatype: float64}
# - {name: rho, unit: Mpc, datatype: float64}
# - {name: r, unit: Mpc, datatype: float64}
# - {name: x, unit: Mpc, datatype: float64}
# - {name: y, unit: Mpc, datatype: float64}
# - {name: z, unit: Mpc, datatype: float64}
# meta: !!omap
# - {EXTNAME: LSS}
# - {DESIDR: edr}
# - comments: ['Visit https://desidatamodel.readthedocs.io/en/latest/ for a more complet', e description]
# schema: astropy-2.0
RA DEC TARGETID NTILE TILES Z COMP_TILE ROSETTE_NUMBER ROSETTE_R FRACZ_TILELOCID BITWEIGHTS PROB_OBS WEIGHT_ZFAIL WEIGHT NZ WEIGHT_FKP theta phi rho r x y z
[from data line 3130]
195.9226416151211 25.80268723783874 39628390063409517 7 481-483-484-485-486-489-491 0.5834103620132137 1.0 16 1.5299363647873636 1.0 [-1,-1] 1.0 1.0 1.0 0.0006621615122706149 0.13543705131792066 64.19731276216126 164.0773583848789 2219.703148643749 2219.703148643749 1641.52699187792 1423.949890142323 452.59022680440927
194.4609750997661 25.706077048061193 39628390042436522 6 481-483-484-485-487-488 0.5571909928849899 1.0 16 1.03950761909188 1.0 [-1,-1] 1.0 1.0 1.0 0.000677088223595666 0.13284793461577618 64.29392295193881 165.5390249002339 2135.2836211189365 2135.2836211189365 -1208.0137756260717 1745.408780961441 231.70465653313317
194.88848884998706 23.984506225796597 39628351626807622 7 481-483-484-485-487-488-489 0.7655384811322881 1.0 16 0.7265340141473582 1.0 [-1,-1] 1.0 1.0 1.0 0.0006416626200019751 0.139161677870846 66.0154937742034 165.11151115001294 2770.3593692827258 2770.3593692827258 20.607678559922608 -114.61601316283063 -2767.910679209792
194.72299848629112 24.437582731348527 39628362657827790 7 481-483-484-485-487-488-489 1.0199158358408884 1.0 16 0.26356377034288103 1.0 [-1,-1] 1.0 1.0 1.0 0.00020304675497218746 0.33812883710054276 65.56241726865147 165.27700151370888 3444.8413911484768 3444.8413911484768 -463.4023717086431 1296.040067251852 -3157.9218793602845
194.7074169462616 24.454016570029307 39628362657827495 7 481-483-484-485-487-488-489 0.9666597094092176 1.0 16 0.2490130159225066 1.0 [-1,-1] 1.0 1.0 1.0 0.00041974738576830407 0.19815580287489248 65.54598342997069 165.2925830537384 3311.9583315851855 3311.9583315851855 -482.3522538603658 1285.4981544402788 -3013.9506944014506
194.70161193979527 24.44034806677433 39628362657827401 8 481-483-484-485-487-488-489-490 0.9633641853965448 1.0 16 0.26335471587305265 1.0 [-1,-1] 1.0 1.0 1.0 0.00041974738576830407 0.19815580287489248 65.55965193322567 165.29838806020473 3303.5976280635023 3303.5976280635023 -473.8656147123414 1240.931628353459 -3024.7805475921928
195.05977226662742 25.785211479075873 39628390050826286 8 481-483-484-485-487-488-489-490 0.8775304486975943 1.0 16 1.1207977784488081 1.0 [-1,-1] 1.0 1.0 1.0 0.0005690156306133545 0.15418916366201427 64.21478852092413 164.94022773337258 3079.9751365497696 3079.9751365497696 -20.01064745829629 3025.7198237993266 575.2094954195766
195.59998772592434 25.046039436374006 39628373659487377 8 481-483-484-485-487-488-489-490 0.6533264623124236 1.0 16 0.8452233791138688 1.0 [-1,-1] 1.0 1.0 1.0 0.000700708733790897 0.12894715825466588 64.953960563626 164.40001227407566 2438.3395091390535 2438.3395091390535 1056.4772627829693 1788.3180035033815 -1277.2134016665987
195.55913046224936 24.644635946389734 39628368169143194 8 481-483-484-485-487-488-489-490 0.8529535230309367 1.0 16 0.7373452603961909 1.0 [-1,-1] 1.0 1.0 1.0 0.0006812235016579503 0.1321480675826358 65.35536405361026 164.44086953775064 3013.8057871213596 3013.8057871213596 826.1361415243343 1538.6606654981085 -2456.226323977984
195.11237510934097 25.971747981954636 39628395495033406 8 481-483-484-485-487-488-489-490 0.739694557284236 1.0 16 1.3132421098107439 1.0 [-1,-1] 1.0 1.0 1.0 0.0007126833197713517 0.12705585074725267 64.02825201804536 164.88762489065903 2695.885205689721 2695.885205689721 115.35305858377181 2506.4833420089417 985.9168171624643
193.85263602826817 25.558230227360177 39628384577258017 8 481-483-484-485-487-488-489-490 0.8576773375880824 1.0 16 1.1817701886273817 1.0 [-1,-1] 1.0 1.0 1.0 0.0006812235016579503 0.1321480675826358 64.44176977263982 166.14736397173183 3026.599739754185 3026.599739754185 -2833.5519243144604 1057.0135576876264 -118.37151582397672
193.7602430741987 24.5478894241488 39628362645242656 9 481-483-484-485-487-488-489-490-491 0.7523201470682189 1.0 16 0.9125153506843864 1.0 [-1,-1] 1.0 1.0 1.0 0.0006416626200019751 0.139161677870846 65.45211057585121 166.2397569258013 2732.4141044327876 2732.4141044327876 -1313.4666243007755 355.96364115081724 -2369.4265447845833
193.7854087651974 24.866811383024736 39628368143975158 9 481-483-484-485-487-488-489-490-491 0.9889426506518337 1.0 16 0.8914944664473263 1.0 [-1,-1] 1.0 1.0 1.0 0.0003578035202613049 0.22475091060875194 65.13318861697526 166.2145912348026 3368.0651069108794 3368.0651069108794 -2403.965165516439 716.9011658230382 -2247.413350012783
193.70792349112435 24.773837919196907 39628368139784362 9 481-483-484-485-487-488-489-490-491 0.7506002581924797 1.0 16 0.9493277387974998 1.0 [-1,-1] 1.0 1.0 1.0 0.0006416626200019751 0.139161677870846 65.22616208080309 166.29207650887565 2727.45449760049 2727.45449760049 -1812.0797226225773 390.65509355340146 -2000.6908090012328
194.22829209172954 25.882568133650146 39628395482449118 9 481-483-484-485-487-488-489-490-491 0.6785403542427324 1.0 16 1.2731675792731916 1.0 [-1,-1] 1.0 1.0 1.0 0.0007209928471550773 0.12577569469930108 64.11743186634985 165.77170790827046 2514.9302257615686 2514.9302257615686 -1793.9941442557797 1614.2298874515748 707.6163658955192
194.37469843611322 26.115025716298366 39628395482451587 9 481-483-484-485-487-488-489-490-491 0.5117178521378772 1.0 16 1.455063671413555 1.0 [-1,-1] 1.0 1.0 1.0 0.0006865842838717192 0.13125169390769817 63.88497428370164 165.62530156388678 1985.6481250510883 1985.6481250510883 -1100.5712771973294 1328.9088717490129 982.6202475595073
193.8068162589895 24.832509380114605 39628368143975505 9 481-483-484-485-487-488-489-490-491 0.9928609586077202 1.0 16 0.8666222799584186 1.0 [-1,-1] 1.0 1.0 1.0 0.0002622817504223413 0.28340640119267335 65.1674906198854 166.1931837410105 3377.8551689225974 3377.8551689225974 -2320.014938535406 746.3043279115797 -2338.9027507209676
194.69537104144203 26.027700369772006 39628395486646254 9 481-483-484-485-487-488-489-490-491 0.825928887801102 1.0 16 1.3286176271167176 1.0 [-1,-1] 1.0 1.0 1.0 0.0006627118749498285 0.13533979738261318 63.972299630227994 165.30462895855797 2939.909757788824 2939.909757788824 -968.7086526481119 2490.0557601747078 1226.4971428614836
195.5140252218593 23.94353133313713 39628351635198483 9 481-483-484-485-487-488-489-490-491 0.4256799673246085 1.0 16 1.0280799747055864 1.0 [-1,-1] 1.0 1.0 1.0 0.0006262316776515472 0.14210347001521706 66.05646866686287 164.4859747781407 1691.0420114122062 1691.0420114122062 -60.69874556424927 -126.41697436806545 -1685.217343620576
193.83195004678126 25.253159338069967 39628379112080047 9 481-483-484-485-487-488-489-490-491 0.46861870572634423 1.0 16 0.9992603059093085 1.0 [-1,-1] 1.0 1.0 1.0 0.0005635091211985168 0.1554616369400361 64.74684066193004 166.16804995321874 1839.9751729405532 1839.9751729405532 -1634.9972273917592 571.6725707565986 -620.8729139714669
194.42628045533706 23.909238987498473 39628351618420865 9 481-483-484-485-487-488-489-490-491 0.9701005785289216 1.0 16 0.8440038019243861 1.0 [-1,-1] 1.0 1.0 1.0 0.0003578035202613049 0.22475091060875194 66.09076101250153 165.57371954466294 3320.6704173208627 3320.6704173208627 232.14620701758824 -311.72807844543433 -3297.845624668623
194.64259289170712 23.397187377248965 39628340549652131 9 481-483-484-485-487-488-489-490-491 0.8029572951719745 1.0 16 1.3064993591915577 1.0 [-1,-1] 1.0 1.0 1.0 0.0007229154976227362 0.12548315978664992 66.60281262275103 165.35740710829288 2876.1434100014503 2876.1434100014503 696.193775337998 -1543.2238992719856 -2325.075297445475
194.63066853279693 23.398806748591976 39628340549651920 9 481-483-484-485-487-488-489-490-491 0.47528040090423856 1.0 16 1.305748114627815 1.0 [-1,-1] 1.0 1.0 1.0 0.00048380039118235755 0.17655271186088778 66.60119325140802 165.36933146720307 1862.739370831897 1862.739370831897 461.7470452896809 -991.8121941472266 -1507.6127491349778
194.26147410863177 23.486166758180094 39628340545456397 9 481-483-484-485-487-488-489-490-491 1.003008426692204 1.0 16 1.2931611604953062 1.0 [-1,-1] 1.0 1.0 1.0 0.0002622817504223413 0.28340640119267335 66.51383324181991 165.73852589136823 3403.104443001639 3403.104443001639 1261.9153856613834 -1213.6034287918387 -2918.193983790877
194.25428481141864 23.48250925475441 39628340545456250 9 481-483-484-485-487-488-489-490-491 0.9152332083864979 1.0 16 1.298868969481652 1.0 [-1,-1] 1.0 1.0 1.0 0.0004951280553168204 0.17321314004730964 66.5174907452456 165.74571518858136 3179.6107432390722 3179.6107432390722 1194.3917518422274 -1132.2493545043974 -2720.5448389756334
193.99055494055767 23.38941740143124 39628340541261816 9 481-483-484-485-487-488-489-490-491 0.4595327249937186 1.0 16 1.4827672118160942 1.0 [-1,-1] 1.0 1.0 1.0 0.0005635091211985168 0.1554616369400361 66.61058259856875 166.00944505944233 1808.7794147058567 1808.7794147058567 946.8960732458123 -511.11882039644786 -1453.9010795002068
194.67285181491746 25.17498984578689 39628379124663102 9 481-483-484-485-487-488-489-490-491 0.420431022711535 1.0 16 0.4801136148273844 1.0 [-1,-1] 1.0 1.0 1.0 0.0006262316776515472 0.14210347001521706 64.82501015421312 165.32714818508254 1672.572304016029 1672.572304016029 -584.9955540668286 1408.976255391007 -685.6122997933065
194.23958911668157 24.022378916479152 39628351618417239 9 481-483-484-485-487-488-489-490-491 0.8850770879480264 1.0 16 0.821802288739314 1.0 [-1,-1] 1.0 1.0 1.0 0.0005690156306133545 0.15418916366201427 65.97762108352084 165.76041088331843 3100.098441868434 3100.098441868434 9.523738809408922 -8.766134355374854 -3100.0714189454807
194.6791927506188 25.18178879407592 39628379124663224 9 481-483-484-485-487-488-489-490-491 0.5924799265753206 1.0 16 0.486047893923752 1.0 [-1,-1] 1.0 1.0 1.0 0.0007756247847600315 0.11796159141779075 64.81821120592409 165.3208072493812 2248.592864423138 2248.592864423138 -776.7848915632574 1904.9241900217144 -907.7659017851614
193.8493174767798 23.523302910478172 39628340537070135 9 481-483-484-485-487-488-489-490-491 0.7783664391728057 1.0 16 1.43541716076967 1.0 [-1,-1] 1.0 1.0 1.0 0.0007324854237337303 0.12404708914385561 66.47669708952182 166.1506825232202 2806.894515947966 2806.894515947966 1269.8883753319922 -468.917895434495 -2458.8933171645986
195.2083804782651 25.352850912444282 39628379133051420 9 481-483-484-485-487-488-489-490-491 0.7951204907410699 1.0 16 0.7737713089671182 1.0 [-1,-1] 1.0 1.0 1.0 0.0007229154976227362 0.12548315978664992 64.64714908755572 164.7916195217349 2854.186310210643 2854.186310210643 391.9059178538122 2741.4275464838242 -690.9155175017336
195.35800209945901 23.83875474803274 39628346102908525 9 481-483-484-485-487-488-489-490-491 0.7855972280236047 1.0 16 1.0241813474858819 1.0 [-1,-1] 1.0 1.0 1.0 0.0007324854237337303 0.12404708914385561 66.16124525196726 164.64199790054099 2827.3637260145583 2827.3637260145583 -151.76070882580174 -505.57580819351233 -2777.651423164738
194.6939353724015 25.419483820138712 39628384589841105 9 481-483-484-485-487-488-489-490-491 0.996690069039136 1.0 16 0.7212740382907417 1.0 [-1,-1] 1.0 1.0 1.0 0.0002622817504223413 0.28340640119267335 64.58051617986129 165.3060646275985 3387.4005889840864 3387.4005889840864 -1213.223736568908 3105.377504613072 -599.3341881776839
193.8726282055108 25.016654785392987 39628373634320157 9 481-483-484-485-487-488-489-490-491 0.8830145188667662 1.0 16 0.8567461906114351 1.0 [-1,-1] 1.0 1.0 1.0 0.0005690156306133545 0.15418916366201427 64.98334521460701 166.1273717944892 3094.607571147011 3094.607571147011 -2405.605197985956 952.5792896276778 -1697.7197494862883
193.87199189609785 25.02743417026633 39628373634320149 9 481-483-484-485-487-488-489-490-491 0.8857572629758148 1.0 16 0.8612902981832755 1.0 [-1,-1] 1.0 1.0 1.0 0.0005690156306133545 0.15418916366201427 64.97256582973367 166.12800810390215 3101.907685606751 3101.907685606751 -2428.8059615067523 959.979046454163 -1673.6705535273195
193.7543068946049 24.954823318499095 39628373630128556 9 481-483-484-485-487-488-489-490-491 0.9317520061237263 1.0 16 0.9389061156381965 1.0 [-1,-1] 1.0 1.0 1.0 0.0004445766401596716 0.18918261239264766 65.0451766815009 166.2456931053951 3222.5636016129265 3222.5636016129265 -2494.0695424535443 660.05248002682 -1931.0266718656405
194.30939189825995 23.63059179163631 39628346086132047 9 481-483-484-485-487-488-489-490-491 0.7126336566468607 1.0 16 1.142465629893254 1.0 [-1,-1] 1.0 1.0 1.0 0.0006167714992318164 0.14396928707710532 66.3694082083637 165.69060810174005 2616.6415450582376 2616.6415450582376 693.0773580670987 -733.6124937509906 -2414.1809087290753
193.9724908040786 23.403913743060247 39628340541261447 9 481-483-484-485-487-488-489-490-491 0.5091346149130653 1.0 16 1.4778051684820492 1.0 [-1,-1] 1.0 1.0 1.0 0.0005337442823398631 0.16272042362546515 66.59608625693976 166.0275091959214 1977.0232828153255 1977.0232828153255 1024.3187259256754 -529.2437699630998 -1606.0178207190397
193.81349667889248 25.23827255132887 39628379112079645 9 481-483-484-485-487-488-489-490-491 0.46820345573928035 1.0 16 1.0052270595409722 1.0 [-1,-1] 1.0 1.0 1.0 0.0005635091211985168 0.1554616369400361 64.76172744867114 166.18650332110752 1838.5531674569984 1838.5531674569984 -1635.041296485579 538.040610612374 -646.0882367639749
194.146113187851 25.425029896561796 39628384581452749 9 481-483-484-485-487-488-489-490-491 0.6515860766822729 1.0 16 0.9082408585666111 1.0 [-1,-1] 1.0 1.0 1.0 0.000700708733790897 0.12894715825466588 64.5749701034382 165.853886812149 2433.0093264886063 2433.0093264886063 -1907.4330024025935 1451.6161840679881 -417.1860235888325
195.95684235208887 25.036084997346574 39628373663683066 9 481-483-484-485-487-488-489-490-491 0.7006295617731719 1.0 16 1.1453551572769383 1.0 [-1,-1] 1.0 1.0 1.0 0.0005843703162771602 0.15074849413407446 64.96391500265342 164.04315764791113 2581.0698662013265 2581.0698662013265 1698.5978063288928 1374.5449332880792 -1373.79524417552
193.5902029424901 25.26940785652711 39628379107886211 9 481-483-484-485-487-488-489-490-491 0.9755574751121321 1.0 16 1.1955581899605323 1.0 [-1,-1] 1.0 1.0 1.0 0.0003578035202613049 0.22475091060875194 64.73059214347289 166.4097970575099 3334.4507244571496 3334.4507244571496 -3142.6291361659705 298.22581232911733 -1074.0135526212766
195.80309426536152 24.959654882773986 39628373663680647 9 481-483-484-485-487-488-489-490-491 0.4936977789204553 1.0 16 0.9903849707986446 1.0 [-1,-1] 1.0 1.0 1.0 0.0005337442823398631 0.16272042362546515 65.04034511722601 164.19690573463848 1925.2016018885095 1925.2016018885095 1039.2509222669837 1145.720417269997 -1146.1603090021795
193.58741280824543 25.268185152190945 39628379107886167 9 481-483-484-485-487-488-489-490-491 0.6647165731048977 1.0 16 1.197206406140079 1.0 [-1,-1] 1.0 1.0 1.0 0.000700708733790897 0.12894715825466588 64.73181484780906 166.41258719175457 2473.084230065604 2473.084230065604 -2330.4510963633475 214.59351386558393 -799.432874145713
194.78324426272837 24.247620973573444 39628357150703886 8 481-483-484-485-487-488-489-491 0.6354467709703703 1.0 16 0.45338976546588444 1.0 [-1,-1] 1.0 1.0 1.0 0.000833303205902425 0.11070054926254569 65.75237902642655 165.21675573727163 2383.310285280415 2383.310285280415 -145.99761599935252 501.78142122516545 -2325.310305606366
194.8682585263621 25.917644293364233 39628395490839207 8 481-483-484-485-487-488-489-491 0.9114324405300385 1.0 16 1.222328171651657 1.0 [-1,-1] 1.0 1.0 1.0 0.0004951280553168204 0.17321314004730964 64.08235570663577 165.1317414736379 3169.6679153794244 3169.6679153794244 -592.167230223878 2949.6132294099234 997.9551403368232
194.2917771885174 24.479460900416168 39628362653630975 8 481-483-484-485-487-488-489-491 0.8010561391144104 1.0 16 0.47143217772682533 1.0 [-1,-1] 1.0 1.0 1.0 0.0007229154976227362 0.12548315978664992 65.52053909958383 165.7082228114826 2870.8263125814383 2870.8263125814383 -878.645145423099 897.8132812437926 -2581.3867857135656
