data_rosette/LRG_19_clustering_data.ecsv
# %ECSV 1.0
# ---
# datatype:
# - {name: RA, unit: deg, datatype: float64}
# - {name: DEC, unit: deg, datatype: float64}
# - {name: TARGETID, datatype: int64}
# - {name: NTILE, datatype: int64}
# - {name: TILES, datatype: string}
# - {name: Z, datatype: float64}
# - {name: COMP_TILE, datatype: float64}
# - {name: ROSETTE_NUMBER, datatype: int32}
# - {name: ROSETTE_R, unit: deg, datatype: float64}
# - {name: FRACZ_TILELOCID, datatype: float64}
# - {name: BITWEIGHTS, datatype: string, subtype: 'int64[2]'}
# - {name: PROB_OBS, datatype: float64}
# - {name: WEIGHT_ZFAIL, datatype: float64}
# - {name: WEIGHT, datatype: float64}
# - {name: NZ, unit: h3 / Mpc3, datatype: float64}
# - {name: WEIGHT_FKP, datatype: float64}
# - {name: theta, unit: deg, datatype: float64}
# - {name: phi, unit: deg, datatype: float64}
# - {name: rho, unit: Mpc, datatype: float64}
# - {name: r, unit: Mpc, datatype: float64}
# - {name: x, unit: Mpc, datatype: float64}
# - {name: y, unit: Mpc, datatype: float64}
# - {name: z, unit: Mpc, datatype: float64}
# meta: !!omap
# - {EXTNAME: LSS}
# - {DESIDR: edr}
# - comments: ['Visit https://desidatamodel.readthedocs.io/en/latest/ for a more complet', e description]
# schema: astropy-2.0
RA DEC TARGETID NTILE TILES Z COMP_TILE ROSETTE_NUMBER ROSETTE_R FRACZ_TILELOCID BITWEIGHTS PROB_OBS WEIGHT_ZFAIL WEIGHT NZ WEIGHT_FKP theta phi rho r x y z
[from data line 188]
236.90776765458594 43.04419448966152 39633132030266915 11 571-572-573-574-575-576-577-578-579-580-581 0.5011518496600894 1.0 19 0.714747617349932 1.0 [-1,-1] 1.0 1.0 1.0 0.0007365189099627642 0.12316671624379881 46.95580551033848 -236.90776765458594 1950.2853628143487 1950.2853628143487 -90.94345546579761 313.34009279929313 -1922.8001119618145
237.1780573415058 43.226246600929 39633136455254391 11 571-572-573-574-575-576-577-578-579-580-581 0.6330285169285463 1.0 19 0.8153828377690356 1.0 [-1,-1] 1.0 1.0 1.0 0.0007982518636535506 0.11473445525619816 46.773753399071 -237.1780573415058 2375.8213879346495 2375.8213879346495 -9.932592179657798 814.9078329540719 -2231.6706376099532
236.29790350933962 42.59289168650812 39633123138340492 11 571-572-573-574-575-576-577-578-579-580-581 0.7414305780102132 1.0 19 0.869233886850719 1.0 [-1,-1] 1.0 1.0 1.0 0.0006073340474539246 0.1455520198534496 47.40710831349188 -236.29790350933962 2700.924548938935 2700.924548938935 587.6184561975338 -473.6841698073079 -2593.322439703744
237.27143820887073 43.32221762404886 39633136455255474 11 571-572-573-574-575-576-577-578-579-580-581 0.8853094346448864 1.0 19 0.8608613433298283 1.0 [-1,-1] 1.0 1.0 1.0 0.0005346154933450218 0.1621399955636538 46.67778237595114 -237.27143820887073 3100.716559403935 3100.716559403935 108.5026552757318 1333.419219038966 -2797.260006123386
236.09726221988308 42.928630898130784 39633132021876770 11 571-572-573-574-575-576-577-578-579-580-581 0.6983269954195783 1.0 19 0.5213729228865259 1.0 [-1,-1] 1.0 1.0 1.0 0.0005639081233901963 0.1550231922816235 47.071369101869216 -236.09726221988308 2574.216942404541 2574.216942404541 -120.00248337759227 62.141426052535216 -2570.667367380298
236.73889084967283 44.2477862999679 39633153945505691 11 571-572-573-574-575-576-577-578-579-580-581 0.7425461837464273 1.0 19 0.9212698659084431 1.0 [-1,-1] 1.0 1.0 1.0 0.0006073340474539246 0.1455520198534496 45.7522137000321 -236.73889084967283 2704.1601416978365 2704.1601416978365 -1156.2074882362424 2385.276993251684 -534.9018429187806
236.4268033494364 42.69179827464686 39633127592690430 11 571-572-573-574-575-576-577-578-579-580-581 0.8047720135364259 1.0 19 0.79489631438055 1.0 [-1,-1] 1.0 1.0 1.0 0.0008239664519383997 0.11155322342262282 47.30820172535314 -236.4268033494364 2881.2130687372546 2881.2130687372546 365.0935687844602 -381.48827893462493 -2832.4127747434823
237.66286195706255 43.12497359335851 39633132042846733 11 571-572-573-574-575-576-577-578-579-580-581 0.7219695134053704 1.0 19 1.18314073289157 1.0 [-1,-1] 1.0 1.0 1.0 0.0005823912580269674 0.15084542533972659 46.87502640664149 -237.66286195706255 2644.1275109020253 2644.1275109020253 296.46288685589116 579.8648295846131 -2562.669863645495
236.43391037601333 42.6660125741403 39633127592690560 11 571-572-573-574-575-576-577-578-579-580-581 0.8087584256259905 1.0 19 0.8210706976960891 1.0 [-1,-1] 1.0 1.0 1.0 0.0008239664519383997 0.11155322342262282 47.3339874258597 -236.43391037601333 2892.330158469231 2892.330158469231 413.95975173945106 -438.74917622518177 -2828.729437378588
236.3974347853659 44.554781490556756 39633158269830646 11 571-572-573-574-575-576-577-578-579-580-581 0.8384200691191404 1.0 19 1.1253046151669481 1.0 [-1,-1] 1.0 1.0 1.0 0.0006366829495309179 0.1397804201853648 45.445218509443244 -236.3974347853659 2974.2149434242006 2974.2149434242006 -2106.303315964007 2075.3069914679195 320.2214265336091
236.43402512817525 42.66341852040547 39633127592690564 11 571-572-573-574-575-576-577-578-579-580-581 0.8018820451991252 1.0 19 0.8235743108226641 1.0 [-1,-1] 1.0 1.0 1.0 0.0008239664519383997 0.11155322342262282 47.33658147959453 -236.43402512817525 2873.136932613578 2873.136932613578 416.1630176026368 -441.18579607108234 -2808.394429148647
237.25904044053445 43.07249175921321 39633132034461335 11 571-572-573-574-575-576-577-578-579-580-581 0.8564722934719048 1.0 19 0.9246195730551242 1.0 [-1,-1] 1.0 1.0 1.0 0.0006576102792991648 0.1359368301360722 46.92750824078679 -237.25904044053445 3023.3394522757326 3023.3394522757326 40.55154405076858 588.523796717845 -2965.2279434571024
236.44493325890218 42.683713421058776 39633127592690749 11 571-572-573-574-575-576-577-578-579-580-581 0.7365956624008462 1.0 19 0.8066550383873086 1.0 [-1,-1] 1.0 1.0 1.0 0.0006073340474539246 0.1455520198534496 47.316286578941224 -236.44493325890218 2686.876480196707 2686.876480196707 348.43468300335417 -377.5522484557042 -2637.300284609365
236.45224648419511 42.6753368856598 39633127592690865 11 571-572-573-574-575-576-577-578-579-580-581 1.0627398336604374 1.0 19 0.816290511418533 1.0 [-1,-1] 1.0 1.0 1.0 0.00014839258087788972 0.41078905010633954 47.3246631143402 -236.45224648419511 3548.7276801586213 3548.7276801586213 476.15532712580944 -523.5774837883316 -3477.4431513460554
236.7497409247764 44.266560545716025 39633153945505799 11 571-572-573-574-575-576-577-578-579-580-581 0.9137972441650519 1.0 19 0.9414073224663636 1.0 [-1,-1] 1.0 1.0 1.0 0.00042618922305278896 0.1953324009783564 45.733439454283975 -236.7497409247764 3175.8568997596603 3175.8568997596603 -1332.2096253824589 2826.0891150847574 -569.6532940208667
235.0628214363993 43.12593449389932 39633136425897519 11 571-572-573-574-575-576-577-578-579-580-581 0.7039474267866416 1.0 19 0.8215837595165342 1.0 [-1,-1] 1.0 1.0 1.0 0.0005639081233901963 0.1550231922816235 46.87406550610068 -235.0628214363993 2590.9276665578764 2590.9276665578764 -543.866100548791 -338.4268978695439 -2510.494587288985
236.45691299389264 42.72634831217951 39633127592690948 11 571-572-573-574-575-576-577-578-579-580-581 1.0579416299378421 1.0 19 0.7691614127228239 1.0 [-1,-1] 1.0 1.0 1.0 0.00014839258087788972 0.41078905010633954 47.27365168782049 -236.45691299389264 3537.2162839086645 3537.2162839086645 353.25713980045185 -392.0998620393023 -3497.6229257193218
235.84807364169095 42.592465196958734 39633123134144795 11 571-572-573-574-575-576-577-578-579-580-581 0.6349712947144351 1.0 19 0.8770902009879019 1.0 [-1,-1] 1.0 1.0 1.0 0.0007982518636535506 0.11473445525619816 47.407534803041266 -235.84807364169095 2381.8386920027033 2381.8386920027033 649.228977174306 -151.0710698511259 -2286.6645625828874
235.55512724289977 43.60307680009918 39633140834110647 11 571-572-573-574-575-576-577-578-579-580-581 0.7945329552297286 1.0 19 0.42368190050062626 1.0 [-1,-1] 1.0 1.0 1.0 0.0008239664519383997 0.11155322342262282 46.39692319990082 -235.55512724289977 2852.5359636321496 2852.5359636321496 -1891.8925637506782 -121.85799069148067 -2131.39733065994
236.36084363561136 42.81516592111697 39633127588499295 11 571-572-573-574-575-576-577-578-579-580-581 0.8600502864646662 1.0 19 0.6627583586955325 1.0 [-1,-1] 1.0 1.0 1.0 0.0006576102792991648 0.1359368301360722 47.18483407888303 -236.36084363561136 3033.0129423517205 3033.0129423517205 136.24372275363748 -124.75158504193186 -3027.382070124747
236.3740882546433 42.71544444943063 39633127588499469 11 571-572-573-574-575-576-577-578-579-580-581 1.0745585187521456 1.0 19 0.7613435585088398 1.0 [-1,-1] 1.0 1.0 1.0 0.00012850791192818028 0.44600300211103894 47.28455555056937 -236.3740882546433 3576.9455529910388 3576.9455529910388 416.87542299168933 -391.98780780690544 -3530.8780677472573
237.70907542120486 43.80266440362943 39633145246516702 11 571-572-573-574-575-576-577-578-579-580-581 0.44967419779233 1.0 19 1.2169330953898552 1.0 [-1,-1] 1.0 1.0 1.0 0.0006285113834356281 0.1413409039925048 46.19733559637057 -237.70907542120486 1774.7381555169286 1774.7381555169286 703.6322795421682 1232.2603887708665 -1065.8946805853734
237.10580688579176 42.56591147584408 39633123146730692 11 571-572-573-574-575-576-577-578-579-580-581 0.7829435926499285 1.0 19 1.1500153916142022 1.0 [-1,-1] 1.0 1.0 1.0 0.0007064174578981374 0.12774458208408304 47.43408852415592 -237.10580688579176 2819.8621091400896 2819.8621091400896 72.59465281182175 -857.6902136387365 -2685.2783521220786
236.27190386512976 42.07706755199464 39633114170920539 11 571-572-573-574-575-576-577-578-579-580-581 0.943944701154958 1.0 19 1.3787199005155097 1.0 [-1,-1] 1.0 1.0 1.0 0.0003671239319408774 0.21984967794317842 47.92293244800536 -236.27190386512976 3253.9981495734714 3253.9981495734714 1853.0798900866266 -1415.9108755375 -2269.316035927729
235.8569441746396 42.457888096320744 39633123134144885 11 571-572-573-574-575-576-577-578-579-580-581 0.7626543396774865 1.0 19 1.0079330670934286 1.0 [-1,-1] 1.0 1.0 1.0 0.0007242712797402853 0.12498917450484462 47.542111903679256 -235.8569441746396 2762.1059128243382 2762.1059128243382 1090.3035098292594 -263.9226543811925 -2524.0467829692766
236.39496236429497 42.83781905466145 39633127592689961 11 571-572-573-574-575-576-577-578-579-580-581 0.7169528540170926 1.0 19 0.6489081082600748 1.0 [-1,-1] 1.0 1.0 1.0 0.0005823912580269674 0.15084542533972659 47.16218094533855 -236.39496236429497 2629.3772105488483 2629.3772105488483 71.87549372765102 -70.4684043249956 -2627.4498344872236
235.27339980768906 44.53456494530657 39633158257246737 11 571-572-573-574-575-576-577-578-579-580-581 0.9518521975262497 1.0 19 1.2368859456120542 1.0 [-1,-1] 1.0 1.0 1.0 0.0003767415448896098 0.21544643941305056 45.46543505469343 -235.27339980768906 3274.2636264570033 3274.2636264570033 -3068.339170250318 -1106.3133284359571 286.6493522963371
236.04128945496743 44.589284637076105 39633158265636180 11 571-572-573-574-575-576-577-578-579-580-581 0.9340713573439952 1.0 19 1.1400665296529273 1.0 [-1,-1] 1.0 1.0 1.0 0.0003671239319408774 0.21984967794317842 45.410715362923895 -236.04128945496743 3228.5607678287106 3228.5607678287106 -2915.730394247238 1308.5268307100853 458.1249097542952
237.05529797821762 42.62364124422486 39633123146730043 11 571-572-573-574-575-576-577-578-579-580-581 0.7844152212205399 1.0 19 1.0818385739041514 1.0 [-1,-1] 1.0 1.0 1.0 0.0007064174578981374 0.12774458208408304 47.37635875577514 -237.05529797821762 2824.0237740370344 2824.0237740370344 94.90700369052749 -699.0146899924487 -2734.4983818155065
236.4578978093947 42.674342407917635 39633127592690960 11 571-572-573-574-575-576-577-578-579-580-581 0.626062740938286 1.0 19 0.8185445361269148 1.0 [-1,-1] 1.0 1.0 1.0 0.0007056687116799521 0.12786279395313782 47.325657592082365 -236.4578978093947 2354.1878837102763 2354.1878837102763 315.44215538949305 -350.8210309811935 -2306.4304547574793
237.86282866564636 43.29293372117484 39633136463642964 11 571-572-573-574-575-576-577-578-579-580-581 0.8689052897852705 1.0 19 1.2909945680184218 1.0 [-1,-1] 1.0 1.0 1.0 0.0006576102792991648 0.1359368301360722 46.70706627882516 -237.86282866564636 3056.8642916049807 3056.8642916049807 771.0331381262725 968.0659289864757 -2795.1342640982966
236.80493419770465 42.74241535660918 39633127596884927 11 571-572-573-574-575-576-577-578-579-580-581 0.457679424608195 1.0 19 0.875001716376245 1.0 [-1,-1] 1.0 1.0 1.0 0.0005330850268982689 0.1625298359500762 47.25758464339082 -236.80493419770465 1802.395371609099 1802.395371609099 90.29876385312073 -222.63870076270666 -1786.3110641115097
237.92916711629536 43.29723899527651 39633136463643747 11 571-572-573-574-575-576-577-578-579-580-581 0.7240742172748073 1.0 19 1.3383238617737485 1.0 [-1,-1] 1.0 1.0 1.0 0.0005823912580269674 0.15084542533972659 46.70276100472349 -237.92916711629536 2650.3025147585754 2650.3025147585754 729.6735977455502 800.8584696060672 -2418.7404929319973
234.26109713270623 42.98310729775565 39633132000903843 11 571-572-573-574-575-576-577-578-579-580-581 0.5614702255022159 1.0 19 1.4191025749548383 1.0 [-1,-1] 1.0 1.0 1.0 0.0006724560872077301 0.13333590500666823 47.01689270224435 -234.26109713270623 2149.1536566749533 2149.1536566749533 -48.39317700716545 -224.35484617655266 -2136.863225247599
236.41706781740876 42.92675015623838 39633132026070581 11 571-572-573-574-575-576-577-578-579-580-581 0.9767787200898754 1.0 19 0.572041578287546 1.0 [-1,-1] 1.0 1.0 1.0 0.00030269805442075816 0.25472307248715254 47.07324984376162 -236.41706781740876 3337.528663073221 3337.528663073221 -117.98993961101496 120.90958884198969 -3333.250188976515
235.25901763076146 42.175836031190066 39633118654628921 11 571-572-573-574-575-576-577-578-579-580-581 1.0261895532661665 1.0 19 1.4156380504205153 1.0 [-1,-1] 1.0 1.0 1.0 0.00020130102782971312 0.3394727840281335 47.824163968809934 -235.25901763076146 3460.2235736312405 3460.2235736312405 2086.5823850795946 786.4233837491987 -2645.913715766515
235.79593726629471 43.79629635742846 39633145221353352 11 571-572-573-574-575-576-577-578-579-580-581 0.7624271756299441 1.0 19 0.4103273203753833 1.0 [-1,-1] 1.0 1.0 1.0 0.0007242712797402853 0.12498917450484462 46.20370364257154 -235.79593726629471 2761.4552315100627 2761.4552315100627 -2163.19706725386 385.7927717097737 -1672.5362122103916
237.06057173844937 42.75760151496259 39633127601078362 11 571-572-573-574-575-576-577-578-579-580-581 1.0071663512094522 1.0 19 0.9855211441777976 1.0 [-1,-1] 1.0 1.0 1.0 0.00023297360745577845 0.30751381291380364 47.24239848503741 -237.06057173844937 3413.4069371966793 3413.4069371966793 52.18611621871911 -400.1838255364414 -3389.4655085950412
237.48842504274384 43.70032551336643 39633145242323730 11 571-572-573-574-575-576-577-578-579-580-581 0.6922158578267363 1.0 19 1.0365396676681868 1.0 [-1,-1] 1.0 1.0 1.0 0.0005639081233901963 0.1550231922816235 46.29967448663357 -237.48842504274384 2555.9822820407358 2555.9822820407358 551.1706972609052 1793.3413346194548 -1735.8522823478984
237.07769425824353 44.11243610741708 39633149604400188 11 571-572-573-574-575-576-577-578-579-580-581 0.484188151791953 1.0 19 0.9680213013650844 1.0 [-1,-1] 1.0 1.0 1.0 0.000668512811805897 0.13401699399284683 45.88756389258292 -237.07769425824353 1893.0364429640774 1893.0364429640774 -200.83161433555173 1776.8186268119096 -621.4251398903195
237.53095936953204 43.175623891598335 39633136459448890 11 571-572-573-574-575-576-577-578-579-580-581 0.8155447205530632 1.0 19 1.076723089087003 1.0 [-1,-1] 1.0 1.0 1.0 0.000762533893525711 0.11946670068019369 46.824376108401665 -237.53095936953204 2911.1939899829013 2911.1939899829013 287.0315617715105 809.5876269502166 -2781.5878925801876
235.60899191987312 42.45999425345951 39633123129951869 11 571-572-573-574-575-576-577-578-579-580-581 0.8264018647056632 1.0 19 1.053205373019952 1.0 [-1,-1] 1.0 1.0 1.0 0.000762533893525711 0.11946670068019369 47.54000574654049 -235.60899191987312 2941.2134254929556 2941.2134254929556 1188.8055140429333 12.431910531979577 -2690.227371744189
235.60339777351376 42.47282674561505 39633123129951798 11 571-572-573-574-575-576-577-578-579-580-581 0.741483267427291 1.0 19 1.0425591909700351 1.0 [-1,-1] 1.0 1.0 1.0 0.0006073340474539246 0.1455520198534496 47.52717325438495 -235.60339777351376 2701.0774134290414 2701.0774134290414 1059.8756105011646 17.013785040637092 -2484.3899482005427
237.5401621051968 43.15278555107056 39633136459448991 11 571-572-573-574-575-576-577-578-579-580-581 0.7220676532861898 1.0 19 1.0893970839928664 1.0 [-1,-1] 1.0 1.0 1.0 0.0005823912580269674 0.15084542533972659 46.84721444892944 -237.5401621051968 2644.4156197077946 2644.4156197077946 247.63431298354212 678.5725659061844 -2543.845610407052
236.56413317558767 42.960188065324736 39633132026072143 11 571-572-573-574-575-576-577-578-579-580-581 0.8521366438682868 1.0 19 0.5952871057426345 1.0 [-1,-1] 1.0 1.0 1.0 0.0006576102792991648 0.1359368301360722 47.039811934675264 -236.56413317558767 3011.5896728303956 3011.5896728303956 -148.20486289682555 204.93583667982924 -3000.9513456497025
