data_rosette/LRG_3_clustering_data.ecsv
# %ECSV 1.0
# ---
# datatype:
# - {name: RA, unit: deg, datatype: float64}
# - {name: DEC, unit: deg, datatype: float64}
# - {name: TARGETID, datatype: int64}
# - {name: NTILE, datatype: int64}
# - {name: TILES, datatype: string}
# - {name: Z, datatype: float64}
# - {name: COMP_TILE, datatype: float64}
# - {name: ROSETTE_NUMBER, datatype: int32}
# - {name: ROSETTE_R, unit: deg, datatype: float64}
# - {name: FRACZ_TILELOCID, datatype: float64}
# - {name: BITWEIGHTS, datatype: string, subtype: 'int64[2]'}
# - {name: PROB_OBS, datatype: float64}
# - {name: WEIGHT_ZFAIL, datatype: float64}
# - {name: WEIGHT, datatype: float64}
# - {name: NZ, unit: h3 / Mpc3, datatype: float64}
# - {name: WEIGHT_FKP, datatype: float64}
# - {name: distance, unit: Mpc, datatype: float64}
# - {name: x, unit: Mpc, datatype: float64}
# - {name: y, unit: Mpc, datatype: float64}
# - {name: z, unit: Mpc, datatype: float64}
# meta: !!omap
# - {EXTNAME: LSS}
# - {DESIDR: edr}
# - comments: ['Visit https://desidatamodel.readthedocs.io/en/latest/ for a more complet', e description]
# schema: astropy-2.0
RA DEC TARGETID NTILE TILES Z COMP_TILE ROSETTE_NUMBER ROSETTE_R FRACZ_TILELOCID BITWEIGHTS PROB_OBS WEIGHT_ZFAIL WEIGHT NZ WEIGHT_FKP distance x y z
[from data line 5069]
192.6450088857019 60.97496906719205 39633399127738356 4 84-86-89-92 0.8550139489020159 1.0 3 1.5518071410711347 1.0 [-1,-1] 1.0 1.0 1.0 0.0006576102792991648 0.1359368301360722 3019.390695783755 -1429.4501922950674 -320.69919564319235 2640.178847625083
192.71267346675072 61.02775799893911 39633399127738843 4 84-86-89-92 0.5332842773639258 1.0 3 1.5514398791412114 1.0 [-1,-1] 1.0 1.0 1.0 0.0006094867785671962 0.14511252611805409 2057.129701577643 -972.0175452876252 -219.27954933874588 1799.68913426951
188.73511141935867 60.354836423238496 39633390164510313 5 84-86-89-92-452 0.47506748580814584 1.0 3 1.5510303831756291 1.0 [-1,-1] 1.0 1.0 1.0 0.000668512811805897 0.13401699399284683 1862.013212761677 -910.3194887162388 -139.86942518595998 1618.2855671545171
189.88613006472696 60.21144582908821 39633390172899820 5 84-86-89-92-452 0.8097573609748449 1.0 3 1.5885683876880554 1.0 [-1,-1] 1.0 1.0 1.0 0.0008239664519383997 0.11155322342262282 2895.1117455697886 -1416.935916284492 -246.94146573768552 2512.565330688637
188.79528001795163 60.36259958942096 39633390164510814 5 84-86-89-92-452 0.6620238400410259 1.0 3 1.5334042351216957 1.0 [-1,-1] 1.0 1.0 1.0 0.0006371005092682059 0.1397016056866948 2464.8919812525396 -1204.5788792946696 -186.3770537669587 2142.4158785421228
188.7630987275493 60.353200626645545 39633390164510561 5 84-86-89-92-452 0.7882513637014708 1.0 3 1.547702429708617 1.0 [-1,-1] 1.0 1.0 1.0 0.0007064174578981374 0.12774458208408304 2834.8547204741303 -1385.897230594362 -213.63434107313464 2463.7472517974697
190.18658290121158 60.14171843442021 39633390177092737 5 84-86-89-92-452 0.7607249086657135 1.0 3 1.664098093225343 1.0 [-1,-1] 1.0 1.0 1.0 0.0007242712797402853 0.12498917450484462 2756.576460954208 -1350.7464851949508 -242.71111869734474 2390.6670681383043
188.79220336968078 60.343397480178666 39633390164510792 5 84-86-89-92-452 0.765593894476553 1.0 3 1.5519858351690339 1.0 [-1,-1] 1.0 1.0 1.0 0.0007242712797402853 0.12498917450484462 2770.5178026911776 -1354.7452271914035 -209.53687823431267 2407.598089609369
193.2632738615079 61.477263272652415 39633404970403228 4 84-86-90-92 0.783837139482421 0.9285714285714286 3 1.6297332941624947 1.0 [-1,-1] 1.0 1.0 1.0 0.0007064174578981374 0.12774458208408304 2822.389440357259 -1311.7633335805604 -309.20003089031786 2479.829520473374
193.25491347312882 61.48533650128577 39633404970403158 4 84-86-90-92 0.5874104304375571 0.9285714285714286 3 1.6240558523056954 1.0 [-1,-1] 1.0 1.0 1.0 0.0005369919189708607 0.1615383650856205 2232.4644086290145 -1037.3502293401493 -244.3574486472553 1961.6552385100292
193.22710523971188 61.62231634265159 39633404970402935 4 84-86-90-92 0.5209994610024246 0.9285714285714286 3 1.586572851619205 1.0 [-72690912736071745,-4611688219614912513] 0.90625 1.0 1.1025641025641026 0.0006888416087567301 0.1305783864573065 2016.5263240157446 -932.991679337154 -219.29693142543425 1774.2079352780152
193.12938431596365 61.642699540909845 39633407856083029 4 84-86-90-92 0.9518612533086636 0.9285714285714286 3 1.5378568034126086 1.0 [-1,-1] 1.0 1.0 1.0 0.0003767415448896098 0.21544643941305056 3274.286780388372 -1514.5300406688261 -353.2610719713438 2881.381490043863
193.22966993539862 61.626789968539185 39633407856083732 4 84-86-90-92 0.5789702488781876 0.9285714285714286 3 1.5871724353358057 0.5 [-148654109615391003,-882705527502619665] 0.828125 1.0 1.205607476635514 0.0005369919189708607 0.1615383650856205 2205.5016220629773 -1020.2671601820739 -239.85896796572374 1940.5566217616142
192.28635936573357 60.60980844687839 39633393192797275 4 84-86-90-92 1.0131239135220962 0.9285714285714286 3 1.6544317954363106 1.0 [-1,-1] 1.0 1.0 1.0 0.00020130102782971312 0.3394727840281335 3428.1248294712072 -1643.8355278473455 -358.00416947824186 2986.917745512927
193.26468246961227 61.48839704772753 39633404970403243 4 84-86-90-92 1.0626167316054373 0.9285714285714286 3 1.6279408200903431 1.0 [-1,-1] 1.0 1.0 1.0 0.00014839258087788972 0.41078905010633954 3548.4327462994306 -1648.6075695666043 -388.6414717292858 3118.08047411062
192.40762265861227 60.73856073794371 39633396170753335 4 84-86-90-92 0.4991918042133596 0.9285714285714286 3 1.60592777841849 1.0 [-1,-1] 1.0 1.0 1.0 0.0007365189099627642 0.12316671624379881 1943.7005329375102 -927.8817699605729 -204.13745521748754 1695.681303221134
193.06127774367124 61.17011242606188 39633402063750050 4 84-86-90-92 0.8855862977549102 0.9285714285714286 3 1.6351170577868444 1.0 [-1,-1] 1.0 1.0 1.0 0.0005346154933450218 0.1621399955636538 3101.452992863561 -1456.8622973010474 -337.9847286739012 2717.0442095829585
193.05041164137717 61.11354390403835 39633399131932228 4 84-86-90-92 0.6308716810840256 0.9285714285714286 3 1.65424084629537 1.0 [-1,-1] 1.0 1.0 1.0 0.0007982518636535506 0.11473445525619816 2369.132742930731 -1114.9101652828324 -258.43074094793405 2074.3622704601526
193.1717167485148 61.98226709087436 39633410716601385 5 84-86-90-92-451 0.8053168976553797 1.0 3 1.5520332950347946 1.0 [-1,-1] 1.0 1.0 1.0 0.0008239664519383997 0.11155322342262282 2882.7341912407287 -1318.5237949114521 -308.5703667688323 2544.884230835027
193.11881390132555 61.8929457694668 39633410716600995 5 84-86-90-92-451 0.9680168396601179 1.0 3 1.5214361142740045 1.0 [-4672506771409487107,-1088692517117920641] 0.671875 1.0 1.4827586206896552 0.0003767415448896098 0.21544643941305056 3315.3966235793705 -1521.1866644365532 -354.5178190461379 2924.4081485936013
190.76308397167264 60.289479188429894 39633390181287468 5 84-86-90-92-452 1.0797435629817762 1.0 3 1.5672119141199892 1.0 [-1,-1] 1.0 1.0 1.0 0.00012850791192818028 0.44600300211103894 3589.2642906800584 -1747.6096813407373 -332.2075492638202 3117.4214816491008
190.76811049795293 60.2927017017973 39633390181287510 5 84-86-90-92-452 0.5901922845178673 1.0 3 1.5647520370004224 1.0 [-1,-1] 1.0 1.0 1.0 0.0006106036532175123 0.14488555312656437 2241.320956492638 -1091.1714716284885 -207.52273653368061 1946.7405485422973
190.29893568798119 62.12875196312989 39633413535171466 4 84-86-91-452 1.037589881694146 1.0 3 0.3784651239943985 1.0 [-1,-1] 1.0 1.0 1.0 0.00017557006270178804 0.37077784677498654 3488.0314057950186 -1604.3350311226343 -291.52630292419 3083.420926573027
192.1491712230258 60.525704035173646 39633393192796271 3 84-86-92 0.5927919783901318 0.9090909090909091 3 1.6733287628396212 1.0 [-1,-1] 1.0 1.0 1.0 0.0006106036532175123 0.14488555312656437 2249.5840237348866 -1082.0791116335424 -232.9491598241088 1958.43502954447
191.8477366593684 60.4278454558895 39633393188603603 3 84-86-92 0.8390349537176899 0.9090909090909091 3 1.6635991044399572 1.0 [-1,-1] 1.0 1.0 1.0 0.0006366829495309179 0.1397804201853648 2975.896980884506 -1437.3750119659026 -301.5333351028075 2588.2414036629807
189.9018442327112 61.95154040167752 39633410691434861 3 84-86-92 0.8507432184886371 0.9090909090909091 3 0.1515428952246625 1.0 [-1,-1] 1.0 1.0 1.0 0.0006576102792991648 0.1359368301360722 3007.806933673314 -1393.257396331094 -243.20855407785072 2654.5406339035994
191.9503353345685 60.41472095043869 39633393188604245 3 84-86-92 0.8382480976371588 0.9090909090909091 3 1.7028819549842023 1.0 [-1,-1] 1.0 1.0 1.0 0.0006366829495309179 0.1397804201853648 2973.744398288866 -1436.3730106024348 -304.00943012360773 2586.032982613181
192.04235571969244 60.49265593886183 39633393188604856 3 84-86-92 0.49445012053831344 0.9090909090909091 3 1.6665490395344473 1.0 [-1,-1] 1.0 1.0 1.0 0.0007365189099627642 0.12316671624379881 1927.7384380959747 -928.5842979863565 -198.0942655691794 1677.6964413130586
192.14180999653388 60.52554545318362 39633393192796231 3 84-86-92 0.5924418979046995 0.9090909090909091 3 1.6711533022372365 1.0 [-1,-1] 1.0 1.0 1.0 0.0006106036532175123 0.14488555312656437 2248.472062414515 -1081.5794454777276 -232.69619725985282 1957.463920065828
192.89778605803912 61.02144035109668 39633399131931173 3 84-86-92 0.5693062744569545 0.9090909090909091 3 1.631961641987338 1.0 [-1,-1] 1.0 1.0 1.0 0.0006724560872077301 0.13333590500666823 2174.4589100158373 -1026.9071899169342 -235.15138200811012 1902.2189679907633
192.21572336439053 60.535128233947454 39633393192796755 3 84-86-92 0.42605703532673717 0.9090909090909091 3 1.6871171088190957 1.0 [-1,-1] 1.0 1.0 1.0 0.0005613841910631427 0.1556117057517016 1692.3665938322529 -813.609323860449 -176.14228763916415 1473.4715642156
191.6487719386113 60.348117395489176 39633390189675277 3 84-86-92 0.9998391157116646 0.9090909090909091 3 1.6801660149353186 0.5 [-2684339038059502081,-5772506415105069193] 0.8046875 1.0 1.2403846153846154 0.00023297360745577845 0.30751381291380364 3395.2346208644735 -1645.1250791149787 -339.15532409646016 2950.6194724024795
193.2344923738067 61.90646868190993 39633410716601840 4 84-86-92-451 0.8024371817064642 1.0 3 1.57641014700861 1.0 [-1,-1] 1.0 1.0 1.0 0.0008239664519383997 0.11155322342262282 2874.6893786168225 -1317.773273474686 -309.91799789429655 2535.9935839487794
191.1851752461673 62.01729510243109 39633410704015821 5 84-86-92-451-452 0.6771309520788259 1.0 3 0.6429780953572818 1.0 [-1,-1] 1.0 1.0 1.0 0.0008053318504768218 0.11384060807160488 2510.6799284074154 -1155.6475084930491 -228.51364825303204 2217.154494297536
190.189804129798 60.165083515169655 39633390177092766 4 84-86-92-452 0.5779923782764287 1.0 3 1.6409446589707783 1.0 [-1,-1] 1.0 1.0 1.0 0.0005369919189708607 0.1615383650856205 2202.3687851062045 -1078.4022833756298 -193.83708693684127 1910.4721836625224
192.91102251009895 62.621698908183866 39633416366328706 3 84-87-451 0.5788078746319573 1.0 3 1.6263700684407218 1.0 [-1,-1] 1.0 1.0 1.0 0.0005369919189708607 0.1615383650856205 2204.9815472114788 -988.3550982024117 -226.56365706410023 1958.0006978288257
190.86520196222776 63.29669644541703 39633424662661589 3 84-87-451 0.9897946666425512 1.0 3 1.5613929118680296 1.0 [-2882321353975792129,-1155454783708990977] 0.890625 1.0 1.1217391304347826 0.00030269805442075816 0.25472307248715254 3370.1958269940956 -1487.3173379765649 -285.4754794360527 3010.749208931803
188.70182235871576 60.446794275725615 39633393163436943 7 84-87-88-89-90-91-452 0.6613187257637531 1.0 3 1.4716656150144138 1.0 [-1,-1] 1.0 1.0 1.0 0.0006371005092682059 0.1397016056866948 2462.744553097403 -1200.7210109909895 -183.77521852610792 2142.3366814372066
192.65383906632727 62.57980154894722 39633416366327205 5 84-87-89-90-451 0.640085837285112 1.0 3 1.5027339408653912 1.0 [-1,-1] 1.0 1.0 1.0 0.0007982518636535506 0.11473445525619816 2397.6457975101266 -1077.328201592333 -241.87451956814604 2128.2777152325493
188.45451309237043 60.60186602027683 39633393159244981 6 84-87-89-90-91-452 0.6422275586325658 1.0 3 1.3857174104943022 1.0 [-1,-1] 1.0 1.0 1.0 0.0007982518636535506 0.11473445525619816 2404.2504295487824 -1167.362124616141 -173.51608634461076 2094.6546173001516
192.49600283949457 60.858876407769436 39633396170753850 3 84-87-90 0.9563321075503681 0.9230769230769231 3 1.5608886887802436 1.0 [-81069261132578817,-144194765364200449] 0.875 1.0 1.1415929203539823 0.0003767415448896098 0.21544643941305056 3285.702763696308 -1562.1111400595269 -346.19736932652467 2869.8081501966076
192.4757086595851 60.85305516885419 39633396170753721 3 84-87-90 0.6413398579833748 0.9230769230769231 3 1.5567584413644024 1.0 [-144713322539790401,-1143497463693313] 0.8984375 1.0 1.1120689655172413 0.0007982518636535506 0.11473445525619816 2401.51398715512 -1142.041727187862 -252.6766217634519 2097.4185678299064
192.4648947237693 60.82342854344512 39633396170753649 3 84-87-90 0.8544900967011647 0.9230769230769231 3 1.5713371657021065 1.0 [-1,-1] 1.0 1.0 1.0 0.0006576102792991648 0.1359368301360722 3017.9714178993636 -1436.5890289194695 -317.5607828903401 2635.055709167414
193.40881705901833 61.68222424518753 39633407856084912 3 84-87-90 0.5022439165856809 0.9230769230769231 3 1.6652369547598092 1.0 [-1,-1] 1.0 1.0 1.0 0.0007365189099627642 0.12316671624379881 1953.950812928387 -901.6122203269439 -214.9409548793418 1720.1219635293828
193.3535092180416 61.68699444757491 39633407856084601 3 84-87-90 0.7866575407540722 0.9230769230769231 3 1.6386652256590684 1.0 [-1,-1] 1.0 1.0 1.0 0.0007064174578981374 0.12774458208408304 2830.357780146114 -1306.111097083968 -310.0398199785315 2491.7612798451282
192.42475872407587 62.918461557149 39633421927975094 3 84-87-90 0.567539597935867 0.9230769230769231 3 1.6193243809411169 1.0 [-1,-1] 1.0 1.0 1.0 0.0006724560872077301 0.13333590500666823 2168.764230823058 -964.2230888987476 -212.43503970113449 1930.9799267830997
193.30587898822245 62.05056807938837 39633410720793047 3 84-87-90 1.0148662239647368 0.9230769230769231 3 1.6221540061473263 1.0 [-1,-1] 1.0 1.0 1.0 0.00020130102782971312 0.3394727840281335 3432.4194220890563 -1565.5614820403912 -370.25267142321286 3032.0674950254056
192.44072957357923 62.88844857118983 39633421927975187 3 84-87-90 0.40318093079206063 0.9230769230769231 3 1.6046165288195642 1.0 [-1,-1] 1.0 1.0 1.0 0.00024055914515870672 0.3007331513712552 1611.4654629446495 -717.1402986175995 -158.2080377388035 1434.3991589362115
192.53475708187753 62.90420504260615 39633421927975731 3 84-87-90 0.6398441500059151 0.9230769230769231 3 1.6472156974086642 1.0 [-1,-1] 1.0 1.0 1.0 0.0007982518636535506 0.11473445525619816 2396.8999420630485 -1065.716847373112 -236.9420933770839 2133.8311502724496
193.25229711324334 62.11424703634661 39633410720792717 3 84-87-90 0.7790245854791165 0.9230769230769231 3 1.60685246010491 0.5 [315727238091063302,7660639742937815815] 0.3203125 1.0 3.0714285714285716 0.0007064174578981374 0.12774458208408304 2808.761331024739 -1278.7025224554618 -301.1485852156852 2482.6134623312773
193.21658593600748 62.36529049169726 39633413556144544 4 84-87-90-451 1.072403445942637 1.0 3 1.6522833735657472 1.0 [-1,-1] 1.0 1.0 1.0 0.00012850791192818028 0.44600300211103894 3571.814587905264 -1612.8427214354556 -378.7814475553628 3164.351816924501
193.17588722391795 62.25718563799255 39633413556144253 4 84-87-90-451 0.807348803097635 1.0 3 1.6028661231422465 1.0 [-1,-1] 1.0 1.0 1.0 0.0008239664519383997 0.11155322342262282 2888.4021371513263 -1309.165694826664 -306.4808302586653 2556.368829037259
193.1827386284679 62.26352490001869 39633413556144313 4 84-87-90-451 0.8069517167474475 1.0 3 1.607606649522453 1.0 [-1,-1] 1.0 1.0 1.0 0.0008239664519383997 0.11155322342262282 2887.295021991475 -1308.3519635448472 -306.4553636588321 2555.5376721132147
193.18287393951547 62.24427125846467 39633413556144315 4 84-87-90-451 1.0888054712663222 1.0 3 1.6026940903085252 1.0 [-1,-1] 1.0 1.0 1.0 0.00012850791192818028 0.44600300211103894 3610.7051979768144 -1637.203451909015 -383.4863472883315 3195.261351626412
192.41170020399372 60.776779512168225 39633396170753355 4 84-87-90-92 0.7668920932210366 0.9333333333333333 3 1.5818711676100996 1.0 [-1,-1] 1.0 1.0 1.0 0.0007242712797402853 0.12498917450484462 2774.2279869927133 -1322.7604133440666 -291.11092596406365 2421.136146830207
193.1993755924827 62.035724755860045 39633410716601577 4 84-87-90-92 1.0108378645874823 0.9333333333333333 3 1.570746528928362 1.0 [-1,-1] 1.0 1.0 1.0 0.00020130102782971312 0.3394727840281335 3422.4833271503744 -1562.4755609752383 -366.45736976978293 3022.8746653010317
193.24307710250605 61.65639832783572 39633407856083839 4 84-87-90-92 0.5055747448355099 0.9333333333333333 3 1.5897844917132231 1.0 [-5188147870242440338,8070450497786969599] 0.8828125 1.0 1.131578947368421 0.0007365189099627642 0.12316671624379881 1965.1155902633643 -908.1444488580535 -213.72382291116568 1729.530303471052
193.35276685528228 61.575861504348424 39633404970403900 4 84-87-90-92 0.42456735804477597 0.9333333333333333 3 1.6526225551480558 1.0 [-5492289322981794049,-587397049180495820] 0.6875 1.0 1.449438202247191 0.0005613841910631427 0.1556117057517016 1687.131847579692 -781.3563114354272 -185.46477621166682 1483.7449250064665
