data_rosette/LRG_4_clustering_data.ecsv
# %ECSV 1.0
# ---
# datatype:
# - {name: RA, unit: deg, datatype: float64}
# - {name: DEC, unit: deg, datatype: float64}
# - {name: TARGETID, datatype: int64}
# - {name: NTILE, datatype: int64}
# - {name: TILES, datatype: string}
# - {name: Z, datatype: float64}
# - {name: COMP_TILE, datatype: float64}
# - {name: ROSETTE_NUMBER, datatype: int32}
# - {name: ROSETTE_R, unit: deg, datatype: float64}
# - {name: FRACZ_TILELOCID, datatype: float64}
# - {name: BITWEIGHTS, datatype: string, subtype: 'int64[2]'}
# - {name: PROB_OBS, datatype: float64}
# - {name: WEIGHT_ZFAIL, datatype: float64}
# - {name: WEIGHT, datatype: float64}
# - {name: NZ, unit: h3 / Mpc3, datatype: float64}
# - {name: WEIGHT_FKP, datatype: float64}
# - {name: theta, unit: deg, datatype: float64}
# - {name: phi, unit: deg, datatype: float64}
# - {name: rho, unit: Mpc, datatype: float64}
# - {name: r, unit: Mpc, datatype: float64}
# - {name: x, unit: Mpc, datatype: float64}
# - {name: y, unit: Mpc, datatype: float64}
# - {name: z, unit: Mpc, datatype: float64}
# meta: !!omap
# - {EXTNAME: LSS}
# - {DESIDR: edr}
# - comments: ['Visit https://desidatamodel.readthedocs.io/en/latest/ for a more complet', e description]
# schema: astropy-2.0
RA DEC TARGETID NTILE TILES Z COMP_TILE ROSETTE_NUMBER ROSETTE_R FRACZ_TILELOCID BITWEIGHTS PROB_OBS WEIGHT_ZFAIL WEIGHT NZ WEIGHT_FKP theta phi rho r x y z
[from data line 1999]
194.3109661844368 28.290563059423345 39628443943439102 9 109-110-112-113-114-117-118-119-454 0.8165495336985763 1.0 4 0.3972192657031006 1.0 [-1,-1] 1.0 1.0 1.0 0.0006627118749498285 0.13533979738261318 61.70943694057665 -194.3109661844368 2913.98050539133 2913.98050539133 -2343.836642303823 -1184.045630309009 1263.229244967355
194.31049598391644 28.290965989163343 39628443943439089 9 109-110-112-113-114-117-118-119-454 0.8114977013207548 1.0 4 0.3977138333029482 1.0 [-1,-1] 1.0 1.0 1.0 0.0006627118749498285 0.13533979738261318 61.70903401083666 -194.31049598391644 2899.953808930073 2899.953808930073 -2332.4518947685087 -1179.6712816252395 1256.0955058543514
194.01706059110174 29.471201334522494 39628470422083855 9 109-110-112-113-114-117-118-119-454 0.6970095042751875 1.0 4 1.424135004571736 1.0 [-1,-1] 1.0 1.0 1.0 0.0005843703162771602 0.15074849413407446 60.52879866547751 -194.01706059110174 2570.291490169831 2570.291490169831 -1383.2611881428923 -1319.16325225975 -1718.3699088684145
194.30133620034954 27.718118942684708 39628433260547112 8 109-110-112-113-114-117-118-454 0.5845474717586053 1.0 4 0.6239060860392593 1.0 [-1,-1] 1.0 1.0 1.0 0.0006621615122706149 0.13543705131792066 62.28188105731529 -194.30133620034954 2223.333984455344 2223.333984455344 -1032.1243569464066 -533.9397702110408 1895.4792639380212
194.21975735043947 28.86765092326287 39628454571807067 8 109-110-112-113-114-117-118-454 0.4685979675827724 1.0 4 0.8140987367404245 1.0 [-1,-1] 1.0 1.0 1.0 0.0005635091211985168 0.1554616369400361 61.13234907673713 -194.21975735043947 1839.904164494419 1839.904164494419 -1546.9550664384178 -967.6814897273393 -236.156497652496
193.75924512446517 28.12910321771821 39628443935050273 8 109-110-112-113-114-117-118-454 0.5248145797799797 1.0 4 0.8763152562817316 1.0 [-1,-1] 1.0 1.0 1.0 0.0006865842838717192 0.13125169390769817 61.87089678228179 -193.75924512446517 2029.168294687515 2029.168294687515 -871.2709689967637 -1416.951722204171 1162.1784216251444
195.21828435490767 26.992717749512074 39628417158612807 8 109-110-112-113-114-117-119-454 0.9638821440931714 1.0 4 1.2766170721067793 1.0 [-1,-1] 1.0 1.0 1.0 0.00041974738576830407 0.19815580287489248 63.007282250487926 -195.21828435490767 3304.912761810913 3304.912761810913 521.9818013224091 -245.4454956765962 3254.188050946183
195.2053455253219 27.000930852373983 39628417158612575 7 109-110-112-113-114-119-454 0.566487539860829 1.0 4 1.2651442438176754 1.0 [-1,-1] 1.0 1.0 1.0 0.000677088223595666 0.13284793461577618 62.99906914762602 -195.2053455253219 2165.370136289629 2165.370136289629 328.0997252366769 -149.12575162526608 2135.167419111856
193.2198162818611 28.81110969707459 39628454559222561 5 109-110-112-113-115 0.9615338844035544 1.0 4 1.4770121338367097 1.0 [-1,-1] 1.0 1.0 1.0 0.00041974738576830407 0.19815580287489248 61.188890302925415 -193.2198162818611 3298.947136882174 3298.947136882174 -39.04936394574391 -3290.128690466967 -237.86668384758505
193.20949059926838 28.80171940755738 39628454559222336 5 109-110-112-113-115 0.42841021923523087 1.0 4 1.4814939745807245 1.0 [-1,-2199040032769] 0.984375 1.0 1.015748031496063 0.0006262316776515472 0.14210347001521706 61.19828059244262 -193.20949059926838 1700.6262402965053 1700.6262402965053 -2.6178839968919765 -1697.2743692116987 -106.68866615266846
193.21144064276888 28.80016228231668 39628454559222380 5 109-110-112-113-115 0.7402938092328777 1.0 4 1.4793049345924822 1.0 [-18014398526259201,-8796093022209] 0.9765625 1.0 1.0238095238095237 0.0007126833197713517 0.12705585074725267 61.19983771768332 -193.21144064276888 2697.6253222122596 2697.6253222122596 -9.403645396486809 -2692.5554412012393 -165.0428627710269
195.25927299008907 28.030046781080287 39628438625058858 9 109-110-112-113-115-116-117-118-119 0.6316187840766492 1.0 4 0.48025683308643785 1.0 [-1,-1] 1.0 1.0 1.0 0.000833303205902425 0.11070054926254569 61.96995321891971 -195.25927299008907 2371.450606950717 2371.450606950717 -1596.2599634419182 832.1027518005925 1543.8060502424557
194.05110989249636 27.17352209728748 39628422527320291 9 109-110-112-113-115-116-117-118-119 1.0250380512454738 1.0 4 1.1985969408827606 1.0 [-1,-1] 1.0 1.0 1.0 0.00020304675497218746 0.33812883710054276 62.82647790271252 -194.05110989249636 3457.4044982365212 3457.4044982365212 -13.8776296681655 -12.360343704825226 3457.3545519261434
195.06250033283558 26.78093490419545 39628411756351636 9 109-110-112-113-115-116-117-118-119 0.6856475014907248 1.0 4 1.4458861795309208 1.0 [-1,-1] 1.0 1.0 1.0 0.0007209928471550773 0.12577569469930108 63.21906509580455 -195.06250033283558 2536.307590542206 2536.307590542206 919.4318759162278 -268.1294220631833 2348.5331235507924
194.8250774197494 27.59098371215416 39628427908615785 9 109-110-112-113-115-116-117-118-119 0.9443045521912982 1.0 4 0.612620244198155 1.0 [-1,-1] 1.0 1.0 1.0 0.0004445766401596716 0.18918261239264766 62.409016287845844 -194.8250774197494 3254.922447060823 3254.922447060823 -1334.2209244572366 61.86259482911312 2968.256673618692
193.66778438852634 28.996135725270904 39628459860824850 10 109-110-112-113-115-116-117-118-119-454 0.6138156641060257 1.0 4 1.239616378436046 1.0 [-1,-1] 1.0 1.0 1.0 0.0007214233604467519 0.12571007283523317 61.0038642747291 -193.66778438852634 2315.9290819070175 2315.9290819070175 -994.0055090389569 -2007.0994622549983 -589.0944822679808
194.04410193197833 27.217418668253078 39628422527320172 10 109-110-112-113-115-116-117-118-119-454 1.001134623337803 1.0 4 1.164477230639106 1.0 [-1,-1] 1.0 1.0 1.0 0.0002622817504223413 0.28340640119267335 62.782581331746925 -194.04410193197833 3398.4533097849094 3398.4533097849094 -124.20771353160723 -112.19846814196907 3394.3289243138843
194.3014315323229 28.528699181408932 39628449266010011 10 109-110-112-113-115-116-117-118-119-454 0.5498261342886217 1.0 4 0.5136558461885121 1.0 [-1,-1] 1.0 1.0 1.0 0.0007045118177349687 0.128340413101622 61.47130081859107 -194.3014315323229 2111.3277534069334 2111.3277534069334 -1834.0547849524603 -948.5737248339954 440.63115715291076
193.26441611916795 28.110529160406397 39628438591509799 10 109-110-112-113-115-116-117-118-119-454 0.8344157297571305 1.0 4 1.3128417949886637 1.0 [-1,-1] 1.0 1.0 1.0 0.0006232532477076302 0.14268566385842998 61.8894708395936 -193.26441611916795 2963.245700690503 2963.245700690503 -135.29013894110514 -2393.3288789277985 1741.981210649602
193.26338090077468 28.109769087108333 39628438591509781 10 109-110-112-113-115-116-117-118-119-454 0.640538548213623 1.0 4 1.3138090005292347 1.0 [-1,-1] 1.0 1.0 1.0 0.000833303205902425 0.11070054926254569 61.89023091289167 -193.26338090077468 2399.0425839428653 2399.0425839428653 -107.4654866824925 -1936.6796433953032 1411.7820113606763
193.77829155607918 27.63930443558331 39628433252159532 10 109-110-112-113-115-116-117-118-119-454 0.5242247192628384 1.0 4 1.025460849646204 1.0 [-1,-1] 1.0 1.0 1.0 0.0006865842838717192 0.13125169390769817 62.36069556441669 -193.77829155607918 2027.2156113701421 2027.2156113701421 -496.8297807294856 -774.5379861793534 1806.3372364894499
195.281627763136 28.854078908267574 39628454588583392 10 109-110-112-113-115-116-117-118-119-454 0.7227979476068055 1.0 4 0.8037298531690875 1.0 [-1,-1] 1.0 1.0 1.0 0.0006167714992318164 0.14396928707710532 61.145921091732426 -195.281627763136 2646.5590018279727 2646.5590018279727 -2303.5530526211733 1267.0742856340914 -304.0405213145212
194.2734713290114 28.537094205118755 39628449266009522 10 109-110-112-113-115-116-117-118-119-454 0.848411388806836 1.0 4 0.5380014808788797 1.0 [-1,-1] 1.0 1.0 1.0 0.0006232532477076302 0.14268566385842998 61.462905794881245 -194.2734713290114 3001.4696145727194 3001.4696145727194 -2573.090175012327 -1423.3544763912575 601.7381764482863
194.04403277287736 27.21677269167666 39628422527320169 10 109-110-112-113-115-116-117-118-119-454 1.0007824764286055 1.0 4 1.1650561814389258 1.0 [-1,-1] 1.0 1.0 1.0 0.0002622817504223413 0.28340640119267335 62.78322730832334 -194.04403277287736 3397.5786431664005 3397.5786431664005 -122.54137691032662 -110.70863534116174 3393.5627068769863
194.83374736745745 27.581027695650224 39628427908615942 10 109-110-112-113-115-116-117-118-119-454 0.4279219719010799 1.0 4 0.6233823115899975 1.0 [-1,-1] 1.0 1.0 1.0 0.0006262316776515472 0.14210347001521706 62.41897230434978 -194.83374736745745 1698.9134517038253 1698.9134517038253 -680.6575819366461 37.47590313868344 1556.1515765555434
195.14361270691128 29.0820759507476 39628459885986336 10 109-110-112-113-115-116-117-118-119-454 0.613955534453007 1.0 4 0.9473063168639766 1.0 [-1,-1] 1.0 1.0 1.0 0.0007214233604467519 0.12571007283523317 60.9179240492524 -195.14361270691128 2316.3676374152574 2316.3676374152574 -2037.7401678644815 778.3576558836688 -779.3159817838056
194.83144088307634 27.584109700828474 39628427908615895 10 109-110-112-113-115-116-117-118-119-454 0.4372781130580643 1.0 4 0.6200821558101036 1.0 [-1,-1] 1.0 1.0 1.0 0.0005288673958748294 0.16397488484989944 62.41589029917152 -194.83144088307634 1731.6483620912766 1731.6483620912766 -698.7372379512501 36.85503003246645 1583.9867515212886
195.4056029022709 27.585288973449774 39628427917004276 10 109-110-112-113-115-116-117-118-119-454 0.5153245131424903 1.0 4 0.8447556528563759 1.0 [-1,-1] 1.0 1.0 1.0 0.0006865842838717192 0.13125169390769817 62.41471102655022 -195.4056029022709 1997.6674266459609 1997.6674266459609 -655.4745955831394 474.76941204720293 1826.3685847637023
194.2773632753533 29.54239916209924 39628470426276556 9 109-110-112-113-115-116-117-118-454 1.0093539078998535 1.0 4 1.4047513777747656 1.0 [-1,-1] 1.0 1.0 1.0 0.0002622817504223413 0.28340640119267335 60.457600837900756 -194.2773632753533 3418.817174654148 3418.817174654148 -2081.300968034272 -1140.7554843857836 -2460.7263315967352
194.01940032299416 27.353224705855713 39628422523130815 9 109-110-112-113-115-116-117-118-454 0.7840872455818089 1.0 4 1.0652998578092576 1.0 [-1,-1] 1.0 1.0 1.0 0.0007324854237337303 0.12404708914385561 62.64677529414429 -194.01940032299416 2823.0966022562393 2823.0966022562393 -376.79756629066753 -357.65776276367063 2774.8835911517153
194.44507008947207 27.169060857175932 39628422531516794 9 109-110-112-113-115-116-117-118-454 0.45982497007380585 1.0 4 1.0657126103739945 1.0 [-1,-1] 1.0 1.0 1.0 0.0005635091211985168 0.1554616369400361 62.830939142824064 -194.44507008947207 1809.7854598785236 1809.7854598785236 -1.5627884014474782 -0.5417180786086204 1809.7847040522954
195.9187366266627 28.697524058937883 39628454596972158 9 109-110-112-113-115-116-117-119-454 0.717767091543283 1.0 4 1.1417002586051364 1.0 [-1,-1] 1.0 1.0 1.0 0.0006167714992318164 0.14396928707710532 61.30247594106211 -195.9187366266627 2631.774342248934 2631.774342248934 -1098.0907940837815 2389.258731632928 108.97481261314495
195.91739074163587 28.69972252024534 39628454596972139 9 109-110-112-113-115-116-117-119-454 0.7228434469236361 1.0 4 1.141586304307209 1.0 [-1,-1] 1.0 1.0 1.0 0.0006167714992318164 0.14396928707710532 61.300277479754655 -195.91739074163587 2646.6925088694557 2646.6925088694557 -1107.64642959642 2401.52672749514 103.77861356984637
196.15558049805477 28.542873397823975 39628449291177859 9 109-110-112-113-115-116-117-119-454 0.9536593908095182 1.0 4 1.283388816898103 1.0 [-1,-1] 1.0 1.0 1.0 0.00041974738576830407 0.19815580287489248 61.457126602176025 -196.15558049805477 3278.881820003311 3278.881820003311 -619.8838394640724 3155.752183464517 638.7786562483441
195.16823200758108 28.93317515758266 39628459885986798 9 109-110-112-113-115-116-117-119-454 0.7276683694638866 1.0 4 0.8200391292401159 1.0 [-1,-1] 1.0 1.0 1.0 0.0006167714992318164 0.14396928707710532 61.06682484241734 -195.16823200758108 2660.8291788445576 2660.8291788445576 -2415.256823152024 991.35648220911 -513.5744565203524
194.0147984858227 27.232405320497833 39628422523130700 9 109-110-112-113-115-116-117-119-454 0.8083117148646974 1.0 4 1.1661133743141783 1.0 [-1,-1] 1.0 1.0 1.0 0.0007229154976227362 0.12548315978664992 62.76759467950217 -194.0147984858227 2891.085726436139 2891.085726436139 -134.05912727995843 -128.42736977411096 2885.1189297303877
195.91187103517598 28.693436997173606 39628454596972053 8 109-110-112-113-115-116-117-454 0.7206447873623207 1.0 4 1.134504454732058 1.0 [-1,-1] 1.0 1.0 1.0 0.0006167714992318164 0.14396928707710532 61.306563002826394 -195.91187103517598 2640.2368366034157 2640.2368366034157 -1117.8533304354034 2388.8970411731243 120.10583527198182
193.08921905166002 27.765738183184457 39628433243768890 7 109-110-112-113-115-116-118 0.931658812098215 1.0 4 1.529539948184707 1.0 [-1,-1] 1.0 1.0 1.0 0.0004445766401596716 0.18918261239264766 62.23426181681555 -193.08921905166002 3222.322456286126 3222.322456286126 214.756344972124 -1800.284882330667 2663.872381896648
193.07930081462402 27.78590064374848 39628433243768681 7 109-110-112-113-115-116-118 0.5099645569464214 1.0 4 1.5322365994013103 1.0 [-1,-1] 1.0 1.0 1.0 0.0005337442823398631 0.16272042362546515 62.21409935625152 -193.07930081462402 1979.7957398685103 1979.7957398685103 147.1144750193262 -1137.232550148666 1613.8930044224282
194.3827286701843 29.41497584311432 39628470430467037 7 109-110-112-113-115-116-118 0.5047017143971012 1.0 4 1.2568716753747329 1.0 [-1,-1] 1.0 1.0 1.0 0.0005337442823398631 0.16272042362546515 60.58502415688568 -194.3827286701843 1962.1914067323758 1962.1914067323758 -1412.1667306021286 -590.4336335853868 -1227.749309087988
193.23085901071823 28.091356965044735 39628438591509183 7 109-110-112-113-115-116-118 0.9608167819242108 1.0 4 1.3438937559515183 1.0 [-1,-1] 1.0 1.0 1.0 0.00041974738576830407 0.19815580287489248 61.90864303495526 -193.23085901071823 3297.1237256053964 3297.1237256053964 -60.24090278384931 -2628.9052701903975 1989.0331761805655
193.0649024081327 27.784313879976462 39628433243768373 7 109-110-112-113-115-116-118 0.6425834505073758 1.0 4 1.5449175399439252 1.0 [-1,-1] 1.0 1.0 1.0 0.000833303205902425 0.11070054926254569 62.215686120023534 -193.0649024081327 2405.3470929670834 2405.3470929670834 198.16724865848232 -1375.8794670021402 1963.0028200403158
195.01271251209104 28.725340924719866 39628454584388381 8 109-110-112-113-115-116-118-119 0.8960267735832721 1.0 4 0.5738674956263385 1.0 [-1,-1] 1.0 1.0 1.0 0.0005275616701708153 0.16431404058018498 61.274659075280134 -195.01271251209104 3129.135027437462 3129.135027437462 -3043.597399302331 725.3891015856099 42.562215602082595
193.0649271199178 27.848230903534947 39628433243768374 9 109-110-112-113-115-116-118-119-454 0.5122844988362385 1.0 4 1.528510244189626 1.0 [-1,-1] 1.0 1.0 1.0 0.0006865842838717192 0.13125169390769817 62.15176909646505 -193.0649271199178 1987.5382282659884 1987.5382282659884 178.15037726606528 -1237.1185590224352 1545.3505501409434
194.3586061310241 29.55309126888225 39628470430466579 9 109-110-112-113-115-116-118-119-454 0.783195206091955 1.0 4 1.3958182187950874 1.0 [-1,-1] 1.0 1.0 1.0 0.0007324854237337303 0.12404708914385561 60.44690873111775 -194.3586061310241 2820.5739173999004 2820.5739173999004 -1767.896239075747 -789.787397274584 -2050.954894307695
195.15179226632034 28.942201930836514 39628459885986520 9 109-110-112-113-115-116-118-119-454 1.0029228498866336 1.0 4 0.8218108753004969 1.0 [-1,-1] 1.0 1.0 1.0 0.0002622817504223413 0.28340640119267335 61.05779806916348 -195.15179226632034 3402.8921367653397 3402.8921367653397 -3103.6103953151014 1214.6710552012337 -686.9145770819972
