data_rosette/LRG_14_clustering_data.ecsv
# %ECSV 1.0
# ---
# datatype:
# - {name: RA, unit: deg, datatype: float64}
# - {name: DEC, unit: deg, datatype: float64}
# - {name: TARGETID, datatype: int64}
# - {name: NTILE, datatype: int64}
# - {name: TILES, datatype: string}
# - {name: Z, datatype: float64}
# - {name: COMP_TILE, datatype: float64}
# - {name: ROSETTE_NUMBER, datatype: int32}
# - {name: ROSETTE_R, unit: deg, datatype: float64}
# - {name: FRACZ_TILELOCID, datatype: float64}
# - {name: BITWEIGHTS, datatype: string, subtype: 'int64[2]'}
# - {name: PROB_OBS, datatype: float64}
# - {name: WEIGHT_ZFAIL, datatype: float64}
# - {name: WEIGHT, datatype: float64}
# - {name: NZ, unit: h3 / Mpc3, datatype: float64}
# - {name: WEIGHT_FKP, datatype: float64}
# - {name: theta, unit: deg, datatype: float64}
# - {name: phi, unit: deg, datatype: float64}
# - {name: rho, unit: Mpc, datatype: float64}
# - {name: r, unit: Mpc, datatype: float64}
# - {name: x, unit: Mpc, datatype: float64}
# - {name: y, unit: Mpc, datatype: float64}
# - {name: z, unit: Mpc, datatype: float64}
# meta: !!omap
# - {EXTNAME: LSS}
# - {DESIDR: edr}
# - comments: ['Visit https://desidatamodel.readthedocs.io/en/latest/ for a more complet', e description]
# schema: astropy-2.0
RA DEC TARGETID NTILE TILES Z COMP_TILE ROSETTE_NUMBER ROSETTE_R FRACZ_TILELOCID BITWEIGHTS PROB_OBS WEIGHT_ZFAIL WEIGHT NZ WEIGHT_FKP theta phi rho r x y z
[from data line 2819]
254.32801705137354 34.09872796258697 39632961917686518 7 379-381-382-384-385-387-389 0.7063169900865133 1.0 14 1.5625100873890756 1.0 [-1,-1] 1.0 1.0 1.0 0.0005639081233901963 0.1550231922816235 55.90127203741303 -254.32801705137354 2597.95577308457 2597.95577308457 1551.3091800003237 220.17660371763523 2072.278043633512
254.2865169083342 34.084690223498505 39632961917685751 7 379-381-382-384-385-387-389 1.0905361765904635 1.0 14 1.5332644306835743 1.0 [-1,-1] 1.0 1.0 1.0 5.9370222311395755e-05 0.6353792046182113 55.915309776501495 -254.2865169083342 3614.7873684317633 3614.7873684317633 2103.9044176247676 388.25687140536655 2913.6798935846296
254.33162031964827 34.35390843447768 39632966929877858 8 379-381-382-384-385-387-389-436 0.7925910993644547 1.0 14 1.5178331409175423 1.0 [-1,-1] 1.0 1.0 1.0 0.0008239664519383997 0.11155322342262282 55.64609156552232 -254.33162031964827 2847.077252973169 2847.077252973169 2213.6873783379096 306.05457488334883 1764.0203152394963
253.86506351224926 35.465417952937976 39632991743379096 8 379-381-382-384-385-387-389-436 0.6791391223398427 1.0 14 1.4774392594632917 1.0 [-1,-1] 1.0 1.0 1.0 0.0008053318504768218 0.11384060807160488 54.534582047062024 -253.86506351224926 2516.7348115610603 2516.7348115610603 1871.3110980543036 1291.089890528181 -1079.4608749732486
253.0339678569403 33.22530237736905 39632946788830378 9 379-381-382-384-385-387-389-436-437 0.712448943744767 1.0 14 1.3496046437458842 1.0 [-1,-1] 1.0 1.0 1.0 0.0005823912580269674 0.15084542533972659 56.77469762263095 -253.0339678569403 2616.0961510807274 2616.0961510807274 -79.35051552064085 -580.899112026363 2549.552664494889
252.5365543593564 34.80399633628726 39632976878768462 8 379-381-382-384-385-387-389-437 0.5130053894056806 1.0 14 0.30547994139324663 1.0 [-1,-1] 1.0 1.0 1.0 0.0006888416087567301 0.1305783864573065 55.19600366371274 -252.5365543593564 1989.94189021587 1989.94189021587 -687.400685379662 1817.1134723344985 430.6363347837039
252.55944689486952 34.77792934650979 39632976882958588 8 379-381-382-384-385-387-389-437 0.8611651618334534 1.0 14 0.2822000916925293 1.0 [-1,-1] 1.0 1.0 1.0 0.0006576102792991648 0.1359368301360722 55.22207065349021 -252.55944689486952 3036.0228856427775 3036.0228856427775 -978.9957544379952 2778.520509185387 734.0477198215779
254.3736727753056 34.33168132384632 39632966929878681 7 379-381-382-384-385-387-436 0.7047143750387774 1.0 14 1.554814277042396 1.0 [-1,-1] 1.0 1.0 1.0 0.0005639081233901963 0.1550231922816235 55.66831867615368 -254.3736727753056 2593.20353799469 2593.20353799469 1990.1814733576905 190.30517099540037 1651.5647836111066
254.3680256617331 34.328316774217036 39632966929878575 7 379-381-382-384-385-387-436 0.7055054359441102 1.0 14 1.5505829975141434 1.0 [-1,-1] 1.0 1.0 1.0 0.0005639081233901963 0.1550231922816235 55.671683225782964 -254.3680256617331 2595.5498501933657 2595.5498501933657 1985.330046673579 201.16139718678238 1659.7824323976172
252.2787652469378 34.487594006865635 39632971895935003 7 379-381-382-384-385-387-436 0.535408565506526 1.0 14 0.18276043471305825 1.0 [-1,-1] 1.0 1.0 1.0 0.0006094867785671962 0.14511252611805409 55.512405993134365 -252.2787652469378 2064.1202280137572 2064.1202280137572 -1031.2225652057793 1446.1749845336246 1051.5465994501376
253.0287168796018 33.2153739627667 39632946788830295 8 379-381-382-384-385-387-436-437 1.0045762711474422 1.0 14 1.3575778422695586 1.0 [-1,-1] 1.0 1.0 1.0 0.00023297360745577845 0.30751381291380364 56.7846260372333 -253.0287168796018 3406.992197573796 3406.992197573796 -103.65095950149478 -789.6956916134303 3312.587059621276
252.1360035774384 35.14787700622546 39632986785710313 8 379-381-382-384-385-387-436-437 0.85046830162879 1.0 14 0.7134624986420776 1.0 [-1,-1] 1.0 1.0 1.0 0.0006576102792991648 0.1359368301360722 54.85212299377454 -252.1360035774384 3007.0602413301267 3007.0602413301267 -2060.0340746696857 2157.8781937540202 -377.137384926365
251.90873861736569 33.161581317567126 39632946772054059 7 379-381-382-384-385-387-437 0.4958079498969874 1.0 14 1.4256818134073368 1.0 [-1,-1] 1.0 1.0 1.0 0.0007365189099627642 0.12316671624379881 56.838418682432874 -251.90873861736569 1932.3140162283294 1932.3140162283294 461.39951817734885 -303.1698205883311 1851.7656444114643
252.3233869352676 34.5511369743718 39632971900125568 7 379-381-382-384-385-388-389 0.5131661664097198 1.0 14 0.15423102535461516 1.0 [-1,-1] 1.0 1.0 1.0 0.0006888416087567301 0.1305783864573065 55.4488630256282 -252.3233869352676 1990.4778252667995 1990.4778252667995 -964.3626836892362 1488.6911476295202 903.2193831822058
252.43463041209583 34.495976442696985 39632971900127245 7 379-381-382-384-385-388-389 0.5151425764254661 1.0 14 0.054024128055230214 1.0 [-1,-1] 1.0 1.0 1.0 0.0006888416087567301 0.1305783864573065 55.504023557303015 -252.43463041209583 1997.061745214174 1997.061745214174 -772.2087451629676 1544.685511450069 1002.943636904864
252.32528874001952 34.54779683569537 39632971900125596 7 379-381-382-384-385-388-389 0.5481373332680242 1.0 14 0.1516709254026817 1.0 [-1,-1] 1.0 1.0 1.0 0.0006094867785671962 0.14511252611805409 55.45220316430463 -252.32528874001952 2105.819432849017 2105.819432849017 -1015.5113589420743 1574.202489814301 961.8205054409235
252.44262616086925 34.51091753283449 39632971900127382 8 379-381-382-384-385-388-389-436 0.6657220279116761 1.0 14 0.048524308707350056 1.0 [-1,-1] 1.0 1.0 1.0 0.0006371005092682059 0.1397016056866948 55.48908246716551 -252.44262616086925 2476.139737098146 2476.139737098146 -950.1801734587857 1939.30615550986 1211.4112723612375
252.32060492362316 34.55054503899195 39632971900125527 8 379-381-382-384-385-388-389-436 0.5469669616027336 1.0 14 0.1562031970206306 1.0 [-9008921687639041,-9007328389497857] 0.859375 1.0 1.162162162162162 0.0006094867785671962 0.14511252611805409 55.44945496100805 -252.32060492362316 2101.998746834424 2101.998746834424 -1022.4544226479712 1568.7858153911345 954.9328514239445
253.7311051552943 35.42394211546196 39632991739187808 8 379-381-382-384-385-388-389-436 0.9564157521708064 1.0 14 1.3680435098966 1.0 [-1,-1] 1.0 1.0 1.0 0.0003767415448896098 0.21544643941305056 54.57605788453804 -253.7311051552943 3285.916055996428 3285.916055996428 2237.557007873221 2034.4890148062145 -1285.0826480057203
253.89657871933696 33.620735961053015 39632951855547062 8 379-381-382-384-385-388-389-437 0.6034485657223038 1.0 14 1.4531532636965248 1.0 [-1,-1] 1.0 1.0 1.0 0.0006106036532175123 0.14488555312656437 56.379264038946985 -253.89657871933696 2283.319440105813 2283.319440105813 323.5893801348049 208.51999404189925 2250.634797276951
253.35155248305333 35.02397519186733 39632981853212547 6 379-381-382-384-385-389 0.8675522760339477 1.0 14 0.8740379884443323 1.0 [-1,-1] 1.0 1.0 1.0 0.0006576102792991648 0.1359368301360722 54.97602480813267 -253.35155248305333 3053.2280816773136 3053.2280816773136 1337.2324616081446 2744.809514940606 -5.638178417626389
254.3637872103123 34.20015627865087 39632966929878474 6 379-381-382-384-385-389 0.5358083481265753 1.0 14 1.5676693449433727 1.0 [-1,-1] 1.0 1.0 1.0 0.0006094867785671962 0.14511252611805409 55.79984372134913 -254.3637872103123 2065.4348111201507 2065.4348111201507 1398.3261391724175 147.67406066385578 1512.9102218245275
253.34617751513045 35.02563496854082 39632981853212466 7 379-381-382-384-385-389-436 0.8667576946606724 1.0 14 0.8715022868676875 1.0 [-1,-1] 1.0 1.0 1.0 0.0006576102792991648 0.1359368301360722 54.97436503145918 -253.34617751513045 3051.0912775564834 3051.0912775564834 1321.5285576101387 2750.019236448894 -10.698343944768018
251.98484107167124 34.17843426518881 39632966896324012 10 379-381-382-384-386-387-388-389-436-437 0.7963622238472393 1.0 14 0.5332403535240077 1.0 [-1,-1] 1.0 1.0 1.0 0.0008239664519383997 0.11155322342262282 55.82156573481119 -251.98484107167124 2857.6723248806375 2857.6723248806375 -1503.5922504965479 1160.762918482634 2134.977964221437
253.88644854354436 34.92497560405769 39632981861600344 10 379-381-382-384-386-387-388-389-436-437 0.6327158663301992 1.0 14 1.2163300251265146 1.0 [-1,-1] 1.0 1.0 1.0 0.0007982518636535506 0.11473445525619816 55.07502439594231 -253.88644854354436 2374.8523598254374 2374.8523598254374 1973.7899432381078 1300.3886852163685 230.36114755270663
251.98743173836056 34.17624308417784 39632966896324064 10 379-381-382-384-386-387-388-389-436-437 0.7960394072803924 1.0 14 0.5328683542559463 1.0 [-1,-1] 1.0 1.0 1.0 0.0008239664519383997 0.11155322342262282 55.82375691582216 -251.98743173836056 2856.766308286506 2856.766308286506 -1496.4062520924617 1161.4148836200204 2138.456812041197
252.30898543991552 35.52680083881366 39632991722406859 10 379-381-382-384-386-387-388-389-436-437 0.7529469297318473 1.0 14 1.038649684320605 1.0 [-1,-1] 1.0 1.0 1.0 0.0007242712797402853 0.12498917450484462 54.47319916118634 -252.30898543991552 2734.220258129475 2734.220258129475 -1330.023117444285 1989.7683077563786 -1322.0518176220316
254.04260315792575 35.18960379568277 39632986810877590 8 379-381-382-384-386-387-388-436 0.6325132411980814 1.0 14 1.441623154002506 1.0 [-1,-1] 1.0 1.0 1.0 0.0007982518636535506 0.11473445525619816 54.81039620431723 -254.04260315792575 2374.2242456823387 2374.2242456823387 2131.3919176328063 968.2340943998859 -395.7676094339355
253.97047292178516 35.073684842894565 39632981861601886 8 379-381-382-384-386-387-388-437 0.7807924818445189 1.0 14 1.3369839667304166 1.0 [-1,-1] 1.0 1.0 1.0 0.0007064174578981374 0.12774458208408304 54.926315157105435 -253.97047292178516 2813.772243206721 2813.772243206721 2468.011404775323 1343.5802782361434 -145.00337401042015
252.9119264335238 34.035520538330395 39632961900905880 9 379-381-382-384-386-387-389-436-437 0.9251547074987803 1.0 14 0.5758704956817842 1.0 [-1,-1] 1.0 1.0 1.0 0.00042618922305278896 0.1953324009783564 55.964479461669605 -252.9119264335238 3205.459641148614 3205.459641148614 24.25074002324564 1767.71671090096 2673.8663097923236
253.3660427023898 35.55756118757247 39632991734992277 9 379-381-382-384-386-388-389-436-437 0.8704447052478936 1.0 14 1.273310938953942 1.0 [-1,-1] 1.0 1.0 1.0 0.0005346154933450218 0.1621399955636538 54.44243881242753 -253.3660427023898 3060.9978689646923 3060.9978689646923 1187.184206933562 2349.7240053125556 -1561.7614131075966
253.37686825951783 35.55748893720747 39632991734992445 9 379-381-382-384-386-388-389-436-437 0.8719784487495433 1.0 14 1.2782093113992417 1.0 [-1,-1] 1.0 1.0 1.0 0.0005346154933450218 0.1621399955636538 54.44251106279253 -253.37686825951783 3065.112425129905 3065.112425129905 1214.233152853255 2339.975937179341 -1563.6702474049441
253.37723719701 35.56492918683979 39632991734992454 9 379-381-382-384-386-388-389-436-437 0.8675474860424491 1.0 14 1.2845220067513818 1.0 [-1,-1] 1.0 1.0 1.0 0.0006576102792991648 0.1359368301360722 54.43507081316021 -253.37723719701 3053.215203386159 3053.215203386159 1205.0049882369103 2320.0980014236907 -1577.095850068201
251.95661202735934 33.81208580619108 39632956863549306 8 379-381-382-384-387-388-389-436 0.7997851190074723 1.0 14 0.8218355299562502 1.0 [-1,-1] 1.0 1.0 1.0 0.0008239664519383997 0.11155322342262282 56.18791419380892 -251.95661202735934 2867.2681534042313 2867.2681534042313 -818.2707075858101 595.6108682617084 2682.7052402829613
253.26547576048495 35.15110463359898 39632986798296486 9 379-381-382-384-387-388-389-436-437 0.8401808671708231 1.0 14 0.9048646044412822 1.0 [-1,-1] 1.0 1.0 1.0 0.0006366829495309179 0.1397804201853648 54.84889536640102 -253.26547576048495 2979.0300056685633 2979.0300056685633 1060.7843444478874 2757.2713610748087 -383.159223619344
251.89904127398512 33.16244062313045 39632946772053895 6 379-381-382-384-387-437 0.8390682698074066 1.0 14 1.4276706793311353 1.0 [-1,-1] 1.0 1.0 1.0 0.0006366829495309179 0.1397804201853648 56.83755937686955 -251.89904127398512 2975.988100395448 2975.988100395448 713.0418978956397 -458.6778889234227 2852.663846259044
252.97731007495432 33.43558216351087 39632951842963849 8 379-381-382-384-388-389-436-437 0.8099818558437668 1.0 14 1.1356398785204933 1.0 [-1,-1] 1.0 1.0 1.0 0.0008239664519383997 0.11155322342262282 56.56441783648913 -252.97731007495432 2895.736632355891 2895.736632355891 -3.603754146221664 -45.46356900829435 2895.377474668358
254.0034820425548 35.0085801309082 39632981861602487 5 379-381-382-384-389 1.0475311492403319 0.5 14 1.3358465390947818 0.5 [604886598195729720,4983679826019719027] 0.5234375 1.0 1.8970588235294117 0.00017557006270178804 0.37077784677498654 54.9914198690918 -254.0034820425548 3512.129712034193 3512.129712034193 3138.1052890152637 1576.4156257639063 47.582392281206396
253.96869854771057 35.16904155597483 39632986810876185 7 379-381-382-385-386-387-388 0.5985784705972733 1.0 14 1.3787013968415047 1.0 [-1,-1] 1.0 1.0 1.0 0.0006106036532175123 0.14488555312656437 54.83095844402517 -253.96869854771057 2267.92939172968 2267.92939172968 1968.5255468677515 1076.1936870139898 -331.9910318541924
252.80601337597653 33.567626630721634 39632951838771376 10 379-381-382-385-386-387-388-389-436-437 0.9471294355728608 1.0 14 0.9662439630328995 1.0 [-1,-1] 1.0 1.0 1.0 0.0003671239319408774 0.21984967794317842 56.432373369278366 -252.80601337597653 3262.171470859646 3262.171470859646 -34.84811316934116 376.9101533752623 3240.1368876301754
252.23978827962503 34.658714315077965 39632976874574041 10 379-381-382-385-386-387-388-389-436-437 0.9752646429128207 1.0 14 0.266627417611655 1.0 [-1,-1] 1.0 1.0 1.0 0.00030269805442075816 0.25472307248715254 55.341285684922035 -252.23978827962503 3333.7123613926524 3333.7123613926524 -1906.570800714567 2464.6171863707787 1185.0265883137715
253.80492694648532 34.00020448384577 39632961913488518 9 379-381-382-385-386-387-388-389-437 0.7631733019762178 1.0 14 1.1887900430196796 1.0 [-1,-1] 1.0 1.0 1.0 0.0007242712797402853 0.12498917450484462 55.99979551615423 -253.80492694648532 2763.592075472888 2763.592075472888 1135.4250492337785 888.6517967489959 2357.6575453877517
251.21199753593825 34.15832536982839 39632966887932783 9 379-381-382-385-386-387-388-389-437 0.4600059554584977 1.0 14 1.1171675981864218 1.0 [-1,-1] 1.0 1.0 1.0 0.0005330850268982689 0.1625298359500762 55.84167463017161 -251.21199753593825 1810.4084082832703 1810.4084082832703 -1168.1282706532625 -135.42106344807797 1376.4868628715546
251.44536632524614 33.49117975772636 39632951817802081 9 379-381-382-385-386-387-388-389-437 0.9321591276658505 1.0 14 1.3349901877535708 1.0 [-1,-1] 1.0 1.0 1.0 0.0003671239319408774 0.21984967794317842 56.50882024227364 -251.44536632524614 3223.6168973094036 3223.6168973094036 -127.52683300928797 15.112457331008747 3221.0579661214956
252.97156321858458 33.71390577750752 39632956880323956 9 379-381-382-385-386-387-388-436-437 0.6605279740320951 1.0 14 0.8777185951089629 1.0 [-1,-1] 1.0 1.0 1.0 0.0006371005092682059 0.1397016056866948 56.28609422249248 -252.97156321858458 2460.335218528357 2460.335218528357 46.80380481310012 636.9037922061244 2376.007649579322
252.0863115095401 35.28037045874119 39632986781519688 9 379-381-382-385-386-387-388-436-437 0.868354845818306 1.0 14 0.8509506198815361 1.0 [-1,-1] 1.0 1.0 1.0 0.0006576102792991648 0.1359368301360722 54.71962954125881 -252.0863115095401 3055.38533523715 3055.38533523715 -2143.455348648343 2032.7640469791581 -780.2877959073545
251.42750037955574 35.41823718078956 39632991709824737 8 379-381-382-385-386-387-389-436 0.9814958713222419 1.0 14 1.271107917549267 1.0 [-1,-1] 1.0 1.0 1.0 0.00030269805442075816 0.25472307248715254 54.58176281921044 -251.42750037955574 3349.396636022641 3349.396636022641 -3074.5862464284965 308.76117948416345 -1292.3017343933514
