data_rosette/LRG_16_clustering_data.ecsv
# %ECSV 1.0
# ---
# datatype:
# - {name: RA, unit: deg, datatype: float64}
# - {name: DEC, unit: deg, datatype: float64}
# - {name: TARGETID, datatype: int64}
# - {name: NTILE, datatype: int64}
# - {name: TILES, datatype: string}
# - {name: Z, datatype: float64}
# - {name: COMP_TILE, datatype: float64}
# - {name: ROSETTE_NUMBER, datatype: int32}
# - {name: ROSETTE_R, unit: deg, datatype: float64}
# - {name: FRACZ_TILELOCID, datatype: float64}
# - {name: BITWEIGHTS, datatype: string, subtype: 'int64[2]'}
# - {name: PROB_OBS, datatype: float64}
# - {name: WEIGHT_ZFAIL, datatype: float64}
# - {name: WEIGHT, datatype: float64}
# - {name: NZ, unit: h3 / Mpc3, datatype: float64}
# - {name: WEIGHT_FKP, datatype: float64}
# - {name: distance, unit: Mpc, datatype: float64}
# - {name: x, unit: Mpc, datatype: float64}
# - {name: y, unit: Mpc, datatype: float64}
# - {name: z, unit: Mpc, datatype: float64}
# meta: !!omap
# - {EXTNAME: LSS}
# - {DESIDR: edr}
# - comments: ['Visit https://desidatamodel.readthedocs.io/en/latest/ for a more complet', e description]
# schema: astropy-2.0
RA DEC TARGETID NTILE TILES Z COMP_TILE ROSETTE_NUMBER ROSETTE_R FRACZ_TILELOCID BITWEIGHTS PROB_OBS WEIGHT_ZFAIL WEIGHT NZ WEIGHT_FKP distance x y z
[from data line 4166]
194.88983986021847 25.234610685166057 39628379124666960 10 482-483-484-485-486-487-488-489-490-491 0.7798544137075366 1.0 16 0.5494355684718751 1.0 [-1,-1] 1.0 1.0 1.0 0.0007324854237337303 0.12404708914385561 2811.1140576739235 -2457.4639312918675 -653.4139868211981 1198.4504301296313
194.91761171996086 25.34686260692082 39628379128856800 10 482-483-484-485-486-487-488-489-490-491 0.6610667637706548 1.0 16 0.664453159986605 1.0 [-1,-1] 1.0 1.0 1.0 0.000700708733790897 0.12894715825466588 2461.9769782454077 -2149.980978325467 -572.7734187461848 1053.9653908107534
195.45142836467878 24.57093504606276 39628362670409176 10 482-483-484-485-486-487-488-489-490-491 0.5892098299849972 1.0 16 0.6505142897333566 1.0 [-1,-1] 1.0 1.0 1.0 0.0006621615122706149 0.13543705131792066 2238.1948425243336 -1961.9494475890044 -542.3060275509463 930.6850652555029
194.99386611305314 25.14740493131501 39628379128858174 10 482-483-484-485-486-487-488-489-490-491 0.7607276233237469 1.0 16 0.4990793494137298 1.0 [-1,-1] 1.0 1.0 1.0 0.0006416626200019751 0.139161677870846 2756.5842452898396 -2410.351906250644 -645.5752840742371 1171.4063948973942
195.04726951581176 23.249759310638236 39628335004780658 10 482-483-484-485-486-487-488-489-490-491 0.47955193849740335 1.0 16 1.4754559883829867 1.0 [-1,-1] 1.0 1.0 1.0 0.00048380039118235755 0.17655271186088778 1877.288024464326 -1665.6975219586736 -447.7955109625432 741.0406685868875
196.03220075928687 25.23564166561588 39628379145634129 10 482-483-484-485-486-487-488-489-490-491 0.6501373374890218 1.0 16 1.2798421663023292 1.0 [-1,-1] 1.0 1.0 1.0 0.000700708733790897 0.12894715825466588 2428.568041903488 -2111.3498277187314 -606.7041916776977 1035.4007257809596
195.3258961041453 24.152915674015585 39628357159092426 10 482-483-484-485-486-487-488-489-490-491 0.6756413312327494 1.0 16 0.7577860028036165 1.0 [-1,-1] 1.0 1.0 1.0 0.0007209928471550773 0.12577569469930108 2506.183751449337 -2205.461602220124 -604.4175612441867 1025.4635677687165
194.61810578313555 24.372006661443343 39628357146511661 10 482-483-484-485-486-487-488-489-490-491 0.795357092487628 1.0 16 0.34925031431346637 1.0 [-1,-1] 1.0 1.0 1.0 0.0007229154976227362 0.12548315978664992 2854.8507426197875 -2516.2641297108808 -656.2868862858998 1178.0811156521672
193.3459887887513 24.294564124475635 39628357125541835 10 482-483-484-485-486-487-488-489-490-491 0.6334385495449069 1.0 16 1.340400990577556 1.0 [-1,-1] 1.0 1.0 1.0 0.000833303205902425 0.11070054926254569 2377.0919618433113 -2108.0712825208625 -500.1138821204533 978.0019262666804
194.160819531589 25.53677071857608 39628384581453019 10 482-483-484-485-486-487-488-489-490-491 0.6022860062766271 1.0 16 0.9923504422147061 1.0 [-1,-1] 1.0 1.0 1.0 0.0007756247847600315 0.11796159141779075 2279.6497660278555 -1994.4433205255896 -503.2208142101976 982.7348111811968
195.44999801485037 24.561794988228996 39628362670409160 10 482-483-484-485-486-487-488-489-490-491 0.7912466975685496 1.0 16 0.6511413527826531 1.0 [-1,-1] 1.0 1.0 1.0 0.0007229154976227362 0.12548315978664992 2843.2942769969313 -2492.564467896328 -688.9073148168206 1181.8846942811617
194.23045600754037 24.352331264979007 39628357142315172 10 482-483-484-485-486-487-488-489-490-491 0.9696064058087331 1.0 16 0.5867586935610398 1.0 [-1,-1] 1.0 1.0 1.0 0.00041974738576830407 0.19815580287489248 3319.420288656063 -2931.28714023839 -743.3878136986312 1368.7517352167667
193.30004378957378 24.370980609643137 39628357125540914 10 482-483-484-485-486-487-488-489-490-491 1.0827998245583494 1.0 16 1.3594386807065688 1.0 [-1,-1] 1.0 1.0 1.0 0.0001075182622224553 0.4910338705006151 3596.5081160139125 -3188.1657763864946 -753.6530264555965 1484.074366919045
195.40815845194305 24.527417845466278 39628362670408419 10 482-483-484-485-486-487-488-489-490-491 0.7247217040313466 1.0 16 0.6227465054935095 1.0 [-1,-1] 1.0 1.0 1.0 0.0006167714992318164 0.14396928707710532 2652.2005921389296 -2326.1487325734856 -641.0844786549922 1101.004426020401
194.47816215053396 24.264027589923185 39628357142320096 9 482-483-484-485-486-487-488-489-491 0.43792446401439616 1.0 16 0.5012752367948271 1.0 [-1,-1] 1.0 1.0 1.0 0.0005288673958748294 0.16397488484989944 1733.903038385679 -1530.5332533983642 -395.2005066998298 712.5336948307117
194.31732785844733 24.94046340293879 39628373642707058 9 482-483-484-485-486-487-488-489-491 1.0656126302029223 1.0 16 0.46047810439889164 1.0 [-1,-1] 1.0 1.0 1.0 0.0001568149373683449 0.39812733398474315 3555.604481025271 -3123.896479686686 -797.2774427994957 1499.3140727983632
195.901091831057 24.96914986407792 39628373663682267 9 482-483-484-485-486-487-488-489-491 0.7927318354271712 1.0 16 1.078754983762765 1.0 [-1,-1] 1.0 1.0 1.0 0.0007229154976227362 0.12548315978664992 2847.4730886189586 -2482.562652394852 -707.2277210980092 1202.004416736455
196.1895029404073 24.086405174632095 39628351647778186 9 482-483-484-485-486-487-488-489-491 0.619589692275982 1.0 16 1.4474749681246815 1.0 [-1,-1] 1.0 1.0 1.0 0.0007214233604467519 0.12571007283523317 2334.002197803389 -2046.2863848493175 -594.0946329820464 952.5386383728957
195.6307000489742 25.821028384282958 39628390059215414 9 482-483-484-485-486-487-488-489-491 0.4564276736483403 1.0 16 1.3751569164954784 1.0 [-1,-1] 1.0 1.0 1.0 0.0005635091211985168 0.1554616369400361 1798.079459224527 -1558.7004189869335 -436.0973961717978 783.17418661962
194.4712482704569 24.00120791796156 39628351618421816 9 482-483-484-485-486-487-488-489-491 0.9642730686072419 1.0 16 0.743506293354748 1.0 [-1,-1] 1.0 1.0 1.0 0.00041974738576830407 0.19815580287489248 3305.9050801585245 -2924.2490699838663 -754.6968634464417 1344.6964044052975
193.51400236211978 23.927799748035323 39628351605835911 9 482-483-484-485-486-487-488-489-491 0.8163298150959791 1.0 16 1.3656356600693182 1.0 [-1,-1] 1.0 1.0 1.0 0.0006627118749498285 0.13533979738261318 2913.371333113043 -2589.257677875784 -622.2950634299299 1181.6200980843682
193.57783238576255 23.984610592748282 39628351605836845 9 482-483-484-485-486-487-488-489-491 0.8664820656173748 1.0 16 1.2854150785456064 1.0 [-1,-1] 1.0 1.0 1.0 0.0006812235016579503 0.1321480675826358 3050.349812556796 -2709.0759549802806 -654.2850720857546 1239.9405201696984
193.57746791587127 23.989603905346726 39628351605836840 9 482-483-484-485-486-487-488-489-491 0.9137996879735534 1.0 16 1.282901875829315 1.0 [-1,-1] 1.0 1.0 1.0 0.0004951280553168204 0.17321314004730964 3175.8632909999346 -2820.441915626211 -681.1627407723153 1291.2135238926332
193.85228397950488 25.66312595142863 39628390034047125 9 482-483-484-485-486-487-488-489-491 0.765270614224276 1.0 16 1.2599913471771955 1.0 [-1,-1] 1.0 1.0 1.0 0.0006416626200019751 0.139161677870846 2769.5934305877636 -2423.7849784100267 -597.6844266183834 1199.4529900611599
193.85336421506142 25.67106574454343 39628390034047149 9 482-483-484-485-486-487-488-489-491 0.7658360698242296 1.0 16 1.265426652291031 1.0 [-1,-1] 1.0 1.0 1.0 0.0006416626200019751 0.139161677870846 2771.210148674412 -2425.027061849239 -598.0392146869334 1200.4992857605275
195.0180769443025 25.606765054211767 39628384594036141 9 482-483-484-485-486-487-488-489-491 0.9068662291035552 1.0 16 0.9386707439663675 1.0 [-1,-1] 1.0 1.0 1.0 0.0005275616701708153 0.16431404058018498 3157.6928606549886 -2750.2884712058203 -737.8676751673975 1364.7303108405324
195.2962905888073 23.8522700333439 39628346102907360 9 482-483-484-485-486-487-488-489-491 0.6722244150229683 1.0 16 0.9831720002736956 1.0 [-1,-1] 1.0 1.0 1.0 0.0007209928471550773 0.12577569469930108 2495.854930246237 -2201.8214823821813 -602.196981219294 1009.2733962436301
194.61538837529918 23.458811599473805 39628340549651658 9 482-483-484-485-486-487-488-489-491 0.6861896195464834 1.0 16 1.2472576233851316 1.0 [-1,-1] 1.0 1.0 1.0 0.0007209928471550773 0.12577569469930108 2537.9344171815897 -2252.829138011278 -587.4641947321123 1010.3255914555311
194.7597805611241 24.445788394926595 39628362657828383 9 482-483-484-485-486-487-488-489-491 0.7835091524869516 1.0 16 0.2543671692206937 1.0 [-1,-1] 1.0 1.0 1.0 0.0007324854237337303 0.12404708914385561 2821.46191209716 -2483.7719142646774 -654.3759691751974 1167.6114466255308
195.6234592724904 25.801338586505622 39628390059215248 9 482-483-484-485-486-487-488-489-491 0.787525397372421 1.0 16 1.3553645426999583 1.0 [-1,-1] 1.0 1.0 1.0 0.0007324854237337303 0.12404708914385561 2832.8069582641915 -2456.1692452197626 -686.8589535271237 1232.9852714392928
196.0737578910142 24.25146376613978 39628357167484315 9 482-483-484-485-486-487-488-489-491 0.8919941684179492 1.0 16 1.2855763923042816 1.0 [-1,-1] 1.0 1.0 1.0 0.0005275616701708153 0.16431404058018498 3118.4633878196105 -2732.109462018028 -787.2274687948691 1280.8843433728696
196.07115939004092 24.25481888475311 39628357167484277 9 482-483-484-485-486-487-488-489-491 0.8890071967362566 1.0 16 1.2821765897591046 1.0 [-1,-1] 1.0 1.0 1.0 0.0005690156306133545 0.15418916366201427 3110.5422526871585 -2725.1334084023974 -785.0835445744731 1277.7968696939345
195.31175178976235 23.839679945696684 39628346102907650 9 482-483-484-485-486-487-488-489-491 0.5887678988611463 1.0 16 1.0011957113484087 1.0 [-1,-1] 1.0 1.0 1.0 0.0006621615122706149 0.13543705131792066 2236.7880335723776 -1973.3208692060678 -540.2745600183486 904.0624171401951
195.31298625513185 24.273863708666404 39628357154902997 9 482-483-484-485-486-487-488-489-491 0.9492996759104843 1.0 16 0.6664017056194422 1.0 [-1,-1] 1.0 1.0 1.0 0.0004445766401596716 0.18918261239264766 3267.7323547457936 -2873.0792422336463 -786.6855093866662 1343.3600855391176
195.43145552157802 24.647574436077583 39628368169141028 9 482-483-484-485-486-487-488-489-491 0.6648156571480444 1.0 16 0.6214527050743551 1.0 [-1,-1] 1.0 1.0 1.0 0.000700708733790897 0.12894715825466588 2473.385422670546 -2166.9927548187243 -598.1693896681759 1031.4898113439194
195.43668694852502 25.732798861698218 39628390055022787 9 482-483-484-485-486-487-488-489-491 1.049495106022538 1.0 16 1.2052409868001766 1.0 [-1,-1] 1.0 1.0 1.0 0.00017111768859933566 0.3774092623312036 3516.873982270401 -3053.812058744215 -843.2640904065943 1526.9381751955864
195.6079924293914 24.756187816793716 39628368169144030 8 482-483-484-485-486-487-488-490 0.47229141046226686 1.0 16 0.7813388367548281 1.0 [-1,-1] 1.0 1.0 1.0 0.00048380039118235755 0.17655271186088778 1852.5367420270115 -1620.250647735742 -452.62575348948974 775.7642337398871
194.62980780350566 25.14984945295194 39628379120473196 8 482-483-484-485-486-487-488-490 0.793360266063225 1.0 16 0.4628659667110064 1.0 [-1,-1] 1.0 1.0 1.0 0.0007229154976227362 0.12548315978664992 2849.240207950254 -2495.5096680932766 -651.4181302256355 1210.8904486644237
193.35772993021098 25.040413862110842 39628373625932542 8 482-483-484-485-486-487-488-490 1.068478993363486 1.0 16 1.3082126099828548 1.0 [-1,-1] 1.0 1.0 1.0 0.0001568149373683449 0.39812733398474315 3562.4544612811164 -3140.299391388869 -745.677021676054 1507.8353028393908
193.537447199616 25.57947509882347 39628384568874285 8 482-483-484-485-486-487-488-490 0.9627107744696921 1.0 16 1.4065414763299835 1.0 [-1,-1] 1.0 1.0 1.0 0.00041974738576830407 0.19815580287489248 3301.937996937158 -2895.560121138373 -697.164344315465 1425.6535334735756
194.51187686340117 23.431215704405997 39628340549649843 9 482-483-484-485-486-487-488-490-491 0.519076163233542 1.0 16 1.2872778389266522 1.0 [-1,-1] 1.0 1.0 1.0 0.0006865842838717192 0.13125169390769817 2010.1421067612046 -1785.5383196727225 -462.16650816961544 799.3286664951966
195.8076904519023 24.137858372750355 39628357163291076 9 482-483-484-485-486-487-488-490-491 0.5086177801384163 1.0 16 1.115125099030791 1.0 [-1,-1] 1.0 1.0 1.0 0.0005337442823398631 0.16272042362546515 1975.29607090375 -1734.4132739152908 -491.04093607864843 807.7647937916331
195.79877898969193 24.134017713148328 39628357163290866 9 482-483-484-485-486-487-488-490-491 1.017041390640682 1.0 16 1.1100905857622503 1.0 [-1,-1] 1.0 1.0 1.0 0.00020304675497218746 0.33812883710054276 3437.7748044454793 -3018.769652976652 -854.1562253347627 1405.6110881283078
195.53410250714904 25.388978314752535 39628384602424217 9 482-483-484-485-486-487-488-490-491 0.5081823854268107 1.0 16 0.9896061652771763 1.0 [-1,-1] 1.0 1.0 1.0 0.0005337442823398631 0.16272042362546515 1973.84060489683 -1718.064497290468 -477.5628756392744 846.3065735894303
194.5090083421003 23.414799429546584 39628340549649792 9 482-483-484-485-486-487-488-490-491 0.6511534617283243 1.0 16 1.303902989020068 1.0 [-1,-1] 1.0 1.0 1.0 0.000700708733790897 0.12894715825466588 2431.683503596775 -2160.2747847962205 -559.0474276357558 966.3143843968048
195.19425462051905 23.894702874080068 39628351631002596 9 482-483-484-485-486-487-488-490-491 0.7352108703914567 1.0 16 0.901357793302249 1.0 [-1,-1] 1.0 1.0 1.0 0.0007126833197713517 0.12705585074725267 2682.845300034282 -2367.155758767165 -642.8871018649547 1086.7054301452456
194.3940488837089 25.71797188603806 39628390038246811 9 482-483-484-485-486-487-488-490-491 0.8273748968406565 1.0 16 1.0676978200733114 1.0 [-1,-1] 1.0 1.0 1.0 0.0006627118749498285 0.13533979738261318 2943.8942289493616 -2569.017272244841 -659.3271063199695 1277.478474582163
194.65813337434636 24.460002635232325 39628362657826707 9 482-483-484-485-486-487-488-490-491 1.0675139402632778 1.0 16 0.2541219194966898 1.0 [-1,-1] 1.0 1.0 1.0 0.0001568149373683449 0.39812733398474315 3560.149467976282 -3135.154993534846 -820.0444233504066 1474.1080505096015
195.32516838424118 23.590552507084503 39628340562232561 9 482-483-484-485-486-487-488-490-491 0.8772327456141477 1.0 16 1.227324148245752 1.0 [-1,-1] 1.0 1.0 1.0 0.0005690156306133545 0.15418916366201427 3079.179438404468 -2721.507560123248 -745.8053230305377 1232.2812317909313
195.20302346586135 25.031667003374285 39628373655291027 9 482-483-484-485-486-487-488-490-491 0.8437917612212924 1.0 16 0.5281518275290338 1.0 [-1,-1] 1.0 1.0 1.0 0.0006232532477076302 0.14268566385842998 2988.888384499417 -2613.3760619445256 -710.1866495075847 1264.6557858611377
193.96098502218615 23.792789286205213 39628346081936307 9 482-483-484-485-486-487-488-490-491 0.46461469451590515 1.0 16 1.1578296246682496 1.0 [-1,-1] 1.0 1.0 1.0 0.0005635091211985168 0.1554616369400361 1826.2488091715459 -1621.6747076783408 -403.156206262641 736.7638216068781
193.5143818000192 24.307725545631016 39628357129733756 9 482-483-484-485-486-487-488-490-491 0.7765255409088526 1.0 16 1.190790120916004 1.0 [-1,-1] 1.0 1.0 1.0 0.0007324854237337303 0.12404708914385561 2801.6689037681404 -2482.5973087387374 -596.6779944291513 1153.2712690206747
193.67978100513304 23.74934070227268 39628346077741868 9 482-483-484-485-486-487-488-490-491 0.6994776761591351 1.0 16 1.362442247535858 1.0 [-1,-1] 1.0 1.0 1.0 0.0005843703162771602 0.15074849413407446 2577.6428113341603 -2292.429234699923 -557.9770385160632 1038.1099610371934
193.879242724232 24.758727312649786 39628368143976810 9 482-483-484-485-486-487-488-490-491 0.5062285257447428 1.0 16 0.7930794965615209 1.0 [-1,-1] 1.0 1.0 1.0 0.0005337442823398631 0.16272042362546515 1967.304395354061 -1734.309858802932 -428.53156764881527 823.9032668747046
195.49872699627792 24.34813210841378 39628357159095652 9 482-483-484-485-486-487-488-490-491 0.7033442432837357 1.0 16 0.7666919521646194 1.0 [-1,-1] 1.0 1.0 1.0 0.0005843703162771602 0.15074849413407446 2589.1370108400597 -2273.075687261155 -630.3252913170188 1067.4490189279031
195.46589964957326 24.503549533447814 39628362670409446 9 482-483-484-485-486-487-488-490-491 0.7939264563071955 1.0 16 0.6799105394057047 1.0 [-1,-1] 1.0 1.0 1.0 0.0007229154976227362 0.12548315978664992 2850.8317352237787 -2500.1401024410134 -691.7480465664406 1182.3813643646342
