data_rosette/LRG_11_clustering_data.ecsv
# %ECSV 1.0
# ---
# datatype:
# - {name: RA, unit: deg, datatype: float64}
# - {name: DEC, unit: deg, datatype: float64}
# - {name: TARGETID, datatype: int64}
# - {name: NTILE, datatype: int64}
# - {name: TILES, datatype: string}
# - {name: Z, datatype: float64}
# - {name: COMP_TILE, datatype: float64}
# - {name: ROSETTE_NUMBER, datatype: int32}
# - {name: ROSETTE_R, unit: deg, datatype: float64}
# - {name: FRACZ_TILELOCID, datatype: float64}
# - {name: BITWEIGHTS, datatype: string, subtype: 'int64[2]'}
# - {name: PROB_OBS, datatype: float64}
# - {name: WEIGHT_ZFAIL, datatype: float64}
# - {name: WEIGHT, datatype: float64}
# - {name: NZ, unit: h3 / Mpc3, datatype: float64}
# - {name: WEIGHT_FKP, datatype: float64}
# - {name: theta, unit: deg, datatype: float64}
# - {name: phi, unit: deg, datatype: float64}
# - {name: rho, unit: Mpc, datatype: float64}
# - {name: r, unit: Mpc, datatype: float64}
# - {name: x, unit: Mpc, datatype: float64}
# - {name: y, unit: Mpc, datatype: float64}
# - {name: z, unit: Mpc, datatype: float64}
# meta: !!omap
# - {EXTNAME: LSS}
# - {DESIDR: edr}
# - comments: ['Visit https://desidatamodel.readthedocs.io/en/latest/ for a more complet', e description]
# schema: astropy-2.0
RA DEC TARGETID NTILE TILES Z COMP_TILE ROSETTE_NUMBER ROSETTE_R FRACZ_TILELOCID BITWEIGHTS PROB_OBS WEIGHT_ZFAIL WEIGHT NZ WEIGHT_FKP theta phi rho r x y z
[from data line 4321]
240.60033666269587 55.97968830081409 39633336192204877 5 299-301-305-307-475 1.071265265432391 1.0 11 1.5757562203332218 1.0 [-1,-1] 1.0 1.0 1.0 0.00012850791192818028 0.44600300211103894 34.02031169918591 -240.60033666269587 3569.1021312404814 3569.1021312404814 -484.5278212976228 -1761.0069945000146 -3066.362206089808
240.38392265132012 55.69771820638555 39633332790626350 5 299-301-305-307-475 0.5249543706570275 1.0 11 1.5249653930830585 1.0 [-1,-1] 1.0 1.0 1.0 0.0006888416087567301 0.1305783864573065 34.30228179361445 -240.38392265132012 2029.630958307727 2029.630958307727 -26.67774113105372 -511.736413842367 -1963.8777884066617
240.35920410269756 55.672451432938004 39633332790626148 5 299-301-305-307-475 0.7536138395618135 1.0 11 1.5261392288853504 1.0 [-1,-1] 1.0 1.0 1.0 0.0007242712797402853 0.12498917450484462 34.327548567061996 -240.35920410269756 2736.141289459366 2736.141289459366 -17.066120485144587 -623.4669192961107 -2664.1071494891803
240.16517798205194 55.49187843017621 39633329368072389 4 299-301-305-475 0.6909125061276955 1.0 11 1.5601069529055156 0.5 [-1,-1] 1.0 1.0 1.0 0.0005639081233901963 0.1550231922816235 34.50812156982379 -240.16517798205194 2552.0845071737863 2552.0845071737863 20.90468043422018 -124.26960577065567 -2548.97143788902
240.11444478354437 55.3534226780442 39633325920356535 4 299-301-305-475 0.9805353527923679 1.0 11 1.5509221469633852 1.0 [-1,-1] 1.0 1.0 1.0 0.00030269805442075816 0.25472307248715254 34.6465773219558 -240.11444478354437 3346.9827243585078 3346.9827243585078 -64.20555665523104 290.675620821267 -3333.718447486089
243.3893517575806 56.3088797950957 39633339593787710 4 299-301-306-307 0.8994269307552277 1.0 11 1.3769736223094848 1.0 [-1,-1] 1.0 1.0 1.0 0.0005723615213970424 0.15308410280969617 33.6911202049043 -243.3893517575806 3138.1130427396465 3138.1130427396465 -200.81671472810118 2382.8010762489253 -2032.162677328136
240.68042264103536 56.14798962579237 39633339568621642 3 299-301-307 0.8717707623033979 1.0 11 1.6532959163805065 1.0 [-1,-1] 1.0 1.0 1.0 0.0005346154933450218 0.1621399955636538 33.85201037420763 -240.68042264103536 3064.5554884305648 3064.5554884305648 -678.7374423380095 -1867.6116008257434 -2332.9900845266056
240.24292243470217 55.651519795799125 39633332790625057 3 299-301-307 0.46644973098414244 1.0 11 1.576677318987478 1.0 [-1,-1] 1.0 1.0 1.0 0.0005330850268982689 0.1625298359500762 34.348480204200875 -240.24292243470217 1832.5436962595459 1832.5436962595459 33.76909946999826 -378.7869984171644 -1792.650678869617
240.21353136895365 55.64031919691441 39633332790624804 3 299-301-307 0.42989954952314624 1.0 11 1.587317086206966 1.0 [-1,-1] 1.0 1.0 1.0 0.0005613841910631427 0.1556117057517016 34.35968080308559 -240.21353136895365 1705.847779910508 1705.847779910508 39.57396781127471 -332.9413007214195 -1672.5730595615878
240.53459264058182 56.005939585267726 39633336188013904 3 299-301-307 0.7460990634102264 1.0 11 1.620878274846234 1.0 [-1,-1] 1.0 1.0 1.0 0.0006073340474539246 0.1455520198534496 33.994060414732274 -240.53459264058182 2714.449975676548 2714.449975676548 -291.9486663138798 -1420.1255360247978 -2294.830736376485
240.22974625347405 55.682859232250465 39633332790624945 3 299-301-307 0.8785580222460648 1.0 11 1.596491673140466 1.0 [-1,-144115188075855873] 0.9921875 1.0 1.0078125 0.0005346154933450218 0.1621399955636538 34.317140767749535 -240.22974625347405 3082.720536479431 3082.720536479431 74.79543845134056 -730.0825297368141 -2994.0860121566307
240.23342345204534 55.68486921623987 39633332790624969 3 299-301-307 0.8769722432003565 1.0 11 1.5954683072091873 1.0 [-2251799813685249,9223372036854759421] 0.96875 1.0 1.032 0.0005346154933450218 0.1621399955636538 34.31513078376013 -240.23342345204534 3078.483053498156 3078.483053498156 72.60150904317815 -735.327928938895 -2988.49121940862
240.27687367083846 55.631390344560614 39633332790625363 3 299-301-307 0.6928081321784889 1.0 11 1.550986875977144 1.0 [-26388313161761,-281509337497601] 0.9296875 1.0 1.075 0.0005639081233901963 0.1550231922816235 34.368609655439386 -240.27687367083846 2557.7525032549097 2557.7525032549097 26.38690489408022 -479.58972357428337 -2512.249051387782
240.13039744210266 55.196083832421955 39633325920356670 4 299-301-307-308 0.8232467736481865 1.0 11 1.5146418423481574 1.0 [-1152957925930106937,-1126174852907073] 0.890625 1.0 1.1217391304347826 0.000762533893525711 0.11946670068019369 34.803916167578045 -240.13039744210266 2932.510006423541 2932.510006423541 -143.11240695488436 700.8092069262989 -2843.9409684867073
241.0563881259688 56.37364491647678 39633339572815238 4 299-301-307-475 0.8733127341410848 0.9 11 1.6893240348444698 0.5 [-1,-1] 1.0 1.0 1.0 0.0005346154933450218 0.1621399955636538 33.62635508352322 -241.0563881259688 3068.6888226832866 3068.6888226832866 -1631.847458015292 -1843.5818907309688 -1831.7016068124171
244.1360984544291 56.33471895820876 39633339602174985 4 299-301-307-475 0.8811109892953021 0.9 11 1.5641241860818036 1.0 [-1,-1] 1.0 1.0 1.0 0.0005346154933450218 0.1621399955636538 33.66528104179124 -244.1360984544291 3089.5340711770696 3089.5340711770696 1479.693024932954 1896.097903804634 -1939.2117130721945
240.69790473024995 56.11587862061892 39633336192205713 4 299-301-307-475 0.4663457906107375 0.9 11 1.6240367055691178 1.0 [-1,-1] 1.0 1.0 1.0 0.0005330850268982689 0.1625298359500762 33.88412137938108 -240.69790473024995 1832.187325904463 1832.187325904463 -409.001363847758 -1066.9274710478462 -1432.2339379790817
244.1763610832193 56.33214551987583 39633339602175395 4 299-301-307-475 0.5643243119522824 0.9 11 1.5733992555988978 1.0 [-1,-1] 1.0 1.0 1.0 0.0006724560872077301 0.13333590500666823 33.66785448012417 -244.1763610832193 2158.384421967602 2158.384421967602 1083.9545179769098 1279.2888620825183 -1359.0753927952194
244.07222566356688 56.330965469436634 39633339602174374 4 299-301-307-475 0.7344804813006038 0.9 11 1.5431627778235408 1.0 [-1,-1] 1.0 1.0 1.0 0.0006073340474539246 0.1455520198534496 33.669034530563366 -244.07222566356688 2680.7177447306703 2680.7177447306703 1172.6973648898283 1718.5670367956468 -1690.4306721465314
241.05754043591133 56.35906558618085 39633339572815246 4 299-301-307-475 0.7186295813300859 0.9 11 1.6770503527125047 1.0 [-1,-1] 1.0 1.0 1.0 0.0005823912580269674 0.15084542533972659 33.64093441381915 -241.05754043591133 2634.3122358530136 2634.3122358530136 -1387.317360376384 -1563.689410329336 -1603.0679728530226
244.1608769291155 56.34218519453597 39633339602175244 4 299-301-307-475 0.5221516398285343 0.9 11 1.5775594170812348 0.5 [-1,-1] 1.0 1.0 1.0 0.0006888416087567301 0.1305783864573065 33.65781480546403 -244.1608769291155 2020.3473208464206 2020.3473208464206 1004.0230167942635 1222.8497001571213 -1256.335818730125
240.30044326110175 55.61202972822319 39633329368073515 4 299-301-307-475 0.9100197561339488 0.9 11 1.531042246623767 0.5 [-1,-1] 1.0 1.0 1.0 0.00042618922305278896 0.1953324009783564 34.38797027177681 -240.30044326110175 3165.9665813694546 3165.9665813694546 16.768882089464157 -533.9548350081997 -3120.5697289298037
242.24928844260813 56.60088623148464 39633342936649009 4 299-301-307-475 0.7501748611111153 0.9 11 1.6451384500826918 1.0 [-1,-1] 1.0 1.0 1.0 0.0007242712797402853 0.12498917450484462 33.39911376851536 -242.24928844260813 2726.2269906585557 2726.2269906585557 -2349.0994236222014 848.5919581059077 -1092.6743298764861
240.39289473669157 55.768834900260835 39633332790626418 3 299-301-475 0.9757333464867575 1.0 11 1.5542513365584647 1.0 [-1,-1] 1.0 1.0 1.0 0.00030269805442075816 0.25472307248715254 34.231165099739165 -240.39289473669157 3334.8941148098893 3334.8941148098893 -65.23760986447596 -1067.147146387625 -3158.8700161940114
240.3973851734485 55.75030213133096 39633332790626455 3 299-301-475 0.5927350192086211 1.0 11 1.5429914769286683 1.0 [-1,-1] 1.0 1.0 1.0 0.0006106036532175123 0.14488555312656437 34.24969786866904 -240.3973851734485 2249.4031203120426 2249.4031203120426 -44.640455426480976 -680.0675443745296 -2143.672027735882
240.73775493299485 53.84746724911764 39633304818812778 2 299-302 0.9188847973446994 1.0 11 1.628935086380612 1.0 [-1,-1] 1.0 1.0 1.0 0.00042618922305278896 0.1953324009783564 36.15253275088236 -240.73775493299485 3189.1421393177884 3189.1421393177884 1258.8997248643923 2929.1356097408675 77.22465446210781
243.6277768618312 53.879408517244315 39633308421719130 8 299-302-303-304-305-306-307-308 0.4171983077553303 1.0 11 1.2132434322607644 1.0 [-1,-1] 1.0 1.0 1.0 0.0005613841910631427 0.1556117057517016 36.120591482755685 -243.6277768618312 1661.1684153778565 1661.1684153778565 -255.3706347695328 -1641.3718999357313 -12.830792951044034
243.59762508403844 53.87936348355788 39633308421718796 8 299-302-303-304-305-306-307-308 0.8752461330949785 1.0 11 1.2060097427708791 1.0 [-1,-1] 1.0 1.0 1.0 0.0005346154933450218 0.1621399955636538 36.12063651644212 -243.59762508403844 3073.8660047273406 3073.8660047273406 -380.76518248536513 -3050.1004807607815 -23.603984582256825
244.04395520965932 55.15259924190288 39633325958105500 9 299-302-303-304-305-306-307-308-475 0.512448017563368 1.0 11 0.7607801705263707 1.0 [-1,-1] 1.0 1.0 1.0 0.0006888416087567301 0.1305783864573065 34.84740075809712 -244.04395520965932 1988.083539883926 1988.083539883926 -306.90831974173597 -478.2672265768841 -1905.1361906208076
245.04053415282212 54.6528686492807 39633319016532682 9 299-302-303-304-305-306-307-308-475 0.8974731891469977 1.0 11 1.3596695577876725 1.0 [-1,-1] 1.0 1.0 1.0 0.0005723615213970424 0.15308410280969617 35.3471313507193 -245.04053415282212 3132.95647337577 3132.95647337577 -2224.6353173552775 -8.21523111308067 -2205.9797095214826
241.8804394201124 55.445811289976234 39633329380659065 9 299-302-303-304-305-306-307-308-475 0.6494893763025098 1.0 11 0.6805082664776914 1.0 [-1,-1] 1.0 1.0 1.0 0.0007982518636535506 0.11473445525619816 34.554188710023766 -241.8804394201124 2426.58037005091 2426.58037005091 -8.07967066220308 -0.1793569855093059 -2426.5669121352234
243.01787378040063 54.67278933884774 39633318995562080 9 299-302-303-304-305-306-307-308-475 1.0914823818584585 1.0 11 0.34378716211865284 1.0 [-1,-1] 1.0 1.0 1.0 5.9370222311395755e-05 0.6353792046182113 35.32721066115226 -243.01787378040063 3617.0174334659573 3617.0174334659573 1107.443602763605 -2260.4252418386864 -2597.472137820374
242.98647833694082 54.67767482684407 39633318995561818 8 299-302-303-304-305-306-307-475 0.7404358472495148 1.0 11 0.3315948116836438 1.0 [-1,-1] 1.0 1.0 1.0 0.0006073340474539246 0.1455520198534496 35.32232517315593 -242.98647833694082 2698.037681468534 2698.037681468534 874.1548993446564 -1650.9695287290765 -1946.6792642302244
241.77434282504095 56.176268954480804 39633339577011562 8 299-302-303-304-305-306-307-475 0.5456807235237242 1.0 11 1.3172503559936695 1.0 [-1,-1] 1.0 1.0 1.0 0.0006094867785671962 0.14511252611805409 33.823731045519196 -241.77434282504095 2097.796682881566 2097.796682881566 -1393.3232619340379 -179.7387058921708 -1557.9137357590125
243.08294100119068 53.5060568913947 39633301245266654 7 299-302-303-304-305-306-308 0.5322983918338993 1.0 11 1.48672295121847 0.5 [-4620987898341163529,-22843453863886986] 0.828125 1.0 1.205607476635514 0.0006094867785671962 0.14511252611805409 36.4939431086053 -243.08294100119068 2053.8823273924604 2053.8823273924604 730.1155238904527 -1773.7290900274752 734.3357894992893
240.81536797154217 54.58890898615625 39633315468151954 8 299-302-303-304-305-306-308-475 0.4709379179160196 1.0 11 1.1821304347903132 1.0 [-1,-1] 1.0 1.0 1.0 0.000668512811805897 0.13401699399284683 35.41109101384375 -240.81536797154217 1847.9106874302893 1847.9106874302893 647.4515534283267 1232.9924742452088 -1214.623379133223
244.11653782695748 54.9186914251846 39633322493611421 8 299-302-303-304-305-306-308-475 0.559378866016474 1.0 11 0.7871816032977986 1.0 [-1,-1] 1.0 1.0 1.0 0.0006724560872077301 0.13333590500666823 35.0813085748154 -244.11653782695748 2142.379555410349 2142.379555410349 -642.5882995111439 -857.4879301633455 -1855.1509066369242
241.609750497048 56.22056140561245 39633339577010198 7 299-302-303-304-305-306-475 0.6917775775092535 1.0 11 1.3978037517087003 1.0 [-1,-1] 1.0 1.0 1.0 0.0005639081233901963 0.1550231922816235 33.77943859438755 -241.609750497048 2554.6719155863443 2554.6719155863443 -1716.7977277407333 -517.7108878388875 -1819.5959977211774
241.58869306559222 56.231898760920544 39633339577010041 7 299-302-303-304-305-306-475 0.7914368704408347 1.0 11 1.4133119033460169 1.0 [-1,-1] 1.0 1.0 1.0 0.0008239664519383997 0.11155322342262282 33.768101239079456 -241.58869306559222 2843.829586062536 2843.829586062536 -1920.2793852062907 -623.4738017743763 -2002.791605688762
241.55751673861488 56.21521765944105 39633339577009810 7 299-302-303-304-305-306-475 0.796216729430128 1.0 11 1.4069708298648227 1.0 [-1,-1] 1.0 1.0 1.0 0.0008239664519383997 0.11155322342262282 33.78478234055895 -241.55751673861488 2857.264002303139 2857.264002303139 -1877.0355842284432 -674.8042808387921 -2045.8089297290642
244.02496102604704 55.30129058377052 39633325958105331 6 299-302-303-304-305-307 0.5103502356003498 1.0 11 0.7963907552483698 1.0 [-1,-1] 1.0 1.0 1.0 0.0006888416087567301 0.1305783864573065 34.69870941622948 -244.02496102604704 1981.0836425371265 1981.0836425371265 -146.07895085392738 -237.44457832087184 -1961.3702891273763
244.38227762975538 55.527073114571635 39633329405823767 8 299-302-303-304-305-307-308-475 0.6805249098782243 1.0 11 1.0792029139806283 1.0 [-1,-1] 1.0 1.0 1.0 0.0008053318504768218 0.11384060807160488 34.472926885428365 -244.38227762975538 2520.9088187007997 2520.9088187007997 168.0097024224353 130.91873286719314 -2511.894563368422
241.61360433071738 55.54514914263844 39633329380656725 8 299-302-303-304-305-307-308-475 0.7968007870480756 1.0 11 0.8594554773384804 1.0 [-1,-1] 1.0 1.0 1.0 0.0008239664519383997 0.11155322342262282 34.45485085736156 -241.61360433071738 2858.9029126774817 2858.9029126774817 -280.8498650319127 -83.51259146551305 -2843.8486008390214
242.1278453746931 53.88504944797427 39633308404943482 8 299-302-303-304-305-307-308-475 1.0020235848140022 1.0 11 1.153190354278306 1.0 [-1,-1] 1.0 1.0 1.0 0.00023297360745577845 0.30751381291380364 36.11495055202573 -242.1278453746931 3400.6605179828694 3400.6605179828694 3314.487592337388 -759.3407706673751 -45.44835322979497
243.08147155944874 53.50722146840435 39633301245266641 6 299-302-303-304-306-308 0.5311358375176546 1.0 11 1.4854558770803135 1.0 [-2254308077731985,-37154868724503073] 0.8828125 1.0 1.131578947368421 0.0006094867785671962 0.14511252611805409 36.49277853159565 -243.08147155944874 2050.050535894972 2050.050535894972 731.6797142736997 -1770.1348506447257 730.7356608080619
244.8250882067669 55.3517835304906 39633325966493327 6 299-302-303-304-306-475 0.5926542734983046 1.0 11 1.242178996416874 1.0 [-1,-1] 1.0 1.0 1.0 0.0006106036532175123 0.14488555312656437 34.6482164695094 -244.8250882067669 2249.1466596849045 2249.1466596849045 -198.84016309859075 -44.28474706437836 -2239.9022629320534
242.45676947357873 53.4407503831288 39633301241070522 5 299-302-303-305-306 0.9564233559416683 1.0 11 1.5487686254077528 1.0 [-1,-1] 1.0 1.0 1.0 0.0003767415448896098 0.21544643941305056 36.5592496168712 -242.45676947357873 3285.9354449538023 3285.9354449538023 2538.75604196556 -1571.0057168049184 1372.5999218830557
242.48938783031804 53.49622742841097 39633301241070888 6 299-302-303-305-306-307 0.5987727443639448 1.0 11 1.4915661155392839 1.0 [-1,-1] 1.0 1.0 1.0 0.0006106036532175123 0.14488555312656437 36.50377257158903 -242.48938783031804 2268.54419274219 2268.54419274219 1757.5178063522053 -1168.5101639685213 831.870128975374
