EDR/data_rosette/LRG_19_clustering_data.ecsv
# %ECSV 1.0
# ---
# datatype:
# - {name: RA, unit: deg, datatype: float64}
# - {name: DEC, unit: deg, datatype: float64}
# - {name: TARGETID, datatype: int64}
# - {name: NTILE, datatype: int64}
# - {name: TILES, datatype: string}
# - {name: Z, datatype: float64}
# - {name: COMP_TILE, datatype: float64}
# - {name: ROSETTE_NUMBER, datatype: int32}
# - {name: ROSETTE_R, unit: deg, datatype: float64}
# - {name: FRACZ_TILELOCID, datatype: float64}
# - {name: BITWEIGHTS, datatype: string, subtype: 'int64[2]'}
# - {name: PROB_OBS, datatype: float64}
# - {name: WEIGHT_ZFAIL, datatype: float64}
# - {name: WEIGHT, datatype: float64}
# - {name: NZ, unit: h3 / Mpc3, datatype: float64}
# - {name: WEIGHT_FKP, datatype: float64}
# - {name: distance, unit: Mpc, datatype: float64}
# - {name: x, unit: Mpc, datatype: float64}
# - {name: y, unit: Mpc, datatype: float64}
# - {name: z, unit: Mpc, datatype: float64}
# meta: !!omap
# - {EXTNAME: LSS}
# - {DESIDR: edr}
# - comments: ['Visit https://desidatamodel.readthedocs.io/en/latest/ for a more complet', e description]
# schema: astropy-2.0
RA DEC TARGETID NTILE TILES Z COMP_TILE ROSETTE_NUMBER ROSETTE_R FRACZ_TILELOCID BITWEIGHTS PROB_OBS WEIGHT_ZFAIL WEIGHT NZ WEIGHT_FKP distance x y z
[from data line 2088]
234.7164441762327 44.08063747874052 39633149579231476 10 571-572-574-575-576-577-578-579-580-581 1.0737040788667076 1.0 19 1.1815216231226169 1.0 [-1,-1] 1.0 1.0 1.0 0.00012850791192818028 0.44600300211103894 3574.912002796679 -1483.3823818305655 -2096.3315576061377 2486.9592955251733
235.9772488062952 42.02490006201513 39633114166726608 10 571-572-574-575-576-577-578-579-580-581 0.6208617344222984 1.0 19 1.4279484103292186 1.0 [-1,-1] 1.0 1.0 1.0 0.0007056687116799521 0.12786279395313782 2337.9752445799927 -971.7634531333474 -1439.4652818268573 1565.1657221643834
236.7628710540345 43.18077248727236 39633136446868577 10 571-572-574-575-576-577-578-579-580-581 1.0930127779916812 1.0 19 0.5523508322133571 1.0 [-1,-1] 1.0 1.0 1.0 5.9370222311395755e-05 0.6353792046182113 3620.6217707546657 -1447.0810386761664 -2208.2470900977933 2477.600303406744
234.85761002392408 42.29700388117854 39633118650433753 10 571-572-574-575-576-577-578-579-580-581 0.5475682379669835 1.0 19 1.4691105516889384 1.0 [-1,-1] 1.0 1.0 1.0 0.0006094867785671962 0.14511252611805409 2103.9619564708855 -895.7820140680533 -1272.5665216905525 1415.9113480092556
234.6213139441049 43.26535601450072 39633136421701860 10 571-572-574-575-576-577-578-579-580-581 0.6980774634658872 1.0 19 1.0908507768758164 1.0 [-1,-1] 1.0 1.0 1.0 0.0005639081233901963 0.1550231922816235 2573.4737058715255 -1084.9877384271615 -1527.9294757352686 1763.8027212401573
235.29453734681323 42.37320718155965 39633118654629341 10 571-572-574-575-576-577-578-579-580-581 0.8884659448129827 1.0 19 1.2277844664433561 1.0 [-1,-1] 1.0 1.0 1.0 0.0005346154933450218 0.1621399955636538 3109.1053951090284 -1307.7670503989348 -1888.2707921442316 2095.4033299873163
236.30849504736773 44.58178140533481 39633158269829557 10 571-572-574-575-576-577-578-579-580-581 0.4602631239962742 1.0 19 1.1416689301875762 1.0 [-1,-1] 1.0 1.0 1.0 0.0005330850268982689 0.1625298359500762 1811.2934612856363 -715.6414690578235 -1073.4038556400492 1271.3950815375754
235.3303720144303 43.26464381247873 39633136430091165 10 571-572-574-575-576-577-578-579-580-581 0.8355494077132432 1.0 19 0.5894829197068199 1.0 [-1,-1] 1.0 1.0 1.0 0.0006366829495309179 0.1397804201853648 2966.3539121061985 -1228.7514693494577 -1776.553873086715 2033.047391100338
235.38877778454403 43.830391711836064 39633145217158057 10 571-572-574-575-576-577-578-579-580-581 0.8242693595214319 1.0 19 0.6400091244666103 1.0 [-1,-1] 1.0 1.0 1.0 0.000762533893525711 0.11946670068019369 2935.332654851131 -1202.7666278772485 -1742.7790902291706 2032.7939581177839
235.99065207646044 44.36977587164147 39633153937116551 10 571-572-574-575-576-577-578-579-580-581 0.6288464620949277 1.0 19 0.9231430400867691 1.0 [-1,-1] 1.0 1.0 1.0 0.0007056687116799521 0.12786279395313782 2362.844256101193 -944.7385399582065 -1400.1396789843025 1652.304738552114
235.9734695514051 44.3691832117461 39633153937116333 10 571-572-574-575-576-577-578-579-580-581 0.8231326071882111 1.0 19 0.9236918826079089 1.0 [-1,-1] 1.0 1.0 1.0 0.000762533893525711 0.11946670068019369 2932.194764258755 -1172.9154435043624 -1737.182985105091 2050.4220965929885
235.97767135112298 42.02091903712043 39633114170916918 10 571-572-574-575-576-577-578-579-580-581 0.6173122038280864 1.0 19 1.4319021909151777 1.0 [-1,-1] 1.0 1.0 1.0 0.0007056687116799521 0.12786279395313782 2326.881086557296 -967.2022334078061 -1432.731568637191 1557.6185935264857
236.7803632287277 43.30427670822644 39633136446868757 10 571-572-574-575-576-577-578-579-580-581 1.0687081041198525 1.0 19 0.5155430437044167 1.0 [-1,-1] 1.0 1.0 1.0 0.00014839258087788972 0.41078905010633954 3563.0014942138914 -1420.5054132478974 -2169.1368962138645 2443.7653619338184
236.03414845818668 41.988395475897 39633114170917636 10 571-572-574-575-576-577-578-579-580-581 0.9821488943457232 1.0 19 1.4624048638788245 1.0 [-1,-1] 1.0 1.0 1.0 0.00030269805442075816 0.25472307248715254 3351.0369900359956 -1391.5843026584096 -2065.7632911058568 2241.7769876380908
234.664681712872 43.141838841711845 39633136421702349 10 571-572-574-575-576-577-578-579-580-581 0.5639648274032671 1.0 19 1.0891428982088083 1.0 [-1,-1] 1.0 1.0 1.0 0.0006724560872077301 0.13333590500666823 2157.2226480466775 -910.3660979032705 -1284.0770598492222 1475.1234610712654
236.8226661767483 43.308282461024774 39633136451059902 10 571-572-574-575-576-577-578-579-580-581 0.8786723809846829 1.0 19 0.544032108729697 1.0 [-1,-1] 1.0 1.0 1.0 0.0005346154933450218 0.1621399955636538 3083.025967809174 -1227.6806709314012 -1877.713534877153 2114.72011607831
236.37994884186497 42.89390998448968 39633132026070230 10 571-572-574-575-576-577-578-579-580-581 0.8873589043480922 1.0 19 0.5923844406622831 1.0 [-1,-1] 1.0 1.0 1.0 0.0005346154933450218 0.1621399955636538 3106.165094141806 -1259.9742833164078 -1894.9746708669668 2114.1895360205785
236.0378434499508 41.98061524536068 39633114170917687 10 571-572-574-575-576-577-578-579-580-581 0.8563696203860088 1.0 19 1.4700941335967492 1.0 [-1,-1] 1.0 1.0 1.0 0.0006576102792991648 0.1359368301360722 3023.06155771605 -1255.4192442108817 -1863.8899262214782 2022.0628194830308
236.24817650592377 42.19952092628978 39633118667211589 10 571-572-574-575-576-577-578-579-580-581 0.6989970169458248 1.0 19 1.2551920743507912 1.0 [-1,-1] 1.0 1.0 1.0 0.0005639081233901963 0.1550231922816235 2576.212058404808 -1060.3475158855904 -1586.8128747220544 1730.478724527385
235.85940774353455 42.43068448530955 39633123134144916 10 571-572-574-575-576-577-578-579-580-581 0.8253749961631179 1.0 19 1.0344189209870736 1.0 [-1,-1] 1.0 1.0 1.0 0.000762533893525711 0.11946670068019369 2938.3825921657744 -1217.187510215917 -1795.037766373031 1982.520173973459
237.24064158868637 44.28374008963411 39633153953891811 10 571-572-574-575-576-577-578-579-580-581 1.064237481787014 1.0 19 1.1710348590743223 1.0 [-1,-1] 1.0 1.0 1.0 0.00014839258087788972 0.41078905010633954 3552.3141297162 -1376.0849427461562 -2138.59583172416 2480.268891685077
236.1521539613844 42.763828131173554 39633127588496938 10 571-572-574-575-576-577-578-579-580-581 0.8503367685184495 1.0 19 0.6872274693745348 1.0 [-1,-1] 1.0 1.0 1.0 0.0006576102792991648 0.1359368301360722 3006.702945092267 -1229.4966316505174 -1833.286556101511 2041.485007538386
236.11911044627232 42.58205819213365 39633123134148284 10 571-572-574-575-576-577-578-579-580-581 0.8165628011936259 1.0 19 0.8680542660814711 1.0 [-1,-1] 1.0 1.0 1.0 0.000762533893525711 0.11946670068019369 2914.0172870849055 -1196.1134261546968 -1781.2876736550397 1971.7564872181256
236.59750764472653 44.17212574725553 39633153945503908 10 571-572-574-575-576-577-578-579-580-581 0.7117939145742606 1.0 19 0.8064430364320601 1.0 [-1,-1] 1.0 1.0 1.0 0.0005823912580269674 0.15084542533972659 2614.1615802841748 -1032.2231054380607 -1565.3003435340797 1821.5902566070538
235.37319004374476 44.582927425738234 39633158257247832 9 571-572-574-575-576-577-578-579-581 0.7168955471958777 1.0 19 1.2476704223707182 1.0 [-1,-1] 1.0 1.0 1.0 0.0005823912580269674 0.15084542533972659 2629.208453413479 -1064.0738075950019 -1540.919698002455 1845.548836470928
236.87740394014045 43.249066661041915 39633136451060499 9 571-572-574-575-576-577-578-579-581 0.8802419054375467 1.0 19 0.5999572140574314 1.0 [-1,-1] 1.0 1.0 1.0 0.0005346154933450218 0.1621399955636538 3087.215769081552 -1228.7474383672245 -1883.2708519324676 2115.271102207313
236.84643234258542 43.26156776964467 39633136451060170 9 571-572-574-575-576-577-578-579-581 0.8132982591726655 1.0 19 0.5745123657708289 1.0 [-1,-1] 1.0 1.0 1.0 0.000762533893525711 0.11946670068019369 2904.958063036243 -1156.9269912101713 -1771.1006896507956 1990.8550002767997
237.61407790336483 42.853139374746746 39633127605275268 9 571-572-574-575-576-577-578-579-581 1.0837230898252046 1.0 19 1.2555040837785758 1.0 [-1,-1] 1.0 1.0 1.0 0.00012850791192818028 0.44600300211103894 3598.6938829112746 -1413.0710646474688 -2227.853464604202 2447.549135239198
235.23815460809027 43.4278604432492 39633140829916092 9 571-572-574-575-576-577-578-579-581 0.7900765767939666 1.0 19 0.62618124305629 1.0 [-1,-1] 1.0 1.0 1.0 0.0008239664519383997 0.11155322342262282 2839.9992016858196 -1175.9814201732613 -1694.4221234481445 1952.331127793862
236.83858324626863 43.432817884284226 39633140850886566 9 571-572-574-575-576-577-578-579-581 0.6279933930721893 1.0 19 0.5365424038795353 1.0 [-1,-1] 1.0 1.0 1.0 0.0007056687116799521 0.12786279395313782 2360.193077487536 -937.5176191088059 -1434.7849158519296 1622.641156301791
236.3688615434647 44.65723802098191 39633162577381723 9 571-572-574-575-576-577-578-579-581 0.758430294119282 1.0 19 1.2226018908315492 1.0 [-1,-1] 1.0 1.0 1.0 0.0007242712797402853 0.12498917450484462 2749.9920240585952 -1083.394450001186 -1628.7186753796875 1932.8704236347437
235.2833917183471 42.594125470863155 39633123125757620 9 571-572-574-575-576-577-578-579-581 0.4732363212982428 1.0 19 1.0435139462978897 1.0 [-1,-1] 1.0 1.0 1.0 0.000668512811805897 0.13401699399284683 1855.7640873719388 -778.0475141268677 -1122.9476836670797 1255.9820514191858
234.89808960253828 43.198277875119956 39633136425895630 9 571-572-574-575-576-577-578-579-581 0.6521648642609127 1.0 19 0.9098734643400941 1.0 [-1,-1] 1.0 1.0 1.0 0.0006371005092682059 0.1397016056866948 2434.7825742488335 -1020.6426092254055 -1452.1246168648888 1666.670016888266
236.18848789663124 42.86275546530463 39633127588497357 9 571-572-574-575-576-577-578-579-581 0.5701504351624729 1.0 19 0.590781551905523 1.0 [-1,-1] 1.0 1.0 1.0 0.0005369919189708607 0.1615383650856205 2177.177806963303 -888.0247791424291 -1325.9391889516316 1481.0133226831103
236.2400614867281 42.118260906946425 39633114170920144 9 571-572-574-575-576-577-578-579-581 1.0989110174745564 1.0 19 1.3356997588501185 1.0 [-1,-1] 1.0 1.0 1.0 5.9370222311395755e-05 0.6353792046182113 3634.4833590589046 -1498.1628794886826 -2241.3174797963784 2437.5137391525586
236.49261701355795 42.93012887674573 39633132026071431 9 571-572-574-575-576-577-578-579-581 0.9102876042239252 1.0 19 0.593467811834075 1.0 [-1,-1] 1.0 1.0 1.0 0.00042618922305278896 0.1953324009783564 3166.668601961365 -1279.9629075701562 -1933.2717007193655 2156.8369250108244
236.02583736950865 42.879227962556925 39633132021875990 9 571-572-574-575-576-577-578-579-581 0.7411532999796536 1.0 19 0.5733295259542323 1.0 [-1,-1] 1.0 1.0 1.0 0.0006073340474539246 0.1455520198534496 2700.1200190632885 -1105.6904250818855 -1640.8490761531805 1837.3108366620568
237.10695739279276 44.05354763242325 39633149604400508 9 571-572-574-575-576-577-578-579-581 0.6094350597595857 1.0 19 0.9451504373162949 1.0 [-1,-1] 1.0 1.0 1.0 0.0006106036532175123 0.14488555312656437 2302.175026286007 -898.5410212538226 -1389.302832158275 1600.772165342748
236.37917719709347 44.65666895365302 39633162577381821 9 571-572-574-575-576-577-578-579-581 0.6417460588985773 1.0 19 1.2232341291367366 1.0 [-1,-1] 1.0 1.0 1.0 0.0007982518636535506 0.11473445525619816 2402.7663332089282 -946.3535177254012 -1423.2540996505334 1688.8010064300017
234.5075945000587 43.41243623001339 39633140821526741 9 571-572-574-575-576-577-578-579-581 0.6421787198341723 1.0 19 1.1569974652425403 1.0 [-1,-1] 1.0 1.0 1.0 0.0007982518636535506 0.11473445525619816 2404.0999166274537 -1013.9509059332704 -1421.9053697182896 1652.2061278943145
235.24693478932053 43.81934435308295 39633145217156052 9 571-572-574-575-576-577-578-579-581 0.5968871863277794 1.0 19 0.7194454293582927 1.0 [-1,-1] 1.0 1.0 1.0 0.0006106036532175123 0.14488555312656437 2262.574061585329 -930.5955495739462 -1341.2947196219914 1566.5764527740296
234.367791299749 43.89287154197921 39633149575037200 9 571-572-574-575-576-577-578-579-581 1.0224074077497525 1.0 19 1.328861805622325 1.0 [-1,-1] 1.0 1.0 1.0 0.00020130102782971312 0.3394727840281335 3450.957100369516 -1448.8115035897122 -2021.2769421850157 2392.5905748054947
236.82373975592034 44.36153186440773 39633153949696742 9 571-572-574-575-576-577-578-579-581 0.45551235303634885 1.0 19 1.050127431713424 1.0 [-1,-1] 1.0 1.0 1.0 0.0005330850268982689 0.1625298359500762 1794.9214724300398 -702.2238751377308 -1074.0815994744883 1254.979457619644
236.38221775085057 44.65714320052278 39633162577381847 9 571-572-574-575-576-577-578-579-581 0.6465595629994128 1.0 19 1.224061963843032 1.0 [-1,-1] 1.0 1.0 1.0 0.0007982518636535506 0.11473445525619816 2417.5831383401214 -952.1054815800749 -1432.0694988962753 1699.2293350406283
236.80274309876935 44.34268067426368 39633153949696520 9 571-572-574-575-576-577-578-579-581 1.0132229420022092 1.0 19 1.0263001344571823 1.0 [-1,-1] 1.0 1.0 1.0 0.00020130102782971312 0.3394727840281335 3428.3690407315003 -1342.4580672318566 -2051.7053391744553 2396.2524529718
236.02608063067922 42.35665864291287 39633118663018645 8 571-572-574-575-576-577-578-580 0.7086111332944236 1.0 19 1.0946811466329995 1.0 [-1,-1] 1.0 1.0 1.0 0.0005639081233901963 0.1550231922816235 2604.750540376788 -1075.6192092207496 -1596.2378939279654 1754.933981760258
236.7562919599418 43.24932315891355 39633136446868496 8 571-572-574-575-576-577-578-580 0.8470100690171951 1.0 19 0.5177144367459913 1.0 [-1,-1] 1.0 1.0 1.0 0.0006366829495309179 0.1397804201853648 2997.6569099592703 -1196.9596518430255 -1826.1041836251186 2053.9177325864885
234.0846752012209 43.04269408087301 39633131996711264 8 571-572-574-575-576-577-578-580 0.6374585103202531 1.0 19 1.5234045740900812 1.0 [-1,-1] 1.0 1.0 1.0 0.0007982518636535506 0.11473445525619816 2389.53188017997 -1024.4062106557271 -1414.3650825722127 1630.9585939461779
235.87417191189843 42.80800700650323 39633127584303273 8 571-572-574-575-576-577-578-580 0.5353289736495876 1.0 19 0.6628101438592578 1.0 [-1,-1] 1.0 1.0 1.0 0.0006094867785671962 0.14511252611805409 2063.858472471272 -849.4390390578308 -1253.3987816269298 1402.4823020388133
235.72931675731138 42.22671263935024 39633118658824674 8 571-572-574-575-576-577-578-580 0.6954719797998103 1.0 19 1.2531176901871655 1.0 [-1,-1] 1.0 1.0 1.0 0.0005639081233901963 0.1550231922816235 2565.7064699719317 -1069.8305963275343 -1570.0380727641716 1724.3238197300034
236.34091981644215 43.35835437003476 39633136442673476 8 571-572-574-575-576-577-578-580 0.46984762838998007 1.0 19 0.1975748869381539 1.0 [-1,-1] 1.0 1.0 1.0 0.0005330850268982689 0.1625298359500762 1844.181485275303 -743.1697093414377 -1116.0618950295332 1266.1397948933889
236.58821315674356 43.652876649047315 39633145233932768 8 571-572-574-575-576-577-578-580 0.8084829103441081 1.0 19 0.40786961573063774 1.0 [-1,-1] 1.0 1.0 1.0 0.0008239664519383997 0.11155322342262282 2891.56267678803 -1152.0460049751289 -1746.3876222105096 1996.0097668108551
237.0660578684001 43.10458186990757 39633132034459125 9 571-572-574-575-576-577-578-580-581 0.6261950049151831 0.9615384615384616 19 0.7835688863747649 1.0 [-1,-1] 1.0 1.0 1.0 0.0007056687116799521 0.12786279395313782 2354.5995093243127 -934.6321221855263 -1442.84638423837 1608.9735724925802
235.98554785247222 44.05247447409134 39633149591816918 9 571-572-574-575-576-577-578-580-581 0.4318746962074714 0.9615384615384616 19 0.6081203094289365 1.0 [-1,-1] 1.0 1.0 1.0 0.0006285113834356281 0.1413409039925048 1712.7654162124368 -688.6071622290298 -1020.3468423437598 1190.9147192051003
236.01071620977322 44.03145748145859 39633149591817145 9 571-572-574-575-576-577-578-580-581 0.8179564496485022 0.9615384615384616 19 0.5850244549097162 1.0 [-1,-1] 1.0 1.0 1.0 0.000762533893525711 0.11946670068019369 2917.8792827181996 -1172.7683150218677 -1739.402190935489 2028.0813607855246
237.09670371780354 43.10384001484193 39633132034459469 9 571-572-574-575-576-577-578-580-581 0.7185353241432239 0.9615384615384616 19 0.8039783944183071 1.0 [-1,-1] 1.0 1.0 1.0 0.0005823912580269674 0.15084542533972659 2634.0349469346484 -1044.7001020242178 -1614.6567965177517 1799.8958936456952
