EDR/data_rosette/LRG_15_clustering_data.ecsv
# %ECSV 1.0
# ---
# datatype:
# - {name: RA, unit: deg, datatype: float64}
# - {name: DEC, unit: deg, datatype: float64}
# - {name: TARGETID, datatype: int64}
# - {name: NTILE, datatype: int64}
# - {name: TILES, datatype: string}
# - {name: Z, datatype: float64}
# - {name: COMP_TILE, datatype: float64}
# - {name: ROSETTE_NUMBER, datatype: int32}
# - {name: ROSETTE_R, unit: deg, datatype: float64}
# - {name: FRACZ_TILELOCID, datatype: float64}
# - {name: BITWEIGHTS, datatype: string, subtype: 'int64[2]'}
# - {name: PROB_OBS, datatype: float64}
# - {name: WEIGHT_ZFAIL, datatype: float64}
# - {name: WEIGHT, datatype: float64}
# - {name: NZ, unit: h3 / Mpc3, datatype: float64}
# - {name: WEIGHT_FKP, datatype: float64}
# - {name: distance, unit: Mpc, datatype: float64}
# - {name: x, unit: Mpc, datatype: float64}
# - {name: y, unit: Mpc, datatype: float64}
# - {name: z, unit: Mpc, datatype: float64}
# meta: !!omap
# - {EXTNAME: LSS}
# - {DESIDR: edr}
# - comments: ['Visit https://desidatamodel.readthedocs.io/en/latest/ for a more complet', e description]
# schema: astropy-2.0
RA DEC TARGETID NTILE TILES Z COMP_TILE ROSETTE_NUMBER ROSETTE_R FRACZ_TILELOCID BITWEIGHTS PROB_OBS WEIGHT_ZFAIL WEIGHT NZ WEIGHT_FKP distance x y z
[from data line 3838]
271.3857758473122 66.4745821030626 39633458745576241 8 407-408-409-410-414-415-439-440 0.9518307384275526 1.0 15 0.8070786615031124 1.0 [-1,-1] 1.0 1.0 1.0 0.0003767415448896098 0.21544643941305056 3274.2087590843003 31.606535158506126 -1306.5373754842165 3002.0666400768723
266.4471868517328 65.8967971757021 39633453825657624 7 407-408-409-410-414-415-440 1.0586950003313773 1.0 15 1.3429242373190928 1.0 [-1,-1] 1.0 1.0 1.0 0.00014839258087788972 0.41078905010633954 3539.02582391366 -89.56146001663411 -1442.494962126408 3230.462940732703
266.0734105807891 65.86764682830366 39633451342628982 6 407-408-409-410-415-439 0.6819515527801255 1.0 15 1.4980925724936625 1.0 [-1,-1] 1.0 1.0 1.0 0.0008053318504768218 0.11384060807160488 2525.2022055923535 -70.6982398764781 -1029.9949374910848 2304.5082700545017
270.36832542982313 65.78657879445069 39633451371989428 7 407-408-409-410-415-439-440 0.4460778331959913 1.0 15 0.3498616376320249 1.0 [-1,-1] 1.0 1.0 1.0 0.0006285113834356281 0.1413409039925048 1762.269818513265 4.646298389240195 -722.7565608135571 1607.2324906356928
271.4782618294363 65.02477427702694 39633443797076253 7 407-408-409-411-412-413-414 0.8116173943051618 1.0 15 1.230832769737365 1.0 [-1,-1] 1.0 1.0 1.0 0.000762533893525711 0.11946670068019369 2900.2866379597517 31.591248716649094 -1224.1698578881408 2629.082108715993
267.7147247398444 67.24201950165222 39633465863309333 8 407-408-409-411-412-413-414-415 0.4343921849307642 1.0 15 1.460082553095559 1.0 [-1,-1] 1.0 1.0 1.0 0.0006285113834356281 0.1413409039925048 1721.5706964109754 -26.55561114073693 -665.4417250801268 1587.5414239572767
267.71614133314336 67.25141930853603 39633465863309344 8 407-408-409-411-412-413-414-415 0.8700604555045307 1.0 15 1.4675684073444717 1.0 [-1,-1] 1.0 1.0 1.0 0.0005346154933450218 0.1621399955636538 3059.966453967511 -47.15297194939575 -1182.3127632250053 2821.93334906374
271.2517832601358 66.3922242659969 39633458745575382 9 407-408-409-411-412-413-414-415-416 0.546546167196215 1.0 15 0.7179536033688197 1.0 [-1,-1] 1.0 1.0 1.0 0.0006094867785671962 0.14511252611805409 2100.6243973111978 18.377821393801455 -841.043409509891 1924.819757166844
269.58048044734204 65.80881136089411 39633451367793902 10 407-408-409-411-412-413-414-415-416-439 0.4256590332931919 1.0 15 0.2198269748357649 1.0 [-1,-1] 1.0 1.0 1.0 0.0005613841910631427 0.1556117057517016 1690.9684646199114 -5.0735843130057505 -692.9111441887474 1542.4729343947272
272.95449033645116 65.98922913623635 39633453871793499 10 407-408-409-411-412-413-414-415-416-439 0.924379157303492 1.0 15 1.3114974674451845 1.0 [-1,-1] 1.0 1.0 1.0 0.00042618922305278896 0.1953324009783564 3203.444561851079 67.18638825639563 -1301.7757703221175 2926.2472373141286
267.5881095387965 65.7702132936998 39633451355209821 10 407-408-409-411-412-413-414-415-416-439 0.5549693414459148 1.0 15 0.9096787907143326 1.0 [-1,-1] 1.0 1.0 1.0 0.0006724560872077301 0.13333590500666823 2128.0684783932384 -36.753324616099526 -872.5795888205897 1940.600294505354
272.3980793313709 66.54048021739767 39633458753963369 10 407-408-409-411-412-413-414-415-416-439 0.776907697042687 1.0 15 1.192688105493735 1.0 [-1,-1] 1.0 1.0 1.0 0.0007064174578981374 0.12774458208408304 2802.7541792039365 46.68662118999296 -1114.802231871079 2571.0829104216486
270.5269971023597 65.29861983879834 39633446338823903 11 407-408-409-411-412-413-414-415-416-439-440 0.7890243489135867 1.0 15 0.7926362695697498 1.0 [-1,-1] 1.0 1.0 1.0 0.0007064174578981374 0.12774458208408304 2837.0341225672114 10.904479154039294 -1185.515084562384 2577.440142703634
269.14950132437724 65.76890484254434 39633451363600862 11 407-408-409-411-412-413-414-415-416-439-440 0.6542207719083956 1.0 15 0.3453360593997218 1.0 [-1,-1] 1.0 1.0 1.0 0.0006371005092682059 0.1397016056866948 2441.0762647333618 -14.871089935752527 -1001.7512455290564 2226.011370817698
270.85181548751916 65.88719801830902 39633453855018881 11 407-408-409-411-412-413-414-415-416-439-440 0.671423978638037 1.0 15 0.4760061361720351 1.0 [-1,-1] 1.0 1.0 1.0 0.0008053318504768218 0.11384060807160488 2493.4322237964934 15.143738855046475 -1018.5402916555067 2275.862604841191
270.8618833443003 65.88203213384395 39633453855018983 11 407-408-409-411-412-413-414-415-416-439-440 0.6715536789710606 1.0 15 0.48144636857295003 1.0 [-1,-1] 1.0 1.0 1.0 0.0008053318504768218 0.11384060807160488 2493.824872120281 15.328213636981115 -1018.9032076951742 2276.129124637027
269.71653195423784 67.27845016621319 39633465875892193 11 407-408-409-411-412-413-414-415-416-439-440 1.0838407437283384 1.0 15 1.2584614803290775 1.0 [-1,-1] 1.0 1.0 1.0 0.00012850791192818028 0.44600300211103894 3598.9723365635755 -6.87749170148934 -1390.0968342568096 3319.6664547582145
266.68927987584993 66.41603702844968 39633458716214076 11 407-408-409-411-412-413-414-415-416-439-440 0.9601249238479734 1.0 15 1.2884104212762695 1.0 [-1,-1] 1.0 1.0 1.0 0.0003767415448896098 0.21544643941305056 3295.3637713166836 -76.14158924241319 -1316.2499659117998 3020.1176915695423
269.3604530317893 65.41886923537618 39633448859600532 11 407-408-409-411-412-413-414-415-416-439-440 0.703216363690973 1.0 15 0.6200375186567499 1.0 [-1,-1] 1.0 1.0 1.0 0.0005639081233901963 0.1550231922816235 2588.757293484902 -12.020041550436579 -1076.807618062815 2354.1463839052763
267.4803332244072 65.00942105315511 39633443767716814 11 407-408-409-411-412-413-414-415-416-439-440 0.7500419264321053 1.0 15 1.37484219814798 1.0 [-1,-1] 1.0 1.0 1.0 0.0007242712797402853 0.12498917450484462 2725.843335275271 -50.626332083394544 -1150.4715805188084 2470.6424276659195
268.71812024322935 65.32078322024913 39633446326240824 11 407-408-409-411-412-413-414-415-416-439-440 0.6389139629056791 1.0 15 0.8140363146392005 1.0 [-1,-1] 1.0 1.0 1.0 0.0007982518636535506 0.11473445525619816 2394.02832722325 -22.36213137022051 -999.3464333132969 2175.3570449128406
272.09181717667195 65.72085797014348 39633451384571862 11 407-408-409-411-412-413-414-415-416-439-440 0.9761210468625922 1.0 15 1.0107227321085566 1.0 [-1,-1] 1.0 1.0 1.0 0.00030269805442075816 0.25472307248715254 3335.8713860092857 50.06665488826703 -1370.7380367889025 3040.823649698206
272.6408345120335 65.98636056285747 39633453867601463 11 407-408-409-411-412-413-414-415-416-439-440 0.9679150110043593 1.0 15 1.1841668323689862 1.0 [-1,-1] 1.0 1.0 1.0 0.0003767415448896098 0.21544643941305056 3315.138736148811 62.16013008215408 -1347.6765406256661 3028.208860034219
271.0749601405502 66.91755548275307 39633463531274972 11 407-408-409-411-412-413-414-415-416-439-440 0.8815800229919372 1.0 15 1.045866257892224 1.0 [-1,-1] 1.0 1.0 1.0 0.0005346154933450218 0.1621399955636538 3090.7847289099614 22.733185563660907 -1211.54516116769 2843.341654671191
266.57290206010487 66.24858874813052 39633456283518892 11 407-408-409-411-412-413-414-415-416-439-440 0.5995809062163476 1.0 15 1.297489659846991 1.0 [-1,-1] 1.0 1.0 1.0 0.0006106036532175123 0.14488555312656437 2271.1009310109107 -54.68114664046621 -913.0937433560641 2078.7422223269336
271.38365991201186 67.00652971358552 39633463531276890 11 407-408-409-411-412-413-414-415-416-439-440 0.9425161867019138 1.0 15 1.18632778327214 1.0 [-1,-1] 1.0 1.0 1.0 0.0003671239319408774 0.21984967794317842 3250.326983855909 30.658645047367926 -1269.292733208977 2992.086480516329
271.2724671073191 65.44498693255146 39633448872184545 10 407-408-409-411-412-413-414-415-416-440 0.9330634164006713 1.0 15 0.8558383602974453 1.0 [-1,-1] 1.0 1.0 1.0 0.0003671239319408774 0.21984967794317842 3225.9555415456343 29.770587824936054 -1340.269291910083 2934.2087678439634
267.4217801221975 65.29674697595979 39633446317851421 10 407-408-409-411-412-413-414-415-416-440 0.8931007527237723 1.0 15 1.1949708052723669 1.0 [-1,-1] 1.0 1.0 1.0 0.0005723615213970424 0.15308410280969617 3121.3943451105574 -58.680140141818846 -1303.1684453041423 2835.7382287518512
268.0530276220522 66.67424559632113 39633461127942016 10 407-408-409-411-412-413-414-415-416-440 0.7484292122706198 1.0 15 0.9383910093816638 1.0 [-1,-1] 1.0 1.0 1.0 0.0006073340474539246 0.1455520198534496 2721.1865050245387 -36.60676378649201 -1076.8543633846912 2498.779826241619
269.3852495667537 64.65436513944928 39633441209190349 10 407-408-409-411-412-413-414-415-416-440 0.5862281953739841 1.0 15 1.3731854612060246 1.0 [-1,-1] 1.0 1.0 1.0 0.0005369919189708607 0.1615383650856205 2228.696003077192 -10.236262839360737 -954.0003893485766 2014.1659192276336
271.493874070739 65.0315331074578 39633443797076394 9 407-408-409-411-412-413-414-415-439 0.806133339202616 1.0 15 1.2291520562383589 1.0 [-1,-1] 1.0 1.0 1.0 0.0008239664519383997 0.11155322342262282 2885.0124688367314 31.748642613539154 -1217.4058327697185 2615.379897333058
270.6264286788647 65.2556470152419 39633446338824680 10 407-408-409-411-412-413-414-415-439-440 0.7705143324589028 1.0 15 0.8490809562065657 1.0 [-1,-1] 1.0 1.0 1.0 0.0007064174578981374 0.12774458208408304 2784.5647397586986 12.742833349917143 -1165.466242109549 2528.898346831816
272.70482442526 66.56941818568335 39633458753965229 10 407-408-409-411-412-413-414-415-439-440 0.9382730792082038 1.0 15 1.3159662253582125 1.0 [-1,-1] 1.0 1.0 1.0 0.0003671239319408774 0.21984967794317842 3239.404179266829 60.78659297246729 -1286.6741143725667 2972.291060809787
267.0294740321798 66.00259212974598 39633453829852252 10 407-408-409-411-412-413-414-415-439-440 0.5347787088548827 1.0 15 1.0979695645282204 1.0 [-1,-1] 1.0 1.0 1.0 0.0006094867785671962 0.14511252611805409 2062.048458606106 -43.459445134092114 -837.4986029637519 1883.8129451466828
269.901901406221 65.81410038776619 39633451367796173 10 407-408-409-411-412-413-414-415-439-440 0.45160156443764565 1.0 15 0.2175201303509707 1.0 [-1,-1] 1.0 1.0 1.0 0.0005330850268982689 0.1625298359500762 1781.4091451059949 -1.2495914415409233 -729.8396745342507 1625.0387780801539
266.56746846242794 66.28375106549893 39633456283518863 10 407-408-409-411-412-413-414-415-439-440 1.0878049722728875 1.0 15 1.3054225397124608 1.0 [-1,-1] 1.0 1.0 1.0 0.00012850791192818028 0.44600300211103894 3608.343483617795 -86.8940536759405 -1448.698949575551 3303.6136990727987
272.05878001198386 66.63448757479917 39633461157299466 9 407-408-409-411-412-413-414-415-440 0.9357454612153437 1.0 15 1.1187686369500482 1.0 [-1,-1] 1.0 1.0 1.0 0.0003671239319408774 0.21984967794317842 3232.884381255765 46.06082356185443 -1281.3194525885528 2967.766884968974
270.5702645814999 65.42623878788869 39633448867989486 10 407-408-409-411-412-413-414-416-439-440 0.4843755092017214 1.0 15 0.6869385787322327 1.0 [-1,-1] 1.0 1.0 1.0 0.000668512811805897 0.13401699399284683 1893.6719393904418 7.837960011458294 -787.4716651116445 1722.1557296202657
271.8097200606903 66.22316234034982 39633456317075060 10 407-408-409-411-412-413-414-416-439-440 0.8242681175573334 1.0 15 0.8659873997250006 1.0 [-1,-1] 1.0 1.0 1.0 0.000762533893525711 0.11946670068019369 2935.3292277069886 37.373810504673976 -1182.8621987831623 2686.1864961333436
271.5428286341161 65.8533555431444 39633451380377941 10 407-408-409-411-412-413-414-416-439-440 0.850078723427072 1.0 15 0.7576964531094799 1.0 [-1,-1] 1.0 1.0 1.0 0.0006576102792991648 0.1359368301360722 3006.0019099545584 33.10801417755748 -1229.2298262203794 2742.9811111959716
270.7071267069137 65.62788106725189 39633451376181980 10 407-408-409-411-412-413-414-416-439-440 0.6831986957653073 1.0 15 0.5602531323326982 1.0 [-1,-1] 1.0 1.0 1.0 0.0008053318504768218 0.11384060807160488 2528.9523461163644 12.879467094809474 -1043.5211007483697 2303.5836864650105
269.5755776177219 67.08612203928229 39633463518694604 10 407-408-409-411-412-413-414-416-439-440 0.8935926731375166 1.0 15 1.0678903474456654 1.0 [-1,-1] 1.0 1.0 1.0 0.0005723615213970424 0.15308410280969617 3122.696649198048 -9.006133423253699 -1215.7794172854005 2876.2881741888536
270.564007326087 66.0188110818381 39633453855016840 9 407-408-409-411-412-413-414-416-440 0.7806449335037492 1.0 15 0.33896285786840386 1.0 [-1,-1] 1.0 1.0 1.0 0.0007064174578981374 0.12774458208408304 2813.354238345358 11.255697789610297 -1143.3949852015303 2570.502535983782
271.2605638447341 64.80404395841975 39633441221774001 9 407-408-409-411-412-413-414-416-440 0.7512865445482038 1.0 15 1.3725438778781847 1.0 [-1,-1] 1.0 1.0 1.0 0.0007242712797402853 0.12498917450484462 2729.434147386633 25.562256408523638 -1161.681015965096 2469.7478723776244
272.65971315290005 66.11212987163195 39633453867601564 8 407-408-409-411-412-413-414-439 0.5666658634094148 1.0 15 1.191990324494249 1.0 [-1,-1] 1.0 1.0 1.0 0.0006724560872077301 0.13333590500666823 2165.9455871151004 40.700805862568636 -876.150535941746 1980.4100507507292
266.61789192042085 66.64686587974627 39633461119552405 9 407-408-409-411-412-413-415-439-440 0.47306992996796177 1.0 15 1.3974926300837303 1.0 [-1,-1] 1.0 1.0 1.0 0.000668512811805897 0.13401699399284683 1855.1959104627654 -43.384322661521765 -734.1133820877714 1703.21672402094
273.19992448521975 66.24272348622284 39633456329655015 7 407-408-409-411-412-413-416 0.8393026477280261 1.0 15 1.4214377532899944 1.0 [-1,-1] 1.0 1.0 1.0 0.0006366829495309179 0.1397804201853648 2976.629072428616 66.93809209270049 -1197.3038046657064 2724.3904870607766
268.5207378957247 65.01021366861079 39633443776104565 8 407-408-409-411-412-414-415-416 0.930884489853427 1.0 15 1.1272729205982628 1.0 [-1,-1] 1.0 1.0 1.0 0.0003671239319408774 0.21984967794317842 3220.3183328992172 -35.12006018442285 -1359.991648715361 2918.842144070815
267.6006254270451 65.74415042774098 39633451355209918 9 407-408-409-411-412-414-415-416-439 0.8730954237181596 1.0 15 0.9127239828635649 1.0 [-1,-1] 1.0 1.0 1.0 0.0005346154933450218 0.1621399955636538 3068.1065421436792 -52.766946936725205 -1259.309767124521 2797.2544241953765
270.62217795303263 65.0765941931412 39633443792879940 10 407-408-409-411-412-414-415-416-439-440 0.689492469900347 1.0 15 1.0130862526552111 1.0 [-1,-1] 1.0 1.0 1.0 0.0008053318504768218 0.11384060807160488 2547.8342573251384 11.658848541225398 -1073.6101386746147 2310.559400704796
266.83163074959305 66.18859255205422 39633456283520719 10 407-408-409-411-412-414-415-416-439-440 0.9021172895532314 1.0 15 1.1859839028500532 1.0 [-1,-1] 1.0 1.0 1.0 0.0005723615213970424 0.15308410280969617 3145.2039519345294 -70.18250920903336 -1267.8641980656694 2877.482005144255
268.59552743968294 65.97656851460688 39633453842432756 10 407-408-409-411-412-414-415-416-439-440 0.9129157007580269 1.0 15 0.4634954699706396 1.0 [-1,-1] 1.0 1.0 1.0 0.00042618922305278896 0.1953324009783564 3173.5508108395657 -31.66682942058791 -1291.5967966485682 2898.65480452262
267.62167114017626 66.9141268496919 39633463506111706 8 407-408-409-411-412-414-415-439 0.67218126147857 1.0 15 1.2279211042891518 1.0 [-1,-1] 1.0 1.0 1.0 0.0008053318504768218 0.11384060807160488 2495.7243461429243 -40.609667035168584 -977.7562876960206 2295.862258225592
270.45840739772865 64.70133727746266 39633441217578141 9 407-408-409-411-412-414-415-439-440 0.6640820221331388 1.0 15 1.3531547183377692 1.0 [-1,-1] 1.0 1.0 1.0 0.0006371005092682059 0.1397016056866948 2471.1549107251944 8.448791215476907 -1055.9815397655614 2234.152680190545
269.72885237162006 65.70036172105979 39633451367794938 9 407-408-409-411-412-414-415-439-440 0.8005366051160312 1.0 15 0.319638623502417 1.0 [-1,-1] 1.0 1.0 1.0 0.0008239664519383997 0.11155322342262282 2869.372232481399 -5.587883830439531 -1180.7581416377075 2615.1627090959087
272.0122727415207 66.71697966495155 39633461157299150 8 407-408-409-411-412-414-416-439 0.9976594548976206 1.0 15 1.1499898772206631 1.0 [-1,-1] 1.0 1.0 1.0 0.00023297360745577845 0.30751381291380364 3389.813720858734 47.04876655488752 -1339.0765850407117 3113.7593637086834
