EDR/data_rosette/LRG_9_clustering_data.ecsv
# %ECSV 1.0
# ---
# datatype:
# - {name: RA, unit: deg, datatype: float64}
# - {name: DEC, unit: deg, datatype: float64}
# - {name: TARGETID, datatype: int64}
# - {name: NTILE, datatype: int64}
# - {name: TILES, datatype: string}
# - {name: Z, datatype: float64}
# - {name: COMP_TILE, datatype: float64}
# - {name: ROSETTE_NUMBER, datatype: int32}
# - {name: ROSETTE_R, unit: deg, datatype: float64}
# - {name: FRACZ_TILELOCID, datatype: float64}
# - {name: BITWEIGHTS, datatype: string, subtype: 'int64[2]'}
# - {name: PROB_OBS, datatype: float64}
# - {name: WEIGHT_ZFAIL, datatype: float64}
# - {name: WEIGHT, datatype: float64}
# - {name: NZ, unit: h3 / Mpc3, datatype: float64}
# - {name: WEIGHT_FKP, datatype: float64}
# - {name: distance, unit: Mpc, datatype: float64}
# - {name: x, unit: Mpc, datatype: float64}
# - {name: y, unit: Mpc, datatype: float64}
# - {name: z, unit: Mpc, datatype: float64}
# meta: !!omap
# - {EXTNAME: LSS}
# - {DESIDR: edr}
# - comments: ['Visit https://desidatamodel.readthedocs.io/en/latest/ for a more complet', e description]
# schema: astropy-2.0
RA DEC TARGETID NTILE TILES Z COMP_TILE ROSETTE_NUMBER ROSETTE_R FRACZ_TILELOCID BITWEIGHTS PROB_OBS WEIGHT_ZFAIL WEIGHT NZ WEIGHT_FKP distance x y z
[from data line 4312]
220.10330709987556 -1.2004200140195813 39627758220872204 10 245-246-247-248-249-250-251-253-254-469 0.525147538712712 1.0 9 0.6726632441951028 1.0 [-1,-1] 1.0 1.0 1.0 0.0006865842838717192 0.13125169390769817 2030.2702190552307 -1552.5808350296652 -1307.5476288031696 -42.53365129365949
218.8161512379089 -1.3486199821574163 39627758199899640 10 245-246-247-248-249-250-251-253-254-469 0.6454874239084492 1.0 9 1.2361620459933964 1.0 [-1,-1] 1.0 1.0 1.0 0.000833303205902425 0.11070054926254569 2414.2866666196423 -1880.5976609778352 -1512.9123632000126 -56.82189207191662
221.12658899822517 -0.7230727275903955 39627770317245457 10 245-246-247-248-249-250-251-253-254-469 0.7231451521786694 1.0 9 1.3321974274982713 1.0 [-1,-1] 1.0 1.0 1.0 0.0006167714992318164 0.14396928707710532 2647.5776985702078 -1994.150924097693 -1741.2390504084347 -33.41154320543315
220.94336534623477 -1.2399304710772292 39627758233457774 10 245-246-247-248-249-250-251-253-254-469 0.9754099989043328 1.0 9 1.310131563811312 1.0 [-1,-1] 1.0 1.0 1.0 0.0003578035202613049 0.22475091060875194 3334.078885856873 -2517.8324600357882 -2184.3526659312697 -72.14673343743641
220.3001723490083 -1.7817883185168037 39627746145469790 10 245-246-247-248-249-250-251-253-254-469 0.7749532826789851 1.0 9 1.2832299355527763 1.0 [-1,-1] 1.0 1.0 1.0 0.0007324854237337303 0.12404708914385561 2797.2012450329953 -2132.2998804644612 -1808.3328308131263 -86.97354763816632
218.50449475945263 -0.790870471379376 39627770275299477 10 245-246-247-248-249-250-251-253-254-469 0.5877277987829436 1.0 9 1.3093954934799954 1.0 [-1,-1] 1.0 1.0 1.0 0.0006621615122706149 0.13543705131792066 2233.475567242872 -1747.660614437594 -1390.3758843041633 -30.828340206637076
220.06327575849272 -1.0326543246128934 39627764260669032 10 245-246-247-248-249-250-251-253-254-469 1.063458999204327 1.0 9 0.5064479150828475 1.0 [-1,-1] 1.0 1.0 1.0 0.0001568149373683449 0.39812733398474315 3550.4502703718304 -2716.8393403763325 -2284.816573648084 -63.98707486613636
219.73856303422275 -0.10628420345496112 39627788411474835 10 245-246-247-248-249-250-251-253-254-469 0.5300073667489142 1.0 9 0.49752348866983215 1.0 [-1,-1] 1.0 1.0 1.0 0.0007045118177349687 0.128340413101622 2046.328501019883 -1573.5614087192007 -1308.1859263087892 -3.7959562092073473
220.25097666454005 -1.6499760595940725 39627746145468489 10 245-246-247-248-249-250-251-253-254-469 0.6278682992196859 1.0 9 1.1426922523376102 1.0 [-1,-1] 1.0 1.0 1.0 0.0007214233604467519 0.12571007283523317 2359.804193423777 -1800.3064397200376 -1524.1245833165656 -67.94710393469457
220.946091386503 -1.2288937148303514 39627758233457860 10 245-246-247-248-249-250-251-253-254-469 0.7133027718619199 1.0 9 1.3071667857289344 1.0 [-1,-1] 1.0 1.0 1.0 0.0006167714992318164 0.14396928707710532 2618.6167004993454 -1977.455712745559 -1715.7121949212567 -56.16041722170451
220.5088499234083 -0.20230828559442302 39627782388449596 10 245-246-247-248-249-250-251-253-254-469 0.9103535322047257 1.0 9 0.8127731940502723 1.0 [-1,-1] 1.0 1.0 1.0 0.0004951280553168204 0.17321314004730964 3166.841379732645 -2407.7523606939603 -2057.0580591191897 -11.181921678078377
219.4882053946462 0.6721630158031848 39627806526674527 10 245-246-247-248-249-250-251-253-254-469 0.645647033305921 1.0 9 1.3098131860013613 1.0 [-1,-1] 1.0 1.0 1.0 0.000833303205902425 0.11070054926254569 2414.7775489158594 -1863.4896302054915 -1535.4981345897504 28.328210958017138
219.8920037470261 -1.9537354101540247 39627740097285129 10 245-246-247-248-249-250-251-253-254-469 0.622931601073712 1.0 9 1.3568565335893326 1.0 [-1,-1] 1.0 1.0 1.0 0.0007214233604467519 0.12571007283523317 2344.4336100592354 -1797.7319629118092 -1502.7109891291093 -79.92762132858596
220.5384706277641 -1.0836314024258424 39627764269057053 10 245-246-247-248-249-250-251-253-254-469 0.732106042694005 1.0 9 0.8826761850322276 1.0 [-1,-1] 1.0 1.0 1.0 0.0007126833197713517 0.12705585074725267 2673.7947016880144 -2031.639623873559 -1737.5447031654548 -50.56629295757696
220.54116035683123 -1.0812986197602317 39627764269057131 10 245-246-247-248-249-250-251-253-254-469 0.758326991527315 1.0 9 0.8836546605336141 1.0 [-1,-1] 1.0 1.0 1.0 0.0006416626200019751 0.139161677870846 2749.695379913615 -2089.229246708567 -1786.9676236190403 -51.88977888903338
219.72133002658273 -0.10616590640054224 39627788411474478 9 245-246-247-248-249-250-251-253-469 0.5302690092917872 0.8571428571428571 9 0.5000607996767784 1.0 [-1,-1] 1.0 1.0 1.0 0.0007045118177349687 0.128340413101622 2047.1917032395459 -1574.6187511547832 -1308.2642198603924 -3.7933306820625394
220.26147006351133 -0.781756930172138 39627770304659819 9 245-246-247-248-249-250-251-253-469 0.6890475434007698 0.8571428571428571 9 0.4959425982224334 1.0 [-1,-1] 1.0 1.0 1.0 0.0007209928471550773 0.12577569469930108 2546.5018108639333 -1943.0625638320232 -1645.591748069391 -34.7439844252309
220.06343347164332 0.07842609864476122 39627788419860133 9 245-246-247-248-249-250-251-253-469 0.5557347303155937 0.8571428571428571 9 0.7277753202489241 1.0 [-1,-1] 1.0 1.0 1.0 0.000677088223595666 0.13284793461577618 2130.55529157754 -1630.5813155845296 -1371.2993542587665 2.9162896239215765
221.11824781841392 -0.721354675555616 39627770317245223 9 245-246-247-248-249-250-251-253-469 0.7224431885628831 0.8571428571428571 9 1.3237343225523708 1.0 [-1,-1] 1.0 1.0 1.0 0.0006167714992318164 0.14396928707710532 2645.517918254444 -1992.8535275011293 -1739.5949439158524 -33.3062281568189
219.72602581523682 -0.09858958212731003 39627788411474562 9 245-246-247-248-249-250-251-253-469 0.9874604774907907 0.8571428571428571 9 0.5068375961411408 1.0 [-1,-1] 1.0 1.0 1.0 0.0003578035202613049 0.22475091060875194 3364.3559431614535 -2587.553695250147 -2150.2147039188044 -5.789087533175504
219.77230980361557 -0.28478834973027434 39627782375866945 9 245-246-247-248-249-250-251-254-469 0.7191334570697193 1.0 9 0.31642547905833374 1.0 [-1,-1] 1.0 1.0 1.0 0.0006167714992318164 0.14396928707710532 2635.794284773108 -2025.8274563390617 -1686.1977905157103 -13.101146717882404
220.6193356014076 -1.1285130278801747 39627758229261135 9 245-246-247-248-249-250-251-254-469 0.8826747979360148 1.0 9 0.9749253055012064 1.0 [-1,-1] 1.0 1.0 1.0 0.0005690156306133545 0.15418916366201427 3093.7025325388936 -2347.824519218075 -2013.7037683145104 -60.930454387954114
218.8775225936028 -1.0740645811652683 39627764239699215 9 245-246-247-248-249-250-251-254-469 0.5291578402974554 1.0 9 1.037070552135132 1.0 [-1,-1] 1.0 1.0 1.0 0.0006865842838717192 0.13125169390769817 2043.5248283176184 -1590.58298711626 -1282.4087360189792 -38.30559788165292
219.71908755660343 -1.5039502772289302 39627752172689787 9 245-246-247-248-249-250-252-253-254 0.7429362879267414 1.0 9 0.9075629920763525 1.0 [-1,-1] 1.0 1.0 1.0 0.0007126833197713517 0.12705585074725267 2705.2910443991145 -2080.1571016034404 -1728.1506536579354 -71.00271696544245
219.19958594712676 -1.8582331728253458 39627746124501572 9 245-246-247-248-249-250-252-253-254 0.557263662532812 1.0 9 1.3940829876145775 1.0 [-1,-1] 1.0 1.0 1.0 0.000677088223595666 0.13284793461577618 2135.5194621982714 -1654.0485019445043 -1348.9891367659961 -69.24763916602868
220.01885684878013 -0.6628788509552171 39627770300465797 9 245-246-247-248-249-250-252-253-254 0.5540257513767681 1.0 9 0.22769771199547179 1.0 [-1,-1] 1.0 1.0 1.0 0.000677088223595666 0.13284793461577618 2125.0010831782215 -1627.2867248586895 -1366.3685893749446 -24.584478371907856
219.57276346009445 -1.5271974694282267 39627752172685408 10 245-246-247-248-249-250-252-253-254-469 0.7908815543709357 0.9375 9 0.9546269810938438 1.0 [-1,-1] 1.0 1.0 1.0 0.0007229154976227362 0.12548315978664992 2842.266279252688 -2190.0865720952615 -1810.0442702331634 -75.75056898163639
220.65075396373453 -1.496439026212669 39627752189463937 10 245-246-247-248-249-250-252-253-254-469 0.5092532730105416 0.9375 9 1.2357702984661048 1.0 [-1,-1] 1.0 1.0 1.0 0.0005337442823398631 0.16272042362546515 1977.419750539514 -1499.745901645552 -1287.743924467102 -51.639958551406664
219.35255465566655 -0.8903875841072011 39627764248086804 10 245-246-247-248-249-250-252-253-254-469 0.7699104588651512 0.9375 9 0.5333835313163409 1.0 [-1,-1] 1.0 1.0 1.0 0.0006416626200019751 0.139161677870846 2782.843046117133 -2151.5983640475674 -1764.361028757413 -43.2441828735175
219.35841268512445 -0.9081408411294992 39627764248086952 10 245-246-247-248-249-250-252-253-254-469 0.9704868420161222 0.9375 9 0.538438380847688 1.0 [-1,-1] 1.0 1.0 1.0 0.0003578035202613049 0.22475091060875194 3321.647309638392 -2567.955435488562 -2106.222714460698 -52.64606407437187
219.32341587406577 -0.4239438964430954 39627776327681786 10 245-246-247-248-249-250-252-253-254-469 0.6396968920410268 0.9375 9 0.5080451426479483 1.0 [-1,-1] 1.0 1.0 1.0 0.000833303205902425 0.11070054926254569 2396.445444968801 -1853.7946172158834 -1518.5789002250779 -17.731657686854085
220.11406400059812 0.2612586822261707 39627794459659095 10 245-246-247-248-249-250-252-253-254-469 0.6466429906654132 0.9375 9 0.9167333281502095 1.0 [-1,-1] 1.0 1.0 1.0 0.000833303205902425 0.11070054926254569 2417.839560449821 -1849.0556639037154 -1557.8253251790834 11.024885144787708
220.17120492738485 -1.0242182819965415 39627764260671658 10 245-246-247-248-249-250-252-253-254-469 0.9057216776885466 0.9375 9 0.5636718354308612 1.0 [-1,-1] 1.0 1.0 1.0 0.0005275616701708153 0.16431404058018498 3154.6861190302375 -2410.1746260727364 -2034.6800577264316 -56.39010664622618
220.1665082036475 -1.678573495498996 39627746141279057 10 245-246-247-248-249-250-252-253-254-469 0.4322981517793998 0.9375 9 1.1391189463483629 1.0 [-1,-1] 1.0 1.0 1.0 0.0005288673958748294 0.16397488484989944 1714.2474398133804 -1309.4198098509023 -1105.2341610850528 -50.21449638675414
218.46633111526143 -0.916056790140727 39627764231312060 10 245-246-247-248-249-250-252-253-254-469 0.9998734129171146 0.9375 9 1.370492156279163 1.0 [-1,-1] 1.0 1.0 1.0 0.0002622817504223413 0.28340640119267335 3395.319863852504 -2658.1068314418685 -2111.804543983742 -54.282764512095284
219.59141581446283 -1.092214680697867 39627764252281250 10 245-246-247-248-249-250-252-253-254-469 0.6042441757143167 0.9375 9 0.5345773091647376 1.0 [-1,-1] 1.0 1.0 1.0 0.0007756247847600315 0.11796159141779075 2285.829324399467 -1761.1600020689186 -1456.5138751877316 -43.57153638269513
220.51303472856608 -0.8899721842246051 39627764269056382 10 245-246-247-248-249-250-252-253-254-469 0.8153909547746152 0.9375 9 0.769685230909805 1.0 [-1,-1] 1.0 1.0 1.0 0.0006627118749498285 0.13533979738261318 2910.7674226629792 -2212.6678385343253 -1890.667605154161 -45.210971816028575
220.23238361754224 -0.21476203434347274 39627782380067187 10 245-246-247-248-249-250-252-253-254-469 1.0179994647585913 0.9375 9 0.579097338324197 1.0 [-1,-1] 1.0 1.0 1.0 0.00020304675497218746 0.33812883710054276 3440.1314726126816 -2626.2848823953987 -2221.928440311954 -12.894630454938007
220.52697593279765 -1.5891961065956604 39627752189461148 10 245-246-247-248-249-250-252-253-254-469 0.8974052212230208 0.9375 9 1.2275165744101277 1.0 [-1,-1] 1.0 1.0 1.0 0.0005275616701708153 0.16431404058018498 3132.776975273325 -2380.308211587141 -2034.9142372593708 -86.88176824066198
219.7099424269808 -1.5707858712874931 39627752172689505 9 245-246-247-248-249-250-252-253-469 0.6229074345304592 1.0 9 0.9749525475734762 1.0 [-1,-1] 1.0 1.0 1.0 0.0007214233604467519 0.12571007283523317 2344.3582529515293 -1802.810599641124 -1497.2507375378366 -64.26343397268451
219.71018768523848 -1.5748439603089572 39627752172689517 9 245-246-247-248-249-250-252-253-469 0.6241913281122985 1.0 9 0.978970836613777 1.0 [-1,-1] 1.0 1.0 1.0 0.0007214233604467519 0.12571007283523317 2348.3602073015413 -1805.8781689913517 -1499.8114440961067 -64.53940002923359
219.31398104342514 0.21838085944593283 39627794447074641 9 245-246-247-248-249-250-252-253-469 0.8608009070307093 1.0 9 0.9518166952784768 1.0 [-1,-1] 1.0 1.0 1.0 0.0006812235016579503 0.1321480675826358 3035.039691100775 -2348.1495456690286 -1922.8951664007343 11.567919610544113
220.04931506173077 -1.2488027515132092 39627758220870908 9 245-246-247-248-249-250-252-253-469 0.8147985111542003 1.0 9 0.6950440039448891 1.0 [-1,-1] 1.0 1.0 1.0 0.0006627118749498285 0.13533979738261318 2909.1235329959522 -2226.378678658594 -1871.4213767228898 -63.40142103982888
220.21801447691556 -0.5028409727475059 39627776340268331 9 245-246-247-248-249-250-252-253-469 0.8933816299973594 1.0 9 0.42913838489512085 1.0 [-1,-1] 1.0 1.0 1.0 0.0005275616701708153 0.16431404058018498 3122.1379830537053 -2383.9510574603605 -2015.8799981889988 -27.40025112679917
220.10470126515244 -0.6610364205248467 39627770300468019 8 245-246-247-248-249-250-252-254 0.7918926690284595 1.0 9 0.3107363091728302 1.0 [-1,-1] 1.0 1.0 1.0 0.0007229154976227362 0.12548315978664992 2845.112342473489 -2175.9921121369503 -1832.6606748368088 -32.82407834887445
220.33232047185783 -1.4920869556510399 39627752185268042 9 245-246-247-248-249-250-252-254-469 0.7621356083281655 1.0 9 1.0387897058700877 1.0 [-1,-1] 1.0 1.0 1.0 0.0006416626200019751 0.139161677870846 2760.6199442987636 -2103.716298235935 -1786.1223306765564 -71.88346997153937
219.18061361733012 0.19092474190307876 39627794442883440 9 245-246-247-248-249-250-252-254-469 0.9651334090871097 1.0 9 1.0045847186908914 1.0 [-1,-1] 1.0 1.0 1.0 0.00041974738576830407 0.19815580287489248 3308.088151179648 -2564.2777353034576 -2089.9295195523155 11.023407185522265
218.45816928724417 -0.9353429480618513 39627764231311881 9 245-246-247-248-249-250-252-254-469 0.6107273660561807 1.0 9 1.3829809092354381 1.0 [-1,-1] 1.0 1.0 1.0 0.0007214233604467519 0.12571007283523317 2306.2363762682367 -1805.6864407706487 -1434.1566820193725 -37.64720785210194
219.6723657390162 -1.227788723655783 39627758212485572 9 245-246-247-248-249-250-252-254-469 0.7360902114463207 1.0 9 0.6406285029760185 1.0 [-1,-1] 1.0 1.0 1.0 0.0007126833197713517 0.12705585074725267 2685.4054868312865 -2066.502315221074 -1713.9602794717973 -57.54103129487328
220.33285336475345 -1.4909736539736023 39627752185268063 9 245-246-247-248-249-250-252-254-469 0.7602748833958739 1.0 9 1.038107174894461 0.5 [-1,-1] 1.0 1.0 1.0 0.0006416626200019751 0.139161677870846 2755.285827477944 -2099.6359438581644 -1782.6915848814015 -71.6910562949824
219.9207292013219 0.26194248113045365 39627794455465755 9 245-246-247-248-249-250-252-254-469 0.7754394308493812 1.0 9 0.8703562368838368 1.0 [-1,-1] 1.0 1.0 1.0 0.0007324854237337303 0.12404708914385561 2798.583116217228 -2146.3033981960234 -1795.9079833162061 12.794402270205785
219.30538792709498 -0.542895053318055 39627776327681397 9 245-246-247-248-249-250-252-254-469 1.060190157924034 1.0 9 0.4978731994096963 1.0 [-1,-1] 1.0 1.0 1.0 0.0001568149373683449 0.39812733398474315 3542.6147359254296 -2741.0836616350375 -2243.981460089451 -33.56685699123385
219.78751989362638 0.7796401608438651 39627806535058332 9 245-246-247-248-249-250-252-254-469 0.5385439868193772 1.0 9 1.3796966038083094 1.0 [-1,-1] 1.0 1.0 1.0 0.0007045118177349687 0.128340413101622 2074.4217147194954 -1593.8856471594786 -1327.3873834067288 28.226382187950975
219.93387221469607 0.2738063027336408 39627794455465987 8 245-246-247-248-249-250-252-469 0.8711069439764557 1.0 9 0.8840015452330845 1.0 [-1,-1] 1.0 1.0 1.0 0.0005690156306133545 0.15418916366201427 3062.7749131894516 -2348.46550948095 -1965.9821198242896 14.636398881714664
220.54251837381491 -0.6248102713236448 39627776348652574 7 245-246-247-248-249-250-253 0.9200218819034232 1.0 9 0.7428903630515126 1.0 [-1,-1] 1.0 1.0 1.0 0.0004951280553168204 0.17321314004730964 3192.105934440579 -2425.6130714872215 -2074.7842882448927 -34.80921391273927
