EDR/data_rosette/LRG_5_clustering_data.ecsv
# %ECSV 1.0
# ---
# datatype:
# - {name: RA, unit: deg, datatype: float64}
# - {name: DEC, unit: deg, datatype: float64}
# - {name: TARGETID, datatype: int64}
# - {name: NTILE, datatype: int64}
# - {name: TILES, datatype: string}
# - {name: Z, datatype: float64}
# - {name: COMP_TILE, datatype: float64}
# - {name: ROSETTE_NUMBER, datatype: int32}
# - {name: ROSETTE_R, unit: deg, datatype: float64}
# - {name: FRACZ_TILELOCID, datatype: float64}
# - {name: BITWEIGHTS, datatype: string, subtype: 'int64[2]'}
# - {name: PROB_OBS, datatype: float64}
# - {name: WEIGHT_ZFAIL, datatype: float64}
# - {name: WEIGHT, datatype: float64}
# - {name: NZ, unit: h3 / Mpc3, datatype: float64}
# - {name: WEIGHT_FKP, datatype: float64}
# - {name: distance, unit: Mpc, datatype: float64}
# - {name: x, unit: Mpc, datatype: float64}
# - {name: y, unit: Mpc, datatype: float64}
# - {name: z, unit: Mpc, datatype: float64}
# meta: !!omap
# - {EXTNAME: LSS}
# - {DESIDR: edr}
# - comments: ['Visit https://desidatamodel.readthedocs.io/en/latest/ for a more complet', e description]
# schema: astropy-2.0
RA DEC TARGETID NTILE TILES Z COMP_TILE ROSETTE_NUMBER ROSETTE_R FRACZ_TILELOCID BITWEIGHTS PROB_OBS WEIGHT_ZFAIL WEIGHT NZ WEIGHT_FKP distance x y z
[from data line 3810]
208.88152575319933 4.926536724332146 39627908943184988 11 137-138-139-140-141-142-143-144-145-146-457 0.8933922067911717 1.0 5 1.1166992203196275 1.0 [-1,-1] 1.0 1.0 1.0 0.0005275616701708153 0.16431404058018498 3122.1659832555006 -2723.732152435545 -1502.4352723483598 268.12653951097224
209.9505765754576 3.722877831740875 39627878823890299 11 137-138-139-140-141-142-143-144-145-146-457 0.5468668697326029 1.0 5 1.2780725638772972 1.0 [-1,-1] 1.0 1.0 1.0 0.0007045118177349687 0.128340413101622 2101.6718702756234 -1817.1642643724579 -1047.0513322294455 136.46316086067017
210.8001694043179 4.782355856014894 39627902949527786 11 137-138-139-140-141-142-143-144-145-146-457 0.7865369074022512 1.0 5 0.8264287674917642 1.0 [-1,-1] 1.0 1.0 1.0 0.0007324854237337303 0.12404708914385561 2830.0172389771146 -2422.404163434064 -1444.052406204978 235.94128510834824
210.7975963972425 4.7808142365592206 39627902949527739 11 137-138-139-140-141-142-143-144-145-146-457 0.9956733359714233 1.0 5 0.824365335491872 1.0 [-1,-1] 1.0 1.0 1.0 0.0002622817504223413 0.28340640119267335 3384.8681156575226 -2897.422833387133 -1727.0459189317535 282.1089840167479
208.65806161442376 5.425402417309413 39627920980837275 11 137-138-139-140-141-142-143-144-145-146-457 0.9570004384978741 1.0 5 1.4024594033348694 1.0 [-1,-1] 1.0 1.0 1.0 0.00041974738576830407 0.19815580287489248 3287.4067009230575 -2871.767944091405 -1569.5160317117454 310.8232918599604
210.5861775648891 4.399426717628288 39627896926502950 11 137-138-139-140-141-142-143-144-145-146-457 0.9116812342150424 1.0 5 0.8378439873490299 1.0 [-1,-1] 1.0 1.0 1.0 0.0004951280553168204 0.17321314004730964 3170.319449903555 -2721.174858129509 -1608.4123725230615 243.19219937194063
210.53533994916882 5.808266151013998 39627927024831560 11 137-138-139-140-141-142-143-144-145-146-457 0.9526806192212216 1.0 5 0.9681612278404982 1.0 [-1,-1] 1.0 1.0 1.0 0.00041974738576830407 0.19815580287489248 3276.381230937859 -2807.511595538549 -1656.0840749349923 331.5692206842834
209.07497176023355 4.840738689313032 39627902920167930 11 137-138-139-140-141-142-143-144-145-146-457 1.0127419713748282 1.0 5 0.9352784425745078 1.0 [-1,-1] 1.0 1.0 1.0 0.00020304675497218746 0.33812883710054276 3427.1828002315333 -2984.62100919186 -1659.511501837496 289.2074566163125
209.23908540211764 6.014745029420148 39627933018491827 11 137-138-139-140-141-142-143-144-145-146-457 0.7600953842173387 1.0 5 1.266234550272995 1.0 [-1,-1] 1.0 1.0 1.0 0.0006416626200019751 0.139161677870846 2754.7709411476394 -2390.5501010566218 -1338.1742331562514 288.65701835622104
210.89618641007053 3.9550097908484143 39627884872076298 10 137-138-139-140-141-142-143-144-145-457 0.5324777491250063 1.0 5 1.374858951009195 1.0 [-1,-1] 1.0 1.0 1.0 0.0007045118177349687 0.128340413101622 2054.473250576154 -1758.7432016412706 -1052.427107002909 141.70346664442994
209.4758130541331 4.663023228486428 39627902928554839 10 137-138-139-140-141-142-143-144-145-457 0.47992235173188824 1.0 5 0.6215909023635519 1.0 [-1,-1] 1.0 1.0 1.0 0.00048380039118235755 0.17655271186088778 1878.5478718806464 -1629.9821327257303 -921.2913980295931 152.71710401543922
209.28556903053635 5.73089247625487 39627927003860509 10 137-138-139-140-141-142-143-144-145-457 0.7031021387868434 1.0 5 1.0198751994734436 1.0 [-1,-1] 1.0 1.0 1.0 0.0005843703162771602 0.15074849413407446 2588.4180964987136 -2246.315100010027 -1259.829402026825 258.46971106437076
209.28270827708357 5.7289491631657805 39627927003860449 10 137-138-139-140-141-142-143-144-145-457 0.7035032677636732 1.0 5 1.020475423993112 1.0 [-1,-1] 1.0 1.0 1.0 0.0005843703162771602 0.15074849413407446 2589.6091665968797 -2247.419327615512 -1260.3011955819065 258.5012533773144
210.98997037329084 5.740045564405786 39627927033219433 10 137-138-139-140-141-142-143-144-145-457 0.9663894857523375 1.0 5 1.2325221728532922 1.0 [-1,-1] 1.0 1.0 1.0 0.00041974738576830407 0.19815580287489248 3311.273390244797 -2824.3807003587954 -1696.386301088598 331.1776590637985
209.22200966855885 5.708445591123258 39627927003859206 10 137-138-139-140-141-142-143-144-145-457 0.9562579763992389 1.0 5 1.0497075461392011 1.0 [-1,-1] 1.0 1.0 1.0 0.00041974738576830407 0.19815580287489248 3285.5137217475176 -2853.1619460803063 -1596.0169790608868 326.7982983123152
209.69073529794335 3.951157224757294 39627884851105064 10 137-138-139-140-141-142-143-144-145-457 0.41480245746275424 1.0 5 1.0932203374729519 1.0 [-1,-1] 1.0 1.0 1.0 0.0006262316776515472 0.14210347001521706 1652.7025172378858 -1432.3093873064101 -816.6679241518257 113.88121521975302
209.7161685437422 4.714251794313756 39627902932749108 10 137-138-139-140-141-142-143-144-145-457 0.45196598551294076 1.0 5 0.4020380657521763 1.0 [-1,-1] 1.0 1.0 1.0 0.0005635091211985168 0.1554616369400361 1782.6696108189778 -1542.995983059611 -880.6865509986767 146.51121625816072
209.16344451439215 5.793558411771922 39627927003857911 10 137-138-139-140-141-142-143-144-145-457 1.074966452579009 1.0 5 1.1503729810120786 1.0 [-1,-1] 1.0 1.0 1.0 0.0001075182622224553 0.4910338705006151 3577.9160724263165 -3108.395955331251 -1734.6220607208318 361.1707527852935
210.41267678954543 4.869909844769852 39627902945330714 10 137-138-139-140-141-142-143-144-145-457 0.5822345917558905 1.0 5 0.4312368509698653 1.0 [-1,-1] 1.0 1.0 1.0 0.0006621615122706149 0.13543705131792066 2215.946226443093 -1904.1369586817682 -1117.7169000491094 188.11978209146557
209.7005444356389 5.3549404107072816 39627914978789856 10 137-138-139-140-141-142-143-144-145-457 0.7261534373546079 1.0 5 0.46360089067020005 1.0 [-1,-1] 1.0 1.0 1.0 0.0006167714992318164 0.14396928707710532 2656.395001480276 -2297.3455756546396 -1310.4117135311885 247.90895697756332
209.2678158120532 5.729909017827795 39627927003860140 10 137-138-139-140-141-142-143-144-145-457 0.9551987723370738 1.0 5 1.0315846156084663 1.0 [-1,-1] 1.0 1.0 1.0 0.00041974738576830407 0.19815580287489248 3282.8117378119505 -2849.432793762641 -1596.9231380479475 327.7531859693309
209.95827383440619 5.350815138599768 39627914982984098 9 137-138-139-140-141-142-143-144-146 0.7198386506837048 1.0 5 0.3532678329406042 1.0 [-1,-1] 1.0 1.0 1.0 0.0006167714992318164 0.14396928707710532 2637.867707598002 -2275.4613815590847 -1311.5296691729322 245.99079393485593
209.30646942443602 5.744289164246964 39627927003860990 9 137-138-139-140-141-142-143-144-146 0.6378671237057947 1.0 5 1.0152477584485597 1.0 [-1,-1] 1.0 1.0 1.0 0.000833303205902425 0.11070054926254569 2390.794644949799 -2074.337567048488 -1164.3719507962035 239.29198158534135
210.43859956226535 5.348963249343315 39627914991372586 9 137-138-139-140-141-142-143-144-146 0.49928571005643674 1.0 5 0.55908815744373 1.0 [-1,-1] 1.0 1.0 1.0 0.0005337442823398631 0.16272042362546515 1944.016190179389 -1668.7787719799462 -980.5785040915868 181.22404692036554
209.81308930293434 5.0629975792184 39627908955771503 9 137-138-139-140-141-142-143-144-146 0.9671558549911796 1.0 5 0.19655935274524258 1.0 [-1,-1] 1.0 1.0 1.0 0.00041974738576830407 0.19815580287489248 3313.2156370632733 -2863.5014486261075 -1640.8115895847977 292.3946628804713
208.9267422085411 4.246536845414104 39627890869930579 9 137-138-139-140-141-142-143-144-146 0.5828595228782749 1.0 5 1.3084679003607897 1.0 [-1,-1] 1.0 1.0 1.0 0.0006621615122706149 0.13543705131792066 2217.9433946126433 -1935.9009265807545 -1069.8539399691767 164.23474450329
210.6981313849002 6.057829608213 39627933043656361 9 137-138-139-140-141-142-143-144-146 0.5960900867058008 1.0 5 1.2656430616327867 1.0 [-1,-1] 1.0 1.0 1.0 0.0007756247847600315 0.11796159141779075 2260.0481909830282 -1932.493340762889 -1147.3453349723557 238.50785267978065
210.89072443754492 4.732947261855122 39627902953718932 10 137-138-139-140-141-142-143-144-146-457 0.6545879465502037 1.0 5 0.9268202389581746 1.0 [-1,-1] 1.0 1.0 1.0 0.000700708733790897 0.12894715825466588 2442.1994566184453 -2088.6223029357943 -1249.5554684118156 201.5097837543823
210.41594607731952 4.684204082290198 39627902945330779 10 137-138-139-140-141-142-143-144-146-457 1.079790870778255 1.0 5 0.5210614519923108 1.0 [-1,-1] 1.0 1.0 1.0 0.0001075182622224553 0.4910338705006151 3589.3765153407594 -3085.041917107963 -1811.1376757113933 293.12191693104
209.89384763678333 6.229640694612733 39627939037319710 10 137-138-139-140-141-142-143-144-146-457 0.5438261409676165 1.0 5 1.234170268896478 1.0 [-1,-1] 1.0 1.0 1.0 0.0007045118177349687 0.128340413101622 2091.7320943276004 -1802.7193427890466 -1036.3520337696668 226.9814698953047
209.88075455485253 6.238298203449437 39627939037319431 10 137-138-139-140-141-142-143-144-146-457 0.9917507321075942 1.0 5 1.2439714724275481 1.0 [-1,-1] 1.0 1.0 1.0 0.0002622817504223413 0.28340640119267335 3375.0835115136415 -2909.0852752874407 -1671.498226403944 366.7495738586732
209.2393664879467 4.536606195375608 39627896901339855 10 137-138-139-140-141-142-143-144-146-457 0.5479506396295957 1.0 5 0.8884233312394688 1.0 [-1,-1] 1.0 1.0 1.0 0.0007045118177349687 0.128340413101622 2105.210152152292 -1831.223079342106 -1025.0878007392878 166.51372071208098
209.8741306236805 6.239611150559078 39627939037319292 10 137-138-139-140-141-142-143-144-146-457 0.9890949653887369 1.0 5 1.24592389185596 1.0 [-1,-1] 1.0 1.0 1.0 0.0003578035202613049 0.22475091060875194 3368.4460937856225 -2903.5498543541416 -1667.8712229820142 366.105058102371
211.2100308654161 4.8476773746044195 39627902957914886 10 137-138-139-140-141-142-143-144-146-457 0.7454261429720034 1.0 5 1.2151497734307093 1.0 [-1,-1] 1.0 1.0 1.0 0.0007126833197713517 0.12705585074725267 2712.502769436451 -2311.633220870672 -1400.5280364596374 229.22553404455846
210.9985956035401 6.051453851423267 39627933047851548 10 137-138-139-140-141-142-143-144-146-457 0.9221937046564659 1.0 5 1.446884026747647 1.0 [-1,-1] 1.0 1.0 1.0 0.0004951280553168204 0.17321314004730964 3197.7611888775327 -2725.7824957965836 -1637.72442492922 337.1129108928552
209.55461474886732 5.506171227744382 39627920993423225 10 137-138-139-140-141-142-143-144-146-457 0.6377084332716456 1.0 5 0.6729882768894135 1.0 [-1,-1] 1.0 1.0 1.0 0.000833303205902425 0.11070054926254569 2390.3042708103385 -2069.6979017836816 -1173.5844961758232 229.356780458109
210.08481459782627 6.203421344899362 39627939041512647 10 137-138-139-140-141-142-143-144-146-457 0.5459430566993703 1.0 5 1.206377900342926 1.0 [-1,-1] 1.0 1.0 1.0 0.0007045118177349687 0.128340413101622 2098.6539761788995 -1805.2991859490874 -1045.856186142923 226.77786234473444
210.97249667887328 5.74421189170311 39627927033219040 10 137-138-139-140-141-142-143-144-146-457 0.6689415964723637 1.0 5 1.2211869409135974 1.0 [-1,-1] 1.0 1.0 1.0 0.000700708733790897 0.12894715825466588 2485.9112040813234 -2120.753323133858 -1272.892006278735 248.80875656907656
210.52694616856894 4.730082890763256 39627902945333102 10 137-138-139-140-141-142-143-144-146-457 0.6817744165084801 1.0 5 0.5903641245307273 1.0 [-1,-1] 1.0 1.0 1.0 0.0007209928471550773 0.12577569469930108 2524.669328492776 -2167.319227093398 -1278.021925876968 208.1887198701371
209.55762521946136 5.131924925999272 39627914974597666 10 137-138-139-140-141-142-143-144-146-457 0.9982868333899938 1.0 5 0.45997133897457576 1.0 [-1,-1] 1.0 1.0 1.0 0.0002622817504223413 0.28340640119267335 3391.3747470216754 -2938.1957244573878 -1666.2543908449804 303.3560029181565
210.53573174584324 4.785754436416629 39627902945333277 10 137-138-139-140-141-142-143-144-146-457 0.7657210182307739 1.0 5 0.5751707143826242 1.0 [-1,-1] 1.0 1.0 1.0 0.0006416626200019751 0.139161677870846 2770.8812446749084 -2378.2740348206885 -1402.909005592556 231.1748459850204
210.82098176045352 6.158265749247054 39627939054096021 10 137-138-139-140-141-142-143-144-146-457 0.9421857482629583 1.0 5 1.4174612780861144 1.0 [-1,-1] 1.0 1.0 1.0 0.0004445766401596716 0.18918261239264766 3249.477340901305 -2774.4579187746394 -1655.2862137426694 348.588290929529
210.81244419513453 5.729681731323492 39627927029026838 10 137-138-139-140-141-142-143-144-146-457 0.7208829979230824 1.0 5 1.089367565003089 1.0 [-1,-1] 1.0 1.0 1.0 0.0006167714992318164 0.14396928707710532 2640.936683754229 -2256.8331577639156 -1346.0070078761742 263.6584919253817
210.2059927383247 6.077397867672328 39627933035267626 10 137-138-139-140-141-142-143-144-146-457 0.6257511875085227 1.0 5 1.0967326952649425 1.0 [-1,-1] 1.0 1.0 1.0 0.0007214233604467519 0.12571007283523317 2353.2181509943225 -2022.2734839283069 -1177.2744554554638 249.1394768029479
209.24511423458165 3.994961412871945 39627884842717712 10 137-138-139-140-141-142-143-144-146-457 0.43728316854343796 1.0 5 1.2555621219449782 1.0 [-1,-1] 1.0 1.0 1.0 0.0005288673958748294 0.16397488484989944 1731.666000602718 -1507.272496972918 -843.9443249589101 120.64300179491117
210.40934804255778 4.6846062831661905 39627902945330645 10 137-138-139-140-141-142-143-144-146-457 0.9131667820778554 1.0 5 0.5156011706056172 1.0 [-1,-1] 1.0 1.0 1.0 0.0004951280553168204 0.17321314004730964 3174.2077547880535 -2728.3903677812573 -1601.3355522579693 259.2398901205918
209.18789282926065 5.436376414585066 39627920989226443 9 137-138-139-140-141-142-143-144-457 0.9035592187871181 1.0 5 0.9189579891969492 1.0 [-1,-1] 1.0 1.0 1.0 0.0005275616701708153 0.16431404058018498 3148.99972375084 -2736.7902877067627 -1528.7815368266317 298.33738276455705
209.88648553553043 3.812127771295393 39627878823888871 9 137-138-139-140-141-142-143-144-457 0.5594881919188197 1.0 5 1.1932516280231724 1.0 [-1,-1] 1.0 1.0 1.0 0.000677088223595666 0.13284793461577618 2142.7338850559713 -1853.67043509749 -1065.3260542566914 142.45988324579668
209.9701207020375 5.3704725478231525 39627914982984317 9 137-138-139-140-141-142-143-144-457 0.7240330149607098 1.0 5 0.37166569114736864 1.0 [-1,-1] 1.0 1.0 1.0 0.0006167714992318164 0.14396928707710532 2650.1817068108917 -2285.7375259452538 -1318.0823286323646 248.0443842296081
210.95307343086327 5.265404127048871 39627914999761391 8 137-138-139-140-141-142-143-145 1.0628548283099362 1.0 5 0.9856553387155087 1.0 [-1,-1] 1.0 1.0 1.0 0.0001568149373683449 0.39812733398474315 3549.0031708530364 -3030.742472109621 -1817.6770359891673 325.6896794702041
210.9508970973567 5.26903795766774 39627914999761338 8 137-138-139-140-141-142-143-145 0.7878968527677999 1.0 5 0.9845521119052487 1.0 [-1,-1] 1.0 1.0 1.0 0.0007324854237337303 0.12404708914385561 2833.8548496645744 -2420.068191680943 -1451.3023184410276 260.23996055420747
209.62643126657272 3.795312200270199 39627878819694548 9 137-138-139-140-141-142-143-145-146 0.7611842131983726 1.0 5 1.2609522497414034 1.0 [-1,-1] 1.0 1.0 1.0 0.0006416626200019751 0.139161677870846 2757.8933435304916 -2392.087956091808 -1360.3550874386274 182.55120018821066
209.72682768471452 6.095449504568025 39627933026879765 9 137-138-139-140-141-142-143-145-146 0.7478841081564916 1.0 5 1.1286863977516675 1.0 [-1,-1] 1.0 1.0 1.0 0.0007126833197713517 0.12705585074725267 2719.611446282624 -2348.3568255557343 -1340.9367891667398 288.7822121884511
209.06421688869256 4.53834043201042 39627896897147320 9 137-138-139-140-141-142-143-145-146 0.8199753986586842 1.0 5 1.0405582232890382 1.0 [-1,-1] 1.0 1.0 1.0 0.0006627118749498285 0.13533979738261318 2923.468320187815 -2547.320897931349 -1415.7376113708328 231.32288657631736
209.73047579172788 6.104241143551875 39627933026879841 9 137-138-139-140-141-142-143-145-146 0.6720008240468994 1.0 5 1.1363580030387692 1.0 [-1,-1] 1.0 1.0 1.0 0.0007209928471550773 0.12577569469930108 2495.178299124807 -2154.447418783388 -1230.3943605570435 265.33145616452094
210.2275982135941 4.660489542429291 39627902941137997 10 137-138-139-140-141-142-143-145-146-457 0.8632212449734465 1.0 5 0.40829016614381825 1.0 [-1,-1] 1.0 1.0 1.0 0.0006812235016579503 0.1321480675826358 3041.568625822097 -2619.324737347328 -1526.1729306411344 247.13116291540862
