EDR/data_rosette/LRG_0_clustering_data.ecsv
# %ECSV 1.0
# ---
# datatype:
# - {name: RA, unit: deg, datatype: float64}
# - {name: DEC, unit: deg, datatype: float64}
# - {name: TARGETID, datatype: int64}
# - {name: NTILE, datatype: int64}
# - {name: TILES, datatype: string}
# - {name: Z, datatype: float64}
# - {name: COMP_TILE, datatype: float64}
# - {name: ROSETTE_NUMBER, datatype: int32}
# - {name: ROSETTE_R, unit: deg, datatype: float64}
# - {name: FRACZ_TILELOCID, datatype: float64}
# - {name: BITWEIGHTS, datatype: string, subtype: 'int64[2]'}
# - {name: PROB_OBS, datatype: float64}
# - {name: WEIGHT_ZFAIL, datatype: float64}
# - {name: WEIGHT, datatype: float64}
# - {name: NZ, unit: h3 / Mpc3, datatype: float64}
# - {name: WEIGHT_FKP, datatype: float64}
# - {name: distance, unit: Mpc, datatype: float64}
# - {name: x, unit: Mpc, datatype: float64}
# - {name: y, unit: Mpc, datatype: float64}
# - {name: z, unit: Mpc, datatype: float64}
# meta: !!omap
# - {EXTNAME: LSS}
# - {DESIDR: edr}
# - comments: ['Visit https://desidatamodel.readthedocs.io/en/latest/ for a more complet', e description]
# schema: astropy-2.0
RA DEC TARGETID NTILE TILES Z COMP_TILE ROSETTE_NUMBER ROSETTE_R FRACZ_TILELOCID BITWEIGHTS PROB_OBS WEIGHT_ZFAIL WEIGHT NZ WEIGHT_FKP distance x y z
[from data line 3051]
150.13612858950466 1.8612859392921646 39627829524040331 9 1-3-4-6-7-8-9-10-442 0.5277086059569832 1.0 0 0.3227400748700969 1.0 [-1,-1] 1.0 1.0 1.0 0.0006865842838717192 0.13125169390769817 2038.738621116386 -1767.0835409738486 1014.635949338321 66.21793383360733
149.23951891438406 2.1797921544453205 39627841586861320 9 1-3-4-6-7-8-9-10-442 1.0561238409962614 1.0 0 0.8598606278341664 1.0 [-1,-1] 1.0 1.0 1.0 0.0001568149373683449 0.39812733398474315 3532.846824292748 -3033.623991740184 1805.568059607705 134.3731475339148
148.85028271174681 2.5341132468205196 39627847622461325 9 1-3-4-6-7-8-9-10-442 0.9204449450865513 1.0 0 1.2973542783842722 1.0 [-1,-1] 1.0 1.0 1.0 0.0004951280553168204 0.17321314004730964 3193.2081308190022 -2730.134271680594 1650.1550774027482 141.18514739727
148.86137314025183 2.5017864873201523 39627847622461538 9 1-3-4-6-7-8-9-10-442 0.7026700291625565 1.0 0 1.2782386713293166 1.0 [-1,-1] 1.0 1.0 1.0 0.0005843703162771602 0.15074849413407446 2587.1347105204054 -2212.2662681042334 1336.559323350998 112.92982135464221
150.1250445551613 1.5204212671196162 39627823484242385 9 1-3-4-6-7-8-9-10-442 0.4816890906347731 1.0 0 0.6620521036976407 1.0 [-1,-1] 1.0 1.0 1.0 0.00048380039118235755 0.17655271186088778 1884.553027911681 -1633.548046405026 938.381886425269 50.0033031545047
149.3001938989346 3.056255844525533 39627859710444311 8 1-3-4-6-7-8-9-11 0.9452216311274843 1.0 0 1.1843415114190605 1.0 [-1,-1] 1.0 1.0 1.0 0.0004445766401596716 0.18918261239264766 3257.2771238628907 -2796.799117247881 1660.6049920226073 173.666403980665
149.294774609206 3.0568034669512976 39627859710444214 8 1-3-4-6-7-8-9-11 0.6410298257212109 1.0 0 1.1884031885137298 1.0 [-1,-1] 1.0 1.0 1.0 0.000833303205902425 0.11070054926254569 2400.5579273154412 -2061.076638855538 1224.032006476692 128.01210209042634
151.5175732480276 2.1526420123461625 39627841628799366 8 1-3-4-6-7-8-9-11 0.8329164982638467 1.0 0 1.4168633051876467 1.0 [-1,-1] 1.0 1.0 1.0 0.0006232532477076302 0.14268566385842998 2959.131990179166 -2599.133286157195 1410.182210579994 111.15047932931215
149.13922672314942 1.2785707771374764 39627817427667690 9 1-3-4-6-7-8-9-11-442 0.6695735718867744 1.0 0 1.3184873459592663 1.0 [-1,-1] 1.0 1.0 1.0 0.000700708733790897 0.12894715825466588 2487.8270161537375 -2135.059535747932 1275.8222711102428 55.51192354203189
150.46337459177516 2.1208298137311057 39627835568034902 9 1-3-4-6-7-8-9-11-442 0.4248058504331534 1.0 0 0.36823469261693814 1.0 [-1,-1] 1.0 1.0 1.0 0.0006262316776515472 0.14210347001521706 1687.9702258410684 -1467.5968873933928 831.5652510501542 62.46673262679257
150.988659806506 3.401898199321406 39627871806816794 9 1-3-4-6-7-8-9-11-442 0.7089625211453731 1.0 0 1.5086298980908979 1.0 [-1,-1] 1.0 1.0 1.0 0.0005843703162771602 0.15074849413407446 2605.7904399264075 -2274.809983466137 1261.5364073219152 154.62615864066345
150.15546213356012 3.672697465301585 39627877821452165 9 1-3-4-6-7-8-9-11-442 0.7066425447923919 1.0 0 1.4917261089825944 1.0 [-1,-1] 1.0 1.0 1.0 0.0005843703162771602 0.15074849413407446 2598.920574641137 -2249.6191598394876 1290.6923366086141 166.47847066780562
150.1035240649985 2.197897592564529 39627841603636262 9 1-3-4-6-7-8-9-11-442 0.6819551299761324 1.0 0 0.016282946578756223 1.0 [-1,-1] 1.0 1.0 1.0 0.0007209928471550773 0.12577569469930108 2525.2129662398766 -2187.5658065883886 1257.7270972412807 96.8448014934804
149.96101424860584 1.9154344095993614 39627835559645348 9 1-3-4-6-7-8-9-11-442 0.8284247307006629 1.0 0 0.30058198681286646 1.0 [-1,-1] 1.0 1.0 1.0 0.0006627118749498285 0.13533979738261318 2946.784867132894 -2549.5620551570782 1474.3043119913866 98.4945466015562
149.2205730510714 1.3921942825855207 39627823467467600 9 1-3-4-6-7-8-9-11-442 0.569953459123763 1.0 0 1.1817023252018073 1.0 [-1,-1] 1.0 1.0 1.0 0.000677088223595666 0.13284793461577618 2176.5435056863003 -1869.4116432111136 1113.483413553895 52.88126428424142
149.9469409577136 2.619679098048584 39627847639241075 9 1-3-4-6-7-8-9-11-442 0.7995946286630644 1.0 0 0.4636257533867987 1.0 [-1,-1] 1.0 1.0 1.0 0.0007229154976227362 0.12548315978664992 2866.734649446991 -2478.743421252987 1434.1654232453309 131.0272517552804
150.45656759798166 2.2104862281285973 39627841607832675 9 1-3-4-6-7-8-9-11-442 0.7270282125357145 1.0 0 0.357442576814102 1.0 [-1,-1] 1.0 1.0 1.0 0.0006167714992318164 0.14396928707710532 2658.955949672757 -2311.5229215863774 1310.1108458768647 102.5577729708374
149.22028071219427 1.3907245138128408 39627823467467591 9 1-3-4-6-7-8-9-11-442 0.5696313597330087 1.0 0 1.1829025913617361 1.0 [-1,-1] 1.0 1.0 1.0 0.000677088223595666 0.13284793461577618 2175.5061191556197 -1868.516127863541 1112.9629310629255 52.80026966982845
149.84842222649783 3.7596609447313583 39627877817256766 6 1-3-4-6-7-9 0.719086993888776 1.0 0 1.5975391717572536 1.0 [-1,-1] 1.0 1.0 1.0 0.0006167714992318164 0.14396928707710532 2635.6576416901303 -2274.147341379965 1321.013640063339 172.82371556191163
149.73865407716937 3.73594638639412 39627877817254462 6 1-3-4-6-7-9 0.720286230714372 1.0 0 1.5952944135844926 1.0 [-1,-1] 1.0 1.0 1.0 0.0006167714992318164 0.14396928707710532 2639.1832294031105 -2274.71264529319 1327.17692118015 171.96487895110886
150.3768439532104 2.715664638384614 39627853687426004 7 1-3-4-6-7-9-10 0.9318978632974216 1.0 0 0.6010823943004887 1.0 [-1,-1] 1.0 1.0 1.0 0.0004445766401596716 0.18918261239264766 3222.940989302041 -2798.54082552253 1591.2888258202115 152.70147748671994
149.25172848305976 2.416413947785851 39627847630848062 8 1-3-4-6-7-9-10-11 0.674179021405826 1.0 0 0.8794062391381986 1.0 [-1,-1] 1.0 1.0 1.0 0.0007209928471550773 0.12577569469930108 2501.7660401306052 -2148.160502490535 1277.9334579558138 105.47915494295428
149.28157895277832 2.4105209259188554 39627847630848637 8 1-3-4-6-7-9-10-11 0.7040331126487879 1.0 0 0.8490928357489238 1.0 [-1,-1] 1.0 1.0 1.0 0.0005843703162771602 0.15074849413407446 2591.181986733859 -2225.637118899326 1322.454629487923 108.98282569971344
149.39305885403158 2.456174428243796 39627847630851184 8 1-3-4-6-7-9-10-11 0.839622414002082 1.0 0 0.7577058288673563 1.0 [-1,-1] 1.0 1.0 1.0 0.0006232532477076302 0.14268566385842998 2977.5034170537906 -2560.324341589874 1514.5902808496442 127.60151090473688
150.33110176910955 2.689741333925051 39627853687424934 8 1-3-4-6-7-9-10-11 0.9017410937557723 1.0 0 0.5577745650788251 1.0 [-1,-1] 1.0 1.0 1.0 0.0005275616701708153 0.16431404058018498 3144.2131070369996 -2728.997951864347 1554.630221913748 147.55037884015331
150.50473412079663 2.224224529343857 39627841612021924 9 1-3-4-6-7-9-10-11-442 0.8353209077754593 0.9333333333333333 0 0.4066331687729462 1.0 [-1,-1] 1.0 1.0 1.0 0.0006232532477076302 0.14268566385842998 2965.7276031633205 -2579.413765964363 1459.080757401333 115.10075368801222
150.50500952137944 2.225074589135984 39627841612021931 9 1-3-4-6-7-9-10-11-442 0.8364077431805016 0.9333333333333333 0 0.4069958523161263 1.0 [-1,-1] 1.0 1.0 1.0 0.0006232532477076302 0.14268566385842998 2968.7058050109717 -2582.0095612522346 1460.5327226736251 115.26035010989116
150.51262445524077 2.2114330551072516 39627841612022170 9 1-3-4-6-7-9-10-11-442 0.9255700394342029 0.9333333333333333 0 0.41337040449885304 1.0 [-1,-1] 1.0 1.0 1.0 0.0004951280553168204 0.17321314004730964 3206.5383984331274 -2789.098033507701 1577.1845838282898 123.7313567530201
149.37548699490307 2.4714885372157154 39627847630850773 9 1-3-4-6-7-9-10-11-442 0.8417791746936298 0.9333333333333333 0 0.7796514589666617 1.0 [-1,-1] 1.0 1.0 1.0 0.0006232532477076302 0.14268566385842998 2983.396308838296 -2564.896535040697 1518.3571028913034 128.65072182356315
149.07099000397417 2.7657281690851225 39627853666452908 9 1-3-4-6-7-9-10-11-442 0.8038666632172388 0.9333333333333333 0 1.182209006444941 1.0 [-1,-1] 1.0 1.0 1.0 0.0007229154976227362 0.12548315978664992 2878.684545920383 -2466.473011021353 1477.8502970623103 138.9032047756366
148.8292125942093 2.1739178881150303 39627841582663229 9 1-3-4-6-7-9-10-11-442 0.9970786051540002 0.9333333333333333 0 1.269895081952137 1.0 [-1,-1] 1.0 1.0 1.0 0.0002622817504223413 0.28340640119267335 3388.3679529626593 -2897.0968254805634 1752.5259565479416 128.53069703587425
149.92995986369425 2.6332148505176267 39627853679037833 9 1-3-4-6-7-9-10-11-442 0.8901281989466554 0.9333333333333333 0 0.4821382741721618 1.0 [-1,-1] 1.0 1.0 1.0 0.0005275616701708153 0.16431404058018498 3113.516690852769 -2691.6344171145724 1558.4060723784416 143.04147089942927
149.35956325558385 2.458413915918216 39627847630850345 9 1-3-4-6-7-9-10-11-442 0.8427840971880867 0.9333333333333333 0 0.7897794545780834 1.0 [-1,-1] 1.0 1.0 1.0 0.0006232532477076302 0.14268566385842998 2986.1394369539753 -2566.857610867196 1520.4815521705702 128.08821949706146
149.93985732428467 2.688309608095512 39627853679038020 9 1-3-4-6-7-9-10-11-442 0.9879479418066961 0.9333333333333333 0 0.5309883525066771 1.0 [-1,-1] 1.0 1.0 1.0 0.0003578035202613049 0.22475091060875194 3365.576188210358 -2909.7007160918815 1683.9913321500096 157.85440971537602
151.39984261100315 2.0113488385941714 39627835584809698 9 1-3-4-6-7-9-10-11-442 0.429699677601113 0.9333333333333333 0 1.310133482640536 1.0 [-1,-1] 1.0 1.0 1.0 0.0006262316776515472 0.14210347001521706 1705.14730567299 -1496.165698921865 815.7413518570135 59.846322226151045
150.5356716486466 3.3518335450299515 39627865767019979 9 1-3-4-6-7-9-10-11-442 0.7832619218195418 0.9333333333333333 0 1.2481471750463633 1.0 [-1,-1] 1.0 1.0 1.0 0.0007324854237337303 0.12404708914385561 2820.762636380939 -2451.7298490387757 1385.1076961592903 164.9220063404259
148.7447693474196 2.532286456813782 39627847618270029 9 1-3-4-6-7-9-10-11-442 0.9030023333927454 0.9333333333333333 0 1.3986558104530407 1.0 [-1,-1] 1.0 1.0 1.0 0.0005275616701708153 0.16431404058018498 3147.534151324655 -2688.0877026203248 1631.507443038063 139.06545253153817
150.5424823619047 3.362059951662007 39627865767020094 9 1-3-4-6-7-9-10-11-442 0.9688577598062595 0.9333333333333333 0 1.260106042981425 1.0 [-1,-1] 1.0 1.0 1.0 0.00041974738576830407 0.19815580287489248 3317.5257134349563 -2883.666181233903 1628.6784869756125 194.55744800142583
150.82992278334848 3.4517659483939673 39627871802624153 8 1-3-4-6-7-9-10-442 0.9246502685572346 1.0 0 1.4641667078413636 1.0 [-1,-1] 1.0 1.0 1.0 0.0004951280553168204 0.17321314004730964 3204.1490844471605 -2792.712821623078 1558.880942697484 192.91619372215555
150.3601737734467 2.2739323057018597 39627841607830298 8 1-3-4-6-7-9-10-442 0.895361547542776 1.0 0 0.2757528339688548 1.0 [-1,-1] 1.0 1.0 1.0 0.0005275616701708153 0.16431404058018498 3127.3763842335334 -2716.0230866291367 1545.413999613198 124.08550019516937
148.64058334142842 2.0486615065917215 39627835538672016 8 1-3-4-6-7-9-10-442 0.4807564043571478 1.0 0 1.4645044153307452 1.0 [-1,-1] 1.0 1.0 1.0 0.00048380039118235755 0.17655271186088778 1881.3836181466036 -1605.5235214146498 978.4554885394881 67.25620983715153
150.51828178308762 2.369445704444681 39627841612022324 8 1-3-4-6-7-9-10-442 0.45540766030818336 1.0 0 0.45806060227702383 1.0 [-1,-1] 1.0 1.0 1.0 0.0005635091211985168 0.1554616369400361 1794.5601570263598 -1560.8518979111414 882.4301812432386 74.19221795232957
149.81375063239634 3.6760011196557474 39627877817256029 7 1-3-4-6-7-9-11 0.6817723447398442 1.0 0 1.5211046750678152 1.0 [-1,-1] 1.0 1.0 1.0 0.0007209928471550773 0.12577569469930108 2524.6630956739814 -2177.817450687155 1266.8204122593938 161.86704798559404
150.66294761792895 3.3810946913395874 39627871798431433 8 1-3-4-6-7-9-11-442 0.9113899413808856 1.0 0 1.3243791588749574 1.0 [-1,-1] 1.0 1.0 1.0 0.0004951280553168204 0.17321314004730964 3169.5566100360397 -2758.2597000156115 1550.2094585740085 186.93091248003284
149.04225185849077 2.1002444167498577 39627835547059141 8 1-3-4-6-7-9-11-442 0.9533998047419877 1.0 0 1.0601665732067367 1.0 [-1,-1] 1.0 1.0 1.0 0.00041974738576830407 0.19815580287489248 3278.2187645289673 -2809.3377779911407 1685.2020297833508 120.14006856874433
150.66980236410103 3.396824921158865 39627871798431572 8 1-3-4-6-7-9-11-442 0.9132542317024088 1.0 0 1.341526432136778 1.0 [-1,-1] 1.0 1.0 1.0 0.0004951280553168204 0.17321314004730964 3174.436540058969 -2762.647201343166 1552.2404526665728 188.088715445148
149.0859106826784 2.7694107688248883 39627853666453201 8 1-3-4-6-7-9-11-442 0.5403936277837724 1.0 0 1.1711108577616414 1.0 [-1,-1] 1.0 1.0 1.0 0.0007045118177349687 0.128340413101622 2080.4895659179906 -1782.8476331825643 1067.6078288276601 100.52201039994789
150.659759188996 3.3837334206529452 39627871798431365 8 1-3-4-6-7-9-11-442 0.69416113226205 1.0 0 1.3254219827127496 1.0 [-1,-1] 1.0 1.0 1.0 0.0005843703162771602 0.15074849413407446 2561.794029398773 -2229.287518184967 1253.0773938004002 151.2046807288291
149.75221895802466 3.7469611012265363 39627877817254729 7 1-3-4-6-7-9-442 1.0741247207023839 0.75 0 1.603035819693731 1.0 [-1,-1] 1.0 1.0 1.0 0.0001075182622224553 0.4910338705006151 3575.9132479763057 -3082.4673657649387 1797.4818611111891 233.68665991636772
149.8491932072211 3.7770945429209384 39627877817256788 7 1-3-4-6-7-9-442 0.6429871415837873 0.75 0 1.6146382272172697 1.0 [-1,-1] 1.0 1.0 1.0 0.000833303205902425 0.11070054926254569 2406.590759555677 -2076.474192108996 1206.151289362829 158.5341624144453
149.25290162935843 1.4755779557603133 39627823471657083 8 1-3-4-6-8-10-11-442 0.8886078211454631 1.0 0 1.1026639678962886 1.0 [-1,-1] 1.0 1.0 1.0 0.0005690156306133545 0.15418916366201427 3109.482078155344 -2671.503160283838 1589.1941877211186 80.07179700840685
151.09208420851192 2.739436841292242 39627853700007904 7 1-3-4-6-8-10-442 0.8827905096119025 1.0 0 1.137165235724747 1.0 [-1,-1] 1.0 1.0 1.0 0.0005690156306133545 0.15418916366201427 3094.010816613763 -2705.3948850079473 1493.945918917368 147.87508527787767
150.46835230289122 0.8964080741585446 39627811408843086 9 1-3-4-6-8-9-10-11-442 0.8731644129449898 1.0 0 1.337283223807034 1.0 [-1,-1] 1.0 1.0 1.0 0.0005690156306133545 0.15418916366201427 3068.29140612124 -2669.3432129271546 1512.1887263256501 48.002296307551624
150.46902858063254 0.8989508421356073 39627811408843105 9 1-3-4-6-8-9-10-11-442 0.8639006434466795 1.0 0 1.3350255114261418 1.0 [-1,-1] 1.0 1.0 1.0 0.0006812235016579503 0.1321480675826358 3043.3996202488547 -2647.7037922656723 1499.8886668363816 47.74792192998419
149.21460082216836 1.3751291734284319 39627823467467463 9 1-3-4-6-8-9-10-11-442 0.9023927668919167 1.0 0 1.197582602569757 1.0 [-1,-1] 1.0 1.0 1.0 0.0005275616701708153 0.16431404058018498 3145.9293780141747 -2701.859226776053 1609.698299060921 75.49672932079052
150.13235709852643 1.8539891784624887 39627829524040269 8 1-3-4-6-8-9-10-442 0.5295028334113371 1.0 0 0.3296009401784114 1.0 [-1,-1] 1.0 1.0 1.0 0.0006865842838717192 0.13125169390769817 2044.6635752457466 -1772.1593483743743 1017.7055279506858 66.15011930940739
150.542357140681 2.8004105831696227 39627853691618318 8 1-3-4-6-8-9-10-442 0.7463790093665398 1.0 0 0.7600920229959989 1.0 [-1,-1] 1.0 1.0 1.0 0.0007126833197713517 0.12705585074725267 2715.2598112698906 -2361.4062525432123 1333.7158153976834 132.65925111095075
149.795100687483 2.6168646173151613 39627847639237508 7 1-3-4-6-8-9-11 0.9805135013967983 0.5 0 0.5309495614627809 1.0 [-1,-1] 1.0 1.0 1.0 0.0003578035202613049 0.22475091060875194 3346.9277929731184 -2889.5049882854582 1682.0628533402203 152.81077011231577
151.4266535880085 2.8803908919509738 39627859744001663 5 1-3-4-6-9 0.9708624899552742 1.0 0 1.49810040681827 1.0 [-1,-1] 1.0 1.0 1.0 0.0003578035202613049 0.22475091060875194 3322.5971406523554 -2914.2368333439763 1587.1352720318728 166.96426720946945
