EDR/data_rosette/LRG_10_clustering_data.ecsv
# %ECSV 1.0
# ---
# datatype:
# - {name: RA, unit: deg, datatype: float64}
# - {name: DEC, unit: deg, datatype: float64}
# - {name: TARGETID, datatype: int64}
# - {name: NTILE, datatype: int64}
# - {name: TILES, datatype: string}
# - {name: Z, datatype: float64}
# - {name: COMP_TILE, datatype: float64}
# - {name: ROSETTE_NUMBER, datatype: int32}
# - {name: ROSETTE_R, unit: deg, datatype: float64}
# - {name: FRACZ_TILELOCID, datatype: float64}
# - {name: BITWEIGHTS, datatype: string, subtype: 'int64[2]'}
# - {name: PROB_OBS, datatype: float64}
# - {name: WEIGHT_ZFAIL, datatype: float64}
# - {name: WEIGHT, datatype: float64}
# - {name: NZ, unit: h3 / Mpc3, datatype: float64}
# - {name: WEIGHT_FKP, datatype: float64}
# - {name: distance, unit: Mpc, datatype: float64}
# - {name: x, unit: Mpc, datatype: float64}
# - {name: y, unit: Mpc, datatype: float64}
# - {name: z, unit: Mpc, datatype: float64}
# meta: !!omap
# - {EXTNAME: LSS}
# - {DESIDR: edr}
# - comments: ['Visit https://desidatamodel.readthedocs.io/en/latest/ for a more complet', e description]
# schema: astropy-2.0
RA DEC TARGETID NTILE TILES Z COMP_TILE ROSETTE_NUMBER ROSETTE_R FRACZ_TILELOCID BITWEIGHTS PROB_OBS WEIGHT_ZFAIL WEIGHT NZ WEIGHT_FKP distance x y z
[from data line 1227]
217.84822086199878 3.9113202718309137 39627884989515007 9 271-272-273-274-276-277-278-280-472 0.4653245475427998 1.0 10 1.4949574344213268 0.5 [-1,-1] 1.0 1.0 1.0 0.0005635091211985168 0.1554616369400361 1828.6847038395651 -1440.6372463740104 -1119.41603329154 124.7389867945902
217.55012415233602 1.4734889419168005 39627824616703077 8 271-272-273-274-276-277-278-281 0.9723518143553335 1.0 10 1.0791170509010723 1.0 [-1,-1] 1.0 1.0 1.0 0.0003578035202613049 0.22475091060875194 3326.360845282853 -2636.3349342911515 -2026.5977123851867 85.53536942138112
217.41334316317173 1.195117166333768 39627818572713548 8 271-272-273-274-276-277-278-281 0.845501386741317 1.0 10 1.3891890805754117 1.0 [-1,-1] 1.0 1.0 1.0 0.0006232532477076302 0.14268566385842998 2993.548502291883 -2377.1779717229406 -1818.3671620556818 62.4370906332862
217.53043227770345 1.466855988955812 39627824616702666 8 271-272-273-274-276-277-278-281 0.6347082190152239 1.0 10 1.094202252209666 1.0 [-1,-1] 1.0 1.0 1.0 0.000833303205902425 0.11070054926254569 2381.0242927316026 -1887.6046598370574 -1450.0035515811644 60.951055294095966
217.54354270025325 1.4583718323834638 39627824616702938 8 271-272-273-274-276-277-278-281 0.9611430595877613 1.0 10 1.0955632830297262 1.0 [-1,-1] 1.0 1.0 1.0 0.00041974738576830407 0.19815580287489248 3297.9534635411205 -2614.068863833011 -2009.003716560339 83.93503242633743
218.3576584189096 1.3225807502092686 39627818589489478 9 271-272-273-274-276-277-278-281-472 0.8471122262815747 1.0 10 1.1493157418069913 1.0 [-1,-1] 1.0 1.0 1.0 0.0006232532477076302 0.14268566385842998 2997.9349675225253 -2350.2112289345914 -1859.9282549763086 69.19635268440838
219.30001400430123 2.4903536382570004 39627848805254099 9 271-272-273-274-276-277-278-281-472 0.7994729469576916 1.0 10 1.250319261983897 0.5 [-1,-1] 1.0 1.0 1.0 0.0007229154976227362 0.12548315978664992 2866.3938248562195 -2216.035444318719 -1813.8048989957085 124.54821185458171
218.34639931854753 1.2895207341338963 39627818589489255 9 271-272-273-274-276-277-278-281-472 0.7439856470355245 1.0 10 1.1783251153318053 1.0 [-1,-1] 1.0 1.0 1.0 0.0007126833197713517 0.12705585074725267 2708.3317827486203 -2123.5368122751597 -1679.8623747074341 60.94960542015558
217.39439701009516 3.628632437725631 39627878949718286 9 271-272-273-274-276-277-278-281-472 0.6670684592907183 1.0 10 1.3657667583365662 1.0 [-1,-1] 1.0 1.0 1.0 0.000700708733790897 0.12894715825466588 2480.2285190683215 -1966.5267409287417 -1503.218524554038 156.9718173737035
217.39909643299745 3.6218707331147657 39627872918309301 9 271-272-273-274-276-277-278-281-472 0.6702367733576895 1.0 10 1.3575843694088472 1.0 [-1,-1] 1.0 1.0 1.0 0.0007209928471550773 0.12577569469930108 2489.836696303243 -1974.0358657195054 -1509.21505439028 157.28666412965543
217.39711644195572 3.6250102759267158 39627878949718359 9 271-272-273-274-276-277-278-281-472 0.668914506548863 1.0 10 1.3612868623258192 1.0 [-1,-1] 1.0 1.0 1.0 0.000700708733790897 0.12894715825466588 2485.829065415035 -1970.9036961640877 -1506.712491276947 157.16943576580348
218.02867516884126 1.9270270263764486 39627836704686715 9 271-272-273-274-276-277-278-281-472 0.9499003946329216 1.0 10 0.5034241756038628 1.0 [-1,-1] 1.0 1.0 1.0 0.0004445766401596716 0.18918261239264766 3269.2703342778436 -2573.756144508331 -2012.9138645679802 109.93453062970431
218.2124962867577 1.7405450617801166 39627830664893723 9 271-272-273-274-276-277-278-281-472 0.7965772256367838 1.0 10 0.7083204608300487 1.0 [-1,-1] 1.0 1.0 1.0 0.0007229154976227362 0.12548315978664992 2858.2756505858715 -2244.7738779595797 -1767.2557561240856 86.8160354351887
216.7409716323228 1.9220177257855224 39627836679524945 7 271-272-273-274-276-277-279 0.949178357478236 1.0 10 1.4032531863137323 1.0 [-1,-1] 1.0 1.0 1.0 0.0004445766401596716 0.18918261239264766 3267.4216849153836 -2616.8690293915074 -1953.4665776301824 109.58686120449913
216.73725527934073 1.922247686379031 39627836679524866 7 271-272-273-274-276-277-279 0.7016163460128269 1.0 10 1.4066325020801151 1.0 [-1,-1] 1.0 1.0 1.0 0.0005843703162771602 0.15074849413407446 2584.003807187371 -2069.6214547820678 -1544.742695990901 86.67590580633292
218.39589179754708 2.5129862047805207 39627848788479539 7 271-272-273-274-276-277-279 0.49992345702957275 1.0 10 0.3553946360714353 1.0 [-1,-1] 1.0 1.0 1.0 0.0005337442823398631 0.16272042362546515 1946.1594538224315 -1523.8122572648672 -1207.5808259591558 85.33096206874646
218.5047771888362 2.459029611337462 39627848792670303 8 271-272-273-274-276-277-279-280 0.7747582256184472 1.0 10 0.4552897491410998 1.0 [-1,-1] 1.0 1.0 1.0 0.0007324854237337303 0.12404708914385561 2796.6466829782844 -2186.5180460581932 -1739.5326616505918 119.99009428327007
218.47118526324792 2.5094435995810005 39627848788481188 8 271-272-273-274-276-277-279-280 0.8590304202291166 1.0 10 0.42822760073510013 1.0 [-1,-1] 1.0 1.0 1.0 0.0006812235016579503 0.1321480675826358 3030.257740614476 -2370.177670160307 -1883.3790405039992 132.6769618948336
217.50727486910867 2.000252218323659 39627836696297633 9 271-272-273-274-276-277-279-280-281 0.6875936613075002 1.0 10 0.6919481860967978 1.0 [-1,-1] 1.0 1.0 1.0 0.0007209928471550773 0.12577569469930108 2542.1452714443367 -2015.3941499757736 -1546.8729266031435 88.73077432579629
218.8112606967461 1.7366890816261338 39627830677472584 10 271-272-273-274-276-277-279-280-281-472 0.8048859232830109 1.0 10 1.0292836885442245 1.0 [-1,-1] 1.0 1.0 1.0 0.0007229154976227362 0.12548315978664992 2881.531105583267 -2244.3003088592604 -1805.1901175294463 87.32855015502304
217.03027059314712 2.3769250441827094 39627848767505043 10 271-272-273-274-276-277-279-280-281-472 0.9720565081014506 1.0 10 1.020213792509384 1.0 [-1,-1] 1.0 1.0 1.0 0.0003578035202613049 0.22475091060875194 3325.6148333398964 -2652.6121065929005 -2001.084698007727 137.92412075646996
217.17734239763183 2.6123374493182254 39627848767507854 10 271-272-273-274-276-277-279-280-281-472 0.6667889597398856 1.0 10 0.8906761526948778 1.0 [-1,-1] 1.0 1.0 1.0 0.000700708733790897 0.12894715825466588 2479.3800231777386 -1973.4400291307993 -1496.692863106575 113.00541705120148
217.21448841383975 3.340531764825582 39627866882707616 10 271-272-273-274-276-277-279-280-281-472 0.7138103401459811 1.0 10 1.2350563416242992 1.0 [-1,-1] 1.0 1.0 1.0 0.0006167714992318164 0.14396928707710532 2620.1144510572003 -2083.053450862851 -1581.9540082855 152.67472992143138
217.02301194842352 2.3619080067968605 39627842727707191 10 271-272-273-274-276-277-279-280-281-472 0.9712962608458978 1.0 10 1.0283469902179343 1.0 [-1,-1] 1.0 1.0 1.0 0.0003578035202613049 0.22475091060875194 3323.693674275735 -2651.3618293207924 -1999.614512216543 136.9740594938785
219.07960950524668 2.06070860167323 39627836721464797 10 271-272-273-274-276-277-279-280-281-472 0.43649680765531657 1.0 10 1.0930877922654627 1.0 [-1,-1] 1.0 1.0 1.0 0.0005288673958748294 0.16397488484989944 1728.9217584884643 -1341.2435229224448 -1089.206703546229 62.1692540038062
218.9508998353958 3.6531649466193294 39627878974885473 10 271-272-273-274-276-277-279-280-281-472 0.6202705535087805 1.0 10 1.518366519515626 1.0 [-1,-1] 1.0 1.0 1.0 0.0007214233604467519 0.12571007283523317 2336.1291560026484 -1813.080933835739 -1465.633174195135 148.85012457389067
217.01717460215445 2.375870297311683 39627848767504792 10 271-272-273-274-276-277-279-280-281-472 0.8306682988270502 1.0 10 1.033335878700382 1.0 [-1,-1] 1.0 1.0 1.0 0.0006232532477076302 0.14268566385842998 2952.9562383196117 -2355.776082573888 -1776.3119939607989 122.41443670804392
219.090137852015 2.2639406968070617 39627842761262954 10 271-272-273-274-276-277-279-280-281-472 0.6701172198666162 1.0 10 1.0524482575894303 1.0 [-1,-1] 1.0 1.0 1.0 0.0007209928471550773 0.12577569469930108 2489.474476795581 -1930.7097583564835 -1568.493524994853 98.34155608337893
218.2367665643523 2.1638454352646743 39627842744489251 9 271-272-273-274-276-277-279-280-472 0.9465493530146967 1.0 10 0.32505985585051345 1.0 [-1,-1] 1.0 1.0 1.0 0.0004445766401596716 0.18918261239264766 3260.683892807637 -2559.310203172603 -2016.639175193877 123.11445822946395
218.5155520227059 3.629970618221979 39627878966498026 9 271-272-273-274-276-277-279-280-472 0.4687834763182966 1.0 10 1.2868778599141188 1.0 [-1,-1] 1.0 1.0 1.0 0.0005635091211985168 0.1554616369400361 1840.5393242655528 -1437.2208111656878 -1143.8541316578169 116.52926503450469
217.89704275888093 3.9363714924229405 39627884989516170 9 271-272-273-274-276-277-279-280-472 0.8029407744705896 1.0 10 1.5140929613061698 1.0 [-1,-1] 1.0 1.0 1.0 0.0007229154976227362 0.12548315978664992 2876.0972316831644 -2264.219589068793 -1762.459178368616 197.44007485039685
217.35451159208336 2.318995983816677 39627842731903121 9 271-272-273-274-276-277-279-280-472 0.7490005791193161 1.0 10 0.7037013327862907 1.0 [-1,-1] 1.0 1.0 1.0 0.0007126833197713517 0.12705585074725267 2722.8368898822555 -2162.6011834383316 -1650.7145324851258 110.17432794082592
217.36033959532102 2.3103945715763876 39627842731903233 9 271-272-273-274-276-277-279-280-472 0.7877565410014007 1.0 10 0.6993734837434027 1.0 [-1,-1] 1.0 1.0 1.0 0.0007324854237337303 0.12404708914385561 2833.4590518996333 -2250.301262078262 -1718.0183299981961 114.22541954905303
218.4794380442622 3.674582225945969 39627878966497041 9 271-272-273-274-276-277-279-280-472 0.46871564488321577 1.0 10 1.316385878942003 1.0 [-1,-1] 1.0 1.0 1.0 0.0005635091211985168 0.1554616369400361 1840.3070857439054 -1437.688612268845 -1142.747000477674 117.94455006903958
217.9664436288678 2.2761016518023136 39627842740294573 8 271-272-273-274-276-277-279-281 1.0530143309972395 1.0 10 0.17508453877416577 1.0 [-1,-1] 1.0 1.0 1.0 0.0001568149373683449 0.39812733398474315 3525.361707540128 -2777.10088191132 -2167.090933340907 140.00981147495213
218.80412324870196 2.2122544119691994 39627842757067942 8 271-272-273-274-276-277-279-281 0.8837646771971197 1.0 10 0.7843350631168542 1.0 [-1,-1] 1.0 1.0 1.0 0.0005690156306133545 0.15418916366201427 3096.6053901129044 -2411.3639305840284 -1939.072105214961 119.53370709492926
217.96435420829027 2.2782407302847374 39627842740294504 8 271-272-273-274-276-277-279-281 0.5277152266764459 1.0 10 0.17422312502481152 1.0 [-1,-1] 1.0 1.0 1.0 0.0006865842838717192 0.13125169390769817 2038.7604961058123 -1606.0752770599036 -1253.1951950189205 81.04546921366214
218.30972381592963 2.1090914007766597 39627836708881827 9 271-272-273-274-276-277-279-281-472 0.5308289664586642 1.0 10 0.4127139764342402 1.0 [-1,-1] 1.0 1.0 1.0 0.0007045118177349687 0.128340413101622 2049.038635122142 -1606.7323615144028 -1269.3635752580672 75.40928652108096
217.24829334462208 1.52127171693091 39627824608317681 9 271-272-273-274-276-277-279-281-472 0.9979175497837901 1.0 10 1.2115045406199934 1.0 [-1,-1] 1.0 1.0 1.0 0.0002622817504223413 0.28340640119267335 3390.4559752564633 -2697.9196231301717 -2051.4189258521947 90.01009908247525
217.7653588200279 3.0023850452666747 39627860859683196 9 271-272-273-274-276-277-279-281-472 0.6700571901588956 1.0 10 0.6391108016027011 1.0 [-1,-1] 1.0 1.0 1.0 0.0007209928471550773 0.12577569469930108 2489.292590679982 -1965.1479458838317 -1522.4228812569668 130.38298749472452
218.8302533082775 1.7258897650147265 39627830677472986 9 271-272-273-274-276-277-279-281-472 0.6977087801905795 1.0 10 1.0505990482756333 1.0 [-1,-1] 1.0 1.0 1.0 0.0005843703162771602 0.15074849413407446 2572.375367901517 -2002.989348237048 -1612.1868371060489 77.47455387019842
218.11866104255694 2.0694720951695826 39627836704688584 9 271-272-273-274-276-277-279-281-472 0.4123103959439727 1.0 10 0.36699785920373806 1.0 [-1,-1] 1.0 1.0 1.0 0.0006262316776515472 0.14210347001521706 1643.8838327252847 -1292.4558051453387 -1014.0947279693335 59.36269827500734
217.04029169037761 2.401017774533618 39627848767505266 7 271-272-273-274-276-277-280 0.9717482827191211 1.0 10 1.0092273385523063 1.0 [-1,-1] 1.0 1.0 1.0 0.0003578035202613049 0.22475091060875194 3324.836045955192 -2651.594454067697 -2001.0447880904353 139.28869191894847
217.9462296238204 3.824808628517523 39627878958108187 9 271-272-273-274-276-277-280-281-472 0.8728103827571181 1.0 10 1.398651784907892 1.0 [-1,-1] 1.0 1.0 1.0 0.0005690156306133545 0.15418916366201427 3067.3426635314554 -2413.482586943803 -1881.9743842110731 204.60995873280834
216.88557676636276 3.0125720712801933 39627860842908483 9 271-272-273-274-276-277-280-281-472 0.5005925611104783 1.0 10 1.30084723550697 1.0 [-1,-1] 1.0 1.0 1.0 0.0005337442823398631 0.16272042362546515 1948.4072114075102 -1556.2521243057156 -1167.8546547470917 102.39869356729308
217.64382737606107 2.5519212184874926 39627848775896128 9 271-272-273-274-276-277-280-281-472 0.8740173611365141 1.0 10 0.4237089713751417 1.0 [-1,-1] 1.0 1.0 1.0 0.0005690156306133545 0.15418916366201427 3070.576340493183 -2428.9408125052323 -1873.4978491688107 136.71649974589505
217.93595375704814 3.820363297145126 39627878958107931 9 271-272-273-274-276-277-280-281-472 0.8985600352770767 1.0 10 1.3950187610822413 1.0 [-1,-1] 1.0 1.0 1.0 0.0005275616701708153 0.16431404058018498 3135.825761652107 -2467.725079158751 -1923.5597535782067 208.93543391703284
217.84363289792068 3.021765108820038 39627860859685180 9 271-272-273-274-276-277-280-281-472 0.48059134353970184 1.0 10 0.6266391490824184 1.0 [-1,-1] 1.0 1.0 1.0 0.00048380039118235755 0.17655271186088778 1880.8225309037753 -1483.1979050208563 -1152.2964093805363 99.14813273959452
218.68609271102284 1.8553977244006237 39627830673280800 9 271-272-273-274-276-277-280-281-472 0.5271365725143609 1.0 10 0.8568621230342922 1.0 [-1,-1] 1.0 1.0 1.0 0.0006865842838717192 0.13125169390769817 2036.8482798544183 -1589.093843507119 -1272.4710693954987 65.94732159193924
218.75907750479058 3.3551174230152228 39627866907874506 9 271-272-273-274-276-277-280-281-472 1.0914804561703573 1.0 10 1.165050120313919 1.0 [-1,-1] 1.0 1.0 1.0 4.689797466212482e-05 0.6886505109163528 3617.0128961432715 -2815.659126347824 -2260.53889349605 211.68345724832125
218.24239294022536 3.5741066889494384 39627872930894144 8 271-272-273-274-276-277-280-472 0.5003276699388901 1.0 10 1.1601260265621165 1.0 [-1,-1] 1.0 1.0 1.0 0.0005337442823398631 0.16272042362546515 1947.5174567732965 -1526.6034711316838 -1203.1485242078334 121.40722821123495
217.64715406862172 1.4040758984129913 39627824616705310 7 271-272-273-274-276-277-281 0.9378794511020738 1.0 10 1.1020976152153004 1.0 [-1,-1] 1.0 1.0 1.0 0.0004445766401596716 0.18918261239264766 3238.389488618149 -2563.3455633166313 -1977.4047102632578 79.35121200167706
217.1505365422401 3.5280038991618707 39627872914114922 8 271-272-273-274-276-277-281-472 0.7653886150928041 1.0 10 1.418603902596739 1.0 [-1,-1] 1.0 1.0 1.0 0.0006416626200019751 0.139161677870846 2769.930857618743 -2203.593653857803 -1669.6221859904467 170.45152012993339
218.5751672836438 3.644177255868325 39627878970688020 7 271-272-273-274-276-277-472 0.7302260555310727 1.0 10 1.3225893129741741 1.0 [-1,-1] 1.0 1.0 1.0 0.0007126833197713517 0.12705585074725267 2668.3062215425457 -2081.839275277415 -1660.4336725393202 169.59759117585398
219.52181753752788 2.3344677480803875 39627842769650099 6 271-272-273-274-276-278 0.7985550747641659 1.0 10 1.473645106104267 1.0 [-1,-1] 1.0 1.0 1.0 0.0007229154976227362 0.12548315978664992 2863.8221015225954 -2207.268331587854 -1820.943689346247 116.65171138369324
218.93992374683864 2.706423167700581 39627854836666524 8 271-272-273-274-276-278-279-280 0.7772117244218467 1.0 10 0.9310114630897854 1.0 [-1,-1] 1.0 1.0 1.0 0.0007324854237337303 0.12404708914385561 2803.617399458705 -2178.236392750394 -1760.1226195436175 132.3824158121437
218.9141381719895 2.6974894267935023 39627854836665929 9 271-272-273-274-276-278-279-280-281 0.773304421305871 1.0 10 0.9037642833308467 1.0 [-1,-1] 1.0 1.0 1.0 0.0007324854237337303 0.12404708914385561 2792.5113425996597 -2170.4124215753877 -1752.186489778472 131.42307201101082
