EDR/data_rosette/LRG_13_clustering_data.ecsv
# %ECSV 1.0
# ---
# datatype:
# - {name: RA, unit: deg, datatype: float64}
# - {name: DEC, unit: deg, datatype: float64}
# - {name: TARGETID, datatype: int64}
# - {name: NTILE, datatype: int64}
# - {name: TILES, datatype: string}
# - {name: Z, datatype: float64}
# - {name: COMP_TILE, datatype: float64}
# - {name: ROSETTE_NUMBER, datatype: int32}
# - {name: ROSETTE_R, unit: deg, datatype: float64}
# - {name: FRACZ_TILELOCID, datatype: float64}
# - {name: BITWEIGHTS, datatype: string, subtype: 'int64[2]'}
# - {name: PROB_OBS, datatype: float64}
# - {name: WEIGHT_ZFAIL, datatype: float64}
# - {name: WEIGHT, datatype: float64}
# - {name: NZ, unit: h3 / Mpc3, datatype: float64}
# - {name: WEIGHT_FKP, datatype: float64}
# - {name: distance, unit: Mpc, datatype: float64}
# - {name: x, unit: Mpc, datatype: float64}
# - {name: y, unit: Mpc, datatype: float64}
# - {name: z, unit: Mpc, datatype: float64}
# meta: !!omap
# - {EXTNAME: LSS}
# - {DESIDR: edr}
# - comments: ['Visit https://desidatamodel.readthedocs.io/en/latest/ for a more complet', e description]
# schema: astropy-2.0
RA DEC TARGETID NTILE TILES Z COMP_TILE ROSETTE_NUMBER ROSETTE_R FRACZ_TILELOCID BITWEIGHTS PROB_OBS WEIGHT_ZFAIL WEIGHT NZ WEIGHT_FKP distance x y z
[from data line 5263]
248.00258730089465 42.73159145436397 39633127735297089 3 357-360-433 0.6613490534145771 0.8888888888888888 13 1.7083833008140883 1.0 [-1,-1] 1.0 1.0 1.0 0.0006371005092682059 0.1397016056866948 2462.836935050792 -677.6076738968147 -1677.3559176489714 1671.1944035493011
248.01605285475603 42.75406231160113 39633127735297280 3 357-360-433 0.6820274998438921 0.8888888888888888 13 1.7077714804654036 0.5 [-653753722697969170,9222808952388444063] 0.71875 1.0 1.3870967741935485 0.0008053318504768218 0.11384060807160488 2525.430658710453 -694.1733784335937 -1719.5263122032845 1714.3956936102513
246.70000101369385 41.91634426854422 39633114300944386 2 357-433 0.650123574878794 0.4444444444444444 13 1.6478411992298692 1.0 [-1,-1] 1.0 1.0 1.0 0.0006371005092682059 0.1397016056866948 2428.525832168779 -714.7970093847473 -1659.7401673953436 1622.364179097948
248.01415334074426 42.79406972855585 39633127735297254 2 357-433 0.5618248473762543 0.4444444444444444 13 1.6901184966663014 0.5 [3513161890658484554,8181144415304422152] 0.3046875 1.0 3.225 0.0006724560872077301 0.13333590500666823 2150.3014556023873 -590.7271882590318 -1463.1415880073937 1460.840317235435
246.64378675991014 41.94014536882072 39633114300943636 2 357-433 1.0593711081224992 0.4444444444444444 13 1.6108140798643291 0.5 [2170767106315695756,2413330439837708127] 0.5234375 1.0 1.8970588235294117 0.00014839258087788972 0.41078905010633954 3540.6491102807504 -1044.1163757146685 -2417.8785327847722 2366.4066676703924
248.00066795865405 43.945825288449036 39633149738616836 2 357-433 0.7542912790394241 0.4444444444444444 13 1.6113484065297845 1.0 [-1208160980631096521,-7008480647224307745] 0.7734375 1.0 1.29 0.0007242712797402853 0.12498917450484462 2738.0918559838938 -738.4841214502336 -1827.8736926111485 1900.1752492944656
247.30131571084453 44.852102189630095 39633162707406105 1 358 0.7558691228527675 0.5 13 1.7336848385212196 0.5 [7565849373349275971,-2079457993602048625] 0.515625 1.0 1.9253731343283582 0.0007242712797402853 0.12498917450484462 2742.6318707793644 -750.2887154228483 -1793.7386068504732 1934.321129600246
247.1872925796242 44.81720298197889 39633162707404779 1 358 0.5520787696790082 0.5 13 1.6581349779054106 1.0 [-1,-1] 1.0 1.0 1.0 0.0006724560872077301 0.13333590500666823 2118.666334459612 -582.7026266150634 -1385.3346212383265 1493.336088396345
248.0870066439826 43.50564481842609 39633140989297603 1 358 0.8978139978314166 0.5 13 1.6024133079772562 1.0 [-1897151191435968618,-4512744825146257305] 0.609375 1.0 1.6329113924050633 0.0005723615213970424 0.15308410280969617 3133.856413266529 -848.2819312330774 -2108.7855978547786 2157.4283502344865
246.42317801908632 45.07143868122335 39633166989789535 1 358 0.6934334981737919 0.5 13 1.6674386417748972 1.0 [-1,-1] 1.0 1.0 1.0 0.0005639081233901963 0.1550231922816235 2559.6209381637127 -723.0276670517699 -1656.7714997645905 1812.1806028460712
247.91981829873149 44.25788746421631 39633154083914202 1 358 0.6907269180797337 0.5 13 1.6781155723698564 0.3333333333333333 [2037879429577580574,2740864212785844278] 0.3671875 1.0 2.6875 0.0005639081233901963 0.1550231922816235 2551.5292401435804 -686.9341374231511 -1693.3948790150878 1780.6843453784459
246.07355402111642 45.146999101415645 39633171259591998 1 358 0.4012251553547117 0.5 13 1.702642283131117 0.5 [-1,-1] 1.0 1.0 1.0 0.00024055914515870672 0.3007331513712552 1604.4976918453513 -458.95055721391356 -1034.391548611802 1137.45828641343
244.87101576340078 44.901148496582245 39633166973010543 1 358 1.0753067839699055 0.5 13 1.6215391862288069 1.0 [-1,-1] 1.0 1.0 1.0 0.00012850791192818028 0.44600300211103894 3578.7255827102163 -1076.4656029685602 -2294.985044029321 2526.1714608576845
244.93732950788407 44.92638555350343 39633166973011287 1 358 0.4817226297989641 0.5 13 1.6237349524872093 1.0 [-1,-1] 1.0 1.0 1.0 0.000668512811805897 0.13401699399284683 1884.6669659213885 -565.2523975373175 -1208.734102344969 1330.9474705419254
247.70880647932594 44.38829692786927 39633158404050122 1 358 0.8376423805502354 0.5 13 1.6172593588721929 1.0 [-1,-1] 1.0 1.0 1.0 0.0006366829495309179 0.1397804201853648 2972.086658747417 -805.624674812119 -1965.176233131448 2079.026301703166
247.66575510298406 44.37207655581462 39633154079720827 1 358 0.8387242790917394 0.5 13 1.5827445390808006 0.5 [-27166870742571080,-4113764550228283585] 0.703125 1.0 1.4175824175824177 0.0006366829495309179 0.1397804201853648 2975.047197794784 -808.128875173448 -1967.0721594405563 2080.495294340115
245.9623099676592 45.04171557763143 39633166985594197 2 358-361 0.5249016870404054 0.5 13 1.5928070342276275 1.0 [-1,-1] 1.0 1.0 1.0 0.0006888416087567301 0.1305783864573065 2029.456596787845 -584.1208836670276 -1309.6377814635987 1436.0869586737622
245.88312100151796 45.123850565142305 39633166985593083 2 358-361 0.5215613707429015 0.5 13 1.6738520557681513 1.0 [-1,-1] 1.0 1.0 1.0 0.0006888416087567301 0.1305783864573065 2018.3901310631798 -581.8981723721188 -1299.8222051314735 1430.299085230212
245.95357566143798 45.056960306604466 39633166985594079 2 358-361 0.9358097550305543 0.5 13 1.607823976513664 1.0 [-1,-1] 1.0 1.0 1.0 0.0003671239319408774 0.21984967794317842 3233.0503435600335 -930.610795668311 -2085.636450218396 2288.3834181578163
248.1052676173132 43.773302545504684 39633145372346483 2 358-433 1.0063135321261765 1.0 13 1.6432265164602928 1.0 [-1,-1] 1.0 1.0 1.0 0.00023297360745577845 0.30751381291380364 3411.295873705493 -918.5474047030991 -2285.565603384266 2359.957642819048
248.1062174431624 43.77234446615196 39633145372346494 2 358-433 1.0063543407280249 1.0 13 1.6437252012360477 1.0 [-1,-1] 1.0 1.0 1.0 0.00023297360745577845 0.30751381291380364 3411.3969151577776 -918.5514366706191 -2285.6851454876 2359.9863530613206
243.69514872709803 44.03884960875965 39633149688283206 1 359 0.5111426574309749 0.7142857142857143 13 1.6846005851629546 0.5 [7498602491380481768,5062950129861733223] 0.4765625 1.0 2.0806451612903225 0.0006888416087567301 0.1305783864573065 1983.7288465134347 -631.9456687367073 -1278.3723804961155 1378.9810966939078
243.62453667658642 42.93102766717956 39633132114151706 1 359 0.653214118910315 0.7142857142857143 13 1.7243000316891925 0.5 [995271517654104689,7611804072605694991] 0.5 1.0 1.9846153846153847 0.0006371005092682059 0.1397016056866948 2437.9956117892734 -793.0056304385579 -1599.218723878387 1660.5613949484923
244.30416721951912 42.35013475268758 39633118767874586 1 359 0.6775242526644977 0.7142857142857143 13 1.594388161308175 1.0 [-1,-1] 1.0 1.0 1.0 0.0008053318504768218 0.11384060807160488 2511.866361619644 -804.9120143840977 -1672.7949751470271 1692.1424995724499
243.5805023861154 43.179443040811094 39633136530754768 1 359 0.745315131026566 0.7142857142857143 13 1.6947832879690599 1.0 [-1,-1] 1.0 1.0 1.0 0.0006073340474539246 0.1455520198534496 2712.181461647506 -879.9849927008565 -1771.2046108126387 1855.906495533038
245.9834372345351 43.52098100670787 39633140964131213 4 359-360-361-433 0.9347861574995788 0.5 13 0.10329866613630058 0.3333333333333333 [-1163340545922335233,-162130140721054850] 0.828125 1.0 1.205607476635514 0.0003671239319408774 0.21984967794317842 3230.4073676793264 -953.3748533965302 -2139.6501671129827 2224.5236147187566
246.8654169023363 42.07603272958979 39633114305136887 4 359-360-362-433 0.7678803627914963 1.0 13 1.5527677537455469 1.0 [-1,-1] 1.0 1.0 1.0 0.0007242712797402853 0.12498917450484462 2777.0504539618487 -809.862083489955 -1895.52391374377 1860.9464586603556
244.6663677450071 42.1165917848114 39633114275778201 4 359-360-362-433 0.9228150959623236 1.0 13 1.6035010377041645 1.0 [-1,-1] 1.0 1.0 1.0 0.00042618922305278896 0.1953324009783564 3199.3778982992976 -1015.482001723976 -2145.0090411097462 2145.635442906866
245.97778693317676 43.507023637813056 39633140964131120 3 359-360-433 0.8908877625179561 1.0 13 0.09103099581797616 1.0 [-3188666618826460555,-2055632941323338303] 0.6015625 1.0 1.6538461538461537 0.0005723615213970424 0.15308410280969617 3115.530964560242 -919.8881499671035 -2063.948758356216 2144.8670134914205
244.30906142035067 44.644350289978746 39633162673849309 2 359-361 0.882829382063578 0.8571428571428571 13 1.6435372936768653 1.0 [-2963374466196902787,3359636872603999611] 0.703125 1.0 1.4175824175824177 0.0005346154933450218 0.1621399955636538 3094.114377498779 -954.3467168341795 -1983.7888416957533 2174.2465261961215
244.4921311857601 44.72690292579995 39633162673851269 2 359-361 0.4881759185681266 0.8571428571428571 13 1.6198857983549957 1.0 [-1,-1] 1.0 1.0 1.0 0.000668512811805897 0.13401699399284683 1906.5470421685723 -583.3136075102506 -1222.5102993661992 1341.691256302535
244.15419686242038 44.56277549048194 39633158362106165 2 359-361 0.8645887406267703 0.8571428571428571 13 1.666993615912324 0.3333333333333333 [-131073,-2416443394] 0.9609375 1.0 1.0403225806451613 0.0006576102792991648 0.1359368301360722 3045.2532974488745 -945.8771514677044 -1952.6556665090213 2136.824725616211
243.8457211858732 44.13046564670276 39633154033583655 2 359-361 0.8129161908172429 0.8571428571428571 13 1.6184333642147881 1.0 [-1,-1] 1.0 1.0 1.0 0.000762533893525711 0.11946670068019369 2903.8966425604835 -918.7334626986168 -1870.8801161097547 2021.9673900280902
244.3096831937793 44.67461405385964 39633162673849314 2 359-361 0.6430056998421619 0.8571428571428571 13 1.665158550153942 0.5 [4125865089218470151,-2944105823465250673] 0.4296875 1.0 2.3035714285714284 0.0007982518636535506 0.11473445525619816 2406.6479253423627 -741.9009020191332 -1542.2231666233163 1692.0653038426872
246.74816026927994 43.58378734670124 39633140972521098 4 359-361-362-433 0.4694817777277969 1.0 13 0.6436201162325927 1.0 [-1,-1] 1.0 1.0 1.0 0.0005330850268982689 0.1625298359500762 1842.9295897214251 -527.0055851421058 -1226.5301330832701 1270.5425685660998
247.93035495821346 43.756413100278536 39633145368154422 1 360 0.6513376791001337 1.0 13 1.5159753964572382 1.0 [-1,-1] 1.0 1.0 1.0 0.0006371005092682059 0.1397016056866948 2432.2481121075903 -660.0808617388775 -1628.0570089749403 1682.1279708585103
247.70720960270205 42.416320101803905 39633123280945619 1 360 0.4121614282660883 1.0 13 1.6905411746047998 0.5 [-1605778855590439378,6219388864417829129] 0.5078125 1.0 1.9545454545454546 0.0005613841910631427 0.1556117057517016 1643.3562649790172 -460.22616798006624 -1122.5496670108591 1108.4646737925298
248.07811957105213 43.89324190834592 39633149738617823 1 360 0.5130424574618416 1.0 13 1.6504892652802787 1.0 [-1,-1] 1.0 1.0 1.0 0.0006888416087567301 0.1305783864573065 1990.065457724988 -535.4123559961473 -1330.4117542376266 1379.7458821330767
248.06407207225232 43.93093981124085 39633149738617640 1 360 0.5267802197394115 1.0 13 1.6508109736943877 1.0 [-1,-1] 1.0 1.0 1.0 0.0006888416087567301 0.1305783864573065 2035.6703455455765 -547.6686359203161 -1359.9038413829148 1412.3294102845907
247.6005259036803 42.2860627062347 39633118805626980 1 360 0.6435256980532471 1.0 13 1.7159984676758577 1.0 [-1,-1] 1.0 1.0 1.0 0.0007982518636535506 0.11473445525619816 2408.24943509096 -678.903815830069 -1647.1870343197686 1620.34867372308
246.57316195191544 43.65605005833154 39633145355567500 4 360-361-362-433 0.8542641761810331 1.0 13 0.5429731575010831 1.0 [-1,-1] 1.0 1.0 1.0 0.0006576102792991648 0.1359368301360722 3017.359191409561 -867.932068942337 -2003.0978946975695 2082.9664514685296
247.78014324963195 42.64985771618258 39633127731103796 2 360-362 0.5069993999215392 1.0 13 1.6025276056627058 1.0 [-1,-1] 1.0 1.0 1.0 0.0007365189099627642 0.12316671624379881 1969.8841081669714 -547.9052138525451 -1341.2718042636695 1334.628496372403
246.88019414973186 42.0749695356015 39633114305137107 3 360-362-433 0.7692112406710085 1.0 13 1.558791780430029 1.0 [-1,-1] 1.0 1.0 1.0 0.0007242712797402853 0.12498917450484462 2780.8487301174746 -810.4937666279221 -1898.3573902019066 1863.4534427023013
246.88021296580516 42.07428315482856 39633114305137108 3 360-362-433 0.7694855142215912 1.0 13 1.5594056693749103 1.0 [-1,-1] 1.0 1.0 1.0 0.0007242712797402853 0.12498917450484462 2781.631116134519 -810.7299415767447 -1898.9122915450212 1863.952986826109
246.32218815420308 41.83261370388481 39633109787871767 3 360-362-433 0.9144995381784026 1.0 13 1.6497632465353274 1.0 [-1,-1] 1.0 1.0 1.0 0.00042618922305278896 0.1953324009783564 3177.6932114732117 -950.8472906172544 -2168.371735838048 2119.3837763339257
247.56756728664402 42.253598355428984 39633118805626509 2 360-433 0.840962603718439 0.6470588235294118 13 1.7209719152328709 1.0 [-1,-1] 1.0 1.0 1.0 0.0006366829495309179 0.1397804201853648 2981.166100887048 -842.0197273209099 -2039.615230771452 2004.575718271979
248.09660150863937 43.59818667513691 39633140989297748 2 360-433 0.6487258528383154 0.6470588235294118 13 1.613992155455477 1.0 [-1,-1] 1.0 1.0 1.0 0.0007982518636535506 0.11473445525619816 2424.2371947987413 -654.920411307198 -1628.8865083842097 1671.745786387027
247.96183793683917 43.73971447427037 39633145372344743 2 360-433 0.7715015357619792 0.6470588235294118 13 1.5352750030872087 1.0 [-1,-1] 1.0 1.0 1.0 0.0007064174578981374 0.12774458208408304 2787.3779821590592 -755.6440027603528 -1866.70389988293 1927.1467787066142
247.98737657725883 43.6001595922594 39633140985106354 2 360-433 0.9099336093141073 0.6470588235294118 13 1.5353200744337168 1.0 [-1,-1] 1.0 1.0 1.0 0.0005723615213970424 0.15308410280969617 3165.740769706541 -859.2667584320196 -2125.4115313500843 2183.163090847768
247.47065224511869 42.21301013380978 39633118805625000 2 360-433 0.5459613289643617 0.6470588235294118 13 1.700197263694052 0.5 [7664869121058387677,-7989275695043277564] 0.4609375 1.0 2.15 0.0006094867785671962 0.14511252611805409 2098.713684054564 -595.5849873647487 -1435.7887952404456 1410.102189887528
247.48653535552836 42.20226861663888 39633118805625233 2 360-433 0.6323325936424073 0.6470588235294118 13 1.7160721476203853 0.2 [3332727500223990160,1244279001418465569] 0.2890625 1.0 3.3947368421052633 0.0007982518636535506 0.11473445525619816 2373.6641940816953 -673.2763013344734 -1624.352986298726 1594.5087344474746
248.16168848280392 43.06069386030954 39633132168678998 2 360-433 0.6856719842665089 0.6470588235294118 13 1.7067008390017617 1.0 [-1,-1] 1.0 1.0 1.0 0.0008053318504768218 0.11384060807160488 2536.3810717819924 -689.3537338712151 -1720.1706066907584 1731.7717675169934
246.60618487278919 41.852957403929295 39633109792065392 2 360-433 0.8622267042336711 0.6470588235294118 13 1.6839659698849228 1.0 [-1,-1] 1.0 1.0 1.0 0.0006576102792991648 0.1359368301360722 3038.886969607281 -898.7375486417302 -2077.4751759483615 2027.6098554773062
247.87305199213236 42.62762343925996 39633127731104877 2 360-433 0.9093885950047397 0.6470588235294118 13 1.6727405293021216 1.0 [-1,-1] 1.0 1.0 1.0 0.0005723615213970424 0.15308410280969617 3164.3118865111182 -876.9427675111699 -2156.7390300424404 2142.969401068759
247.67362190839475 42.33462629716906 39633118809817796 2 360-433 0.8257405500739718 0.6470588235294118 13 1.7235353817041343 0.25 [8565556215892279295,-9147958352156673] 0.8671875 1.0 1.1517857142857142 0.000762533893525711 0.11946670068019369 2939.390538494234 -825.4338653864107 -2009.9794398991587 1979.5601336775135
248.01699920528063 42.74655204516501 39633127735297292 2 360-433 0.6810995267117053 0.6470588235294118 13 1.7115621277040538 0.3333333333333333 [1524910658228324868,2342154387300549713] 0.2734375 1.0 3.5833333333333335 0.0008053318504768218 0.11384060807160488 2522.6385383191373 -693.4615503921269 -1717.844791282359 1712.2574415679228
244.68566953270263 44.93169251100594 39633166968817994 1 361 0.9685402385892934 0.6666666666666666 13 1.7113145654138595 1.0 [-1,-1] 1.0 1.0 1.0 0.0003767415448896098 0.21544643941305056 3316.7219192848 -1003.9974898113588 -2122.5988875734092 2342.4788777679223
