EDR/data_rosette/LRG_12_clustering_data.ecsv
# %ECSV 1.0
# ---
# datatype:
# - {name: RA, unit: deg, datatype: float64}
# - {name: DEC, unit: deg, datatype: float64}
# - {name: TARGETID, datatype: int64}
# - {name: NTILE, datatype: int64}
# - {name: TILES, datatype: string}
# - {name: Z, datatype: float64}
# - {name: COMP_TILE, datatype: float64}
# - {name: ROSETTE_NUMBER, datatype: int32}
# - {name: ROSETTE_R, unit: deg, datatype: float64}
# - {name: FRACZ_TILELOCID, datatype: float64}
# - {name: BITWEIGHTS, datatype: string, subtype: 'int64[2]'}
# - {name: PROB_OBS, datatype: float64}
# - {name: WEIGHT_ZFAIL, datatype: float64}
# - {name: WEIGHT, datatype: float64}
# - {name: NZ, unit: h3 / Mpc3, datatype: float64}
# - {name: WEIGHT_FKP, datatype: float64}
# - {name: distance, unit: Mpc, datatype: float64}
# - {name: x, unit: Mpc, datatype: float64}
# - {name: y, unit: Mpc, datatype: float64}
# - {name: z, unit: Mpc, datatype: float64}
# meta: !!omap
# - {EXTNAME: LSS}
# - {DESIDR: edr}
# - comments: ['Visit https://desidatamodel.readthedocs.io/en/latest/ for a more complet', e description]
# schema: astropy-2.0
RA DEC TARGETID NTILE TILES Z COMP_TILE ROSETTE_NUMBER ROSETTE_R FRACZ_TILELOCID BITWEIGHTS PROB_OBS WEIGHT_ZFAIL WEIGHT NZ WEIGHT_FKP distance x y z
[from data line 1734]
240.40191442046267 42.61434320060877 39633123188673045 9 325-326-328-329-330-331-332-334-478 0.9149714200975237 1.0 12 0.9605875065371811 1.0 [-1,-1] 1.0 1.0 1.0 0.00042618922305278896 0.1953324009783564 3178.9266254937 -1155.4892212736358 -2034.187128492791 2152.3247608266424
240.83028848436132 43.90322857619285 39633149650537317 9 325-326-328-329-330-331-332-334-478 0.795385495450897 1.0 12 0.48027783660510054 1.0 [-1,-1] 1.0 1.0 1.0 0.0008239664519383997 0.11155322342262282 2854.9304983198053 -1002.5837105105535 -1796.1412563311947 1979.7299414214199
240.83359287646635 43.92814231136487 39633149650537368 9 325-326-328-329-330-331-332-334-478 0.7824322307366627 1.0 12 0.5030970987983209 1.0 [-1,-1] 1.0 1.0 1.0 0.0007064174578981374 0.12774458208408304 2818.4151448286752 -989.2438659952644 -1772.4829450235327 1955.291464664818
239.84139294879628 42.36586517794039 39633118709157227 9 325-326-328-329-330-331-332-334-478 0.8723535709701815 1.0 12 1.399608986274216 1.0 [-1,-1] 1.0 1.0 1.0 0.0005346154933450218 0.1621399955636538 3066.118185773423 -1138.1379952893687 -1958.7704945826274 2066.1415204099003
240.67112671983654 44.93994285592899 39633166922679450 9 325-326-328-329-330-331-332-334-478 0.8066988160625755 1.0 12 1.5144975111998062 1.0 [-1,-1] 1.0 1.0 1.0 0.0008239664519383997 0.11155322342262282 2886.5897720501434 -1000.8361360777999 -1781.3649985686336 2038.9865822755994
239.2573206296801 43.99826296960759 39633149633757914 9 325-326-328-329-330-331-332-334-478 0.7496174994967914 1.0 12 1.4067224042039657 1.0 [-1,-1] 1.0 1.0 1.0 0.0006073340474539246 0.1455520198534496 2724.6182131784244 -1001.9108896833376 -1684.550585831283 1892.6194283302214
242.44088603392171 42.70775850631814 39633127663995967 9 325-326-328-329-330-331-332-334-478 0.49961443829356156 1.0 12 1.258151647601125 1.0 [-1,-1] 1.0 1.0 1.0 0.0007365189099627642 0.12316671624379881 1945.1210437584018 -661.2938652626159 -1267.1400186341755 1319.2962032135108
239.97521584940841 42.71759630917484 39633127634635041 9 325-326-328-329-330-331-332-335-478 0.6868324144851167 1.0 12 1.0735740548867163 1.0 [-1,-1] 1.0 1.0 1.0 0.0008053318504768218 0.11384060807160488 2539.8626667294593 -933.7254956966048 -1615.6456203116797 1723.0055989752027
240.0292508856112 43.993705519032545 39633149642147314 9 325-326-328-329-330-331-332-335-478 0.7668405282764919 1.0 12 0.9164024294277309 1.0 [-1,-1] 1.0 1.0 1.0 0.0007242712797402853 0.12498917450484462 2774.0806727259965 -996.9766733359577 -1728.8519773481582 1926.8191228123228
240.0181812922012 43.99723160903422 39633149642147199 9 325-326-328-329-330-331-332-335-478 0.9844228378431922 1.0 12 0.9249182795595066 1.0 [-1,-1] 1.0 1.0 1.0 0.00030269805442075816 0.25472307248715254 3356.744073536924 -1206.7124784215996 -2091.619837586084 2331.673696009634
241.166605454449 44.79105624455122 39633162636100890 8 325-326-328-329-330-331-333-334 0.8080297078833133 1.0 12 1.3436657760250157 1.0 [-1,-1] 1.0 1.0 1.0 0.0008239664519383997 0.11155322342262282 2890.2999479221953 -989.2158689620485 -1796.8953743934617 2036.284058533113
242.55985692365164 42.56668795572374 39633123213839347 9 325-326-328-329-330-331-333-334-335 1.0511525743450354 1.0 12 1.4139072664413557 1.0 [-1,-1] 1.0 1.0 1.0 0.00014839258087788972 0.41078905010633954 3520.8736581293383 -1194.952147388886 -2301.348549998869 2381.6875389895004
240.18755872100232 43.796829640396446 39633145275877532 9 325-326-328-329-330-331-333-334-335 0.6017837418505457 1.0 12 0.7141772068485368 1.0 [-1,-1] 1.0 1.0 1.0 0.0006106036532175123 0.14488555312656437 2278.0635409830193 -817.4855407166286 -1426.6917795030813 1576.6551473843808
240.87083103722927 43.74002476736287 39633145284266160 9 325-326-328-329-330-331-333-334-335 0.6157864679654774 1.0 12 0.31772921018585815 1.0 [-1,-1] 1.0 1.0 1.0 0.0007056687116799521 0.12786279395313782 2322.104981820907 -816.6635097994997 -1465.498541352174 1605.4738501931722
242.2770920346842 43.05769542566127 39633132097374885 9 325-326-328-329-330-331-333-334-335 0.4772533475012211 1.0 12 0.976020339794951 1.0 [-1,-1] 1.0 1.0 1.0 0.000668512811805897 0.13401699399284683 1869.4637832231717 -635.4366712658845 -1209.1536217040637 1276.3473636567642
240.6987026678633 44.92520538349698 39633166922679795 10 325-326-328-329-330-331-333-334-335-478 0.43031055160558684 1.0 12 1.4965533356883383 1.0 [-1,-1] 1.0 1.0 1.0 0.0006285113834356281 0.1413409039925048 1707.2879215203766 -591.5941613654571 -1054.1524676569315 1205.6578992983336
240.9914807253744 44.72722382356985 39633162631908679 10 325-326-328-329-330-331-333-334-335-478 0.6096400654185921 1.0 12 1.277915150754075 1.0 [-1,-1] 1.0 1.0 1.0 0.0006106036532175123 0.14488555312656437 2302.8195138614565 -793.3967247035198 -1430.8238024290697 1620.5686030073703
240.36662390908262 43.68507586533236 39633145280069951 10 325-326-328-329-330-331-333-334-335-478 0.7752417464930597 1.0 12 0.548115136979677 1.0 [-1,-1] 1.0 1.0 1.0 0.0007064174578981374 0.12774458208408304 2798.0212495383507 -1000.457209468367 -1758.7369372773512 1932.576691970387
242.60434143387394 43.90693869378674 39633149671509118 10 325-326-328-329-330-331-333-334-335-478 0.6634757761801163 1.0 12 1.2134350145087225 1.0 [-1,-1] 1.0 1.0 1.0 0.0006371005092682059 0.1397016056866948 2469.310954773427 -818.6021428385237 -1579.536549231889 1712.4401924577826
241.24179081720686 44.77250091490659 39633162636101824 10 325-326-328-329-330-331-333-334-335-478 0.9069154854803666 1.0 12 1.3296494979579003 1.0 [-1,-1] 1.0 1.0 1.0 0.0005723615213970424 0.15308410280969617 3157.8222113147467 -1078.545815863327 -1965.2616464442071 2224.0338806708564
241.6092505521936 44.57063127647686 39633158332744907 10 325-326-328-329-330-331-333-334-335-478 0.768929886221124 1.0 12 1.1906200731979342 1.0 [-1,-1] 1.0 1.0 1.0 0.0007242712797402853 0.12498917450484462 2780.0460102092625 -941.6760442501933 -1742.265687722127 1951.0029010618848
242.04323635687234 43.150948153548015 39633136513975514 10 325-326-328-329-330-331-333-334-335-478 0.6216134940913801 1.0 12 0.7822569936057294 1.0 [-1,-1] 1.0 1.0 1.0 0.0007056687116799521 0.12786279395313782 2340.321814832725 -800.4341987553221 -1508.1422002410643 1600.5993859479352
242.03538472748178 43.145291145170866 39633136513975421 10 325-326-328-329-330-331-333-334-335-478 0.4763449264559873 1.0 12 0.7792054833785763 1.0 [-1,-1] 1.0 1.0 1.0 0.000668512811805897 0.13401699399284683 1866.3685953437023 -638.5571646832827 -1202.7427041251588 1276.317542303079
241.20517586232975 44.82432813071988 39633162636101382 10 325-326-328-329-330-331-333-334-335-478 0.9874829354148381 1.0 12 1.3788320688046138 1.0 [-1,-1] 1.0 1.0 1.0 0.00030269805442075816 0.25472307248715254 3364.4121686566364 -1149.4110211994416 -2091.2183485107257 2371.69335366151
241.97891249540234 43.34331097661984 39633136513974769 10 325-326-328-329-330-331-333-334-335-478 0.6504041393552112 1.0 12 0.6833377208209093 1.0 [-1,-1] 1.0 1.0 1.0 0.0006371005092682059 0.1397016056866948 2429.38624961363 -830.0276063788442 -1559.6698025786495 1667.4536963241474
240.57673580526938 43.5837703289269 39633140897023521 10 325-326-328-329-330-331-333-334-335-478 0.876811857805972 1.0 12 0.3683458214031835 1.0 [-1,-1] 1.0 1.0 1.0 0.0005346154933450218 0.1621399955636538 3078.0542511600725 -1095.327996839032 -1942.0498520977321 2122.054882511846
242.44120196120926 44.420178335540406 39633158341135040 10 325-326-328-329-330-331-333-334-335-478 0.7824889621549848 1.0 12 1.3945670243447321 1.0 [-1,-1] 1.0 1.0 1.0 0.0007064174578981374 0.12774458208408304 2818.5756957570347 -931.3784228349418 -1784.6872619901358 1972.763179674616
241.15995581910278 44.786302004166615 39633162636100827 9 325-326-328-329-330-331-333-334-478 0.7068088033006806 1.0 12 1.338631077409518 1.0 [-1,-1] 1.0 1.0 1.0 0.0005639081233901963 0.1550231922816235 2599.413218351065 -889.9196547436284 -1616.0813514443478 1831.1944608241458
242.88017592963357 43.21653494274384 39633136522365947 9 325-326-328-329-330-331-333-334-478 0.7579873293552475 1.0 12 1.3515106772450272 1.0 [-1,-1] 1.0 1.0 1.0 0.0007242712797402853 0.12498917450484462 2748.719873636228 -913.1587882187488 -1782.9472782830328 1882.2064111262487
240.69652236489418 43.85487341407967 39633145284264028 9 325-326-328-329-330-331-333-334-478 0.8398785052569891 1.0 12 0.478886385439018 1.0 [-1,-1] 1.0 1.0 1.0 0.0006366829495309179 0.1397804201853648 2978.203532252357 -1051.0985456838794 -1872.7692241296356 2063.400969257922
240.97754557852915 44.86582609623343 39633162631908498 9 325-326-328-329-330-331-333-334-478 0.7649587297199716 1.0 12 1.416779790108173 1.0 [-1,-1] 1.0 1.0 1.0 0.0007242712797402853 0.12498917450484462 2768.70147129267 -952.037193287064 -1715.93426714755 1953.1775675972435
241.33414777145097 44.40884843042687 39633158328551440 9 325-326-328-329-330-331-333-335-478 0.981838415297461 1.0 12 0.9804411413559221 1.0 [-1,-1] 1.0 1.0 1.0 0.00030269805442075816 0.25472307248715254 3350.2571643306214 -1148.070030314222 -2099.963072392497 2344.421755408105
241.33149862012908 44.406494062997794 39633158328551406 9 325-326-328-329-330-331-333-335-478 0.9465643984735913 1.0 12 0.9777422423458838 1.0 [-1,-1] 1.0 1.0 1.0 0.0003671239319408774 0.21984967794317842 3260.722482216518 -1117.5276599724975 -2043.87274792378 2281.6720240917934
240.77589886346152 43.09244868697061 39633132080596092 9 325-326-328-329-330-331-333-335-478 0.7850798748175948 1.0 12 0.4094797937258666 1.0 [-1,-1] 1.0 1.0 1.0 0.0007064174578981374 0.12774458208408304 2825.9021545198257 -1007.5153873189967 -1800.9572177444154 1930.592870361211
241.28830404138876 44.31127828267334 39633154004222084 9 325-326-328-329-330-331-333-335-478 0.5560942866631562 1.0 12 0.8782378636437267 1.0 [-1,-1] 1.0 1.0 1.0 0.0006724560872077301 0.13333590500666823 2131.7231215797597 -732.7895371317454 -1337.819072316219 1489.1282990712948
240.386557245236 43.669444815769424 39633145280070194 8 325-326-328-329-330-331-333-478 0.9667745069192801 1.0 12 0.5284805599484212 1.0 [-1,-1] 1.0 1.0 1.0 0.0003767415448896098 0.21544643941305056 3312.249278044681 -1183.9079579954532 -2082.916871144842 2287.097403873024
239.8332270594274 44.62181336680807 39633158311772941 8 325-326-328-329-330-331-334-335 0.6824938983965125 1.0 12 1.4622609483191678 1.0 [-1,-1] 1.0 1.0 1.0 0.0008053318504768218 0.11384060807160488 2526.83338069927 -903.777570124648 -1554.918790042889 1774.9086156552535
239.5639864652709 44.087351870329925 39633149637951775 9 325-326-328-329-330-331-334-335-478 0.5410541135570011 1.0 12 1.2480792874906823 1.0 [-1,-1] 1.0 1.0 1.0 0.0006094867785671962 0.14511252611805409 2082.654677721468 -757.8014327708644 -1289.7831476043239 1449.0158478365306
241.20099022777654 43.31390377125472 39633136501394700 9 325-326-328-329-330-331-334-335-478 0.7302159254550098 1.0 12 0.1748275279761749 1.0 [-1,-1] 1.0 1.0 1.0 0.0006073340474539246 0.1455520198534496 2668.276630571563 -935.2736354492328 -1701.3260762198854 1830.4242640607008
241.24175261481966 44.20646302544644 39633154000030996 9 325-326-328-329-330-331-334-335-478 0.7626149264486719 1.0 12 0.7690068589237122 1.0 [-1,-1] 1.0 1.0 1.0 0.0007242712797402853 0.12498917450484462 2761.993025276527 -952.5522416432075 -1735.6809509993282 1925.7884969421618
240.77742345039076 42.76501441301774 39633127643025602 8 325-326-328-329-330-331-334-478 0.5391379301665012 1.0 12 0.7133055379131507 1.0 [-513,-4503874505277441] 0.9765625 1.0 1.0238095238095237 0.0006094867785671962 0.14511252611805409 2076.37092128815 -744.1963090370198 -1330.3513127860892 1409.8416368355015
239.74734021830307 44.58845451150516 39633158307581665 8 325-326-328-329-330-331-334-478 0.6533716786929037 1.0 12 1.4742637767207194 1.0 [-1,-1] 1.0 1.0 1.0 0.0006371005092682059 0.1397016056866948 2438.477915551992 -874.925930075565 -1500.1002447148282 1711.8348101737815
241.50319162949032 42.43497764117456 39633123201256722 8 325-326-328-329-330-331-334-478 0.782755404665537 1.0 12 1.0678577219722967 1.0 [-1,-1] 1.0 1.0 1.0 0.0007064174578981374 0.12774458208408304 2819.3296590992168 -992.764402632068 -1828.6874887131396 1902.351344039037
240.81737145403858 43.923205265807525 39633149650537169 8 325-326-328-329-330-331-334-478 0.796996361024257 1.0 12 0.5022157877447093 1.0 [-1,-1] 1.0 1.0 1.0 0.0008239664519383997 0.11155322342262282 2859.451578944999 -1004.2397960029391 -1798.1555019798552 1983.5832614625976
240.13430745367873 42.440355286301084 39633123184479457 8 325-326-328-329-330-331-335-478 0.4035955295790975 1.0 12 1.2118696410446448 1.0 [-1,-1] 1.0 1.0 1.0 0.00024055914515870672 0.3007331513712552 1612.9415005296191 -592.7414176355561 -1032.2387165171365 1088.4489551987201
239.86535827603953 42.342555810664436 39633118709157540 7 325-326-328-329-330-332-333 0.68132190449779 1.0 12 1.4069489387882204 1.0 [-1,-1] 1.0 1.0 1.0 0.0008053318504768218 0.11384060807160488 2523.3077806592387 -936.3205366878226 -1612.9892096561364 1699.6034296402656
240.65196034810538 42.45603533278885 39633123192865871 8 325-326-328-329-330-332-333-334 0.43370759518397417 1.0 12 1.0357756831560363 1.0 [-1,-1] 1.0 1.0 1.0 0.0006285113834356281 0.1413409039925048 1719.177555932347 -621.6606544118957 -1105.613128188677 1160.486583444436
240.0306461046293 42.42001255916619 39633123184478011 8 325-326-328-329-330-332-333-334 0.7982580616810994 1.0 12 1.2719165168781492 1.0 [-1,-1] 1.0 1.0 1.0 0.0008239664519383997 0.11155322342262282 2862.9896153858576 -1055.7786056104346 -1830.923121415402 1931.259070453529
239.9005119669923 43.654311615706916 39633145271683770 8 325-326-328-329-330-332-333-334 0.43363498327534705 1.0 12 0.8577680180216801 1.0 [-1,-1] 1.0 1.0 1.0 0.0006285113834356281 0.1413409039925048 1718.9236669205425 -623.705211600717 -1075.9701092981256 1186.5827849832683
241.24284121991022 44.44247295599657 39633158328550259 9 325-326-328-329-330-332-333-334-335 0.8966059607741587 1.0 12 1.0021369125446404 1.0 [-1,-1] 1.0 1.0 1.0 0.0005723615213970424 0.15308410280969617 3130.6656427063717 -1075.3272273768334 -1959.4820980876232 2192.069485157411
241.25963313420212 44.44532007456718 39633158328550487 9 325-326-328-329-330-332-333-334-335 0.5880193189566226 1.0 12 1.0066975022447744 1.0 [-1,-1] 1.0 1.0 1.0 0.0005369919189708607 0.1615383650856205 2234.4041996810056 -767.0302901745025 -1398.669198518764 1564.5929613231076
242.26224682897345 42.38643899005869 39633123213836369 9 325-326-328-329-330-332-333-334-335 0.9284059080934222 1.0 12 1.385346709460618 1.0 [-1,-1] 1.0 1.0 1.0 0.00042618922305278896 0.1953324009783564 3213.8969908184386 -1104.8416996522394 -2101.0484070434327 2166.576626284337
242.21618083997336 43.228758601172174 39633136513977410 9 325-326-328-329-330-332-333-334-335 0.6184305656151686 1.0 12 0.8765364929114511 1.0 [-1,-1] 1.0 1.0 1.0 0.0007056687116799521 0.12786279395313782 2330.3791457980856 -791.4874179852668 -1502.2176323894514 1596.1067681329657
240.80005687822091 44.495159456473374 39633158320165100 10 325-326-328-329-330-332-333-334-335-478 0.9118643372893871 1.0 12 1.0605237554447937 1.0 [-1,-1] 1.0 1.0 1.0 0.00042618922305278896 0.1953324009783564 3170.7988938325593 -1103.4202279840524 -1974.3426306083315 2222.251246499364
242.58903422302836 43.35167337597743 39633136518172245 10 325-326-328-329-330-332-333-334-335-478 0.5829918991255758 1.0 12 1.1225062486837052 1.0 [-1,-1] 1.0 1.0 1.0 0.0005369919189708607 0.1615383650856205 2218.3663480095934 -742.6195161084282 -1431.9874220257107 1522.8517759245194
240.9918410149503 44.24127145622756 39633154000028359 10 325-326-328-329-330-332-333-334-335-478 0.7604921048581464 1.0 12 0.7923823417169286 1.0 [-1,-1] 1.0 1.0 1.0 0.0007242712797402853 0.12498917450484462 2755.9088437694822 -957.4325748863477 -1726.6741680720613 1922.746144717497
