EDR/data_rosette/LRG_13_clustering_data.ecsv
# %ECSV 1.0
# ---
# datatype:
# - {name: RA, unit: deg, datatype: float64}
# - {name: DEC, unit: deg, datatype: float64}
# - {name: TARGETID, datatype: int64}
# - {name: NTILE, datatype: int64}
# - {name: TILES, datatype: string}
# - {name: Z, datatype: float64}
# - {name: COMP_TILE, datatype: float64}
# - {name: ROSETTE_NUMBER, datatype: int32}
# - {name: ROSETTE_R, unit: deg, datatype: float64}
# - {name: FRACZ_TILELOCID, datatype: float64}
# - {name: BITWEIGHTS, datatype: string, subtype: 'int64[2]'}
# - {name: PROB_OBS, datatype: float64}
# - {name: WEIGHT_ZFAIL, datatype: float64}
# - {name: WEIGHT, datatype: float64}
# - {name: NZ, unit: h3 / Mpc3, datatype: float64}
# - {name: WEIGHT_FKP, datatype: float64}
# - {name: distance, unit: Mpc, datatype: float64}
# - {name: x, unit: Mpc, datatype: float64}
# - {name: y, unit: Mpc, datatype: float64}
# - {name: z, unit: Mpc, datatype: float64}
# meta: !!omap
# - {EXTNAME: LSS}
# - {DESIDR: edr}
# - comments: ['Visit https://desidatamodel.readthedocs.io/en/latest/ for a more complet', e description]
# schema: astropy-2.0
RA DEC TARGETID NTILE TILES Z COMP_TILE ROSETTE_NUMBER ROSETTE_R FRACZ_TILELOCID BITWEIGHTS PROB_OBS WEIGHT_ZFAIL WEIGHT NZ WEIGHT_FKP distance x y z
[from data line 2131]
246.09822368277995 43.29674851650589 39633136564306683 7 352-353-355-356-359-360-362 1.021702474489671 1.0 13 0.22056288115166756 1.0 [-1,-1] 1.0 1.0 1.0 0.00020130102782971312 0.3394727840281335 3449.227705060043 -1017.1338121563673 -2295.1008057107547 2365.401205112543
246.09649024004466 43.29639105374631 39633136564306650 7 352-353-355-356-359-360-362 1.0777374882763358 1.0 13 0.21990831064125219 1.0 [-1,-1] 1.0 1.0 1.0 0.00012850791192818028 0.44600300211103894 3584.502603307044 -1057.103049633139 -2385.094162804882 2458.153349595051
245.458924419455 44.23993200748014 39633154054553695 8 352-353-355-356-359-360-362-433 1.0193872287663701 1.0 13 0.8462934110767375 1.0 [-1,-1] 1.0 1.0 1.0 0.00020130102782971312 0.3394727840281335 3443.5427466724277 -1024.6733400967619 -2244.175523254565 2402.4378067039183
246.5646773017628 42.23417917887579 39633118793043502 8 352-353-355-356-359-360-362-433 0.8659879224274183 1.0 13 1.3153765402143143 1.0 [-1,-1] 1.0 1.0 1.0 0.0006576102792991648 0.1359368301360722 3049.020219527701 -897.8408673864822 -2071.2834742353048 2049.4367141483444
247.77234798449672 43.320597974554865 39633136585277690 7 352-353-355-356-359-360-433 0.7177047820834787 1.0 13 1.381309699307309 1.0 [-1,-1] 1.0 1.0 1.0 0.0005823912580269674 0.15084542533972659 2631.5909438646863 -724.2509680316326 -1772.2773518758613 1805.481769269288
247.77403474605455 43.326878507097135 39633136585277717 7 352-353-355-356-359-360-433 0.7199443484586624 1.0 13 1.3818854655671031 1.0 [-1,-1] 1.0 1.0 1.0 0.0005823912580269674 0.15084542533972659 2638.178405497407 -725.9365713657157 -1776.5514592315935 1810.2116744427221
245.70836193597293 43.97309081910537 39633149709257997 6 352-353-355-356-359-361 0.5664261666404182 1.0 13 0.5376017764956273 1.0 [-1,-1] 1.0 1.0 1.0 0.0006724560872077301 0.13333590500666823 2165.1720702290722 -641.0146762508792 -1420.2427522955227 1503.3232530241344
244.40293561846013 44.58916018365078 39633158366299266 6 352-353-355-356-359-361 0.6424539951354589 1.0 13 1.5574656929582946 1.0 [-1,-1] 1.0 1.0 1.0 0.0007982518636535506 0.11473445525619816 2404.948210074833 -739.9563737175569 -1544.6111803260055 1688.317730686025
244.50805781316515 44.58264074041759 39633158366300547 6 352-353-355-356-359-361 0.5734194210549142 1.0 13 1.5020497067075094 1.0 [-1,-1] 1.0 1.0 1.0 0.0005369919189708607 0.1615383650856205 2187.693497230181 -670.6074125646508 -1406.4666835879339 1535.6236531109187
246.09536922909638 43.32160029036085 39633136564306629 7 352-353-355-356-359-361-362 1.0402697209046412 1.0 13 0.20244622406531676 1.0 [-1,-1] 1.0 1.0 1.0 0.00017557006270178804 0.37077784677498654 3494.541277628392 -1030.1907536284111 -2324.250398670252 2397.579161668781
246.10377222225415 43.316492872490755 39633136564306779 7 352-353-355-356-359-361-362 0.6333298253908952 1.0 13 0.2104122595440208 1.0 [-1,-1] 1.0 1.0 1.0 0.0007982518636535506 0.11473445525619816 2376.7550876729365 -700.4944219934496 -1581.0365261796621 1630.5201054942552
247.15011072072966 43.424780006394116 39633140976715750 8 352-353-355-356-359-361-362-433 0.558797348037053 0.8333333333333334 13 0.9225964072907714 1.0 [-1,-1] 1.0 1.0 1.0 0.0006724560872077301 0.13333590500666823 2140.494436745135 -603.676587296132 -1432.596744175794 1471.3794820726168
245.7593837465568 43.963756778056656 39633149709258563 8 352-353-355-356-359-361-362-433 0.6447456470494222 0.8333333333333334 13 0.5211028760225243 1.0 [-1,-1] 1.0 1.0 1.0 0.0007982518636535506 0.11473445525619816 2412.0046888083602 -712.7940552948345 -1583.0364148382257 1674.4213815124306
244.79813956284852 43.66457788431595 39633145330405191 8 352-353-355-356-359-361-362-433 0.7817616514290765 0.8333333333333334 13 0.8128358818661274 1.0 [-1,-1] 1.0 1.0 1.0 0.0007064174578981374 0.12774458208408304 2816.5169757019303 -867.5646693056391 -1843.513389457168 1944.6227916698622
247.25337973360817 43.74415771366393 39633145363955922 8 352-353-355-356-359-361-362-433 1.0246636080261275 0.8333333333333334 13 1.037183532399517 1.0 [-1,-1] 1.0 1.0 1.0 0.00020130102782971312 0.3394727840281335 3456.487387522427 -965.514547718395 -2302.8717548773707 2389.951547382033
245.7210446302589 43.984016770952074 39633149709258141 8 352-353-355-356-359-361-362-433 0.61216730604558 0.8333333333333334 13 0.5462348861714394 1.0 [-1,-1] 1.0 1.0 1.0 0.0007056687116799521 0.12786279395313782 2310.757934262469 -683.6550665308831 -1515.6121515522968 1604.7235858024346
245.23538749119288 44.84002896701559 39633162682240805 6 352-353-355-356-359-362 0.6596670735044242 1.0 13 1.4649578835483177 1.0 [-1,-1] 1.0 1.0 1.0 0.0006371005092682059 0.1397016056866948 2457.7108285859604 -730.0058503120918 -1582.4434883761364 1733.0050725704102
245.15340538321763 42.3244185991841 39633118776265709 7 352-353-355-356-359-362-433 0.7815765965251551 1.0 13 1.2451181098711184 1.0 [-1,-1] 1.0 1.0 1.0 0.0007064174578981374 0.12774458208408304 2815.9930161123243 -874.8309457947306 -1889.271097631553 1896.0860219745698
246.89518564187117 44.38091186601001 39633158395660004 6 352-353-355-356-360-361 0.4101963402819937 1.0 13 1.183786337823103 1.0 [-1,-1] 1.0 1.0 1.0 0.0005613841910631427 0.1556117057517016 1636.3925462388188 -458.9440031481792 -1075.7286785720212 1144.5343059331956
246.13336933565012 43.21581343066667 39633136564307283 6 352-353-355-356-360-361 0.5529064529456451 1.0 13 0.2980066614380666 1.0 [-1,-1] 1.0 1.0 1.0 0.0006724560872077301 0.13333590500666823 2121.3602207045324 -625.5272922613395 -1413.8050003364447 1452.5977466757424
246.10213394780004 44.05158425736758 39633149713452652 8 352-353-355-356-360-361-362-433 0.5649912970108617 1.0 13 0.6226154083271466 1.0 [-1,-1] 1.0 1.0 1.0 0.0006724560872077301 0.13333590500666823 2160.539296854419 -629.0550529756413 -1419.6861603788177 1502.2353342958118
246.7546345709327 42.22476690512629 39633118797236019 8 352-353-355-356-360-361-362-433 0.7318725561233816 1.0 13 1.3829229737740327 1.0 [-1,-1] 1.0 1.0 1.0 0.0006073340474539246 0.1455520198534496 2673.113396150097 -781.2397961788035 -1818.7904972130193 1796.4411309005436
246.88470298844047 44.389350836235415 39633158395659854 7 352-353-355-356-360-361-433 0.8803622359768096 1.0 13 1.1857789397946281 1.0 [-1,-1] 1.0 1.0 1.0 0.0005346154933450218 0.1621399955636538 3087.536825622231 -866.1795762651257 -2029.2281801310314 2159.826285652777
247.1223074664674 42.70187503017895 39633127722715788 7 352-353-355-356-360-361-433 1.028245542167935 1.0 13 1.1760464896132552 1.0 [-1,-1] 1.0 1.0 1.0 0.00020130102782971312 0.3394727840281335 3465.2522705458737 -990.0247953258897 -2346.264930327841 2350.0776752858524
246.98763720826045 42.433103298450106 39633123268366362 6 352-353-355-356-360-433 0.4940120926270612 1.0 13 1.3005677658385766 1.0 [-144115188075855873,-36037730560508417] 0.9375 1.0 1.0661157024793388 0.0007365189099627642 0.12316671624379881 1926.2615828462401 -555.7877293486861 -1308.5687349591944 1299.7044092185065
244.01920487462033 44.02091126852956 39633149688286782 5 352-353-355-356-361 0.824654667300076 1.0 13 1.4606445170312143 1.0 [-1,-1] 1.0 1.0 1.0 0.000762533893525711 0.11946670068019369 2936.395770524983 -924.9940277536571 -1898.1333248336748 2040.5626799814152
244.76560312712067 44.72119719146123 39633162678044866 6 352-353-355-356-361-362 1.0046334202103122 1.0 13 1.5021946113648972 1.0 [-1,-1] 1.0 1.0 1.0 0.00023297360745577845 0.30751381291380364 3407.133841442678 -1032.0848541134797 -2189.8785445749254 2397.4556987406263
243.87619051454567 43.6644166612904 39633145322013688 5 352-353-355-357-358 0.7977185826247958 1.0 13 1.4678408418844615 1.0 [-1,-1] 1.0 1.0 1.0 0.0008239664519383997 0.11155322342262282 2861.4771488252622 -911.4382680799138 -1858.5217355895695 1975.6590584080475
245.0222067942251 44.683206913970054 39633162682238092 6 352-353-355-357-358-359 0.7402292110212839 1.0 13 1.3786331618899763 1.0 [-1,-1] 1.0 1.0 1.0 0.0006073340474539246 0.1455520198534496 2697.4377714283623 -809.8630076954141 -1738.5157176824694 1896.801396790385
246.54003111643195 42.66331898274305 39633127714328203 7 352-353-355-357-358-359-360 0.50977640840053 1.0 13 0.9227338440030086 1.0 [-1,-1] 1.0 1.0 1.0 0.0007365189099627642 0.12316671624379881 1979.1673435140708 -579.3979597172743 -1335.0741439033188 1341.26000767518
246.68973236478064 44.623678905506345 39633158391467397 8 352-353-355-357-358-359-360-361 0.7492699294404503 1.0 13 1.310086830422916 1.0 [-1,-1] 1.0 1.0 1.0 0.0006073340474539246 0.1455520198534496 2723.6147059673704 -767.0816659901914 -1780.2654556462908 1913.1956752240326
247.17940257126344 44.60869427469839 39633158399853558 8 352-353-355-357-358-359-360-361 0.7877806274681323 1.0 13 1.4883760911123916 1.0 [-1,-1] 1.0 1.0 1.0 0.0007064174578981374 0.12774458208408304 2833.5269984806023 -782.381612253812 -1859.34093841224 1989.8757596065911
245.56091498085743 42.6939638597252 39633127705936100 8 352-353-355-357-358-359-360-361 0.683794456298023 1.0 13 0.7911503482438961 1.0 [-1,-1] 1.0 1.0 1.0 0.0008053318504768218 0.11384060807160488 2530.742784615063 -769.5546302663452 -1693.4022351373978 1716.0517425032667
244.5042020259678 44.01024485735223 39633149696673185 8 352-353-355-357-358-359-360-361 0.8476212022933248 1.0 13 1.1411266410114487 1.0 [-1,-1] 1.0 1.0 1.0 0.0006366829495309179 0.1397804201853648 2999.3200735098444 -928.5375426925875 -1947.0869215958553 2083.888541865876
245.15963218457512 44.189182710432654 39633154050360042 8 352-353-355-357-358-359-360-361 0.5049050901583692 1.0 13 0.9036194691042395 1.0 [-1,-1] 1.0 1.0 1.0 0.0007365189099627642 0.12316671624379881 1962.8727442609209 -591.2631617648293 -1277.2466153557457 1368.1806778582088
244.16521813796277 44.02914286468845 39633149692479086 9 352-353-355-357-358-359-360-361-362 0.4863360114751943 0.8 13 1.3675550178190958 1.0 [-1,-1] 1.0 1.0 1.0 0.000668512811805897 0.13401699399284683 1900.317451875146 -595.4039152610186 -1229.7464439089522 1320.7665498816903
245.67319246874632 43.85891343610315 39633145342986060 9 352-353-355-357-358-359-360-361-362 0.893849914422134 0.8 13 0.4354291477705047 1.0 [-1,-1] 1.0 1.0 1.0 0.0005723615213970424 0.15308410280969617 3123.377514222692 -927.7340552681269 -2052.14259413268 2164.1412598058546
245.6695606041304 43.0984137893613 39633132139317864 10 352-353-355-357-358-359-360-361-362-433 0.7341364480656072 1.0 13 0.3835205797731443 1.0 [-1,-1] 1.0 1.0 1.0 0.0006073340474539246 0.1455520198534496 2679.715281001203 -806.1482763970031 -1782.8944376952559 1830.9250033053827
244.44146055128542 43.37261591150757 39633136543335624 10 352-353-355-357-358-359-360-361-362-433 0.9878721353059088 1.0 13 1.047859280047255 1.0 [-1,-1] 1.0 1.0 1.0 0.00030269805442075816 0.25472307248715254 3365.3864485848167 -1055.4187340543297 -2206.925713055171 2311.14606660449
245.20260330373404 44.18561549082888 39633154050360613 10 352-353-355-357-358-359-360-361-362-433 0.6769618834243418 1.0 13 0.8831844544686881 1.0 [-1,-1] 1.0 1.0 1.0 0.0008053318504768218 0.11384060807160488 2510.169827440097 -754.9423023802203 -1634.0398197507786 1749.5509567132765
245.22284410989377 42.686527729517756 39633127701741780 10 352-353-355-357-358-359-360-361-362-433 0.5996408913376513 1.0 13 0.9018604666057869 1.0 [-1,-1] 1.0 1.0 1.0 0.0006106036532175123 0.14488555312656437 2271.290652584298 -699.6989329746049 -1515.874218321494 1539.9051873213511
244.52596976307976 43.98286744082013 39633149696673453 10 352-353-355-357-358-359-360-361-362-433 0.7838333540318354 1.0 13 1.1142972677729361 1.0 [-1,-1] 1.0 1.0 1.0 0.0007064174578981374 0.12774458208408304 2822.3787363718175 -873.4663148454309 -1833.3983494518445 1959.9818419009323
245.8128083987323 42.736370701112776 39633127705939235 10 352-353-355-357-358-359-360-361-362-433 0.8360355905872834 1.0 13 0.7153140278526408 1.0 [-1,-1] 1.0 1.0 1.0 0.0006366829495309179 0.1397804201853648 2967.6862328056714 -893.0721143603216 -1988.3642698324284 2013.9491814318594
245.77916084130666 42.72056385474971 39633127705938795 10 352-353-355-357-358-359-360-361-362-433 0.7400606128911905 1.0 13 0.7331443598324089 1.0 [-1,-1] 1.0 1.0 1.0 0.0006073340474539246 0.1455520198534496 2696.948238527795 -812.8664932507536 -1806.951967041705 1829.6727724520888
245.1974922616244 44.179054889775344 39633154050360545 10 352-353-355-357-358-359-360-361-362-433 0.6770362479073171 1.0 13 0.8798016477233559 1.0 [-1,-1] 1.0 1.0 1.0 0.0008053318504768218 0.11384060807160488 2510.3942007186824 -755.2395968413185 -1634.300380353453 1749.5012035267405
247.2220843058835 43.39296145640778 39633140976716611 10 352-353-355-357-358-359-360-361-362-433 0.863796024932481 1.0 13 0.9764353809582562 1.0 [-1,-1] 1.0 1.0 1.0 0.0006576102792991648 0.1359368301360722 3043.11771956516 -856.1309407987834 -2038.8545141182733 2090.616544849387
245.48976919953884 43.10087598478684 39633132139315757 10 352-353-355-357-358-359-360-361-362-433 0.8407770873296257 1.0 13 0.45011921735184135 1.0 [-1,-1] 1.0 1.0 1.0 0.0006366829495309179 0.1397804201853648 2980.659268232366 -902.8645331929373 -1980.2183033397127 2036.6395800730652
246.89763122663624 43.90676361339418 39633149726032902 10 352-353-355-357-358-359-360-361-362-433 0.4417022161601569 1.0 13 0.8661875198615314 0.5 [-1,-1] 1.0 1.0 1.0 0.0006285113834356281 0.1413409039925048 1747.0636089033826 -493.8847963043436 -1157.764063314081 1211.5656957971353
246.90551596192861 43.90836295187083 39633149726032992 10 352-353-355-357-358-359-360-361-362-433 0.4400403312925251 1.0 13 0.8718690261527289 1.0 [-1,-1] 1.0 1.0 1.0 0.0006285113834356281 0.1413409039925048 1741.2777579722974 -492.0771455712142 -1153.9665528598725 1207.5883024012032
244.44971973007065 43.38664123084283 39633140943161415 10 352-353-355-357-358-359-360-361-362-433 0.6714926235261965 1.0 13 1.0408084515784282 1.0 [-1,-1] 1.0 1.0 1.0 0.0008053318504768218 0.11384060807160488 2493.6400397725456 -781.6138172385621 -1634.9934164014169 1712.9264482115423
245.48086010816039 43.1104052776997 39633132139315620 10 352-353-355-357-358-359-360-361-362-433 1.016111903821123 1.0 13 0.44694397161527744 1.0 [-1,-1] 1.0 1.0 1.0 0.00020130102782971312 0.3394727840281335 3435.487190851707 -1040.8282425315056 -2281.8687959220742 2347.8338114636804
245.38897233078862 43.90255508079505 39633149705064131 10 352-353-355-357-358-359-360-361-362-433 0.8808242623638407 1.0 13 0.5752614935800286 1.0 [-1,-1] 1.0 1.0 1.0 0.0005346154933450218 0.1621399955636538 3088.769353487622 -926.8309598929884 -2023.345413328278 2141.8575651036194
247.22310977506902 43.39122609756105 39633140976716619 10 352-353-355-357-358-359-360-361-362-433 0.8639388446852313 1.0 13 0.977295677463765 1.0 [-1,-1] 1.0 1.0 1.0 0.0006576102792991648 0.1359368301360722 3043.5025513032724 -856.2272277223684 -2039.1860602544186 2090.8139386278394
245.42176672280993 42.583755777582994 39633123251586450 10 352-353-355-357-358-359-360-361-362-433 1.0655107327687494 1.0 13 0.9287743903665262 1.0 [-1,-1] 1.0 1.0 1.0 0.00014839258087788972 0.41078905010633954 3555.360758643291 -1088.824260781471 -2380.587447690564 2405.796179465835
245.92735404160098 44.36740800390556 39633154058749345 10 352-353-355-357-358-359-360-361-362-433 1.0575187420178385 1.0 13 0.9180420765636585 1.0 [-1,-1] 1.0 1.0 1.0 0.00014839258087788972 0.41078905010633954 3536.200191024983 -1031.127148712702 -2308.0692506021614 2472.7120593828786
245.8403248610036 43.09208811689636 39633132143510010 10 352-353-355-357-358-359-360-361-362-433 1.0140826564202194 1.0 13 0.35907580832216196 1.0 [-1,-1] 1.0 1.0 1.0 0.00020130102782971312 0.3394727840281335 3430.4885618679705 -1025.3049236253084 -2285.708018236592 2343.6169571979176
245.50481881604213 43.1211635279335 39633132139315922 10 352-353-355-357-358-359-360-361-362-433 0.839173992318739 1.0 13 0.4274603837686874 1.0 [-1,-1] 1.0 1.0 1.0 0.0006366829495309179 0.1397804201853648 2976.2772393876203 -900.719167334564 -1976.8884154428574 2034.414751268962
