EDR/data_rosette/LRG_5_clustering_data.ecsv
# %ECSV 1.0
# ---
# datatype:
# - {name: RA, unit: deg, datatype: float64}
# - {name: DEC, unit: deg, datatype: float64}
# - {name: TARGETID, datatype: int64}
# - {name: NTILE, datatype: int64}
# - {name: TILES, datatype: string}
# - {name: Z, datatype: float64}
# - {name: COMP_TILE, datatype: float64}
# - {name: ROSETTE_NUMBER, datatype: int32}
# - {name: ROSETTE_R, unit: deg, datatype: float64}
# - {name: FRACZ_TILELOCID, datatype: float64}
# - {name: BITWEIGHTS, datatype: string, subtype: 'int64[2]'}
# - {name: PROB_OBS, datatype: float64}
# - {name: WEIGHT_ZFAIL, datatype: float64}
# - {name: WEIGHT, datatype: float64}
# - {name: NZ, unit: h3 / Mpc3, datatype: float64}
# - {name: WEIGHT_FKP, datatype: float64}
# - {name: distance, unit: Mpc, datatype: float64}
# - {name: x, unit: Mpc, datatype: float64}
# - {name: y, unit: Mpc, datatype: float64}
# - {name: z, unit: Mpc, datatype: float64}
# meta: !!omap
# - {EXTNAME: LSS}
# - {DESIDR: edr}
# - comments: ['Visit https://desidatamodel.readthedocs.io/en/latest/ for a more complet', e description]
# schema: astropy-2.0
RA DEC TARGETID NTILE TILES Z COMP_TILE ROSETTE_NUMBER ROSETTE_R FRACZ_TILELOCID BITWEIGHTS PROB_OBS WEIGHT_ZFAIL WEIGHT NZ WEIGHT_FKP distance x y z
[from data line 5324]
209.32375826714724 3.461469597731712 39627872784089837 1 140 0.6022898824521323 0.3333333333333333 5 1.679839876711188 0.3333333333333333 [6067914860593929053,3355485054752072866] 0.4140625 1.0 2.388888888888889 0.0007756247847600315 0.11796159141779075 2279.6620056753636 -1983.9343581151209 -1114.414016228101 137.6398316059639
210.16657125936726 3.29929297972169 39627866765265236 1 140 0.5845573987156377 0.3333333333333333 5 1.7088016299948048 1.0 [-1,-1] 1.0 1.0 1.0 0.0006621615122706149 0.13543705131792066 2223.3656705596522 -1919.0650374045404 -1115.4240950572962 127.95849092691897
210.55566421737473 5.264290785242812 39627914991375367 6 140-141-142-143-144-145 0.9086919809617172 1.0 5 0.613303424700583 1.0 [-1,-1] 1.0 1.0 1.0 0.0005275616701708153 0.16431404058018498 3162.4848728808342 -2711.8417265840426 -1600.9476508308965 290.15795776924665
210.59883436988878 5.580073686178748 39627921010201669 8 140-141-142-143-144-145-146-457 0.7221659416586697 1.0 5 0.8318874246403802 1.0 [-1,-1] 1.0 1.0 1.0 0.0006167714992318164 0.14396928707710532 2644.7041472170968 -2265.648000115507 -1339.8382793810847 257.16249918105905
210.6005424839864 5.583546503718587 39627921010201715 8 140-141-142-143-144-145-146-457 0.7236224018816226 1.0 5 0.8355279306940613 1.0 [-1,-1] 1.0 1.0 1.0 0.0006167714992318164 0.14396928707710532 2648.9775964346168 -2269.255499487924 -1342.062961708925 257.73783436934076
210.93780105193312 4.762399226778167 39627902953719838 8 140-141-142-143-144-145-146-457 0.8763854425689537 1.0 5 0.964134784499802 1.0 [-1,-1] 1.0 1.0 1.0 0.0005690156306133545 0.15418916366201427 3076.9139978209905 -2630.0373487322177 -1576.4025053011515 255.45730668863587
210.8039269621155 5.5198656283749274 39627921014394810 7 140-141-142-143-144-145-457 0.9100646135316542 1.0 5 0.9545274398068299 1.0 [-1,-1] 1.0 1.0 1.0 0.0004951280553168204 0.17321314004730964 3166.084158873526 -2706.817961980299 -1613.8388078978944 304.5483933521995
211.44355537924918 5.205607112156894 39627915008149756 6 140-141-142-143-144-457 0.998279771665218 1.0 5 1.4524593664637833 1.0 [-1,-1] 1.0 1.0 1.0 0.0002622817504223413 0.28340640119267335 3391.3571794324403 -2881.418036670361 -1761.8330156488853 307.69797108241613
209.2439807280571 4.261538815778324 39627890874126177 7 140-141-142-143-145-146-457 0.4880827205266156 1.0 5 1.0550623309801448 1.0 [-1,-1] 1.0 1.0 1.0 0.00048380039118235755 0.17655271186088778 1906.2316567256707 -1658.678789337994 -928.6758622471731 141.65078814751226
209.81756125179265 4.91175126055685 39627908955771582 7 140-141-142-144-145-146-457 0.6269310677143237 1.0 5 0.20204784821711 1.0 [-1,-1] 1.0 1.0 1.0 0.0007214233604467519 0.12571007283523317 2356.889643081186 -2037.3590497035464 -1167.6359445124965 201.79988438260636
208.71901292460964 4.674186506721066 39627902915971413 7 140-141-142-144-145-146-457 0.793113045542818 1.0 5 1.317349522060499 1.0 [-1,-1] 1.0 1.0 1.0 0.0007229154976227362 0.12548315978664992 2848.545114817012 -2489.828049738015 -1364.2151054644628 232.12647394952404
211.18528910479608 4.192810490645183 39627890907679640 6 140-141-142-144-146-457 0.8531513146779991 1.0 5 1.4308805685697505 1.0 [-1,-1] 1.0 1.0 1.0 0.0006812235016579503 0.1321480675826358 3014.342213255933 -2571.859791478669 -1556.6712646080416 220.38776176451628
210.6401889197198 4.989688854951511 39627908972545161 4 140-141-142-457 0.9745703198174736 1.0 5 0.6378411484795742 1.0 [-1,-1] 1.0 1.0 1.0 0.0003578035202613049 0.22475091060875194 3331.9611473315585 -2855.904586985451 -1691.6822294430049 289.80219452108963
210.49895899273645 5.1251317830323435 39627914991374087 6 140-141-143-144-145-146 0.44789307297459774 1.0 5 0.512522482602407 1.0 [-1,-1] 1.0 1.0 1.0 0.0005288673958748294 0.16397488484989944 1768.5664821116839 -1517.7723163599478 -893.9990746999636 157.98813808594628
210.09201728371445 3.442619319660381 39627872796673002 5 140-141-143-144-146 0.9089721984786222 0.6666666666666666 5 1.5600818437737767 1.0 [-1,-1] 1.0 1.0 1.0 0.0005275616701708153 0.16431404058018498 3163.219892189205 -2731.9462977480302 -1583.145389108352 189.94785997026375
211.2552729700565 5.417167646931216 39627921022782131 6 140-141-143-144-146-457 0.7189483139548769 1.0 5 1.3178564162953268 1.0 [-1,-1] 1.0 1.0 1.0 0.0006167714992318164 0.14396928707710532 2635.2497763727183 -2242.7189477538404 -1361.1976816060671 248.78500125336765
210.9495767494242 3.753438622906086 39627878840667672 4 140-141-143-146 0.8425374965329078 1.0 5 1.565351034386745 1.0 [-1,-1] 1.0 1.0 1.0 0.0006232532477076302 0.14268566385842998 2985.466446804094 -2554.904357468059 -1532.0828172896106 195.43763749522353
210.09097215255684 3.440254486777518 39627872796672984 4 140-141-143-146 0.9072596279019114 1.0 5 1.5623817284790804 0.5 [-1,-1] 1.0 1.0 1.0 0.0005275616701708153 0.16431404058018498 3158.7258471620225 -2728.100579123229 -1580.8503461310686 189.54785900721185
211.0548359824005 3.7933676629453643 39627878844858629 4 140-141-144-146 0.5974841912269819 1.0 5 1.600643491757168 1.0 [-1,-1] 1.0 1.0 1.0 0.0007756247847600315 0.11796159141779075 2264.4650642586753 -1935.6582219384825 -1165.5836416770956 149.81338172793176
211.58114045033423 4.792135476561162 39627902962111842 3 140-141-146 0.76956754362404 1.0 5 1.5890241919619763 1.0 [-1,-1] 1.0 1.0 1.0 0.0006416626200019751 0.139161677870846 2781.865085947035 -2361.5848300787543 -1451.7853503586857 232.39996393483332
210.31415248557423 5.256397451883994 39627914987180750 6 140-142-143-145-146-457 0.7525965041587799 1.0 5 0.4045278253608876 1.0 [-1,-1] 1.0 1.0 1.0 0.0006416626200019751 0.139161677870846 2733.2105470597926 -2349.578735549068 -1373.7616089206467 250.3970883822147
211.37296367797936 5.275003771278398 39627915008148308 5 140-142-143-146-457 0.7111352425362613 1.0 5 1.3948250020404493 1.0 [-1,-1] 1.0 1.0 1.0 0.0006167714992318164 0.14396928707710532 2612.215473456735 -2220.8550233903225 -1354.1776876564957 240.15710504182562
208.42603773660127 4.908587745707697 39627908934797110 3 140-142-146 0.6946822657379305 1.0 5 1.5707434632098451 1.0 [-1,-1] 1.0 1.0 1.0 0.0005843703162771602 0.15074849413407446 2563.3498119009396 -2246.025058190885 -1215.7406401283167 219.33625348218996
208.98647750921916 3.6381333438287036 39627878807113915 2 140-143 0.8358157186365854 1.0 5 1.6958872182825988 1.0 [-1,-1] 1.0 1.0 1.0 0.0006232532477076302 0.14268566385842998 2967.0837507162964 -2590.178860858113 -1434.9605475032274 188.27554179365094
209.69215204427442 3.391052760695791 39627872788286243 2 140-143 0.5866409546509245 1.0 5 1.637976811478496 1.0 [-1,-1] 1.0 1.0 1.0 0.0006621615122706149 0.13543705131792066 2230.0119921632295 -1933.8181083488596 -1102.6793446518886 131.9062996673587
210.6140039421879 3.4878145012370405 39627872805061958 2 140-143 0.5391990508556088 1.0 5 1.631446930524951 1.0 [-1,-1] 1.0 1.0 1.0 0.0007045118177349687 0.128340413101622 2076.571467661972 -1783.823717606766 -1055.5389734228067 126.33083707828328
210.63796974983075 3.5376880236465666 39627872805062444 2 140-143 0.5032090151094809 1.0 5 1.5947050592030747 1.0 [-1,-1] 1.0 1.0 1.0 0.0005337442823398631 0.16272042362546515 1957.1880896780754 -1680.7644992238302 -995.5053484640931 120.76844664880883
208.9505276796474 3.6475674933492015 39627878807113107 2 140-143 0.9307808301095991 1.0 5 1.7100156638741142 1.0 [5182886638384052066,-149696857309218] 0.8046875 1.0 1.2403846153846154 0.0004445766401596716 0.18918261239264766 3220.0499677344683 -2811.9581864793176 -1555.5213703008685 204.8565808950442
208.62114850018702 4.040291234653568 39627884834326635 2 140-143 0.9253104650789115 1.0 5 1.6764302366477675 1.0 [-1,-1] 1.0 1.0 1.0 0.0004951280553168204 0.17321314004730964 3205.8642274091017 -2807.13376497252 -1531.8434341369916 225.8786475609162
208.63481500616226 4.064933252902759 39627884834327019 2 140-143 1.0855431040312034 1.0 5 1.6511810485557674 1.0 [-1,-1] 1.0 1.0 1.0 0.0001075182622224553 0.4910338705006151 3602.9992239781272 -3154.368104586484 -1722.3046198526554 255.40568746341555
208.9622442154993 3.7632783622086827 39627878807113386 3 140-143-145 0.7175487611221232 1.0 5 1.6124791617787777 1.0 [-1,-1] 1.0 1.0 1.0 0.0006167714992318164 0.14396928707710532 2631.131689503683 -2297.1158153276374 -1271.3339957079716 172.69270349193124
208.9800460271901 3.7503186338623293 39627878807113803 3 140-143-145 1.0200245763471556 1.0 5 1.611183883565879 0.5 [-85709711454355561,-579140022599552311] 0.6953125 1.0 1.4333333333333333 0.00020304675497218746 0.33812883710054276 3445.10848729162 -3007.2875215147537 -1665.5978324480468 225.33999355367413
208.98294517442 3.7338262636626776 39627878807113850 4 140-143-145-146 0.9889756060015095 1.0 5 1.6222072821512246 1.0 [4121788544456444650,-5148864594045149321] 0.5859375 1.0 1.6973684210526316 0.0003578035202613049 0.22475091060875194 3368.1475414608803 -2940.080094019455 -1628.5691460512191 219.33863847832933
208.93027830951812 3.7683369367122324 39627878807112664 4 140-143-145-146 0.8260962175219823 1.0 5 1.6292841218852978 1.0 [-1,-1] 1.0 1.0 1.0 0.0006627118749498285 0.13533979738261318 2940.371011685456 -2567.875277076019 -1419.314367575507 193.24847667096788
209.30895422283538 3.5106770653495407 39627872784089505 3 140-143-146 0.7515329988009477 1.0 5 1.6410272900222516 1.0 [-1,-1] 1.0 1.0 1.0 0.0006416626200019751 0.139161677870846 2730.1448639612927 -2376.199064040964 -1333.9490666177808 167.1791671669156
209.91179431505907 3.340911625929636 39627866761070578 3 140-143-146 0.7358734273329227 1.0 5 1.6614189051885142 1.0 [-2251834174607361,-576462951326679045] 0.9375 1.0 1.0661157024793388 0.0007126833197713517 0.12705585074725267 2684.774450475125 -2323.1916179292866 -1336.5308620855426 156.46025373873505
209.12940264384503 3.578910600792636 39627872779896555 3 140-143-146 0.9687308991120454 1.0 5 1.665279347682466 1.0 [-1,-1] 1.0 1.0 1.0 0.00041974738576830407 0.19815580287489248 3317.204587990902 -2892.001875107512 -1611.6120136229413 207.0703998854785
209.91775459046733 3.3381192769997363 39627866761070694 3 140-143-146 0.733182074719416 1.0 5 1.6639037275775643 1.0 [-4755819623325696013,-20829148880636290] 0.84375 1.0 1.18348623853211 0.0007126833197713517 0.12705585074725267 2676.933276596007 -2316.2744318074956 -1332.8721299992562 155.87305403162043
209.803740741055 3.355192345685888 39627866761068777 3 140-143-146 0.5804598989847878 1.0 5 1.6564126402294463 1.0 [-1,-1] 1.0 1.0 1.0 0.0006621615122706149 0.13543705131792066 2210.270484808116 -1914.637140064892 -1096.6890385746005 129.35760730762382
209.92488531820348 3.34360179115036 39627866761070821 3 140-143-146 0.5290225749808521 1.0 5 1.6580913681010898 1.0 [-4899916394667180034,-598172996995115] 0.8828125 1.0 1.131578947368421 0.0006865842838717192 0.13125169390769817 2043.0782820775187 -1767.68119307837 -1017.483644670081 119.15997298901915
209.76387852900407 3.344835483533455 39627866756878177 3 140-143-146 0.9856720079879261 1.0 5 1.6718324865836949 1.0 [-1,-1] 1.0 1.0 1.0 0.0003578035202613049 0.22475091060875194 3359.875955488412 -2911.6677997623037 -1665.0910532353203 196.03276392533581
209.75686010413943 3.3717767932105303 39627866756878044 3 140-143-146 0.7358662891471894 1.0 5 1.646180071670676 1.0 [-1,-1] 1.0 1.0 1.0 0.0007126833197713517 0.12705585074725267 2684.7536705346092 -2326.7057316129044 -1330.1914916498704 157.9028355382139
208.6840959413451 4.070101608397318 39627884834328176 3 140-143-146 0.8051786088303451 1.0 5 1.6079333763924695 1.0 [-1,-1] 1.0 1.0 1.0 0.0007229154976227362 0.12548315978664992 2882.3481854585666 -2522.2474695462342 -1379.9803181969894 204.58026779932686
208.68070396888763 4.025255975497324 39627884834328111 3 140-143-146 0.9506160601737649 1.0 5 1.6370248573008925 1.0 [-1,-1] 1.0 1.0 1.0 0.00041974738576830407 0.19815580287489248 3271.101889968197 -2862.684225500834 -1566.0209961557537 229.61889996588746
210.56977097028644 5.241874664866669 39627914991375669 4 140-144-145-146 0.9961145706404442 1.0 5 0.6168917165866878 1.0 [-1,-1] 1.0 1.0 1.0 0.0002622817504223413 0.28340640119267335 3385.9673265704346 -2903.1610203486603 -1714.8578756299867 309.3433253207038
210.89106560347528 3.613065070198974 39627872809256736 3 140-144-146 0.5298840343065732 1.0 5 1.647139902572776 1.0 [-1,-1] 1.0 1.0 1.0 0.0006865842838717192 0.13125169390769817 2045.9215593361591 -1752.2076524132822 -1048.3035837530942 128.93008210365463
210.87581455980683 3.6118378879481914 39627872809256439 3 140-144-146 0.5299224052694818 1.0 5 1.6400253324788798 1.0 [-1,-1] 1.0 1.0 1.0 0.0006865842838717192 0.13125169390769817 2046.0481695445214 -1752.5974498445828 -1047.9034038999205 128.89432489334826
210.0195187501343 5.094925819244698 39627908959964552 4 140-145-146-457 0.7276559955889406 1.0 5 0.09689656151563347 1.0 [-1,-1] 1.0 1.0 1.0 0.0006167714992318164 0.14396928707710532 2660.7929772786115 -2294.7582508775236 -1325.9218285060697 236.29460987467823
208.51814621445655 4.963307592169232 39627908934798846 3 140-145-457 0.6367888683639245 1.0 5 1.4767117528085862 1.0 [-1,-1] 1.0 1.0 1.0 0.000833303205902425 0.11070054926254569 2387.461761994564 -2089.9153175895317 -1135.588609022924 206.55784020030458
209.96326100068094 3.2821141185777996 39627866761071506 2 140-146 1.0563883977132391 0.75 5 1.7182766119178363 0.5 [-1,-1] 1.0 1.0 1.0 0.0001568149373683449 0.39812733398474315 3533.4830323634806 -3056.197103200761 -1761.8842748094924 202.30029304705434
209.97663102933515 3.313981100190982 39627866761071732 2 140-146 1.0661585209554445 0.75 5 1.68617998144461 1.0 [-1,-1] 1.0 1.0 1.0 0.0001568149373683449 0.39812733398474315 3556.909919016523 -3075.9470646348095 -1774.2264959939287 205.61655691050726
210.05663103330693 3.290186193385653 39627866765263140 2 140-146 0.8373988261629811 0.75 5 1.7107464249763678 1.0 [-1,-1] 1.0 1.0 1.0 0.0006232532477076302 0.14268566385842998 2971.4199235234432 -2567.6161218852303 -1485.7995611243346 170.53878359437812
210.36125728670694 3.336051310288361 39627866769458649 2 140-146 0.9623246668442729 0.75 5 1.7025079675470567 1.0 [-1,-1] 1.0 1.0 1.0 0.00041974738576830407 0.19815580287489248 3300.9570014169944 -2843.4227390202136 -1665.6427350981235 192.08990457986675
208.70892264961884 4.020292715253597 39627884834328679 2 140-146 0.8067668568708781 0.75 5 1.6175160822212182 1.0 [-3200429069372095596,5894945629560627147] 0.5546875 1.0 1.7916666666666667 0.0007229154976227362 0.12548315978664992 2886.77952422099 -2525.681345234174 -1383.2814074395399 202.39148111949336
208.72947341143663 4.01291008499649 39627884834329172 2 140-146 0.840626548160304 0.75 5 1.605795143962931 1.0 [9185856697899810303,-55178166741763457] 0.8359375 1.0 1.1944444444444444 0.0006232532477076302 0.14268566385842998 2980.2479521240834 -2606.9693026578393 -1429.0175036356222 208.56146682095212
210.35485821811255 3.3517997347318818 39627866769458530 2 140-146 0.9365545365681393 0.75 5 1.6857674720015436 1.0 [-1,-1] 1.0 1.0 1.0 0.0004445766401596716 0.18918261239264766 3234.9723942674823 -2786.721566928419 -1632.0098660999524 189.13777264501337
210.7508479558653 3.5117046410601778 39627872805064698 2 140-146 0.4660419168354643 0.75 5 1.6660308638664578 1.0 [-1,-1] 1.0 1.0 1.0 0.0005635091211985168 0.1554616369400361 1831.1453354338664 -1570.729288471307 -934.5172015453585 112.16212299818615
209.51549347554908 3.5353120607953703 39627872784093406 2 140-146 1.017689574783654 0.75 5 1.542317878898197 1.0 [-1,-1] 1.0 1.0 1.0 0.00020304675497218746 0.33812883710054276 3439.3693507759467 -2987.3208595178835 -1691.2113714814188 212.08420572552808
211.5982739951535 5.632978904222538 39627927041610199 1 141 1.0397546406182594 0.35714285714285715 5 1.7126538248395455 0.5 [-7518400156370754263,3425505724999033198] 0.4921875 1.0 2.015625 0.00017111768859933566 0.3774092623312036 3493.2908333804376 -2961.017097157666 -1821.5069157669977 342.88650124025196
