EDR/data_rosette/LRG_0_clustering_data.ecsv
# %ECSV 1.0
# ---
# datatype:
# - {name: RA, unit: deg, datatype: float64}
# - {name: DEC, unit: deg, datatype: float64}
# - {name: TARGETID, datatype: int64}
# - {name: NTILE, datatype: int64}
# - {name: TILES, datatype: string}
# - {name: Z, datatype: float64}
# - {name: COMP_TILE, datatype: float64}
# - {name: ROSETTE_NUMBER, datatype: int32}
# - {name: ROSETTE_R, unit: deg, datatype: float64}
# - {name: FRACZ_TILELOCID, datatype: float64}
# - {name: BITWEIGHTS, datatype: string, subtype: 'int64[2]'}
# - {name: PROB_OBS, datatype: float64}
# - {name: WEIGHT_ZFAIL, datatype: float64}
# - {name: WEIGHT, datatype: float64}
# - {name: NZ, unit: h3 / Mpc3, datatype: float64}
# - {name: WEIGHT_FKP, datatype: float64}
# - {name: distance, unit: Mpc, datatype: float64}
# - {name: x, unit: Mpc, datatype: float64}
# - {name: y, unit: Mpc, datatype: float64}
# - {name: z, unit: Mpc, datatype: float64}
# meta: !!omap
# - {EXTNAME: LSS}
# - {DESIDR: edr}
# - comments: ['Visit https://desidatamodel.readthedocs.io/en/latest/ for a more complet', e description]
# schema: astropy-2.0
RA DEC TARGETID NTILE TILES Z COMP_TILE ROSETTE_NUMBER ROSETTE_R FRACZ_TILELOCID BITWEIGHTS PROB_OBS WEIGHT_ZFAIL WEIGHT NZ WEIGHT_FKP distance x y z
[from data line 760]
149.23534246082372 2.4456711959215798 39627847626658673 10 1-2-3-4-5-6-8-9-10-11 0.843810534617698 1.0 0 0.9032913055658528 1.0 [-1,-1] 1.0 1.0 1.0 0.0006232532477076302 0.14268566385842998 2988.9395832667537 -2565.983403246721 1527.488620592088 127.54419094137995
151.10307141305546 1.827322914746356 39627829540816925 10 1-2-3-4-5-6-8-9-10-11 0.8221838497630265 1.0 0 1.0633502044472718 1.0 [-1,-1] 1.0 1.0 1.0 0.0006627118749498285 0.13533979738261318 2929.5741682118487 -2563.509865381579 1414.954181868014 93.41648869275484
150.55331542552796 1.6359667112438723 39627829532427360 11 1-2-3-4-5-6-8-9-10-11-442 0.5065266821078344 1.0 0 0.7095192976022368 1.0 [-1,-1] 1.0 1.0 1.0 0.0005337442823398631 0.16272042362546515 1968.3023113657553 -1713.3256390177457 967.2494794274284 56.193310630154166
150.42334523353776 1.2598962112331848 39627817448639576 11 1-2-3-4-5-6-8-9-10-11-442 0.4581385538772985 1.0 0 0.977103362220976 1.0 [-1,-1] 1.0 1.0 1.0 0.0005635091211985168 0.1554616369400361 1803.9775909289203 -1568.5330079805804 890.2056129345693 39.66507467396468
150.69860202476676 3.1045521440095323 39627859731419089 11 1-2-3-4-5-6-8-9-10-11-442 0.9125801617867626 1.0 0 1.0993893613637993 1.0 [-1,-1] 1.0 1.0 1.0 0.0004951280553168204 0.17321314004730964 3172.6727334678894 -2762.691950693444 1550.4390537423626 171.826074548513
149.29293873884674 2.0886297408098042 39627835551253465 11 1-2-3-4-5-6-8-9-10-11-442 0.8968235141607568 1.0 0 0.8118875974712766 1.0 [-1,-1] 1.0 1.0 1.0 0.0005275616701708153 0.16431404058018498 3131.240433240264 -2690.4185812723454 1597.902154861241 114.11928755902197
150.31127999531836 1.2687088404112405 39627817448637436 11 1-2-3-4-5-6-8-9-10-11-442 0.7960464886761097 1.0 0 0.9373892281548054 1.0 [-1,-1] 1.0 1.0 1.0 0.0007229154976227362 0.12548315978664992 2856.7861848197012 -2481.1647146954715 1414.5840427500816 63.25306572555758
150.60705847900923 1.9351266922099342 39627835572226681 11 1-2-3-4-5-6-8-9-10-11-442 0.8451961235305495 1.0 0 0.5636688559160964 1.0 [-1,-1] 1.0 1.0 1.0 0.0006232532477076302 0.14268566385842998 2992.7167634242805 -2605.9901051469756 1467.9770161920628 101.0577947938984
149.4174781238934 2.6330133577729833 39627853670648771 11 1-2-3-4-5-6-8-9-10-11-442 0.9120243293405587 1.0 0 0.8175724709507738 1.0 [-1,-1] 1.0 1.0 1.0 0.0004951280553168204 0.17321314004730964 3171.217780168494 -2727.2104797261995 1611.7450744702448 145.6812391809101
150.6095529054731 1.9301049512394077 39627835572226727 11 1-2-3-4-5-6-8-9-10-11-442 0.8423678554262826 1.0 0 0.5681202784583936 1.0 [-1,-1] 1.0 1.0 1.0 0.0006232532477076302 0.14268566385842998 2985.003426604642 -2599.3449358634307 1464.084663775832 100.53585698147911
149.4356739309348 2.6432503659758972 39627853670649058 11 1-2-3-4-5-6-8-9-10-11-442 0.735923366011058 1.0 0 0.8082676320386598 1.0 [-1,-1] 1.0 1.0 1.0 0.0007126833197713517 0.12705585074725267 2684.9198242179455 -2309.4141152256148 1363.8435996071303 123.82060687090784
150.25488619297118 1.2876638948474524 39627817448636516 11 1-2-3-4-5-6-8-9-10-11-442 0.883344603103862 1.0 0 0.907636671225239 1.0 [-1,-1] 1.0 1.0 1.0 0.0005690156306133545 0.15418916366201427 3095.4867607762903 -2686.9502145991987 1535.4145869163904 69.5620348392751
150.60702185801853 1.647204948799281 39627829532428367 11 1-2-3-4-5-6-8-9-10-11-442 0.7373603182416919 1.0 0 0.7367415357883571 1.0 [-1,-1] 1.0 1.0 1.0 0.0007126833197713517 0.12705585074725267 2689.100969023941 -2341.975498377903 1319.2572512112085 77.29871751664844
150.32700079879285 1.2331187005514217 39627817448637741 11 1-2-3-4-5-6-8-9-10-11-442 0.9277457504155336 1.0 0 0.9756321790645185 1.0 [-1,-1] 1.0 1.0 1.0 0.0004951280553168204 0.17321314004730964 3212.185102818332 -2790.3085477130576 1589.8216146712628 69.12725114978625
150.80056084079686 1.3616614800932783 39627817457026241 11 1-2-3-4-5-6-8-9-10-11-442 0.9850870797760499 1.0 0 1.078546790341646 1.0 [-1,-1] 1.0 1.0 1.0 0.0003578035202613049 0.22475091060875194 3358.4097279234174 -2930.81817897855 1637.9412669838437 79.80669327104415
149.887445795798 2.5131277303113886 39627847639239539 11 1-2-3-4-5-6-8-9-10-11-442 0.7354184450944472 1.0 0 0.3933814107571689 1.0 [-1,-1] 1.0 1.0 1.0 0.0007126833197713517 0.12705585074725267 2683.4497735940768 -2319.0628321592826 1344.992672806432 117.66468457645968
150.42389078072569 1.6963290984869988 39627829528235744 11 1-2-3-4-5-6-8-9-10-11-442 0.7024711073644077 1.0 0 0.5836614708002481 1.0 [-1,-1] 1.0 1.0 1.0 0.0005843703162771602 0.15074849413407446 2586.543789986224 -2248.533408091844 1276.104903357296 76.56739409593513
150.39760752523375 1.3699432303481243 39627817448639113 11 1-2-3-4-5-6-8-9-10-11-442 0.9681481202901917 1.0 0 0.8648236124876947 1.0 [-1,-1] 1.0 1.0 1.0 0.00041974738576830407 0.19815580287489248 3315.7290770817835 -2882.117195955952 1637.4296307483205 79.27159471106789
148.95325970784367 1.999406560753057 39627835542868316 11 1-2-3-4-5-6-8-9-10-11-442 0.5463157335632657 1.0 0 1.1604319587177354 1.0 [-1,-1] 1.0 1.0 1.0 0.0007045118177349687 0.128340413101622 2099.8716331685973 -1797.9631445261252 1082.322493317188 73.26272702777068
150.41623674716473 1.2269140162162433 39627817448639450 11 1-2-3-4-5-6-8-9-10-11-442 0.6980882127795287 1.0 0 1.0060338568186296 1.0 [-1,-1] 1.0 1.0 1.0 0.0005843703162771602 0.15074849413407446 2573.5057252696383 -2237.4972214136505 1270.2367680495104 55.10404029591468
150.42680910672047 1.6872596931693942 39627829528235816 11 1-2-3-4-5-6-8-9-10-11-442 0.972492419891664 1.0 0 0.5928319953173593 1.0 [-1,-1] 1.0 1.0 1.0 0.0003578035202613049 0.22475091060875194 3326.7160017077163 -2892.0767899820166 1641.138826879562 97.95176248473324
151.11504867358923 2.1295414577243315 39627841620412823 11 1-2-3-4-5-6-8-9-10-11-442 0.6747474640469971 1.0 0 1.0156858249666947 1.0 [-1,-1] 1.0 1.0 1.0 0.0007209928471550773 0.12577569469930108 2503.4838011888464 -2190.5150762391772 1208.4787342307945 93.02683750274932
150.44003041199582 1.7414360795605404 39627829528236146 11 1-2-3-4-5-6-8-9-10-11-442 0.9717284146410003 1.0 0 0.5564002083807255 1.0 [-1,-1] 1.0 1.0 1.0 0.0003578035202613049 0.22475091060875194 3324.7858407866906 -2890.6954024395172 1639.4732209636402 101.03729585557879
150.4127969476757 1.6776836969841062 39627829528235483 11 1-2-3-4-5-6-8-9-10-11-442 0.9721078766980644 1.0 0 0.5933508847888977 1.0 [-1,-1] 1.0 1.0 1.0 0.0003578035202613049 0.22475091060875194 3325.744611648042 -2890.8451814536315 1641.374703423146 97.36755997190589
150.6581310391894 3.1019836824535276 39627859731418327 11 1-2-3-4-5-6-8-9-10-11-442 0.6604716456379006 1.0 0 1.0757377105629615 1.0 [-1,-1] 1.0 1.0 1.0 0.000700708733790897 0.12894715825466588 2460.163547759613 -2141.4104624403053 1203.76198171029 133.12777495803644
150.16999593478403 1.141656025782759 39627817444445818 11 1-2-3-4-5-6-8-9-10-11-442 0.8807178610151827 1.0 0 1.042693991654636 1.0 [-1,-1] 1.0 1.0 1.0 0.0005690156306133545 0.15418916366201427 3088.4855414075837 -2678.7450481273213 1535.9951899723562 61.53603008672907
150.44544679986797 1.7375718250815522 39627829528236274 11 1-2-3-4-5-6-8-9-10-11-442 0.9717887001353521 1.0 0 0.5627696978001129 1.0 [-1,-1] 1.0 1.0 1.0 0.0003578035202613049 0.22475091060875194 3324.938175968386 -2890.988749679416 1639.2784077663634 100.81778151696611
150.6705261992162 3.113680643773088 39627859731418549 11 1-2-3-4-5-6-8-9-10-11-442 0.9068982006254724 1.0 0 1.0921662348100418 1.0 [-1,-1] 1.0 1.0 1.0 0.0005275616701708153 0.16431404058018498 3157.7768205204206 -2748.9406333710203 1544.4934922665889 171.52170347786466
150.82011373347663 1.6598970952107244 39627829536622079 11 1-2-3-4-5-6-8-9-10-11-442 0.9072080279806166 1.0 0 0.8891394459097929 1.0 [-1,-1] 1.0 1.0 1.0 0.0005275616701708153 0.16431404058018498 3158.5903699048195 -2756.586842538394 1539.3346001610373 91.49367817904611
151.52476687837114 1.7546568506064697 39627829549203899 11 1-2-3-4-5-6-8-9-10-11-442 0.763575366360937 1.0 0 1.4866669039736575 1.0 [-1,-1] 1.0 1.0 1.0 0.0006416626200019751 0.139161677870846 2764.743153902223 -2429.1340780445175 1317.5529369639346 84.65575130925062
150.45599339613685 1.6812484393904907 39627829528236511 11 1-2-3-4-5-6-8-9-10-11-442 0.9198676125212263 1.0 0 0.6142789503705088 1.0 [-1,-1] 1.0 1.0 1.0 0.0004951280553168204 0.17321314004730964 3191.703951050893 -2775.514426974241 1573.1258687095544 93.64175355333616
150.86244236952288 2.3870442023136884 39627847656016245 11 1-2-3-4-5-6-8-9-10-11-442 0.880541439601777 1.0 0 0.7889468671237847 1.0 [-1,-1] 1.0 1.0 1.0 0.0005690156306133545 0.15418916366201427 3088.0149198677555 -2694.8961745341426 1502.2745884201915 128.6149866619338
150.49168560257547 1.7725880123281696 39627829528237300 11 1-2-3-4-5-6-8-9-10-11-442 0.8318148868539419 1.0 0 0.566438425713816 1.0 [-1,-1] 1.0 1.0 1.0 0.0006232532477076302 0.14268566385842998 2956.1069337591493 -2571.422162951101 1455.3332941835454 91.43996141552242
150.65289734855008 3.1123387643190004 39627859731418230 11 1-2-3-4-5-6-8-9-10-11-442 0.6766395616748447 1.0 0 1.081927385835334 1.0 [-1,-1] 1.0 1.0 1.0 0.0007209928471550773 0.12577569469930108 2509.197197512475 -2183.9574429471704 1227.9416794079937 136.2339729024729
150.80557169822583 1.6286981103069988 39627829536621780 11 1-2-3-4-5-6-8-9-10-11-442 0.7681916846004387 1.0 0 0.8963370931242738 1.0 [-1,-1] 1.0 1.0 1.0 0.0006416626200019751 0.139161677870846 2777.9392293061724 -2424.0765489924916 1354.4612509952271 78.95546779842765
151.19932729909993 2.2768008466401857 39627841620414830 11 1-2-3-4-5-6-8-9-10-11-442 0.749095473957925 1.0 0 1.1025781516657942 1.0 [-1,-1] 1.0 1.0 1.0 0.0007126833197713517 0.12705585074725267 2723.110936848236 -2384.3810951714972 1310.8610553847104 108.18161048409597
150.18577541371616 1.1458115480422812 39627817444446146 11 1-2-3-4-5-6-8-9-10-11-442 0.8648965253136266 1.0 0 1.0397295444010137 1.0 [-1,-1] 1.0 1.0 1.0 0.0006812235016579503 0.1321480675826358 3046.082196466703 -2642.3805178444945 1514.1768946939565 60.912052356186564
150.20995748867878 3.2296345878009305 39627865762824249 11 1-2-3-4-5-6-8-9-10-11-442 0.5350418968445041 1.0 0 1.053376283905087 1.0 [-1,-1] 1.0 1.0 1.0 0.0007045118177349687 0.128340413101622 2062.914251531818 -1787.4604319794184 1023.2757494220792 116.22028190343637
149.66229488834432 1.3142500565978448 39627817436057370 11 1-2-3-4-5-6-8-9-10-11-442 0.5195950168143864 1.0 0 0.9717992430465029 1.0 [-1,-1] 1.0 1.0 1.0 0.0006865842838717192 0.13125169390769817 2011.8651276723635 -1735.910270762818 1015.9170960915529 46.14409684024356
149.55305510966988 1.3607422971482308 39627817436054799 11 1-2-3-4-5-6-8-9-10-11-442 0.7844924940722762 1.0 0 0.9865708053903797 1.0 [-1,-1] 1.0 1.0 1.0 0.0007324854237337303 0.12404708914385561 2824.2421939928176 -2434.089088485504 1430.7537117199886 67.06784657828167
149.2935651449065 1.6800860589910245 39627829511455724 11 1-2-3-4-5-6-8-9-10-11-442 0.7039879707348421 1.0 0 0.9494799436385841 1.0 [-1,-1] 1.0 1.0 1.0 0.0005843703162771602 0.15074849413407446 2591.0480047951396 -2226.8122366283415 1322.522633786628 75.96649970374001
150.61379349355545 1.5820137863273223 39627823492630962 11 1-2-3-4-5-6-8-9-10-11-442 0.8943921972591604 1.0 0 0.7897341774737247 1.0 [-1,-1] 1.0 1.0 1.0 0.0005275616701708153 0.16431404058018498 3124.812483117202 -2721.711179547665 1532.7422852773514 86.269326490444
149.41729089906315 2.619645039247594 39627847630851819 11 1-2-3-4-5-6-8-9-10-11-442 0.9094850740349328 1.0 0 0.8104349008353335 1.0 [-1,-1] 1.0 1.0 1.0 0.0005275616701708153 0.16431404058018498 3164.5648627986766 -2721.5129191867886 1608.3898911873366 144.63802918250448
150.6188617466566 1.5701197381202179 39627823492631074 11 1-2-3-4-5-6-8-9-10-11-442 0.7792709004946428 1.0 0 0.8020747268395028 1.0 [-1,-1] 1.0 1.0 1.0 0.0007324854237337303 0.12404708914385561 2809.4598059957166 -2447.1749155595035 1377.851005981258 76.98012391690655
150.35025604402298 2.826848450636928 39627853687425402 11 1-2-3-4-5-6-8-9-10-11-442 0.8255941959163337 1.0 0 0.6916193800144987 1.0 [-1,-1] 1.0 1.0 1.0 0.0006627118749498285 0.13533979738261318 2938.987021012369 -2551.064920961477 1452.137599582619 144.94437069925152
149.42568634226163 1.4967580536703569 39627823471661465 11 1-2-3-4-5-6-8-9-10-11-442 1.0510790312392355 1.0 0 0.9611355462462876 1.0 [-1,-1] 1.0 1.0 1.0 0.0001568149373683449 0.39812733398474315 3520.6962713418698 -3030.180158444497 1790.2104467374727 91.96194213829112
149.41981329209986 1.4262282575207503 39627823471661332 11 1-2-3-4-5-6-8-9-10-11-442 0.8742845802394008 1.0 0 1.0165528014091538 1.0 [-1,-1] 1.0 1.0 1.0 0.0005690156306133545 0.15418916366201427 3071.291944645072 -2643.311386242165 1562.0164722732306 76.44386797723848
149.3809462509236 2.6158378964783298 39627847630850906 11 1-2-3-4-5-6-8-9-10-11-442 0.8385965323187653 1.0 0 0.8392528085946062 1.0 [-1,-1] 1.0 1.0 1.0 0.0006232532477076302 0.14268566385842998 2974.6977281011696 -2557.276166522805 1513.516996115597 135.76260226551815
151.01081774153872 1.9006999434522922 39627835580612847 11 1-2-3-4-5-6-8-9-10-11-442 0.7445399349079537 1.0 0 0.9527142142459026 1.0 [-1,-1] 1.0 1.0 1.0 0.0007126833197713517 0.12705585074725267 2709.93716673359 -2369.108286593169 1312.6334915995074 89.88153743089552
149.4097570960441 1.443354912006913 39627823471661122 11 1-2-3-4-5-6-8-9-10-11-442 1.0260367235384333 1.0 0 1.0107168269745668 1.0 [-1,-1] 1.0 1.0 1.0 0.00020304675497218746 0.33812883710054276 3459.849529381569 -2977.392797194998 1760.1408952089275 87.14887369512404
150.47637104896157 0.9556466039016744 39627811408843244 11 1-2-3-4-5-6-8-9-10-11-442 0.8754362366047049 1.0 0 1.2827650704631082 1.0 [-1,-1] 1.0 1.0 1.0 0.0005690156306133545 0.15418916366201427 3074.374732971123 -2674.802896545505 1514.787202516193 51.275671192179026
150.8646656066226 1.4634535311690626 39627823496825313 11 1-2-3-4-5-6-8-9-10-11-442 1.0084205243825173 1.0 0 1.0490106176309364 1.0 [-1,-1] 1.0 1.0 1.0 0.0002622817504223413 0.28340640119267335 3416.509591667588 -2983.2525223555267 1662.8676115697072 87.25528183712679
150.21957370781084 3.5788613790464585 39627871794233640 11 1-2-3-4-5-6-8-9-10-11-442 0.963751857454383 1.0 0 1.401956763398848 1.0 [-1,-1] 1.0 1.0 1.0 0.00041974738576830407 0.19815580287489248 3304.581992732345 -2862.5695567045213 1638.1106178633995 206.27962420594807
150.21752762505093 3.238015045590382 39627865762824438 11 1-2-3-4-5-6-8-9-10-11-442 0.6916529481656775 1.0 0 1.0625202342550801 1.0 [-1,-1] 1.0 1.0 1.0 0.0005843703162771602 0.15074849413407446 2554.299236095551 -2213.3815678644737 1266.716542392087 144.27689969761127
150.21241258370185 3.234335425041995 39627865762824301 11 1-2-3-4-5-6-8-9-10-11-442 0.5372177406001934 1.0 0 1.0583089663935972 1.0 [-1,-1] 1.0 1.0 1.0 0.0007045118177349687 0.128340413101622 2070.066697448073 -1793.6935235406465 1026.741991117169 116.79280443872129
149.00886371399693 1.6787376076042781 39627829507260619 11 1-2-3-4-5-6-8-9-10-11-442 0.5284492464875651 1.0 0 1.2010382173236023 1.0 [-1,-1] 1.0 1.0 1.0 0.0006865842838717192 0.13125169390769817 2041.1851681735031 -1749.0487818345825 1050.566300114905 59.7971453945309
151.19039116633232 1.4201381103591098 39627823501020897 11 1-2-3-4-5-6-8-9-10-11-442 0.925508101164188 1.0 0 1.3297347063364764 1.0 [-1,-1] 1.0 1.0 1.0 0.0004951280553168204 0.17321314004730964 3206.377540736886 -2808.6479982869027 1544.680744937897 79.46541184061346
149.34311690921453 2.2128719164652138 39627841591052242 11 1-2-3-4-5-6-8-9-10-11-442 0.8268194661353927 1.0 0 0.7569562933220072 1.0 [-1,-1] 1.0 1.0 1.0 0.0006627118749498285 0.13533979738261318 2942.364152827324 -2529.240694575042 1499.1800278400094 113.61144693400882
