EDR/data_rosette/LRG_6_clustering_data.ecsv
# %ECSV 1.0
# ---
# datatype:
# - {name: RA, unit: deg, datatype: float64}
# - {name: DEC, unit: deg, datatype: float64}
# - {name: TARGETID, datatype: int64}
# - {name: NTILE, datatype: int64}
# - {name: TILES, datatype: string}
# - {name: Z, datatype: float64}
# - {name: COMP_TILE, datatype: float64}
# - {name: ROSETTE_NUMBER, datatype: int32}
# - {name: ROSETTE_R, unit: deg, datatype: float64}
# - {name: FRACZ_TILELOCID, datatype: float64}
# - {name: BITWEIGHTS, datatype: string, subtype: 'int64[2]'}
# - {name: PROB_OBS, datatype: float64}
# - {name: WEIGHT_ZFAIL, datatype: float64}
# - {name: WEIGHT, datatype: float64}
# - {name: NZ, unit: h3 / Mpc3, datatype: float64}
# - {name: WEIGHT_FKP, datatype: float64}
# - {name: distance, unit: Mpc, datatype: float64}
# - {name: x, unit: Mpc, datatype: float64}
# - {name: y, unit: Mpc, datatype: float64}
# - {name: z, unit: Mpc, datatype: float64}
# meta: !!omap
# - {EXTNAME: LSS}
# - {DESIDR: edr}
# - comments: ['Visit https://desidatamodel.readthedocs.io/en/latest/ for a more complet', e description]
# schema: astropy-2.0
RA DEC TARGETID NTILE TILES Z COMP_TILE ROSETTE_NUMBER ROSETTE_R FRACZ_TILELOCID BITWEIGHTS PROB_OBS WEIGHT_ZFAIL WEIGHT NZ WEIGHT_FKP distance x y z
[from data line 266]
214.1407049499802 52.777580172450925 39633290042278202 12 163-164-165-166-167-168-169-170-171-172-173-460 0.766533891925151 0.9959349593495935 6 0.8703078500144122 1.0 [-1,-1] 1.0 1.0 1.0 0.0007242712797402853 0.12498917450484462 2773.204557911328 -1388.4368578616136 -941.4816722853744 2208.2841466854456
214.53683204978262 53.197568163991704 39633297344561474 12 163-164-165-166-167-168-169-170-171-172-173-460 0.5747605426442889 0.9959349593495935 6 0.9082502209193402 1.0 [-1,-1] 1.0 1.0 1.0 0.0005369919189708607 0.1615383650856205 2192.001581891571 -1081.710736233022 -744.463472323343 1755.1486992587363
216.47162797271272 52.264036857801955 39633282681277048 12 163-164-165-166-167-168-169-170-171-172-173-460 0.8883316662590014 0.9959349593495935 6 0.6382860357060609 1.0 [-1,-1] 1.0 1.0 1.0 0.0005346154933450218 0.1621399955636538 3108.7488548041792 -1530.0004066601855 -1130.9687048021826 2458.5215042020754
214.13739708924484 52.77831283198715 39633290042278164 12 163-164-165-166-167-168-169-170-171-172-173-460 0.7650481793569303 0.9959349593495935 6 0.8724373443517833 1.0 [-1,-1] 1.0 1.0 1.0 0.0007242712797402853 0.12498917450484462 2768.9573057815433 -1386.341354363324 -939.9439028485483 2204.923506591756
216.04639947556404 52.27141527793331 39633282677082299 12 163-164-165-166-167-168-169-170-171-172-173-460 0.7746017866051865 0.9959349593495935 6 0.4043090202796829 1.0 [-1,-1] 1.0 1.0 1.0 0.0007064174578981374 0.12774458208408304 2796.201867632296 -1383.45895516818 -1006.8545291010289 2211.56735396959
215.74070715516993 52.17559924393529 39633282672889297 12 163-164-165-166-167-168-169-170-171-172-173-460 0.7359921890751008 0.9959349593495935 6 0.3561825713343398 1.0 [-1,-1] 1.0 1.0 1.0 0.0006073340474539246 0.1455520198534496 2685.1201640348854 -1336.5201107750852 -961.8277281476638 2120.9600916016284
215.47552071522693 52.14677074922564 39633282672886962 12 163-164-165-166-167-168-169-170-171-172-173-460 0.8506687023983635 0.9959349593495935 6 0.35354597426728784 1.0 [-1,-1] 1.0 1.0 1.0 0.0006576102792991648 0.1359368301360722 3007.604555236727 -1502.9804479588522 -1071.0969780086455 2374.7602399894745
215.8618436848324 53.70850525163183 39633304571347750 12 163-164-165-166-167-168-169-170-171-172-173-460 0.8556037193730264 0.9959349593495935 6 1.227870352227326 1.0 [-1,-1] 1.0 1.0 1.0 0.0006576102792991648 0.1359368301360722 3020.988032484341 -1449.1360496937057 -1047.5295158529377 2434.9651568982754
214.31269239952246 53.1911311127409 39633297340368834 12 163-164-165-166-167-168-169-170-171-172-173-460 0.6468903710159666 0.9959349593495935 6 0.9959085236627067 1.0 [-1,-1] 1.0 1.0 1.0 0.0007982518636535506 0.11473445525619816 2418.5998286438444 -1196.916568156372 -816.8697106669576 1936.4244720059926
216.5723610666761 52.13111310372454 39633282685468715 12 163-164-165-166-167-168-169-170-171-172-173-460 0.7325846225944989 0.9959349593495935 6 0.75219885736521 1.0 [-1,-1] 1.0 1.0 1.0 0.0006073340474539246 0.1455520198534496 2675.1908789144486 -1318.8458685052824 -978.4746393291506 2111.8426063377206
216.5778845486988 52.33411916783704 39633282685468767 12 163-164-165-166-167-168-169-170-171-172-173-460 0.8256115690966712 0.9959349593495935 6 0.6780094486108322 1.0 [-1,-1] 1.0 1.0 1.0 0.000762533893525711 0.11946670068019369 2939.0349229956187 -1442.204525423426 -1070.2121454441165 2326.503459954434
216.58901916685494 52.24034092449645 39633282685468891 12 163-164-165-166-167-168-169-170-171-172-173-460 0.6879944950772416 0.9959349593495935 6 0.7138023155278028 1.0 [-1,-1] 1.0 1.0 1.0 0.0008053318504768218 0.11384060807160488 2543.3467497324186 -1250.5017924800736 -928.3327976183629 2010.7352320095865
216.12543691873972 52.30874448447888 39633282677082961 12 163-164-165-166-167-168-169-170-171-172-173-460 0.9605927104133776 0.9959349593495935 6 0.4268163843747049 1.0 [-1,-1] 1.0 1.0 1.0 0.0003767415448896098 0.21544643941305056 3296.5538095010024 -1628.0034515095601 -1188.2679904352244 2608.6185929943003
216.76268647043682 52.25590473757048 39633282685470393 12 163-164-165-166-167-168-169-170-171-172-173-460 0.911302380050575 0.9959349593495935 6 0.8085204556501154 1.0 [-1,-1] 1.0 1.0 1.0 0.00042618922305278896 0.1953324009783564 3169.327277875895 -1554.2223374288726 -1161.1289876033507 2506.1539845493494
216.7676615247285 52.206462845182145 39633282685470425 12 163-164-165-166-167-168-169-170-171-172-173-460 0.5673302944681832 0.9959349593495935 6 0.8280373499487412 1.0 [-1,-1] 1.0 1.0 1.0 0.0006724560872077301 0.13333590500666823 2168.0891598770113 -1064.3358868544337 -795.2884480433321 1713.2763961307642
216.77451069825713 52.25258877677535 39633282685470480 12 163-164-165-166-167-168-169-170-171-172-173-460 0.8772241537475352 0.9959349593495935 6 0.8164308882183967 1.0 [-1,-1] 1.0 1.0 1.0 0.0005346154933450218 0.1621399955636538 3079.15647203399 -1509.8830544475495 -1128.4895634295297 2434.7420903232396
216.8034245683497 52.185927498778085 39633282685470752 12 163-164-165-166-167-168-169-170-171-172-173-460 1.0845245621425497 0.9959349593495935 6 0.8559893457983837 1.0 [-1,-1] 1.0 1.0 1.0 0.00012850791192818028 0.44600300211103894 3600.5903670582493 -1767.5562296457667 -1322.4657800236864 2844.4824181315385
213.4121343344502 52.544365890328514 39633286351292874 12 163-164-165-166-167-168-169-170-171-172-173-460 0.9353623518403102 0.9959349593495935 6 1.2711007216089125 1.0 [-1,-1] 1.0 1.0 1.0 0.0003671239319408774 0.21984967794317842 3231.895325598706 -1640.636928434949 -1082.2993326277492 2565.5576429454536
216.86490528448883 52.20446772894099 39633282685471254 12 163-164-165-166-167-168-169-170-171-172-173-460 0.4772753479480222 0.9959349593495935 6 0.8845061351424265 1.0 [-1,-1] 1.0 1.0 1.0 0.000668512811805897 0.13401699399284683 1869.5387225319269 -916.6505177064942 -687.3630985584053 1477.3147376828383
216.88679184122057 52.26572465472544 39633282685471452 12 163-164-165-166-167-168-169-170-171-172-173-460 0.5895249744654817 0.9959349593495935 6 0.8782786497510456 1.0 [-1,-1] 1.0 1.0 1.0 0.0005369919189708607 0.1615383650856205 2239.1978177674296 -1096.0692167002023 -822.5570027361973 1770.886534068817
216.89792305372058 52.269239507632626 39633282685471566 12 163-164-165-166-167-168-169-170-171-172-173-460 0.5878644453159483 0.9959349593495935 6 0.8838714833492962 1.0 [-1,-1] 1.0 1.0 1.0 0.0005369919189708607 0.1615383650856205 2233.9108729025493 -1093.2351791600163 -820.7622227698793 1766.7891794985171
213.40565920433656 52.544819077697056 39633286351292809 12 163-164-165-166-167-168-169-170-171-172-173-460 0.8804783189063852 0.9959349593495935 6 1.275047011592971 1.0 [-1,-1] 1.0 1.0 1.0 0.0005346154933450218 0.1621399955636538 3087.8465271088016 -1567.6127704297019 -1033.872342551596 2451.22303274722
216.88789435415492 52.40221612400986 39633286389039726 11 163-164-165-166-167-168-169-170-171-172-460 0.6844670185969014 0.9743589743589743 6 0.8514557499965396 1.0 [-1,-1] 1.0 1.0 1.0 0.0008053318504768218 0.11384060807160488 2532.7632552688083 -1235.9292223555212 -927.553634107658 2006.7418669129331
214.05116427812476 52.38622283793166 39633286359679916 11 163-164-165-166-167-168-169-170-171-172-460 0.830490599932022 0.9743589743589743 6 0.8904195684988189 1.0 [-1,-1] 1.0 1.0 1.0 0.0006366829495309179 0.1397804201853648 2952.4677469264493 -1493.022250884273 -1008.9972165375086 2338.77638350163
214.9352247826536 53.483866264034276 39633300964247239 11 163-164-165-166-167-168-169-170-171-172-460 1.0693851168035633 0.9743589743589743 6 1.0409336773916038 1.0 [-1,-1] 1.0 1.0 1.0 0.00014839258087788972 0.41078905010633954 3564.6175287873625 -1738.8961820668933 -1214.6607789823643 2864.8450894478156
214.8026081202172 52.826892213024166 39633290046474511 11 163-164-165-166-167-168-169-170-171-172-460 0.8224740276463263 0.9743589743589743 6 0.5345593714446119 1.0 [-1,-1] 1.0 1.0 1.0 0.000762533893525711 0.11946670068019369 2930.3758377801314 -1453.8864553412147 -1010.5755631697317 2334.963330920883
214.87002863690438 52.66041122690062 39633290046475066 11 163-164-165-166-167-168-169-170-171-172-460 0.8410862213459105 0.9743589743589743 6 0.41505158042834783 1.0 [-1,-1] 1.0 1.0 1.0 0.0006366829495309179 0.1397804201853648 2981.5037940991965 -1483.699601525065 -1033.8897707392305 2370.458248656375
213.96265748852196 53.08277579738787 39633293699711342 11 163-164-165-166-167-168-169-170-171-172-460 0.6064309323279461 0.9743589743589743 6 1.0971855705579228 1.0 [-1,-1] 1.0 1.0 1.0 0.0006106036532175123 0.14488555312656437 2292.7215533700837 -1142.2086852525022 -769.3468386459268 1833.040338477852
213.62291829631542 53.0212415534494 39633293695517552 11 163-164-165-166-167-168-169-170-171-172-460 0.5140234262505802 0.9743589743589743 6 1.2497417356596274 1.0 [-1,-1] 1.0 1.0 1.0 0.0006888416087567301 0.1305783864573065 1993.3345406996882 -998.4307295861782 -663.9316087188027 1592.3923788779293
213.43834312712238 52.4910116815742 39633286351293135 11 163-164-165-166-167-168-169-170-171-172-460 0.5846361235444559 0.9743589743589743 6 1.2551750333440308 1.0 [-1,-1] 1.0 1.0 1.0 0.0005369919189708607 0.1615383650856205 2223.6169475490397 -1129.8256737333656 -746.0680782061887 1763.9015559497584
216.5467708798929 53.335975198628084 39633297361341841 11 163-164-165-166-167-168-169-170-171-172-460 0.8180154246164018 0.9743589743589743 6 1.0474560837806874 1.0 [-1,-1] 1.0 1.0 1.0 0.000762533893525711 0.11946670068019369 2918.0426390621556 -1399.8148260535738 -1037.5778938486098 2340.7100226944203
213.4639291501161 53.04962001816999 39633293691325533 11 163-164-165-166-167-168-169-170-171-172-460 0.4658851368275757 0.9743589743589743 6 1.3487185928387115 1.0 [-1,-1] 1.0 1.0 1.0 0.0005330850268982689 0.1625298359500762 1830.6076585936917 -918.0073630280519 -606.7850390003332 1462.9418298666303
215.04233043629606 53.31521238540616 39633297348756478 11 163-164-165-166-167-168-169-170-171-172-460 0.9703084997917316 0.9743589743589743 6 0.860668809716861 1.0 [-1,-1] 1.0 1.0 1.0 0.00030269805442075816 0.25472307248715254 3321.1962950885295 -1624.457459589619 -1139.2468690838875 2663.3811900995274
215.40466191220054 52.088975573575276 39633278948346020 11 163-164-165-166-167-168-169-170-171-172-460 0.7749292973058621 0.9743589743589743 6 0.41513966221402887 1.0 [-1,-1] 1.0 1.0 1.0 0.0007064174578981374 0.12774458208408304 2797.1330563254105 -1400.848233840823 -995.7025776824879 2206.8425266270874
214.2019037649575 52.22097395706938 39633282660303683 11 163-164-165-166-167-168-169-170-171-172-460 0.8098411440127292 0.9743589743589743 6 0.8403938832942373 1.0 [-1,-1] 1.0 1.0 1.0 0.0008239664519383997 0.11155322342262282 2895.3449675440206 -1466.9925735209442 -997.0383813256965 2288.4207953259643
215.8812716825013 53.756376163313426 39633304571347903 11 163-164-165-166-167-168-169-170-171-172-460 0.6334474556487372 0.9743589743589743 6 1.2770296929146183 1.0 [-1,-1] 1.0 1.0 1.0 0.0007982518636535506 0.11473445525619816 2377.119555793237 -1138.7021426716067 -823.7157713350266 1917.1716513822307
216.88655119129928 51.474141529943324 39633271465706429 11 163-164-165-166-167-168-169-170-171-172-460 0.4649185009868531 0.9743589743589743 6 1.3346838996572754 1.0 [-1,-1] 1.0 1.0 1.0 0.0005330850268982689 0.1625298359500762 1827.291462825091 -910.3302475548405 -683.1612068571197 1429.539679738106
213.19236398209927 52.02807305164538 39633278927372485 11 163-164-165-166-167-168-169-170-171-172-460 0.6026021948125351 0.9743589743589743 6 1.4890090301048082 1.0 [-1,-1] 1.0 1.0 1.0 0.0006106036532175123 0.14488555312656437 2280.6480872770135 -1174.2722003800502 -768.1987004511166 1797.862968649199
216.93978713917338 52.25959431028329 39633282685471934 11 163-164-165-166-167-168-169-170-171-172-460 0.6152770070450514 0.9743589743589743 6 0.9111503359623024 1.0 [-1,-1] 1.0 1.0 1.0 0.0007056687116799521 0.12786279395313782 2320.5091964989306 -1135.2384821078856 -853.5945406655906 1835.0402938146606
215.77374803173865 51.98904403401088 39633278952539645 11 163-164-165-166-167-168-169-170-171-172-460 0.9321158999524791 0.9743589743589743 6 0.5377446335212471 1.0 [-1,-1] 1.0 1.0 1.0 0.0003671239319408774 0.21984967794317842 3223.5050716316673 -1610.5532205580525 -1160.4462162070176 2539.7771260242466
215.06257438212376 51.45656666044969 39633271444736750 11 163-164-165-166-167-168-169-170-171-172-460 0.44405200765818964 0.9743589743589743 6 1.0776535691736613 0.5 [-1,-1] 1.0 1.0 1.0 0.0006285113834356281 0.1413409039925048 1755.23459154891 -895.2211219134442 -628.2987461568708 1372.8322183819866
215.03432434189656 51.546218003083325 39633271444736406 11 163-164-165-166-167-168-169-170-171-172-460 0.8352211970264632 0.9743589743589743 6 0.9958914574140735 1.0 [-1,-1] 1.0 1.0 1.0 0.0006366829495309179 0.1397804201853648 2965.4542730989856 -1510.0184047380083 -1058.6749688924353 2322.2770664660393
214.19521266351904 52.200956444167424 39633282660303600 11 163-164-165-166-167-168-169-170-171-172-460 0.7487839889378208 0.9743589743589743 6 0.8512430544143673 1.0 [-1,-1] 1.0 1.0 1.0 0.0006073340474539246 0.1455520198534496 2722.2113396186764 -1380.0016035832496 -937.6795706241297 2150.9967862575522
215.94187887618673 51.67912665092529 39633275215413995 11 163-164-165-166-167-168-169-170-171-172-460 0.7268805445895373 0.9743589743589743 6 0.8646035491688275 1.0 [-1,-1] 1.0 1.0 1.0 0.0005823912580269674 0.15084542533972659 2658.523739846794 -1334.6121270930685 -967.5855122267455 2085.7462026991693
216.23269878974565 53.65292800691247 39633304575541818 11 163-164-165-166-167-168-169-170-171-172-460 0.5551985988096481 0.9743589743589743 6 1.2340776898044723 1.0 [-1,-1] 1.0 1.0 1.0 0.0006724560872077301 0.13333590500666823 2128.813476223578 -1017.7121463158293 -745.7449934733411 1714.6350073708952
215.56994125511164 51.75026173538469 39633275211220207 11 163-164-165-166-167-168-169-170-171-172-460 0.85315436667162 0.9743589743589743 6 0.7509667925274388 1.0 [-1,-1] 1.0 1.0 1.0 0.0006576102792991648 0.1359368301360722 3014.350489997717 -1517.9420306481534 -1085.5356872540447 2367.229000295308
215.81061836120597 51.31938752204617 39633267669863439 11 163-164-165-166-167-168-169-170-171-172-460 0.48701204114375113 0.9743589743589743 6 1.1960588831614134 1.0 [-1,-1] 1.0 1.0 1.0 0.000668512811805897 0.13401699399284683 1902.6071683912683 -964.2978615399793 -695.7452547584004 1485.2549316277093
214.07986359627714 53.29766610839332 39633297336176349 11 163-164-165-166-167-168-169-170-171-172-460 0.77126447594638 0.9743589743589743 6 1.1704874388271347 1.0 [-1,-1] 1.0 1.0 1.0 0.0007064174578981374 0.12774458208408304 2786.7025840778006 -1379.4580514803674 -933.2564433038876 2234.2424191084674
215.87605356686885 51.85457393028862 39633275215413541 11 163-164-165-166-167-168-169-170-171-172-460 1.0357281029019354 0.9743589743589743 6 0.6853826503800542 1.0 [-1,-1] 1.0 1.0 1.0 0.00017557006270178804 0.37077784677498654 3483.5027712123356 -1743.4280459550225 -1260.9212967652609 2739.585313324863
215.5026999904101 51.66904827706887 39633275211219625 11 163-164-165-166-167-168-169-170-171-172-460 0.4503925375674932 0.9743589743589743 6 0.830953379136737 1.0 [-1,-1] 1.0 1.0 1.0 0.0005330850268982689 0.1625298359500762 1777.225369761149 -897.3207707904596 -640.1164868309928 1394.1292380973207
215.46717782974804 53.293947462345685 39633297352950850 11 163-164-165-166-167-168-169-170-171-172-460 0.8857825468922703 0.9743589743589743 6 0.7941942916667222 1.0 [-1,-1] 1.0 1.0 1.0 0.0005346154933450218 0.1621399955636538 3101.974925823967 -1510.0525924272015 -1075.8054165406206 2486.8920994458836
217.0926128404676 53.067937657137065 39633293729073204 11 163-164-165-166-167-168-169-170-171-172-460 0.973932533234999 0.9743589743589743 6 1.1181741299637415 1.0 [-1,-1] 1.0 1.0 1.0 0.00030269805442075816 0.25472307248715254 3330.3518966376896 -1596.2013341212628 -1206.8741076448878 2662.111933162111
