EDR/data_rosette/LRG_12_clustering_data.ecsv
# %ECSV 1.0
# ---
# datatype:
# - {name: RA, unit: deg, datatype: float64}
# - {name: DEC, unit: deg, datatype: float64}
# - {name: TARGETID, datatype: int64}
# - {name: NTILE, datatype: int64}
# - {name: TILES, datatype: string}
# - {name: Z, datatype: float64}
# - {name: COMP_TILE, datatype: float64}
# - {name: ROSETTE_NUMBER, datatype: int32}
# - {name: ROSETTE_R, unit: deg, datatype: float64}
# - {name: FRACZ_TILELOCID, datatype: float64}
# - {name: BITWEIGHTS, datatype: string, subtype: 'int64[2]'}
# - {name: PROB_OBS, datatype: float64}
# - {name: WEIGHT_ZFAIL, datatype: float64}
# - {name: WEIGHT, datatype: float64}
# - {name: NZ, unit: h3 / Mpc3, datatype: float64}
# - {name: WEIGHT_FKP, datatype: float64}
# - {name: distance, unit: Mpc, datatype: float64}
# - {name: x, unit: Mpc, datatype: float64}
# - {name: y, unit: Mpc, datatype: float64}
# - {name: z, unit: Mpc, datatype: float64}
# meta: !!omap
# - {EXTNAME: LSS}
# - {DESIDR: edr}
# - comments: ['Visit https://desidatamodel.readthedocs.io/en/latest/ for a more complet', e description]
# schema: astropy-2.0
RA DEC TARGETID NTILE TILES Z COMP_TILE ROSETTE_NUMBER ROSETTE_R FRACZ_TILELOCID BITWEIGHTS PROB_OBS WEIGHT_ZFAIL WEIGHT NZ WEIGHT_FKP distance x y z
[from data line 5396]
239.34114669647332 43.064586484602195 39633132063818010 6 328-330-331-332-334-478 0.8546466322085473 1.0 12 1.3028136629953104 1.0 [-1,-1] 1.0 1.0 1.0 0.0006576102792991648 0.1359368301360722 3018.395567855627 -1124.4836161520086 -1896.9481439865685 2061.0279328728443
241.333486602351 44.964917454740466 39633166931067402 6 328-330-331-332-334-478 0.9234507966619536 1.0 12 1.5284827263063208 1.0 [-1,-1] 1.0 1.0 1.0 0.00042618922305278896 0.1953324009783564 3201.031218870454 -1086.4759958023521 -1987.2454291019328 2262.0845207997922
242.19881260036388 43.91523293724923 39633149667314443 5 328-330-331-332-335 0.6499865939931329 1.0 12 0.9521743780496097 1.0 [-1,-1] 1.0 1.0 1.0 0.0007982518636535506 0.11473445525619816 2428.1056944046513 -815.8013300891738 -1547.2271818700565 1684.1180186398672
241.65367001146626 43.512899999060394 39633140909606865 5 328-330-331-333-334 0.7164384661201821 1.0 12 0.4425134211355367 1.0 [-1,-1] 1.0 1.0 1.0 0.0005823912580269674 0.15084542533972659 2627.8622305204754 -904.8627605868472 -1677.2619991521517 1809.330117280792
242.1497310360143 44.00269203320126 39633149667313934 6 328-330-331-333-334-335 0.7869823887129052 1.0 12 0.967998289889116 1.0 [-1,-1] 1.0 1.0 1.0 0.0007064174578981374 0.12774458208408304 2831.2746841177986 -951.4027785081266 -1800.6648014542523 1966.8643478331378
241.58222573685362 42.31322858343873 39633118734319782 6 328-330-331-333-334-335 0.6759008056387376 1.0 12 1.2018013555370093 1.0 [-1,-1] 1.0 1.0 1.0 0.0008053318504768218 0.11384060807160488 2506.967225837947 -882.2376507619861 -1630.4552587440487 1687.6483781396705
242.99396861705702 43.50580429579238 39633140926383596 6 328-330-331-333-334-335 0.6663202070261741 1.0 12 1.4116921659349382 1.0 [-1,-1] 1.0 1.0 1.0 0.0006371005092682059 0.1397016056866948 2477.9566742741467 -816.1136448581058 -1601.2964764632825 1705.8948949810722
241.56880855908045 42.309680404945915 39633118730129218 6 328-330-331-333-334-335 0.6737211152551562 1.0 12 1.2020163476885297 1.0 [-1,-1] 1.0 1.0 1.0 0.0008053318504768218 0.11384060807160488 2500.3818738003406 -880.3505800835312 -1626.0579089875873 1683.1007241382815
240.91300812124032 43.40191046350272 39633140901217628 7 328-330-331-333-334-335-478 0.7811929058854907 1.0 12 0.1105047193270033 0.5 [-1,-1] 1.0 1.0 1.0 0.0007064174578981374 0.12774458208408304 2814.906457539291 -994.2353391046106 -1787.2430896140263 1934.1552662076663
240.13886316244748 42.79927900583068 39633127638827329 7 328-330-331-333-334-335-478 0.48310276814373737 1.0 12 0.9304055263459747 1.0 [-1,-1] 1.0 1.0 1.0 0.000668512811805897 0.13401699399284683 1889.3535246515567 -690.2338879067217 -1202.2398411465927 1283.6873783979677
242.58510862438266 44.44797725263098 39633158345326870 6 328-330-331-333-335-478 0.8713003631516755 1.0 12 1.4890613692243753 1.0 [-1,-1] 1.0 1.0 1.0 0.0005346154933450218 0.1621399955636538 3063.293799042594 -1006.8898336482655 -1941.252356998456 2145.106302400073
241.7669904024365 44.79384295444538 39633162644488367 4 328-330-331-334 0.90897077644917 1.0 12 1.4390206988869862 1.0 [-1,-1] 1.0 1.0 1.0 0.0005723615213970424 0.15308410280969617 3163.2161624714845 -1061.905064303202 -1977.7077947318412 2228.6691103851545
240.22397294785443 44.84722491996486 39633162623519575 4 328-330-331-478 0.8964919758767876 1.0 12 1.5177172686770952 1.0 [-1,-1] 1.0 1.0 1.0 0.0005723615213970424 0.15308410280969617 3130.3644572001785 -1102.176209531564 -1926.3766793174602 2207.5919295527965
242.45483738076328 44.75042841341733 39633162648686261 4 328-330-331-478 0.7172253705283703 1.0 12 1.6458113101535843 1.0 [-1,-1] 1.0 1.0 1.0 0.0005823912580269674 0.15084542533972659 2630.1796367622583 -863.8065404059553 -1656.1682906326646 1851.6991590141251
241.73063358875973 44.80896969327414 39633162640297802 4 328-330-331-478 0.676680930421339 1.0 12 1.4440993568052631 1.0 [-1,-1] 1.0 1.0 1.0 0.0008053318504768218 0.11384060807160488 2509.322041468562 -843.1642988791434 -1567.9337455717457 1768.4328775480708
239.1264885380198 43.47348900133195 39633140880245267 7 328-330-332-333-334-335-478 0.7123932543728916 1.0 12 1.3963161797088912 1.0 [-1,-1] 1.0 1.0 1.0 0.0005823912580269674 0.15084542533972659 2615.9317074081737 -974.1344360690481 -1629.36902527324 1799.810372724864
240.44589107673374 42.25433148612521 39633118717545251 7 328-330-332-333-334-335-478 0.6104932059831993 1.0 12 1.2750445286282945 1.0 [-1,-1] 1.0 1.0 1.0 0.0007056687116799521 0.12786279395313782 2305.500715006044 -841.7014903799376 -1484.4296753829394 1550.2711655797748
240.71078685252644 42.309463839971286 39633118721738605 6 328-330-332-333-334-478 0.48015271157878264 1.0 12 1.1673055729288155 1.0 [-1,-1] 1.0 1.0 1.0 0.000668512811805897 0.13401699399284683 1879.3312287514043 -679.9169493905421 -1212.1324130144951 1265.0430121586303
241.01901147827104 43.26311947530535 39633136501392591 6 328-330-332-333-334-478 0.935223880401454 1.0 12 0.18823390333554937 1.0 [-1,-1] 1.0 1.0 1.0 0.0003671239319408774 0.21984967794317842 3231.5377849570136 -1140.1958433304296 -2058.5783614493266 2214.733623763702
241.01771803532955 43.265540639630785 39633136501392584 6 328-330-332-333-334-478 0.9324655987471728 1.0 12 0.18594668552931043 1.0 [-1152921504606846977,-1] 0.9921875 1.0 1.0078125 0.0003671239319408774 0.21984967794317842 3224.409624327352 -1137.6819080654227 -2053.93015404328 2209.9475613297304
242.65446916684866 44.27438565312002 39633154016808620 5 328-330-332-333-478 0.617597492016588 1.0 12 1.4204759690817306 1.0 [-1,-1] 1.0 1.0 1.0 0.0007056687116799521 0.12786279395313782 2327.773649364862 -765.6066822809855 -1480.448028788908 1625.0077552981547
241.25116618761658 43.58599761897137 39633140905411879 4 328-330-332-334 0.8191199612126913 1.0 12 0.19943793178431177 1.0 [-1,-1] 1.0 1.0 1.0 0.000762533893525711 0.11946670068019369 2921.1010514873915 -1017.6726364719093 -1855.0618073756727 2013.9313416283978
241.0116795449525 43.26887953021026 39633136501392523 5 328-330-332-334-478 0.6430990817314362 1.0 12 0.1832508511457472 1.0 [-1,-1] 1.0 1.0 1.0 0.0007982518636535506 0.11473445525619816 2406.9355637117137 -849.3641138573355 -1533.0303330742436 1649.768895277712
243.06671586471558 43.815975884369 39633145309433464 3 328-330-333 0.6909877329667884 1.0 12 1.5047852421168146 1.0 [-5067649092419649,-100663306] 0.9375 1.0 1.0661157024793388 0.0005639081233901963 0.1550231922816235 2552.309562984029 -834.1861658721605 -1641.9060962111857 1767.077224456185
241.24165836744143 43.61181105756433 39633140905411761 4 328-330-333-334 0.44628862256525526 1.0 12 0.2132854106075615 1.0 [-1,-1] 1.0 1.0 1.0 0.0006285113834356281 0.1413409039925048 1763.001351443383 -614.1284046339305 -1119.0218967967762 1216.0633463361698
242.8978648278425 44.25303396580461 39633154021001847 4 328-330-333-334 0.9377462429981933 1.0 12 1.5557664013455743 1.0 [-1,-1] 1.0 1.0 1.0 0.0003671239319408774 0.21984967794317842 3238.0460523838174 -1056.6218029732586 -2064.630321196142 2259.600460178188
241.6671646193612 44.74269839325521 39633162640297040 5 328-330-333-334-478 1.0595779554033895 1.0 12 1.366560941779178 1.0 [-1,-1] 1.0 1.0 1.0 0.00014839258087788972 0.41078905010633954 3541.145608360899 -1193.6896800054842 -2213.8819167276943 2492.6981418230725
240.95591368581654 43.45153916750432 39633140901218231 4 328-330-333-478 0.8710984539501169 1.0 12 0.06832075993948536 1.0 [-1,-1] 1.0 1.0 1.0 0.0005346154933450218 0.1621399955636538 3062.752135607586 -1079.433474298657 -1943.8206941385865 2106.3796257491053
242.9183922292211 44.26539938605907 39633154021002083 3 328-330-334 0.9342183187799823 1.0 12 1.5747086376861854 1.0 [-1,-1] 1.0 1.0 1.0 0.0003671239319408774 0.21984967794317842 3228.9404889706784 -1052.6914279686782 -2058.7688070936447 2253.7454243400425
242.92302239281736 44.11838236719122 39633149675703008 4 328-330-334-478 1.078784028146576 1.0 12 1.5083457982397488 1.0 [-1,-1] 1.0 1.0 1.0 0.00012850791192818028 0.44600300211103894 3586.987396147737 -1172.1565615985494 -2292.8661586392127 2497.056738200245
242.94936823952423 44.1674405614189 39633154021002389 3 328-330-478 0.5236065303708517 1.0 12 1.5470399968926232 1.0 [-1,-1] 1.0 1.0 1.0 0.0006888416087567301 0.1305783864573065 2025.1684005770637 -660.6404617010999 -1293.7522999971175 1411.0514580664267
242.95107093918358 44.170015511567094 39633154021002405 3 328-330-478 0.9690307078460606 1.0 12 1.5492972174905524 1.0 [-1,-1] 1.0 1.0 1.0 0.0003767415448896098 0.21544643941305056 3317.963462092524 -1082.2594604040098 -2119.5771181466557 2311.9231899819133
243.2036278190758 43.43154116289813 39633140926386016 2 328-331 0.7637557689811065 1.0 12 1.5637834763106526 1.0 [-45176735910068225,-17] 0.953125 1.0 1.048780487804878 0.0007242712797402853 0.12498917450484462 2765.259541129238 -905.3033026017512 -1792.477924403314 1901.081047886027
241.04637798380108 43.42943336084254 39633140901219424 2 328-331 0.9677544697519748 1.0 12 0.020734107864231664 0.5 [-1,-1] 1.0 1.0 1.0 0.0003767415448896098 0.21544643941305056 3314.732123888171 -1165.3437099041373 -2106.3548664382033 2278.7479605158496
242.79566142363186 44.37805903326511 39633158345329374 2 328-331 0.5897114502218814 1.0 12 1.5628549187210161 0.5 [-1,-1] 1.0 1.0 1.0 0.0005369919189708607 0.1615383650856205 2239.7912028299643 -731.8619964114338 -1423.784231594877 1566.4868695092705
242.96510172263103 43.636740380082976 39633145309432163 2 328-331 0.8615461637043239 1.0 12 1.400638904669995 1.0 [-1,-1] 1.0 1.0 1.0 0.0006576102792991648 0.1359368301360722 3037.0510538543244 -999.0653591373226 -1957.8272499144202 2095.819641901949
241.45615560503762 43.52390313123342 39633140905414376 4 328-331-332-333 0.742299869816778 1.0 12 0.3038040354117261 1.0 [-1,-1] 1.0 1.0 1.0 0.0006073340474539246 0.1455520198534496 2703.4459455622855 -936.6607411788943 -1721.9708172178289 1861.7473354785627
242.929382642293 43.76699615429774 39633145309431689 6 328-331-332-333-334-335 1.0270270355754336 1.0 12 1.3972032495565896 1.0 [-1,-1] 1.0 1.0 1.0 0.00020130102782971312 0.3394727840281335 3462.2726824896986 -1137.862202910263 -2226.3924054652384 2394.9485572741064
241.323467659304 44.94415129191623 39633166931067279 6 328-331-332-333-334-478 0.525841796642927 1.0 12 1.5069571458287558 0.5 [-1,-1] 1.0 1.0 1.0 0.0006888416087567301 0.1305783864573065 2032.5671442911998 -690.352906072579 -1262.1824148011851 1435.8403855916147
241.4385034606283 43.3492353871223 39633136505587496 6 328-331-332-333-334-478 0.8280181202403699 1.0 12 0.29972398999350136 1.0 [-1,-1] 1.0 1.0 1.0 0.000762533893525711 0.11946670068019369 2945.6655128688103 -1024.1122422273154 -1881.3618288355779 2022.032912201298
239.0232177347886 43.32998838873458 39633136476227401 4 328-331-332-334 0.6126692561301418 1.0 12 1.477696049704206 0.5 [-1,-1] 1.0 1.0 1.0 0.0007056687116799521 0.12786279395313782 2312.333176968458 -865.7214895522586 -1442.125908298763 1586.7211123729105
239.91738399809535 44.82876578006352 39633162619325649 5 328-331-332-334-478 0.7345637863654839 0.6666666666666666 12 1.6004805555048807 0.5 [-1,-1] 1.0 1.0 1.0 0.0006073340474539246 0.1455520198534496 2680.9604522985574 -953.0645478911099 -1645.2729343509213 1890.0512918527656
239.67150889584477 44.70622875068765 39633162619322736 5 328-331-332-334-478 0.6867349373024837 0.6666666666666666 12 1.5995706534073824 1.0 [-1,-1] 1.0 1.0 1.0 0.0008053318504768218 0.11384060807160488 2539.5703042209593 -911.4123717559694 -1557.9164014421983 1786.516527997568
243.1185852688144 43.78683950156161 39633145313624308 4 328-331-333-334 0.497021742758982 1.0 12 1.5349216655410476 1.0 [-1,-1] 1.0 1.0 1.0 0.0007365189099627642 0.12316671624379881 1936.4010503254835 -632.0654068715621 -1246.8712225519187 1339.9457091650418
242.96045651253556 43.75608776940779 39633145309432094 5 328-331-333-334-335 0.7662112010971353 1.0 12 1.4168499699439379 1.0 [-1,-1] 1.0 1.0 1.0 0.0007242712797402853 0.12498917450484462 2772.2823967769505 -910.2986228019757 -1783.517568422066 1917.2822400298865
242.96344895143295 43.753650429836995 39633145309432140 5 328-331-333-334-335 0.7684212405593459 1.0 12 1.4184694045398694 1.0 [-1,-1] 1.0 1.0 1.0 0.0007242712797402853 0.12498917450484462 2778.594468494523 -912.3150312647224 -1787.698830572909 1921.5622277837022
240.99212379833935 43.304212277056926 39633136501392342 5 328-331-333-334-478 0.9528796144244415 1.0 12 0.1517356636930353 1.0 [-1,-1] 1.0 1.0 1.0 0.0003767415448896098 0.21544643941305056 3276.8897460362914 -1156.395647646599 -2085.5168107496856 2247.526450536734
241.22448237620188 45.125422945064955 39633171205063157 4 328-331-334-478 0.6259686709321975 0.95 12 1.6800709030156917 0.3333333333333333 [-878484090854088707,-1157744035625174419] 0.78125 1.0 1.2772277227722773 0.0007056687116799521 0.12786279395313782 2353.895103364075 -799.4782298933945 -1455.7185777488332 1668.0947634846198
241.1432523280014 45.10756702490446 39633166926875141 4 328-331-334-478 0.9849728457984904 0.95 12 1.6589106944875867 0.5 [-1,-1] 1.0 1.0 1.0 0.00030269805442075816 0.25472307248715254 3358.123320980685 -1143.8558739691514 -2075.7934621837485 2379.005565536958
240.8463833146029 45.11158991766798 39633166922681630 4 328-331-334-478 0.7625228240761573 0.95 12 1.6679704886110758 1.0 [-1,-1] 1.0 1.0 1.0 0.0007242712797402853 0.12498917450484462 2761.7292147307144 -949.4756732602451 -1702.120850507852 1956.6371180294418
241.94493074692988 44.775641806002206 39633162644490295 4 328-331-334-478 0.7724285568200846 0.95 12 1.4731264803867348 1.0 [1888885600774900684,1975600078732725112] 0.5390625 1.0 1.8428571428571427 0.0007064174578981374 0.12774458208408304 2790.018191595132 -931.4926476711059 -1747.828133021049 1965.1004488795475
241.9462370527303 44.76057192170312 39633162644490307 4 328-331-334-478 0.8620461025704549 0.95 12 1.460029890089802 1.0 [9222989816570826724,-126154667045684225] 0.765625 1.0 1.303030303030303 0.0006576102792991648 0.1359368301360722 3038.399827848384 -1014.6401562173891 -1903.9485000302682 2139.4763323048787
241.13430364826385 44.97548673902654 39633166926875022 4 328-331-334-478 0.5508812571120858 0.95 12 1.5266827292855463 1.0 [-1,-1] 1.0 1.0 1.0 0.0006724560872077301 0.13333590500666823 2114.766356473609 -722.2087291021318 -1310.1321732841623 1494.725721531233
241.94833639534633 44.74691232427759 39633162644490330 4 328-331-334-478 0.7773332570235187 0.95 12 1.4484853681234497 1.0 [-2900494167898718241,-3460031780458006569] 0.765625 1.0 1.303030303030303 0.0007064174578981374 0.12774458208408304 2803.9624206531375 -936.5093180952575 -1757.4929617854032 1973.923514939353
241.96477118188167 44.79307815579135 39633162644490527 4 328-331-334-478 0.8624086592506989 0.95 12 1.494995023557948 1.0 [-1161931040390905857,-549756862465] 0.9453125 1.0 1.0573770491803278 0.0006576102792991648 0.1359368301360722 3039.377708426599 -1013.7797090737705 -1903.8174580932086 2141.388951641047
241.978005085813 44.79490126707307 39633162644490655 4 328-331-334-478 0.9022860771292929 0.95 12 1.5008203239846671 1.0 [-68719476737,-144255925564211201] 0.9765625 1.0 1.0238095238095237 0.0005723615213970424 0.15308410280969617 3145.6484415179875 -1048.7378775997252 -1970.563780183637 2216.3328653296967
240.95519127886402 45.1498767411471 39633171200870009 4 328-331-334-478 0.505714247693363 0.95 12 1.7012300829394489 1.0 [-1,-1] 1.0 1.0 1.0 0.0007365189099627642 0.12316671624379881 1965.5827070293628 -673.0087347639125 -1211.9037214187274 1393.5078008808546
241.9890987955519 44.78994668089974 39633162644490775 4 328-331-334-478 0.9628182696689865 0.95 12 1.499956560922497 0.5 [-1,-1] 1.0 1.0 1.0 0.0003767415448896098 0.21544643941305056 3302.2110734421867 -1100.6287281646237 -2069.0318069314203 2326.4397172952977
