EDR/data_rosette/LRG_6_clustering_data.ecsv
# %ECSV 1.0
# ---
# datatype:
# - {name: RA, unit: deg, datatype: float64}
# - {name: DEC, unit: deg, datatype: float64}
# - {name: TARGETID, datatype: int64}
# - {name: NTILE, datatype: int64}
# - {name: TILES, datatype: string}
# - {name: Z, datatype: float64}
# - {name: COMP_TILE, datatype: float64}
# - {name: ROSETTE_NUMBER, datatype: int32}
# - {name: ROSETTE_R, unit: deg, datatype: float64}
# - {name: FRACZ_TILELOCID, datatype: float64}
# - {name: BITWEIGHTS, datatype: string, subtype: 'int64[2]'}
# - {name: PROB_OBS, datatype: float64}
# - {name: WEIGHT_ZFAIL, datatype: float64}
# - {name: WEIGHT, datatype: float64}
# - {name: NZ, unit: h3 / Mpc3, datatype: float64}
# - {name: WEIGHT_FKP, datatype: float64}
# - {name: distance, unit: Mpc, datatype: float64}
# - {name: x, unit: Mpc, datatype: float64}
# - {name: y, unit: Mpc, datatype: float64}
# - {name: z, unit: Mpc, datatype: float64}
# meta: !!omap
# - {EXTNAME: LSS}
# - {DESIDR: edr}
# - comments: ['Visit https://desidatamodel.readthedocs.io/en/latest/ for a more complet', e description]
# schema: astropy-2.0
RA DEC TARGETID NTILE TILES Z COMP_TILE ROSETTE_NUMBER ROSETTE_R FRACZ_TILELOCID BITWEIGHTS PROB_OBS WEIGHT_ZFAIL WEIGHT NZ WEIGHT_FKP distance x y z
[from data line 1390]
215.7531603713693 52.01354260091999 39633278952539440 10 163-164-165-167-168-169-170-171-172-460 0.846070816643097 1.0 6 0.5105430591753538 1.0 [-1,-1] 1.0 1.0 1.0 0.0006366829495309179 0.1397804201853648 2995.0995980456123 -1496.0038026632067 -1077.0939203814398 2360.6064710805895
213.27516195784716 52.63931014432103 39633290029698586 10 163-164-165-167-168-169-170-171-172-460 0.6519504132434667 1.0 6 1.3593504374715413 1.0 [-1,-1] 1.0 1.0 1.0 0.0006371005092682059 0.1397016056866948 2434.125627542666 -1234.9242083542974 -810.4274599383571 1934.718869101749
216.94662560236426 52.052703966990386 39633278965122070 10 163-164-165-167-168-169-170-171-172-460 0.7689441729047924 1.0 6 0.9916988098217389 1.0 [-1,-1] 1.0 1.0 1.0 0.0007242712797402853 0.12498917450484462 2780.086774210675 -1366.2862877091547 -1027.5764507160945 2192.3117684519157
213.71573864863637 52.750078470435945 39633290038083765 9 163-164-165-167-168-169-170-171-173 0.4814165990039027 1.0 6 1.1115613031949267 1.0 [-1,-1] 1.0 1.0 1.0 0.000668512811805897 0.13401699399284683 1883.6272440638302 -948.3755186481382 -632.8642960114719 1499.3726198121265
215.88897257595542 51.121118203188786 39633263869823526 9 163-164-165-167-168-169-170-171-173 0.5021149770387009 1.0 6 1.399690257878065 1.0 [-1,-1] 1.0 1.0 1.0 0.0007365189099627642 0.12316671624379881 1953.51816179692 -993.3926254249279 -718.8049970779205 1520.764175142746
216.64119890684626 53.14292400503756 39633297365533230 9 163-164-165-167-168-169-170-171-173 0.7024984320791576 1.0 6 0.9428128660372433 1.0 [-1,-1] 1.0 1.0 1.0 0.0005639081233901963 0.1550231922816235 2586.6249654931194 -1244.915358950236 -925.9453760261839 2069.647221576135
214.68734250594056 52.27414716902781 39633282664498615 9 163-164-165-167-168-169-170-171-173 0.8261231709953915 1.0 6 0.5449820167581828 1.0 [-1,-1] 1.0 1.0 1.0 0.000762533893525711 0.11946670068019369 2940.4453061198046 -1479.4371766980291 -1023.9274095474294 2325.7379255761484
217.35288554584025 51.767736927000286 39633275227998766 10 163-164-165-167-168-169-170-171-173-460 0.8785541339647495 1.0 6 1.352614685048026 1.0 [-1,-1] 1.0 1.0 1.0 0.0005346154933450218 0.1621399955636538 3082.71015122172 -1516.4870030404961 -1157.467153969096 2421.4951648800325
215.05829359458818 53.187369748685875 39633297348756589 10 163-164-165-167-168-169-170-171-173-460 0.8856402388584869 1.0 6 0.7373241639563815 1.0 [-1,-1] 1.0 1.0 1.0 0.0005346154933450218 0.1621399955636538 3101.596457637495 -1521.2898193866583 -1067.526891495201 2483.135962325575
215.47633034069355 53.44837050669915 39633300968442420 10 163-164-165-167-168-169-170-171-173-460 1.0083314102925405 1.0 6 0.9484775931160182 1.0 [-1,-1] 1.0 1.0 1.0 0.00023297360745577845 0.30751381291380364 3416.2892108286437 -1656.8551885874965 -1180.790906422414 2744.3752825342644
213.76918414518207 52.65400903193048 39633290038084304 10 163-164-165-167-168-169-170-171-173-460 0.8058331970540155 1.0 6 1.0629960710992261 1.0 [-1,-1] 1.0 1.0 1.0 0.0008239664519383997 0.11155322342262282 2884.175053656349 -1454.4283824651543 -972.5225332811214 2292.8811008584526
213.6274949759578 52.49071907749576 39633286355485481 10 163-164-165-167-168-169-170-171-173-460 0.8268039356535116 1.0 6 1.1400349885025607 1.0 [-1,-1] 1.0 1.0 1.0 0.000762533893525711 0.11946670068019369 2942.321362778777 -1491.7439875318712 -992.1445162115788 2334.0103119905366
216.43127653896363 53.05174994809874 39633293724876979 10 163-164-165-167-168-169-170-171-173-460 0.5331911999867142 1.0 6 0.7885329942129858 1.0 [-1,-1] 1.0 1.0 1.0 0.0006094867785671962 0.14511252611805409 2056.823200182767 -994.7241231195306 -734.2123602658862 1643.7693894603815
215.6504624592229 53.15641227649664 39633297352952584 10 163-164-165-167-168-169-170-171-173-460 0.5114421893742148 1.0 6 0.6626773145079918 1.0 [-1,-1] 1.0 1.0 1.0 0.0006888416087567301 0.1305783864573065 1984.7283917925947 -967.0670248692984 -693.6410917395157 1588.329372154427
217.40983223114966 52.91198587435512 39633293733266809 10 163-164-165-167-168-169-170-171-173-460 0.7050325555726784 1.0 6 1.2282823427411649 1.0 [-1,-1] 1.0 1.0 1.0 0.0005639081233901963 0.1550231922816235 2594.147407462729 -1242.6013444748598 -950.3783921322821 2069.3775832657816
213.8891637346599 51.90314940019966 39633278931569324 10 163-164-165-167-168-169-170-171-173-460 0.9869522687888268 1.0 6 1.1536099876976467 1.0 [-1,-1] 1.0 1.0 1.0 0.00030269805442075816 0.25472307248715254 3363.083396736421 -1722.4923766049744 -1156.994028095029 2646.642167897725
216.54693054731908 53.093865315338114 39633293724877975 10 163-164-165-167-168-169-170-171-173-460 0.4957270232506113 1.0 6 0.8679621938314289 1.0 [-1,-1] 1.0 1.0 1.0 0.0007365189099627642 0.12316671624379881 1932.0414167997424 -932.0708874711587 -690.8783675420946 1544.8996660691764
216.52192919822454 51.40038770660947 39633271461512280 10 163-164-165-167-168-169-170-171-173-460 0.7228627686141165 1.0 6 1.2671997805785513 1.0 [-1,-1] 1.0 1.0 1.0 0.0005823912580269674 0.15084542533972659 2646.7492027080225 -1326.9836414516085 -982.702438688466 2068.4998608535425
216.5320357553972 51.38446688421561 39633271461512358 10 163-164-165-167-168-169-170-171-173-460 0.9307410342539437 1.0 6 1.2841681566783087 1.0 [-1,-1] 1.0 1.0 1.0 0.0003671239319408774 0.21984967794317842 3219.9469356777568 -1614.7150034588574 -1196.2240031579051 2515.9097480741066
217.32226610485966 51.72880623237671 39633275227998522 10 163-164-165-167-168-169-170-171-173-460 0.8962843937731925 1.0 6 1.358966050384784 1.0 [-1,-1] 1.0 1.0 1.0 0.0005723615213970424 0.15308410280969617 3129.8159044834215 -1541.615741181722 -1175.3435356856123 2457.180513438146
217.2461454375448 52.13156603663286 39633282689665819 10 163-164-165-167-168-169-170-171-173-460 0.686859692554983 1.0 6 1.1291949168742785 1.0 [-1,-1] 1.0 1.0 1.0 0.0008053318504768218 0.11384060807160488 2539.9444785127776 -1241.1467240911888 -943.6581274212626 2005.0890508296761
217.81302936268054 52.032528080909515 39633278973511495 10 163-164-165-167-168-169-170-171-173-460 0.5059293945074225 1.0 6 1.4906694977302648 1.0 [-1,-1] 1.0 1.0 1.0 0.0007365189099627642 0.12316671624379881 1966.3030357376615 -955.679648663018 -741.6492713934358 1550.1549586167378
214.07289180940202 52.3071693955848 39633282656111909 10 163-164-165-167-168-169-170-171-173-460 0.8670305803895171 1.0 6 0.8917539803959436 1.0 [-1,-1] 1.0 1.0 1.0 0.0006576102792991648 0.1359368301360722 3051.825242098458 -1545.6317635759895 -1045.4052197680026 2414.9094571466035
213.7363543775444 52.552682005075994 39633286355486592 10 163-164-165-167-168-169-170-171-173-460 0.44880510429477 1.0 6 1.074261687279421 1.0 [-1,-1] 1.0 1.0 1.0 0.0006285113834356281 0.1413409039925048 1771.7275324495763 -895.8568807034004 -598.28386473045 1406.597069433686
214.00423034458873 51.97034981172549 39633278935761140 9 163-164-165-167-168-169-170-171-460 0.6826245986832569 1.0 6 1.0581099510436132 1.0 [-1,-1] 1.0 1.0 1.0 0.0008053318504768218 0.11384060807160488 2527.2263983182575 -1290.702698330714 -870.7286231625409 1990.6761358101298
216.9742487051536 52.17877036405187 39633282685472259 9 163-164-165-167-168-169-170-171-460 0.5498336691969218 1.0 6 0.9562854077506613 1.0 [-1,-1] 1.0 1.0 1.0 0.0006094867785671962 0.14511252611805409 2111.352317180408 -1034.3281355594686 -778.6935534306298 1667.8160165613986
216.54583461038004 52.851250747457556 39633290063252527 9 163-164-165-167-168-169-170-172-173 0.9645553269203352 1.0 6 0.7248912185403898 1.0 [-1,-1] 1.0 1.0 1.0 0.0003767415448896098 0.21544643941305056 3306.6214189087705 -1604.2097089806284 -1189.0398963280588 2635.610089246643
214.71943429708435 51.23551266250036 39633267661472552 9 163-164-165-167-168-169-170-172-173 0.48657570857535076 1.0 6 1.3532102340882135 1.0 [-1,-1] 1.0 1.0 1.0 0.000668512811805897 0.13401699399284683 1901.1294141726191 -978.3980564945074 -677.9660310610348 1482.360399230715
214.70957916787034 51.243023858842925 39633267661472448 9 163-164-165-167-168-169-170-172-173 0.6952422752294891 1.0 6 1.348369822670688 1.0 [-1,-1] 1.0 1.0 1.0 0.0005639081233901963 0.1550231922816235 2565.0211043126856 -1320.0053304365974 -914.3415632291612 2000.2246621167565
214.65409188225237 51.44494619235739 39633271440542054 9 163-164-165-167-168-169-170-172-173 0.7124460780235797 1.0 6 1.1767111636728975 1.0 [-1,-1] 1.0 1.0 1.0 0.0005823912580269674 0.15084542533972659 2616.087689104366 -1341.2650997724932 -927.1469095549572 2045.8057916914786
215.29538393227662 52.293123461852396 39633282668694855 9 163-164-165-167-168-169-170-172-173 0.7905732400430654 1.0 6 0.2416332305266191 1.0 [-1,-1] 1.0 1.0 1.0 0.0008239664519383997 0.11155322342262282 2841.3980966410227 -1418.415062645133 -1004.1222909277874 2247.9724817084752
214.66273790112808 51.44010368845373 39633271440542133 9 163-164-165-167-168-169-170-172-173 0.7018278620110542 1.0 6 1.1787270130236802 1.0 [-1,-1] 1.0 1.0 1.0 0.0005639081233901963 0.1550231922816235 2584.6324646666944 -1325.1403056973556 -916.2962216493189 2021.0713450584894
215.00592166817182 53.44860062810393 39633300964247975 10 163-164-165-167-168-169-170-172-173-460 0.766157454115082 1.0 6 0.9941572803513854 1.0 [-1,-1] 1.0 1.0 1.0 0.0007242712797402853 0.12498917450484462 2772.12878524923 -1352.259708036002 -947.0707386257908 2226.914614453944
216.0259606827117 52.347633688118535 39633282677082146 10 163-164-165-167-168-169-170-172-173-460 0.960185748952968 1.0 6 0.35508907869375583 1.0 [-1,-1] 1.0 1.0 1.0 0.0003767415448896098 0.21544643941305056 3295.5185275998324 -1628.120244088186 -1184.026075021275 2609.1663592445975
214.71507315718895 51.247727168904554 39633267661472507 10 163-164-165-167-168-169-170-172-173-460 0.4866429476888268 1.0 6 1.342749673984383 1.0 [-1,-1] 1.0 1.0 1.0 0.000668512811805897 0.13401699399284683 1901.3571623332382 -978.3070569805161 -677.7927600410811 1482.7917370466828
216.60910527586873 53.01143647274066 39633293724878529 10 163-164-165-167-168-169-170-172-173-460 0.6878131368405668 1.0 6 0.8438672194798025 1.0 [-1,-1] 1.0 1.0 1.0 0.0008053318504768218 0.11384060807160488 2542.8031741997106 -1228.078874953341 -912.3547034998387 2031.078323111933
216.47821716476227 52.60714352763234 39633286384845389 10 163-164-165-167-168-169-170-172-173-460 0.7520191237169076 1.0 6 0.6043434256859167 1.0 [-1,-1] 1.0 1.0 1.0 0.0007242712797402853 0.12498917450484462 2731.546423358782 -1333.8165987181255 -986.1878365300863 2170.1872488401254
215.51537718402227 52.04868560133634 39633278948347092 10 163-164-165-167-168-169-170-172-173-460 0.8975524141123604 1.0 6 0.4514124645832261 1.0 [-1,-1] 1.0 1.0 1.0 0.0005723615213970424 0.15308410280969617 3133.165691270449 -1568.3950387896791 -1119.3605238715386 2470.6064577047036
216.26816101491497 51.606359077153634 39633271457319172 10 163-164-165-167-168-169-170-172-173-460 0.46976249504044026 1.0 6 1.0107887891747434 1.0 [-1,-1] 1.0 1.0 1.0 0.0005330850268982689 0.1625298359500762 1843.8901941104696 -923.2998026281452 -677.4415279569403 1445.1717886130143
216.31019968900014 53.16426644963062 39633297361339616 10 163-164-165-167-168-169-170-172-173-460 0.5658893416099335 1.0 6 0.8251213748708918 1.0 [-1,-1] 1.0 1.0 1.0 0.0006724560872077301 0.13333590500666823 2163.439292523006 -1045.177529829035 -768.0457189594829 1731.525130386773
216.00465548394976 53.610840334760425 39633300976828497 10 163-164-165-167-168-169-170-172-173-460 0.9140842502973997 1.0 6 1.1514991438583337 1.0 [-1,-1] 1.0 1.0 1.0 0.00042618922305278896 0.1953324009783564 3176.607437155804 -1524.5632418772966 -1107.8493089241072 2557.188229291409
216.60686605515593 53.00975873607596 39633293724878503 10 163-164-165-167-168-169-170-172-173-460 0.6891425217242366 1.0 6 0.8417829986195148 1.0 [-1,-1] 1.0 1.0 1.0 0.0008053318504768218 0.11384060807160488 2546.786278092977 -1230.0860934365883 -913.7712857972726 2034.214980347208
215.12903725409595 51.54320494500339 39633271444737526 10 163-164-165-167-168-169-170-172-173-460 0.5280214705658777 1.0 6 0.9836462729176256 1.0 [-1,-1] 1.0 1.0 1.0 0.0006888416087567301 0.1305783864573065 2039.772236144358 -1037.5217967887065 -729.9683449111797 1597.2994434235936
216.95499916080638 53.54563025093581 39633300985218188 10 163-164-165-167-168-169-170-172-173-460 0.817606664513934 1.0 6 1.3634949135626515 1.0 [-1,-1] 1.0 1.0 1.0 0.000762533893525711 0.11946670068019369 2916.910284071307 -1384.9953183797754 -1041.9643504760281 2346.1593862574914
215.08793188958464 51.259428568186955 39633267665666593 10 163-164-165-167-168-169-170-172-173-460 0.6175812091875591 1.0 6 1.2663764863099465 1.0 [-1,-1] 1.0 1.0 1.0 0.0007056687116799521 0.12786279395313782 2327.7227104973776 -1191.9567027317746 -837.3461876666804 1815.5945576527076
214.26689504241614 53.0760502661644 39633293699714009 10 163-164-165-167-168-169-170-172-173-460 0.9140736015899943 1.0 6 0.9422942946008938 1.0 [-1,-1] 1.0 1.0 1.0 0.00042618922305278896 0.1953324009783564 3176.579592471306 -1577.1010668109263 -1074.4906698223267 2539.46449725799
214.94100625084516 52.797056771865115 39633290050666584 10 163-164-165-167-168-169-170-172-173-460 0.4840953095839655 1.0 6 0.4508420749440518 1.0 [-1,-1] 1.0 1.0 1.0 0.000668512811805897 0.13401699399284683 1892.7215054674275 -938.1254075856483 -655.4440069664458 1507.55052009308
217.04420772814262 51.863347744091385 39633275223805216 10 163-164-165-167-168-169-170-172-173-460 1.043121134336753 1.0 6 1.140944556091842 1.0 [-1,-1] 1.0 1.0 1.0 0.00017557006270178804 0.37077784677498654 3501.4567728992306 -1725.8743460965195 -1302.6286118004978 2754.0363058039943
217.10373555113077 51.838428684408726 39633275227996703 10 163-164-165-167-168-169-170-172-173-460 0.5239125652730479 1.0 6 1.1853625460924373 1.0 [-1,-1] 1.0 1.0 1.0 0.0006888416087567301 0.1305783864573065 2026.1819697054593 -998.4777459230039 -755.2451268181547 1593.1291107984441
216.4243079241494 53.54003096308782 39633300981022812 9 163-164-165-167-168-169-170-172-460 0.7288746603264273 1.0 6 1.1792996712955672 1.0 [-1,-1] 1.0 1.0 1.0 0.0005823912580269674 0.15084542533972659 2664.3570515452634 -1274.0085406811636 -940.1146616379518 2142.868441916997
215.71903770942305 52.076798422884245 39633278952539121 9 163-164-165-167-168-169-170-172-460 0.9159718685565275 1.0 6 0.44390359193346474 1.0 [-1,-1] 1.0 1.0 1.0 0.00042618922305278896 0.1953324009783564 3181.540470469415 -1587.5605201653136 -1141.5780237458232 2509.7113331512387
215.76842950698637 53.95528278520968 39633308144895548 9 163-164-165-167-168-169-170-172-460 0.8248603606696794 1.0 6 1.4641246514594815 1.0 [-1,-1] 1.0 1.0 1.0 0.000762533893525711 0.11946670068019369 2936.963204972791 -1402.202866572258 -1010.1265512111639 2374.7051056665605
216.21713343542768 52.256164018910084 39633282681274855 9 163-164-165-167-168-169-170-172-460 0.40531491076541565 1.0 6 0.5010965027205463 1.0 [-1,-1] 1.0 1.0 1.0 0.00024055914515870672 0.3007331513712552 1619.0588948734999 -799.5856236157664 -585.5754748300714 1280.2796174482828
217.33908421111528 51.76214390290536 39633275227998665 9 163-164-165-167-168-169-170-173-460 0.6676617623710548 1.0 6 1.3486114274199275 1.0 [-1,-1] 1.0 1.0 1.0 0.0006371005092682059 0.1397016056866948 2482.0291711961086 -1221.3679327815667 -931.7503736089564 1949.5051732993413
216.9776083145698 53.537215906366995 39633300985218414 9 163-164-165-167-168-169-170-173-460 0.7490063768541658 1.0 6 1.3659178745079685 1.0 [-1,-1] 1.0 1.0 1.0 0.0006073340474539246 0.1455520198534496 2722.853633623166 -1292.72715601588 -973.3479285998723 2189.8361171841857
213.67530415387122 52.82469493022139 39633290033892834 8 163-164-165-167-168-169-170-460 0.8100203719425243 1.0 6 1.1533091376379963 1.0 [-1,-1] 1.0 1.0 1.0 0.000762533893525711 0.11946670068019369 2895.8438343199314 -1456.196855199857 -970.2560157849887 2307.380656828831
