EDR/data_rosette/LRG_10_clustering_data.ecsv
# %ECSV 1.0
# ---
# datatype:
# - {name: RA, unit: deg, datatype: float64}
# - {name: DEC, unit: deg, datatype: float64}
# - {name: TARGETID, datatype: int64}
# - {name: NTILE, datatype: int64}
# - {name: TILES, datatype: string}
# - {name: Z, datatype: float64}
# - {name: COMP_TILE, datatype: float64}
# - {name: ROSETTE_NUMBER, datatype: int32}
# - {name: ROSETTE_R, unit: deg, datatype: float64}
# - {name: FRACZ_TILELOCID, datatype: float64}
# - {name: BITWEIGHTS, datatype: string, subtype: 'int64[2]'}
# - {name: PROB_OBS, datatype: float64}
# - {name: WEIGHT_ZFAIL, datatype: float64}
# - {name: WEIGHT, datatype: float64}
# - {name: NZ, unit: h3 / Mpc3, datatype: float64}
# - {name: WEIGHT_FKP, datatype: float64}
# - {name: distance, unit: Mpc, datatype: float64}
# - {name: x, unit: Mpc, datatype: float64}
# - {name: y, unit: Mpc, datatype: float64}
# - {name: z, unit: Mpc, datatype: float64}
# meta: !!omap
# - {EXTNAME: LSS}
# - {DESIDR: edr}
# - comments: ['Visit https://desidatamodel.readthedocs.io/en/latest/ for a more complet', e description]
# schema: astropy-2.0
RA DEC TARGETID NTILE TILES Z COMP_TILE ROSETTE_NUMBER ROSETTE_R FRACZ_TILELOCID BITWEIGHTS PROB_OBS WEIGHT_ZFAIL WEIGHT NZ WEIGHT_FKP distance x y z
[from data line 5026]
219.2255256663841 3.4864910263910422 39627872947671000 4 273-276-279-472 0.6705278049313994 0.7727272727272727 10 1.5793397150262987 1.0 [-1,-1] 1.0 1.0 1.0 0.0007209928471550773 0.12577569469930108 2490.7183446368613 -1925.8958164770772 -1572.1515361837453 151.46855667684568
219.1801788782796 3.497530302801452 39627872947669855 4 273-276-279-472 0.4478050360141618 0.7727272727272727 10 1.5535357447732028 1.0 [-1,-1] 1.0 1.0 1.0 0.0005288673958748294 0.16397488484989944 1768.2612594217346 -1368.1378508467512 -1115.03810236163 107.87368972064907
219.74284673690283 2.185867582773193 39627842769655194 4 273-276-279-472 0.7968012576663112 0.7727272727272727 10 1.7089993307950302 1.0 [-134217729,-144115188075855873] 0.984375 1.0 1.015748031496063 0.0007229154976227362 0.12548315978664992 2858.904233035021 -2196.6738216721246 -1826.4904287029442 109.0424169875225
219.72154911972694 2.203741674828866 39627842769654801 4 273-276-279-472 0.795584802536104 0.7727272727272727 10 1.6854373528617415 0.5 [-950224055245451838,5096049825694235040] 0.375 1.0 2.63265306122449 0.0007229154976227362 0.12548315978664992 2855.490115359971 -2194.702271615712 -1823.471738802919 109.80234820071169
219.61448133371974 2.701110620893658 39627854849247718 4 273-276-279-472 0.758340801673747 0.7727272727272727 10 1.5862514696887384 1.0 [-1,-1] 1.0 1.0 1.0 0.0006416626200019751 0.139161677870846 2749.735038262465 -2115.910719228961 -1751.3345555628218 129.5834996897102
219.70425213186377 2.208626020098675 39627842769654356 4 273-276-279-472 0.7944350137306322 0.7727272727272727 10 1.6676543888859414 1.0 [-4512999137124281585,-8275925019041412536] 0.390625 1.0 2.5294117647058822 0.0007229154976227362 0.12548315978664992 2852.260795740585 -2192.762810605372 -1820.7416747927477 109.92113999429465
219.69561904509064 2.202624380157134 39627842769654137 4 273-276-279-472 0.6677934992132843 0.7727272727272727 10 1.6599199664389666 1.0 [6484057426041956343,-585471260362326145] 0.796875 1.0 1.2524271844660195 0.000700708733790897 0.12894715825466588 2482.4288992110564 -1908.689665890657 -1584.3781722315173 95.40862810430203
219.6747910394826 2.305591395451098 39627842769653611 4 273-276-279-472 0.40715864764758963 0.7727272727272727 10 1.628163407906174 1.0 [-1,-1] 1.0 1.0 1.0 0.0003379611466139912 0.2348475370676925 1625.6117983845786 -1250.188862404451 -1036.9979411474087 65.39722794618008
219.59392986649414 2.6583047255402454 39627854849247294 4 273-276-279-472 0.6661142537779514 0.7727272727272727 10 1.5592120245119143 1.0 [-1,-1] 1.0 1.0 1.0 0.000700708733790897 0.12894715825466588 2477.331176970202 -1906.9294897941 -1577.2090090135182 114.89744657203595
219.1403042924421 3.516645357646496 39627872947668917 4 273-276-279-472 0.5563271501620154 0.7727272727272727 10 1.5382870919212712 1.0 [-1,-1] 1.0 1.0 1.0 0.000677088223595666 0.13284793461577618 2132.4793203396825 -1650.8420774323229 -1343.5322974307996 130.80310705653778
219.60403744017773 1.830019016379189 39627830690056469 4 273-276-279-472 0.6453699362667733 0.7727272727272727 10 1.6648276486313964 1.0 [-1,-1] 1.0 1.0 1.0 0.000833303205902425 0.11070054926254569 2413.925300237504 -1858.9043916947574 -1538.040104354664 77.08732101559812
219.30534393115107 1.4162321391852022 39627824646063173 4 273-276-279-472 0.40256365482738715 0.7727272727272727 10 1.6130088876110502 1.0 [-1,-1] 1.0 1.0 1.0 0.0003379611466139912 0.2348475370676925 1609.2671893088952 -1244.84020640869 -1019.0838050385815 39.77367725780411
219.57592451068894 3.051856460042837 39627860889044460 4 273-276-279-472 0.48667263543877776 0.7727272727272727 10 1.6461479944432045 1.0 [-1,-1] 1.0 1.0 1.0 0.00048380039118235755 0.17655271186088778 1901.4577159029493 -1463.5289284041419 -1209.7009423100985 101.23315299419694
219.5766290646423 3.059212286382436 39627860889044476 4 273-276-279-472 0.488083302141338 0.7727272727272727 10 1.6495868462703471 1.0 [-1,-1] 1.0 1.0 1.0 0.00048380039118235755 0.17655271186088778 1906.2336249852656 -1467.1799200325613 -1212.749090177903 101.7318020600318
219.34075203186688 1.4186742943342736 39627824646063938 4 273-276-279-472 0.6656926400646802 0.7727272727272727 10 1.639176145432786 1.0 [-1,-1] 1.0 1.0 1.0 0.000700708733790897 0.12894715825466588 2476.0504560209247 -1914.3644838808198 -1569.1642804790336 61.30207570603603
219.64280964352278 1.8985065542272885 39627836729854935 4 273-276-279-472 0.758829422117301 0.7727272727272727 10 1.678061730039216 1.0 [-1,-1] 1.0 1.0 1.0 0.0006416626200019751 0.139161677870846 2751.1379870856854 -2117.314518302788 -1754.2612247152126 91.14280021369366
218.3959539427944 3.764618961800499 39627878966495212 4 273-276-280-472 0.40055315698728006 1.0 10 1.3785996691400513 1.0 [-1,-1] 1.0 1.0 1.0 0.0003379611466139912 0.2348475370676925 1602.1017203416748 -1252.9175193243734 -992.9061384919547 105.19036190073338
219.56398143216902 2.5472677074067547 39627848809448885 3 273-276-281 0.7953236043355952 0.8571428571428571 10 1.5170922307214454 1.0 [-1,-1] 1.0 1.0 1.0 0.0007229154976227362 0.12548315978664992 2854.7567059187495 -2198.5967574041474 -1816.5105944464412 126.875563383486
219.59660691494426 2.561357139935669 39627848809449571 3 273-276-281 0.48425391167876625 0.8571428571428571 10 1.550713030730045 1.0 [-4776687676500500753,-1202055126679037041] 0.65625 1.0 1.5176470588235293 0.00048380039118235755 0.17655271186088778 1893.2595016864784 -1457.3954979347297 -1205.5170418850896 84.60830367249034
219.5242229965347 1.7328816043020343 39627830690054657 3 273-276-281 0.7943403517015863 0.8571428571428571 10 1.62985076738534 1.0 [-1,-1] 1.0 1.0 1.0 0.0007229154976227362 0.12548315978664992 2851.994826079527 -2198.8960967425555 -1814.1919468396188 86.24397797537702
219.6027032809992 2.564216720390581 39627848809449717 3 273-276-281 0.7942103642105218 0.8571428571428571 10 1.5570240016629255 0.5 [-3400518297823938086,4246485326102488317] 0.6640625 1.0 1.5 0.0007229154976227362 0.12548315978664992 2851.629578505182 -2194.9326140917897 -1815.9806151029861 127.57930150304932
219.5892298663696 2.5551904056868104 39627848809449408 3 273-276-281 0.7833476354743018 0.8571428571428571 10 1.5428606016709467 1.0 [5654753013235744549,-4755942094929072641] 0.703125 1.0 1.4175824175824177 0.0007324854237337303 0.12404708914385561 2821.0050836748665 -2171.798269552458 -1795.9802530086652 125.765214949604
219.54038179147935 2.7040114265576776 39627854849246085 3 273-276-281 1.0550427406181884 0.8571428571428571 10 1.5138890238021196 1.0 [-1,-1] 1.0 1.0 1.0 0.0001568149373683449 0.39812733398474315 3530.2459679988156 -2719.41003573863 -2244.9295460407698 166.5442445991396
219.63809004111272 1.9314700346283664 39627836729854810 4 273-276-281-472 1.0896158391758972 1.0 10 1.6633983779720818 1.0 [-1,-1] 1.0 1.0 1.0 0.0001075182622224553 0.4910338705006151 3612.617100292572 -2780.457226683867 -2303.3094452351193 121.76010593974763
219.6457147175321 1.9660609278512133 39627836729855006 3 273-276-472 0.8317160518253146 1.0 10 1.6606580450491208 1.0 [-1,-1] 1.0 1.0 1.0 0.0006232532477076302 0.14268566385842998 2955.835431843228 -2274.6665018696144 -1884.8267714288988 101.40733265897181
219.6070212158723 1.9601880941698597 39627836729854160 3 273-276-472 0.6365296278603744 1.0 10 1.625259311814571 1.0 [-1,-1] 1.0 1.0 1.0 0.000833303205902425 0.11070054926254569 2386.66012417976 -1837.6908101285637 -1520.6494077144744 81.63585937801174
219.6832679995072 2.17982344694008 39627842769653833 3 273-276-472 0.6711752354333702 1.0 10 1.6510098389674472 1.0 [-1,-1] 1.0 1.0 1.0 0.0007209928471550773 0.12577569469930108 2492.679104246127 -1916.942935373687 -1590.5312662696147 94.81134048710413
219.4376548503652 3.2177230794047924 39627866920454969 3 273-276-472 0.953619183498184 1.0 10 1.5941735520199545 1.0 [-1,-1] 1.0 1.0 1.0 0.00041974738576830407 0.19815580287489248 3278.7791259468836 -2528.2622080203214 -2079.522158599011 184.03900710699378
219.50148094733004 2.9306890733209516 39627860889043002 2 273-277 0.8914469112762534 0.6666666666666666 10 1.533905318590183 1.0 [1149541016110233599,-647889441267713] 0.8203125 1.0 1.2169811320754718 0.0005275616701708153 0.16431404058018498 3117.01317735109 -2401.9671361139763 -1980.1331830733209 159.36625144828244
219.51543895917524 2.909435748668297 39627860889043269 2 273-277 0.7686346436972565 0.6666666666666666 10 1.5403564498163722 0.5 [-293939274041025154,-3568425630218343804] 0.6328125 1.0 1.5731707317073171 0.0006416626200019751 0.139161677870846 2779.2035197148643 -2141.2617066369803 -1766.0892169267106 141.06518188686772
218.79903115860947 2.8558401170753753 39627854836663364 5 273-277-278-280-472 0.9070861461315697 1.0 10 0.8609250504615297 1.0 [-1,-1] 1.0 1.0 1.0 0.0005275616701708153 0.16431404058018498 3158.270348626236 -2458.3365324473966 -1976.4848779368117 157.35506198817484
219.4969865958555 2.8244674898925903 39627854845055974 5 273-277-279-280-281 1.0152409015038635 1.0 10 1.498321407274256 1.0 [-1,-1] 1.0 1.0 1.0 0.00020304675497218746 0.33812883710054276 3433.3423858674605 -2646.1477543631954 -2181.082144318829 169.1823879907771
219.55507575944722 2.8071614461563485 39627854849246390 4 273-277-279-472 0.9483276563450461 1.0 10 1.5500861449009602 1.0 [-1,-1] 1.0 1.0 1.0 0.0004445766401596716 0.18918261239264766 3265.242598829757 -2514.5228286617594 -2076.8754633811714 159.91398611944834
219.57151691959834 2.8076526912894173 39627854849246756 4 273-277-279-472 0.8058525898206254 1.0 10 1.566139701504165 1.0 [-1,-1] 1.0 1.0 1.0 0.0007229154976227362 0.12548315978664992 2884.229165262281 -2220.581661189706 -1835.1662846926465 141.27870067674206
218.20291486305348 0.8430686161942658 39627806505702075 4 273-278-279-281 0.7794041235064222 1.0 10 1.59427525960793 1.0 [-1,-1] 1.0 1.0 1.0 0.0007324854237337303 0.12404708914385561 2809.837542816379 -2207.8027702046934 -1737.5513434156858 41.34336574608883
217.24628725469594 1.1071572329494743 39627812528722820 4 273-278-280-281 0.6457761054714656 1.0 10 1.547650843062685 1.0 [-1,-1] 1.0 1.0 1.0 0.000833303205902425 0.11070054926254569 2415.174478368683 -1922.2195137638362 -1461.4931099187959 46.66681399933424
217.2625766224192 1.1146840311149924 39627812532912410 4 273-278-280-281 0.8350335637865127 1.0 10 1.5327985130807695 1.0 [7142707770951085294,5582104741067352405] 0.65625 1.0 1.5176470588235293 0.0006232532477076302 0.14268566385842998 2964.9398828103062 -2359.2575409874244 -1794.8385716142266 57.6789894065908
217.96814797604497 0.7566389396647982 39627806501507727 3 273-278-281 0.6000137694179081 1.0 10 1.6753600614108715 0.5 [1303705277858521882,21547284089557068] 0.359375 1.0 2.74468085106383 0.0007756247847600315 0.11796159141779075 2272.4698399516615 -1791.351958248974 -1397.9545038852668 30.009002555813435
217.97658482360325 0.7871452070200878 39627806501507938 3 273-278-281 0.7629331514874055 1.0 10 1.6444929437287379 1.0 [-1,-1] 1.0 1.0 1.0 0.0006416626200019751 0.139161677870846 2762.904409855925 -2177.6878361093186 -1699.9634649313712 37.95634810354718
217.62567125755206 0.9479449012343204 39627812537109120 3 273-278-281 0.801560695777545 1.0 10 1.5415497801162954 1.0 [-9007199288303617,-17179869185] 0.96875 1.0 1.032 0.0007229154976227362 0.12548315978664992 2872.2380371210497 -2274.5476851864382 -1753.261583151828 47.51832006649267
216.84035336004933 1.4559421621234923 39627824604121191 3 273-278-281 0.7063321447147248 1.0 10 1.5525193180243737 1.0 [-1,-1] 1.0 1.0 1.0 0.0005843703162771602 0.15074849413407446 2598.0006890045265 -2078.532808832465 -1557.2255895317867 66.01065052245046
219.3303712892155 1.312310939553364 39627818606266444 2 273-279 0.6351642028044138 0.8571428571428571 10 1.6990525309399476 1.0 [-1,-1] 1.0 1.0 1.0 0.000833303205902425 0.11070054926254569 2382.435791594211 -1842.34111847107 -1509.5702684920693 54.562887979678976
219.3838859521223 1.3824934175201884 39627824646064906 2 273-279 1.0514850772979334 0.8571428571428571 10 1.6954360109725144 0.3333333333333333 [-1152932499731644929,-7278661444235689985] 0.890625 1.0 1.1217391304347826 0.0001568149373683449 0.39812733398474315 3521.675564166224 -2721.153167143721 -2233.8990391216666 84.96648280635748
219.56516975911765 1.6974035159177285 39627830690055596 2 273-279 0.8287389659920652 0.8571428571428571 10 1.6820904982810438 1.0 [-1,-1] 1.0 1.0 1.0 0.0006627118749498285 0.13533979738261318 2947.6497348327466 -2271.347828390584 -1876.6977875108837 87.31217599336168
219.33490065795255 1.3290121892223448 39627818606266581 2 273-279 0.5496121592574705 0.8571428571428571 10 1.6915427708298039 1.0 [-1,-1] 1.0 1.0 1.0 0.0007045118177349687 0.128340413101622 2110.630148689104 -1632.036720108771 -1337.4675211843148 48.95302390126208
219.54517942059564 2.8557649991889034 39627854849246181 2 273-279 0.5971465324229734 0.8571428571428571 10 1.5530851560019119 1.0 [-1,-1] 1.0 1.0 1.0 0.0007756247847600315 0.11796159141779075 2263.395620258783 -1743.1883929353116 -1439.283729940968 112.76659642580374
219.60188966145134 1.7814015573410389 39627830690056427 3 273-279-281 0.8899240432103616 0.9444444444444444 10 1.6810009059589175 1.0 [-1,-1] 1.0 1.0 1.0 0.0005690156306133545 0.15418916366201427 3112.975137767331 -2397.363926252363 -1983.4051029165832 96.77092117906626
219.33665514684014 1.3612778996058987 39627818606266625 3 273-279-281 0.7286939271193166 0.9444444444444444 10 1.6720612254442142 1.0 [7060474668771142463,-6362544250061636867] 0.6484375 1.0 1.5357142857142858 0.0006167714992318164 0.14396928707710532 2663.8286506851773 -2059.7164262909228 -1688.059992640765 63.283368464575666
219.51100076563367 1.6838490198589893 39627830690054399 3 273-279-281 0.6378580137745837 0.9444444444444444 10 1.6396598120728039 1.0 [-1,-1] 1.0 1.0 1.0 0.000833303205902425 0.11070054926254569 2390.76649535654 -1843.6857115669502 -1520.4118419354597 70.25142835333365
219.2443820166106 1.2426127996383087 39627818602075339 3 273-279-281 0.9383194704493324 0.9444444444444444 10 1.683722285782358 1.0 [-811219679149623124,8646910938183581435] 0.7578125 1.0 1.316326530612245 0.0004445766401596716 0.18918261239264766 3239.52375053346 -2508.274318811939 -2048.9359901018393 70.25226205806064
219.6012705589934 2.606280298664933 39627848809449686 3 273-279-281 0.7774463043788876 0.9444444444444444 10 1.559765252361892 1.0 [-1,-1] 1.0 1.0 1.0 0.0007324854237337303 0.12404708914385561 2804.283330133581 -2158.46275860444 -1785.7163106520711 127.5177370170636
219.16683208582415 1.201751819293621 39627818602073699 3 273-279-281 1.0072186988263654 0.9444444444444444 10 1.6597009240853358 1.0 [-1,-1] 1.0 1.0 1.0 0.0002622817504223413 0.28340640119267335 3413.536483775044 -2645.9676415054882 -2155.449174317545 71.59206033485268
219.16823101568 1.2047997847584841 39627818602073719 3 273-279-281 0.7756092258939878 0.9444444444444444 10 1.658387981789227 1.0 [-1,-1] 1.0 1.0 1.0 0.0007324854237337303 0.12404708914385561 2799.0656610480287 -2169.6213343639424 -1767.497691474633 58.85364018399041
219.23310799661505 1.265735314324548 39627818602075040 3 273-279-281 0.6751033395805591 0.9444444444444444 10 1.6594435910633343 1.0 [-1,-1] 1.0 1.0 1.0 0.0007209928471550773 0.12577569469930108 2504.558909020763 -1939.505740859707 -1583.6893723345568 55.324333544033124
219.13955756874634 1.1848722040308826 39627818602073173 3 273-279-281 0.8657943520757313 0.9444444444444444 10 1.6541617545150922 1.0 [-1,-1] 1.0 1.0 1.0 0.0006812235016579503 0.1321480675826358 3048.4992716088886 -2363.9433797621787 -1923.8361904478065 63.038231270904014
219.18526544448903 1.1694008847103263 39627818602074074 3 273-279-281 0.9374973629704059 0.9444444444444444 10 1.6960585023379564 0.3333333333333333 [-4928352301284343999,-237054991538086050] 0.640625 1.0 1.5542168674698795 0.0004445766401596716 0.18918261239264766 3237.4043187993757 -2508.812117910871 -2045.0631212270023 66.0704972108775
