EDR/data_rosette/LRG_15_clustering_data.ecsv
# %ECSV 1.0
# ---
# datatype:
# - {name: RA, unit: deg, datatype: float64}
# - {name: DEC, unit: deg, datatype: float64}
# - {name: TARGETID, datatype: int64}
# - {name: NTILE, datatype: int64}
# - {name: TILES, datatype: string}
# - {name: Z, datatype: float64}
# - {name: COMP_TILE, datatype: float64}
# - {name: ROSETTE_NUMBER, datatype: int32}
# - {name: ROSETTE_R, unit: deg, datatype: float64}
# - {name: FRACZ_TILELOCID, datatype: float64}
# - {name: BITWEIGHTS, datatype: string, subtype: 'int64[2]'}
# - {name: PROB_OBS, datatype: float64}
# - {name: WEIGHT_ZFAIL, datatype: float64}
# - {name: WEIGHT, datatype: float64}
# - {name: NZ, unit: h3 / Mpc3, datatype: float64}
# - {name: WEIGHT_FKP, datatype: float64}
# - {name: distance, unit: Mpc, datatype: float64}
# - {name: x, unit: Mpc, datatype: float64}
# - {name: y, unit: Mpc, datatype: float64}
# - {name: z, unit: Mpc, datatype: float64}
# meta: !!omap
# - {EXTNAME: LSS}
# - {DESIDR: edr}
# - comments: ['Visit https://desidatamodel.readthedocs.io/en/latest/ for a more complet', e description]
# schema: astropy-2.0
RA DEC TARGETID NTILE TILES Z COMP_TILE ROSETTE_NUMBER ROSETTE_R FRACZ_TILELOCID BITWEIGHTS PROB_OBS WEIGHT_ZFAIL WEIGHT NZ WEIGHT_FKP distance x y z
[from data line 4184]
267.14129673029896 64.90855553458374 39633443767714322 4 407-408-413-416 1.0394501168216794 0.6666666666666666 15 1.5460218474122105 1.0 [-1,-1] 1.0 1.0 1.0 0.00017557006270178804 0.37077784677498654 3492.5513737608267 -73.86533176864798 -1479.222899035021 3162.9667443860003
266.076507912456 65.98007798615845 39633453825655112 5 407-408-413-416-439 1.0517022450042066 1.0 15 1.4863324758372942 1.0 [-1,-1] 1.0 1.0 1.0 0.00014839258087788972 0.41078905010633954 3522.1992294000233 -98.10178361049006 -1430.3659968981701 3217.1907880254885
265.99005865690714 65.45167426146912 39633448834436536 5 407-408-413-416-440 0.5722444631356841 1.0 15 1.638314937168541 1.0 [-1,-1] 1.0 1.0 1.0 0.0005369919189708607 0.1615383650856205 2183.9162922002624 -63.44926833747003 -905.1099553118577 1986.5146690826496
269.02592922567516 64.55093851515167 39633438608721090 4 407-408-413-440 0.784371192558994 1.0 15 1.4982398288480676 1.0 [-1,-1] 1.0 1.0 1.0 0.0007064174578981374 0.12774458208408304 2823.899317763003 -20.628616448526802 -1213.2781510309323 2549.8897908099357
266.8035164404762 66.83781966567116 39633461119553710 7 407-408-414-415-416-439-440 0.89924181867847 1.0 15 1.4274807954663804 1.0 [-1,-1] 1.0 1.0 1.0 0.0005723615213970424 0.15308410280969617 3137.624728758186 -68.81581567194027 -1232.2179224772628 2884.717024866409
268.99948293543537 64.62261193742789 39633438608720892 6 407-408-414-415-416-440 0.941522943071047 1.0 15 1.4302638457134254 1.0 [-1,-1] 1.0 1.0 1.0 0.0003671239319408774 0.21984967794317842 3247.7725946165383 -24.305014624123864 -1391.7136031922967 2934.3771637769873
268.9961885803317 64.61525127743059 39633438608720867 6 407-408-414-415-416-440 0.49488152920716766 1.0 15 1.4377573047628853 1.0 [-1,-1] 1.0 1.0 1.0 0.0007365189099627642 0.12316671624379881 1929.1925943146941 -14.488750903252967 -826.9076474574296 1742.9279631219251
270.33440182615635 66.2863422075023 39633456308684909 5 407-408-414-416-440 0.7991644261479979 1.0 15 0.36144919067252157 1.0 [-1,-1] 1.0 1.0 1.0 0.0008239664519383997 0.11155322342262282 2865.5295606243194 6.725952945092737 -1152.3990334625678 2623.583597304139
267.3420404118078 67.17498386666898 39633465859116772 6 407-408-415-416-439-440 0.7329348257090738 1.0 15 1.4943069480473836 1.0 [-1,-1] 1.0 1.0 1.0 0.0006073340474539246 0.1455520198534496 2676.212281109817 -48.142706796870215 -1037.0341695776483 2466.6484517404742
266.28731911775844 65.38758090236713 39633448838628640 5 407-408-415-416-440 0.8098786191302931 1.0 15 1.5510057346953825 1.0 [-1,-1] 1.0 1.0 1.0 0.0008239664519383997 0.11155322342262282 2895.4492810338925 -78.08523264394336 -1203.3597407124173 2632.3857183010186
266.28956217047363 65.38143487574548 39633448838628662 5 407-408-415-416-440 0.6241238500838941 1.0 15 1.5528322789766025 1.0 [-1,-1] 1.0 1.0 1.0 0.0007056687116799521 0.12786279395313782 2348.149953136724 -63.30213518346685 -976.1310475954255 2134.7058860689617
266.01131723454955 65.99775260431389 39633453821464046 4 407-408-416-439 0.5366389780764736 1.0 15 1.5119402512935252 1.0 [-1,-1] 1.0 1.0 1.0 0.0006094867785671962 0.14511252611805409 2068.1651070888615 -58.5184458723266 -839.2349188011608 1889.329842229085
272.126713566516 67.12319826761595 39633463535472040 9 407-409-410-411-412-413-414-415-416 0.5064328208385442 1.0 15 1.4575847166846463 1.0 [-1,-1] 1.0 1.0 1.0 0.0007365189099627642 0.12316671624379881 1967.9881812922713 28.39099286852834 -764.530290246593 1813.1919006341996
272.1319757312106 67.10562704544537 39633463535472077 9 407-409-410-411-412-413-414-415-416 0.7323168790212665 1.0 15 1.4459399848756518 1.0 [-1,-1] 1.0 1.0 1.0 0.0006073340474539246 0.1455520198534496 2674.4098316054688 38.70564743468355 -1039.7147573587729 2463.729498864484
272.29191213500303 66.543589396351 39633458753962704 10 407-409-410-411-412-413-414-415-416-439 0.7082729741160289 1.0 15 1.1557707413229612 1.0 [-1,-1] 1.0 1.0 1.0 0.0005639081233901963 0.1550231922816235 2603.7495799918606 41.44744239529757 -1035.596748869029 2388.583965147254
271.1388975496015 65.79363154157386 39633451376185222 10 407-409-410-411-412-413-414-415-416-439 0.9970845027983709 1.0 15 0.6180704920431948 1.0 [-1,-1] 1.0 1.0 1.0 0.00023297360745577845 0.30751381291380364 3388.3826350142654 27.61439865808324 -1389.0451424463965 3090.457558113206
268.35534274228155 65.18344407409101 39633446322048531 10 407-409-410-411-412-413-414-415-416-439 0.7538721698598562 1.0 15 1.011021906114263 1.0 [-1,-1] 1.0 1.0 1.0 0.0007242712797402853 0.12498917450484462 2736.885200162281 -32.968831408487155 -1148.2368409982416 2484.150923755895
270.66751036650663 67.21080785306646 39633465884278955 10 407-409-410-411-412-413-414-415-416-439 0.6039987734256151 1.0 15 1.2475549718817713 1.0 [-1,-1] 1.0 1.0 1.0 0.0006106036532175123 0.14488555312656437 2285.0552916351667 10.311373300499682 -885.0371037482871 2106.675268378916
270.69249864802714 67.22273554313762 39633465884279123 10 407-409-410-411-412-413-414-415-416-439 0.6859960826803767 1.0 15 1.2618815888314814 1.0 [-1,-1] 1.0 1.0 1.0 0.0008053318504768218 0.11384060807160488 2537.3536995231516 11.872596800919421 -982.2641046357728 2339.482863086009
268.91701874048886 65.68688775522398 39633451363599185 10 407-409-410-411-412-413-414-415-416-439 0.829942335657294 1.0 15 0.47070020041969596 1.0 [-1,-1] 1.0 1.0 1.0 0.000762533893525711 0.11946670068019369 2950.960247767521 -22.963646691830473 -1214.7609510891427 2689.23685950936
268.5345505332318 65.58974332449354 39633448855404770 10 407-409-410-411-412-413-414-415-416-439 0.9076947283929341 1.0 15 0.6520323918674039 1.0 [-1,-1] 1.0 1.0 1.0 0.0005723615213970424 0.15308410280969617 3159.8680517665975 -33.39650412880334 -1305.4434901252916 2877.4064836544567
268.83272928067777 66.00630755776228 39633453842434211 10 407-409-410-411-412-413-414-415-416-439 0.4545182882807765 1.0 15 0.36501846518784586 1.0 [-1,-1] 1.0 1.0 1.0 0.0005330850268982689 0.1625298359500762 1791.4898420337718 -14.840179927484458 -728.3332171495196 1636.6876146554478
268.41074475310916 66.01257558065727 39633453838241422 10 407-409-410-411-412-413-414-415-416-439 0.8479838969621337 1.0 15 0.5362883198642648 1.0 [-1,-1] 1.0 1.0 1.0 0.0006366829495309179 0.1397804201853648 3000.306837049716 -33.82829768443461 -1219.2639205328678 2741.1844620181737
268.12104554416095 67.21587970775015 39633465867501908 10 407-409-410-411-412-413-414-415-416-439 0.9449052502203581 1.0 15 1.355571671543861 1.0 [-1,-1] 1.0 1.0 1.0 0.0003671239319408774 0.21984967794317842 3256.4649341211975 -41.348989959151275 -1260.420793272797 3002.364660076438
267.74778881695295 65.60131644675296 39633448847019404 11 407-409-410-411-412-413-414-415-416-439-440 0.5412810973727936 1.0 15 0.9137243274810422 1.0 [-1,-1] 1.0 1.0 1.0 0.0006094867785671962 0.14511252611805409 2083.398543968928 -33.82087508136803 -859.9527644447634 1897.3367872743072
266.4834899735268 65.98237261639802 39633453825657949 11 407-409-410-411-412-413-414-415-416-439-440 0.6058283747719296 1.0 15 1.3208014555486043 1.0 [-1,-1] 1.0 1.0 1.0 0.0006106036532175123 0.14488555312656437 2290.8233255733244 -57.190173248212986 -930.6500332480936 2092.48448230566
270.6573826832193 66.4777715137766 39633458741381400 11 407-409-410-411-412-413-414-415-416-439-440 1.0175062069860605 1.0 15 0.5908085785562437 1.0 [-1,-1] 1.0 1.0 1.0 0.00020130102782971312 0.3394727840281335 3438.918323627716 15.74689511111764 -1372.3985477506249 3153.162459818522
267.3456129587667 65.15967139660525 39633446317850798 11 407-409-410-411-412-413-414-415-416-439-440 0.9403998488814506 1.0 15 1.3079567323537398 1.0 [-1,-1] 1.0 1.0 1.0 0.0003671239319408774 0.21984967794317842 3244.8824463535216 -63.12894467333134 -1361.6831204732655 2944.672461652711
267.78770877518997 65.31660567646054 39633446317854427 11 407-409-410-411-412-413-414-415-416-439-440 0.6127264776782891 1.0 15 1.0653649843313506 1.0 [-1,-1] 1.0 1.0 1.0 0.0007056687116799521 0.12786279395313782 2312.5127216782166 -37.27865765464921 -964.9941954170963 2101.2166933513477
268.02581160779835 67.0352288990735 39633463510304497 11 407-409-410-411-412-413-414-415-416-439-440 0.67202028011408 1.0 15 1.2211525134512207 1.0 [-1,-1] 1.0 1.0 1.0 0.0008053318504768218 0.11384060807160488 2495.2371807441646 -33.53823832075451 -972.9765408544339 2297.476969565825
270.3421943054898 65.12598963395627 39633446338822538 11 407-409-410-411-412-413-414-415-416-439-440 0.5350328249015593 1.0 15 0.9291529929359634 1.0 [-1,-1] 1.0 1.0 1.0 0.0006094867785671962 0.14511252611805409 2062.8844104322693 5.182231957015596 -867.6838990798606 1871.5207416841538
269.4355962073157 65.26954489873393 39633446330436014 11 407-409-410-411-412-413-414-415-416-439-440 0.692758146117032 1.0 15 0.7602104420241663 1.0 [-1,-1] 1.0 1.0 1.0 0.0005639081233901963 0.1550231922816235 2557.6031268956376 -10.53981812602559 -1069.9211630961956 2323.034948445481
269.53292182075296 65.31896702888756 39633446330436689 11 407-409-410-411-412-413-414-415-416-439-440 0.690327168950774 1.0 15 0.7057186038135207 1.0 [-1,-1] 1.0 1.0 1.0 0.0005639081233901963 0.1550231922816235 2550.333004426031 -8.681294105681577 -1064.8977335866855 2317.3510492800388
269.5163125940936 65.30188469843893 39633446330436564 11 407-409-410-411-412-413-414-415-416-439-440 0.6892529449491988 1.0 15 0.7234942933324322 1.0 [-1,-1] 1.0 1.0 1.0 0.0008053318504768218 0.11384060807160488 2547.1169832929445 -8.98448051809594 -1064.2422767408734 2314.1116183292825
269.3785005956685 64.89404124742005 39633443780300981 10 407-409-410-411-412-413-414-415-416-440 0.7844024699355405 1.0 15 1.1353808880553657 1.0 [-1,-1] 1.0 1.0 1.0 0.0007064174578981374 0.12774458208408304 2823.9877301885876 -12.9968723499924 -1198.1294283077823 2557.190578464514
267.9964762659063 65.71089281173296 39633451355212759 10 407-409-410-411-412-413-414-415-416-440 0.8967798791021769 1.0 15 0.7732399730379055 1.0 [-1,-1] 1.0 1.0 1.0 0.0005723615213970424 0.15308410280969617 3131.1251524973 -45.02833193329013 -1287.1730422704952 2853.962636261495
269.24191083628284 64.89807629434529 39633443780299995 10 407-409-410-411-412-413-414-415-416-440 0.6999262131287602 1.0 15 1.1400832033376267 1.0 [-1,-1] 1.0 1.0 1.0 0.0005639081233901963 0.1550231922816235 2578.977570337329 -14.475505867142024 -1093.983443234601 2335.4048886566734
270.51259015998437 66.02779326456074 39633453855016464 10 407-409-410-411-412-413-414-415-416-440 0.8248171448195086 1.0 15 0.3181032975895406 1.0 [-1,-1] 1.0 1.0 1.0 0.000762533893525711 0.11946670068019369 2936.843993733171 10.674868561127104 -1193.1727242525371 2683.519618114908
271.91110802561474 66.45227661436196 39633458749770091 9 407-409-410-411-412-413-414-415-439 0.7000025928622847 1.0 15 0.9793976049087001 1.0 [-1,-1] 1.0 1.0 1.0 0.0005639081233901963 0.1550231922816235 2579.2048253152725 34.36359384104068 -1029.8521294826253 2364.4283168977686
268.7391338548748 66.14344144826883 39633456296103617 10 407-409-410-411-412-413-414-415-439-440 0.752966521963131 1.0 15 0.4202623812579125 1.0 [-1,-1] 1.0 1.0 1.0 0.0007242712797402853 0.12498917450484462 2734.276704560244 -24.334182451234682 -1105.6057647266766 2500.662479757794
271.99979349512296 66.4424765511626 39633458749770670 10 407-409-410-411-412-413-414-415-439-440 0.8036065247235623 1.0 15 1.0075961752167015 1.0 [-1,-1] 1.0 1.0 1.0 0.0008239664519383997 0.11155322342262282 2877.957758039895 40.13837982441106 -1149.5315994134332 2638.10668273235
266.3041595460338 65.60334235084098 39633448838628766 10 407-409-410-411-412-413-414-415-439-440 0.6718211378372336 1.0 15 1.4640134039665584 1.0 [-1,-1] 1.0 1.0 1.0 0.0008053318504768218 0.11384060807160488 2494.634465861675 -66.42021623445284 -1028.2690727228826 2271.8829607226594
270.6849954646396 66.06158138379897 39633453855017674 10 407-409-410-411-412-413-414-415-439-440 0.8240054006387192 1.0 15 0.3900294008766933 1.0 [-1,-1] 1.0 1.0 1.0 0.000762533893525711 0.11946670068019369 2934.6042145055967 14.23533308968567 -1190.6438627123555 2682.1756920961084
267.46121907971883 65.19276647192594 39633446317851760 10 407-409-410-411-412-413-414-415-439-440 0.9199527203409223 1.0 15 1.2497904918199823 1.0 [-1,-1] 1.0 1.0 1.0 0.00042618922305278896 0.1953324009783564 3191.925723080968 -59.321789399253355 -1337.911202506894 2897.3892319077513
268.714161690468 66.40267757711035 39633458728797895 8 407-409-410-411-412-413-414-416 0.8353165663389571 1.0 15 0.5606474508123149 1.0 [-1,-1] 1.0 1.0 1.0 0.0006366829495309179 0.1397804201853648 2965.7157026303175 -26.640913627620478 -1186.8954556822919 2717.726819941594
270.9907029514284 65.90069657098583 39633453859209783 8 407-409-410-411-412-413-414-416 0.5603025665006836 1.0 15 0.5272362661256551 1.0 [-1,-1] 1.0 1.0 1.0 0.0006724560872077301 0.13333590500666823 2145.372565446166 15.14613699834276 -875.8662090761628 1958.3800506800621
272.0360106954544 67.01702569676858 39633463535471458 10 407-409-410-411-412-413-414-416-439-440 0.47204419721712576 1.0 15 1.3556786268766128 1.0 [-1,-1] 1.0 1.0 1.0 0.000668512811805897 0.13401699399284683 1851.692081709061 25.68671961417936 -722.5507695078683 1704.706468393631
271.13925005702595 65.49587006250516 39633448872183598 10 407-409-410-411-412-413-414-416-439-440 0.6032858687468872 1.0 15 0.780686360832335 1.0 [-1,-1] 1.0 1.0 1.0 0.0006106036532175123 0.14488555312656437 2282.80603565882 18.82489075381752 -946.6268061101117 2077.196839464718
268.6764331674579 66.40696506953896 39633458728797656 8 407-409-410-411-412-413-414-439 0.6819480637076393 1.0 15 0.5747140608074657 1.0 [-1,-1] 1.0 1.0 1.0 0.0008053318504768218 0.11384060807160488 2525.1917100086926 -23.345162072456752 -1010.4070983734456 2314.1144464483577
267.32854052077334 65.89191399648983 39633453834043957 9 407-409-410-411-412-413-415-416-439 0.6832337439694003 1.0 15 0.9867332901944136 1.0 [-1,-1] 1.0 1.0 1.0 0.0008053318504768218 0.11384060807160488 2529.05769442392 -48.147761151154235 -1031.894424081994 2308.4645356533974
268.59303251330886 66.85261750424196 39633461132135451 9 407-409-410-411-412-413-415-416-439 1.0218908780980929 1.0 15 0.9485656793555899 1.0 [-1,-1] 1.0 1.0 1.0 0.00020130102782971312 0.3394727840281335 3449.6899808341136 -33.296478457596166 -1355.656210049082 3171.978648816059
266.4550234632054 66.65190653246455 39633461119551229 9 407-409-410-411-412-413-415-416-439 0.8882058874236205 1.0 15 1.4582515738017592 1.0 [-1,-1] 1.0 1.0 1.0 0.0005346154933450218 0.1621399955636538 3108.4148572315453 -76.17185272976532 -1229.5582806427572 2853.879326112502
270.1231469732106 67.48871278279374 39633468207925783 9 407-409-410-411-412-413-415-416-439 0.8826608165472004 1.0 15 1.4768786495382213 1.0 [-1,-1] 1.0 1.0 1.0 0.0005346154933450218 0.1621399955636538 3093.6652812698485 2.545776371053685 -1184.454747326168 2857.9407522014208
268.0664885932856 65.72951139292354 39633451355213337 10 407-409-410-411-412-413-415-416-439-440 0.8974118222354006 1.0 15 0.7393560961667971 1.0 [-1,-1] 1.0 1.0 1.0 0.0005723615213970424 0.15308410280969617 3132.7944083629095 -43.447300489147324 -1286.9859009532584 2855.902734320209
271.6662091590689 66.48729830857113 39633458749768433 10 407-409-410-411-412-413-415-416-439-440 1.0802624105760419 1.0 15 0.9089436204168054 1.0 [-1,-1] 1.0 1.0 1.0 0.00012850791192818028 0.44600300211103894 3590.4949450934787 41.65057742832985 -1431.83076816482 3292.382090748012
267.98131123232713 66.86589785615656 39633461127941536 10 407-409-410-411-412-413-415-416-439-440 0.999260834442221 1.0 15 1.0971790889469317 1.0 [-1,-1] 1.0 1.0 1.0 0.00023297360745577845 0.30751381291380364 3393.7970898589933 -46.96860581870063 -1332.5428379148805 3120.8944586968296
271.65542827771094 66.9601566068376 39633463535468974 10 407-409-410-411-412-413-415-416-439-440 0.6701592228898288 1.0 15 1.2139002845996987 1.0 [-1,-1] 1.0 1.0 1.0 0.0008053318504768218 0.11384060807160488 2489.601739274372 28.147900057869748 -973.9516372894401 2291.013470964658
