EDR/data_rosette/LRG_13_clustering_data.ecsv
# %ECSV 1.0
# ---
# datatype:
# - {name: RA, unit: deg, datatype: float64}
# - {name: DEC, unit: deg, datatype: float64}
# - {name: TARGETID, datatype: int64}
# - {name: NTILE, datatype: int64}
# - {name: TILES, datatype: string}
# - {name: Z, datatype: float64}
# - {name: COMP_TILE, datatype: float64}
# - {name: ROSETTE_NUMBER, datatype: int32}
# - {name: ROSETTE_R, unit: deg, datatype: float64}
# - {name: FRACZ_TILELOCID, datatype: float64}
# - {name: BITWEIGHTS, datatype: string, subtype: 'int64[2]'}
# - {name: PROB_OBS, datatype: float64}
# - {name: WEIGHT_ZFAIL, datatype: float64}
# - {name: WEIGHT, datatype: float64}
# - {name: NZ, unit: h3 / Mpc3, datatype: float64}
# - {name: WEIGHT_FKP, datatype: float64}
# - {name: distance, unit: Mpc, datatype: float64}
# - {name: x, unit: Mpc, datatype: float64}
# - {name: y, unit: Mpc, datatype: float64}
# - {name: z, unit: Mpc, datatype: float64}
# meta: !!omap
# - {EXTNAME: LSS}
# - {DESIDR: edr}
# - comments: ['Visit https://desidatamodel.readthedocs.io/en/latest/ for a more complet', e description]
# schema: astropy-2.0
RA DEC TARGETID NTILE TILES Z COMP_TILE ROSETTE_NUMBER ROSETTE_R FRACZ_TILELOCID BITWEIGHTS PROB_OBS WEIGHT_ZFAIL WEIGHT NZ WEIGHT_FKP distance x y z
[from data line 3464]
245.82557458944578 44.98857224041568 39633166981402159 5 352-357-358-359-361 0.8019074239664634 1.0 13 1.5390664727113716 0.5 [-1,-1] 1.0 1.0 1.0 0.0008239664519383997 0.11155322342262282 2873.20791600147 -832.164882285056 -1853.863537053837 2031.2595410846063
247.4559558085216 44.550204857478064 39633158399856855 4 352-357-358-360 0.522311398944415 0.75 13 1.5796880745458592 1.0 [-1,-1] 1.0 1.0 1.0 0.0006888416087567301 0.1305783864573065 2020.8769232291215 -552.1440512624208 -1330.1007535203214 1417.713818434523
248.0984993399612 43.32171838969416 39633136585282140 4 352-357-358-360 0.7090753492876534 0.75 13 1.6173282994368416 1.0 [-1,-1] 1.0 1.0 1.0 0.0005639081233901963 0.1550231922816235 2606.1242971528613 -707.2266699562616 -1759.1484655894706 1788.0466899740857
248.078749764499 43.24273948602649 39633136585281880 4 352-357-358-360 0.8727685082892775 0.75 13 1.6122969851744782 0.5 [6328225181172566751,-3712121718969468553] 0.6171875 1.0 1.6125 0.0005346154933450218 0.1621399955636538 3067.2304335448453 -834.1533012018717 -2072.799755530817 2101.3310010631603
248.11502240207096 43.32795310144003 39633136589472002 4 352-357-358-360 0.7057009809070534 0.75 13 1.6287354998693355 0.2 [8430044540949216223,-5986447619476541479] 0.6640625 1.0 1.5 0.0005639081233901963 0.1550231922816235 2596.1296688631296 -703.9367766596926 -1752.4252671980003 1781.3949463561871
248.15366228673727 43.31636392159657 39633136589472550 4 352-357-358-360 0.8800431066002863 0.75 13 1.657786433351725 0.5 [3524340183938725439,-1382792024396739073] 0.6328125 1.0 1.5731707317073171 0.0005346154933450218 0.1621399955636538 3086.685298895939 -835.7042947155443 -2084.5190066387127 2117.546924433142
247.96832754146044 43.993719968096606 39633149738616362 4 352-357-358-360 0.6961096682774848 0.75 13 1.6041375347990443 0.5 [-18016598171320330,-36029896555757569] 0.90625 1.0 1.1025641025641026 0.0005639081233901963 0.1550231922816235 2567.608628313103 -692.9119102501376 -1712.2913684384666 1783.4083723007818
245.04496654637532 44.788011554617384 39633162682238337 5 352-357-358-360-361 0.5864001267265887 1.0 13 1.466141105867224 1.0 [-1,-1] 1.0 1.0 1.0 0.0005369919189708607 0.1615383650856205 2229.2442072515137 -667.513629756065 -1434.4256686885908 1570.4707226375162
244.2834343858409 42.66425000877972 39633127689159820 6 352-357-358-360-361-362 0.5296409247425856 1.0 13 1.4064727745662637 1.0 [-1,-1] 1.0 1.0 1.0 0.0006888416087567301 0.1305783864573065 2045.119317862976 -652.5513278317819 -1354.8988752587036 1385.979374544947
244.97200121694016 44.80841953491714 39633162682237572 4 352-357-358-361 0.8043651426121068 1.0 13 1.50664611610104 1.0 [-1,-1] 1.0 1.0 1.0 0.0008239664519383997 0.11155322342262282 2880.076903492566 -864.4492230105215 -1851.4546626007118 2029.700998472908
247.88327494701605 44.14404280321676 39633154079723696 4 352-357-358-433 0.7333547897407168 1.0 13 1.6038350329739943 1.0 [-1,-1] 1.0 1.0 1.0 0.0006073340474539246 0.1455520198534496 2677.4368615033236 -723.3611557662443 -1779.9329922547404 1864.7400163959524
248.04717461011637 43.31514117389455 39633136585281516 3 352-357-360 0.7009056503526441 0.9230769230769231 13 1.5807844330759504 1.0 [-1,-1] 1.0 1.0 1.0 0.0005639081233901963 0.1550231922816235 2581.890919766347 -702.2873343151168 -1742.3510614209506 1771.2046749028657
248.16192135594744 43.31322162839169 39633136589472655 3 352-357-360 0.8750899553260516 0.9230769230769231 13 1.6640670140136233 0.5 [-7376440561671470308,8219114017948609249] 0.390625 1.0 2.5294117647058822 0.0005346154933450218 0.1621399955636538 3073.448020428085 -831.8641832801956 -2075.806788573143 2108.3431626190604
247.96593659320402 43.96791717159179 39633149738616324 3 352-357-360 0.8428454581883495 0.9230769230769231 13 1.5942511190313364 1.0 [-1,-1] 1.0 1.0 1.0 0.0006366829495309179 0.1397804201853648 2986.3068798374084 -806.338063967918 -1992.3456510589378 2073.2598761050785
247.5359482242485 44.514417937830856 39633158404047827 3 352-357-360 0.8312605189370201 0.9230769230769231 13 1.5976752611040617 1.0 [-1,-1] 1.0 1.0 1.0 0.0006366829495309179 0.1397804201853648 2954.5838644673677 -805.0302465798075 -1946.9691282329075 2071.4254338427368
247.94369397302185 43.968659122937574 39633149738616049 3 352-357-360 0.5183050857775966 0.9230769230769231 13 1.579289678565795 1.0 [-1,-1] 1.0 1.0 1.0 0.0006888416087567301 0.1305783864573065 2007.5804951031437 -542.5835390395526 -1339.1509139918649 1393.7924440305492
248.1618564820753 43.68619231716848 39633145372347218 3 352-357-360 0.7041802852422451 0.9230769230769231 13 1.6700623521074964 1.0 [-1,-1] 1.0 1.0 1.0 0.0005639081233901963 0.1550231922816235 2591.618771849171 -697.133766150245 -1739.5991895068253 1790.0522424112035
248.1947554405504 43.25784379499405 39633136589473025 3 352-357-360 0.8940335013560604 0.9230769230769231 13 1.6939981005854978 0.5 [-7456690642972339608,8988475751371243672] 0.4296875 1.0 2.3035714285714284 0.0005723615213970424 0.15308410280969617 3123.8633672696415 -845.0694155490804 -2112.2635153827646 2140.729516276076
248.03478309795375 43.329699421450364 39633136585281363 3 352-357-360 0.8456183224829 0.9230769230769231 13 1.5704429395626587 1.0 [-1,-1] 1.0 1.0 1.0 0.0006366829495309179 0.1397804201853648 2993.8670721513167 -814.5886310796709 -2019.70689275776 2054.37812370908
247.93076715616553 44.09371257196793 39633149738615876 3 352-357-360 0.7943189981000905 0.9230769230769231 13 1.6146551520947223 1.0 [-1,-1] 1.0 1.0 1.0 0.0008239664519383997 0.11155322342262282 2851.9348272673165 -769.5886150366507 -1898.1917196690954 1984.473183987607
248.1432038762336 43.698512108973134 39633145372346998 3 352-357-360 0.8621613840952446 0.9230769230769231 13 1.6583207018620514 1.0 [-1,-1] 1.0 1.0 1.0 0.0006576102792991648 0.1359368301360722 3038.7107859215835 -817.8954516264299 -2039.0202886023164 2099.3347835333675
247.79075929405073 43.902500960537964 39633149734423668 5 352-357-360-361-362 1.0012027364781095 1.0 13 1.4541176379602072 1.0 [-1,-1] 1.0 1.0 1.0 0.00023297360745577845 0.30751381291380364 3398.6224691175275 -925.6139829430638 -2267.1025701576086 2356.7179251144084
246.0730326395626 43.69824907303295 39633145347181022 6 352-357-360-361-362-433 0.6572202511649704 1.0 13 0.284930162268228 1.0 [-1,-1] 1.0 1.0 1.0 0.0006371005092682059 0.1397016056866948 2450.2443587641787 -718.469686853755 -1619.260981360041 1692.7765951161027
247.7315488047865 43.48378802644716 39633140985103173 6 352-357-360-361-362-433 0.8444712230988334 1.0 13 1.3441992275009915 1.0 [-1,-1] 1.0 1.0 1.0 0.0006366829495309179 0.1397804201853648 2990.741043471905 -822.3101934422408 -2008.1483081858578 2058.076360876506
245.8170315319985 43.39194477420808 39633140959938899 5 352-357-360-361-433 0.9366139763000316 1.0 13 0.07390629380080554 1.0 [-1,-1] 1.0 1.0 1.0 0.0003671239319408774 0.21984967794317842 3235.125753202592 -963.0395135592879 -2144.564838293409 2222.4840131514316
245.9999028701494 43.598119628803595 39633140964131422 5 352-357-360-361-433 0.6633380791577289 1.0 13 0.17174963412895225 1.0 [-1,-1] 1.0 1.0 1.0 0.0006371005092682059 0.1397016056866948 2468.8920410208957 -727.2308123914115 -1633.3796957257277 1702.5375253766895
247.98622707440217 43.67209544533005 39633145372345092 5 352-357-360-362-433 0.4395855046388604 1.0 13 1.5422882130960924 1.0 [-1,-1] 1.0 1.0 1.0 0.0006285113834356281 0.1413409039925048 1739.693276333772 -471.65777045499715 -1166.5864862122298 1201.3107897115376
247.94972040771125 42.78597318169773 39633127735296313 4 352-357-360-433 0.5712866779219087 0.8235294117647058 13 1.6502128677286843 0.5 [-1,-1] 1.0 1.0 1.0 0.0005369919189708607 0.1615383650856205 2180.835248068508 -600.8623595507416 -1483.4372187649858 1481.3577630255124
247.96356693144205 43.95671837818924 39633149738616300 4 352-357-360-433 0.8471167627477857 0.8235294117647058 13 1.5891589659845822 1.0 [-1,-1] 1.0 1.0 1.0 0.0006366829495309179 0.1397804201853648 2997.9473147432523 -809.7164575092264 -2000.455260275434 2080.9195352178644
248.06493661360335 43.06251622683861 39633132168677823 4 352-357-360-433 0.5412749231193191 0.8235294117647058 13 1.637723755834065 1.0 [-1,-1] 1.0 1.0 1.0 0.0006094867785671962 0.14511252611805409 2083.3783111996336 -568.6020138673725 -1411.944529384199 1422.5222611070233
248.00675054950625 42.9884076748167 39633132168677126 4 352-357-360-433 0.9165168336068795 0.8235294117647058 13 1.6170697367699738 1.0 [-1,-1] 1.0 1.0 1.0 0.00042618922305278896 0.1953324009783564 3182.963630958597 -871.9464457596652 -2158.875473155018 2170.304947038992
248.06453585265314 42.893816763938275 39633132168677817 4 352-357-360-433 0.47741907147823426 0.8235294117647058 13 1.6874184929439637 1.0 [-1,-1] 1.0 1.0 1.0 0.000668512811805897 0.13401699399284683 1870.0282582563705 -511.78491839390324 -1270.8314637849987 1272.8194194920102
246.56364512105768 41.946036381019184 39633114300942653 4 352-357-360-433 0.7152357886254029 0.8235294117647058 13 1.58565331079236 1.0 [-1,-1] 1.0 1.0 1.0 0.0005823912580269674 0.15084542533972659 2624.318244234973 -776.3300695898893 -1790.874441658039 1754.1740518805698
248.08031999094888 43.06271926406266 39633132168677974 4 352-357-360-433 0.4251688646043513 0.8235294117647058 13 1.6485601330318251 1.0 [-1,-1] 1.0 1.0 1.0 0.0005613841910631427 0.1556117057517016 1689.2461097499486 -460.72532220461676 -1144.9536996634986 1153.4147659934195
247.952685754548 42.78301110360577 39633127735296364 4 352-357-360-433 0.5696185928779188 0.8235294117647058 13 1.6534204427139696 1.0 [-1,-1] 1.0 1.0 1.0 0.0006724560872077301 0.13333590500666823 2175.464996719985 -599.3348397612336 -1479.8861177158935 1477.6274159591248
245.71075503935901 43.38170941510283 39633140959937757 4 352-357-360-433 1.0424213024816802 0.8235294117647058 13 0.1406309999441607 1.0 [-144115188075855873,-65537] 0.984375 1.0 1.015748031496063 0.00017557006270178804 0.37077784677498654 3499.7605445717986 -1046.2947486117775 -2318.446257063816 2403.829886134976
245.71136070114392 43.3793910725305 39633140959937763 4 352-357-360-433 0.7699234754133387 0.8235294117647058 13 0.141391979769881 1.0 [-17628693282905,-33] 0.9375 1.0 1.0661157024793388 0.0007242712797402853 0.12498917450484462 2782.8801640162897 -831.9872170449714 -1843.6220165520772 1911.3547912497947
248.0485773574814 42.87997719739919 39633132168677631 4 352-357-360-433 0.5600997828813332 0.8235294117647058 13 1.6812454437615787 1.0 [-1,-1] 1.0 1.0 1.0 0.0006724560872077301 0.13333590500666823 2144.7156419885882 -587.4984398049463 -1457.666629428422 1459.4035650456865
247.7641484881555 44.131552291099354 39633154079722110 3 352-357-361 0.8367121756103397 1.0 13 1.5212692413745965 1.0 [-1,-1] 1.0 1.0 1.0 0.0006366829495309179 0.1397804201853648 2969.539677084427 -806.551708865842 -1972.864961258151 2067.714699697264
247.9651424896633 43.643201019671444 39633145372344789 3 352-357-362 0.8999858173435618 0.5 13 1.5235979308890788 0.5 [-7222338361991571637,-5954753036487693091] 0.578125 1.0 1.72 0.0005723615213970424 0.15308410280969617 3139.587022925692 -852.3753903686702 -2106.0133435776743 2166.8342495654924
248.07523192276543 42.99178030283346 39633132168677920 3 352-357-433 0.6839771957379807 0.75 13 1.6639807091637941 0.5 [-1,-1] 1.0 1.0 1.0 0.0008053318504768218 0.11384060807160488 2531.2918411447 -691.3358914045798 -1717.6061828144286 1726.071282148917
248.03271358067403 43.75422708958094 39633145372345664 3 352-357-433 0.518072065497603 0.75 13 1.588239041543078 1.0 [-1,-1] 1.0 1.0 1.0 0.0006888416087567301 0.1305783864573065 2006.806138552535 -542.2405545777232 -1344.301799231228 1387.8395913386614
247.9899717124819 42.91208855205344 39633132168676935 3 352-357-433 0.5616520479412774 0.75 13 1.6298440034034498 1.0 [-1,-1] 1.0 1.0 1.0 0.0006724560872077301 0.13333590500666823 2149.74218933612 -590.0621883368708 -1459.7195290034003 1463.7065932600183
247.5322668268469 44.64164036135509 39633162711599293 2 352-358 0.6325339768445675 0.6842105263157895 13 1.6823241142639183 1.0 [-1,-1] 1.0 1.0 1.0 0.0007982518636535506 0.11473445525619816 2374.288527314913 -645.6046084272164 -1561.113462928234 1668.3421280963262
248.0888622809801 43.7128297876973 39633145372346299 2 352-358 0.7089458481690566 0.6842105263157895 13 1.6214807703288474 1.0 [-1,-1] 1.0 1.0 1.0 0.0005639081233901963 0.1550231922816235 2605.7411028309416 -702.848022562078 -1747.4077726556607 1800.6824895649347
246.46226683856867 44.8807458329433 39633166989790049 2 352-358 1.0628704804712852 0.6842105263157895 13 1.4904541383328291 1.0 [-576471528947852333,-4801427129789092361] 0.7421875 1.0 1.34375 0.00014839258087788972 0.41078905010633954 3549.0406670427546 -1004.2802079399104 -2305.5329982440444 2504.3219669745504
246.4611620377173 44.87326842492903 39633162699016015 2 352-358 0.4780676177307469 0.6842105263157895 13 1.4830623855279064 0.5 [2164291667473431612,-1173187995535369348] 0.6484375 1.0 1.5357142857142858 0.000668512811805897 0.13401699399284683 1872.2367403450316 -529.8834445251808 -1216.393014117562 1320.9398102570424
246.36587163784608 45.00921745918189 39633166989788836 2 352-358 0.8738744678853012 0.6842105263157895 13 1.5976042712608645 1.0 [-1,-1] 1.0 1.0 1.0 0.0005346154933450218 0.1621399955636538 3070.1936299578656 -870.1844289714307 -1988.5439648535541 2171.303959572226
247.2163406517804 44.83265893521967 39633162707405150 2 352-358 0.6522049074017658 0.6842105263157895 13 1.6826221057285449 1.0 [-1,-1] 1.0 1.0 1.0 0.0006371005092682059 0.1397016056866948 2434.9052324251693 -668.6921073210557 -1592.0264981505343 1716.7020666628619
248.1782404606397 43.4330357603472 39633140989298879 2 352-358 0.7252342315888881 0.6842105263157895 13 1.668731931591793 1.0 [-1,-1] 1.0 1.0 1.0 0.0005823912580269674 0.15084542533972659 2653.702513437768 -716.3280870525136 -1788.9772934793862 1824.437268020138
244.93810167891084 44.8587484002318 39633162682237227 2 352-358 1.0719765953537477 0.6842105263157895 13 1.562420254742629 1.0 [5241655696657234379,2407213016892431054] 0.4453125 1.0 2.2241379310344827 0.00012850791192818028 0.44600300211103894 3570.7975480293003 -1072.188804825519 -2292.8459861307006 2518.7027573144123
247.69002355148552 44.26833412780352 39633154079721150 2 352-358 0.5187472095618058 0.6842105263157895 13 1.5403902200384658 1.0 [-1,-1] 1.0 1.0 1.0 0.0006888416087567301 0.1305783864573065 2009.0494294942082 -546.1315563677382 -1330.9461779884116 1402.3559478921156
247.42390975409123 44.72027381674769 39633162711597872 2 352-358 0.981670816351254 0.6842105263157895 13 1.6861940363235746 1.0 [8645766679623597527,-4613977400834277385] 0.796875 1.0 1.2524271844660195 0.00030269805442075816 0.25472307248715254 3349.8361491849228 -913.7933543869977 -2197.8322131968644 2357.099381548942
247.61831745090248 44.600391283010076 39633158404048805 2 352-358 0.7561785273560163 0.6842105263157895 13 1.698651566645035 0.5 [-6545938524923539532,3732098686248504828] 0.5390625 1.0 1.8428571428571427 0.0007242712797402853 0.12498917450484462 2743.5216276194637 -743.8228564092353 -1806.2883671026518 1926.3854272623103
246.7583439432628 43.59343501354556 39633140972521267 6 352-358-359-361-362-433 0.8262709284161943 1.0 13 0.6528471061948801 1.0 [-1,-1] 1.0 1.0 1.0 0.000762533893525711 0.11946670068019369 2940.852562581768 -840.4858781159427 -1957.0696353356536 2027.8253687087051
247.20565955959466 43.57797829615263 39633140976716432 6 352-358-359-361-362-433 0.5282521112027744 1.0 13 0.969846648263598 0.5 [-1,-1] 1.0 1.0 1.0 0.0006888416087567301 0.1305783864573065 2040.53408127968 -572.7056976583623 -1362.7898210230999 1406.6241233710532
