EDR/data_rosette/LRG_19_clustering_data.ecsv
# %ECSV 1.0
# ---
# datatype:
# - {name: RA, unit: deg, datatype: float64}
# - {name: DEC, unit: deg, datatype: float64}
# - {name: TARGETID, datatype: int64}
# - {name: NTILE, datatype: int64}
# - {name: TILES, datatype: string}
# - {name: Z, datatype: float64}
# - {name: COMP_TILE, datatype: float64}
# - {name: ROSETTE_NUMBER, datatype: int32}
# - {name: ROSETTE_R, unit: deg, datatype: float64}
# - {name: FRACZ_TILELOCID, datatype: float64}
# - {name: BITWEIGHTS, datatype: string, subtype: 'int64[2]'}
# - {name: PROB_OBS, datatype: float64}
# - {name: WEIGHT_ZFAIL, datatype: float64}
# - {name: WEIGHT, datatype: float64}
# - {name: NZ, unit: h3 / Mpc3, datatype: float64}
# - {name: WEIGHT_FKP, datatype: float64}
# - {name: distance, unit: Mpc, datatype: float64}
# - {name: x, unit: Mpc, datatype: float64}
# - {name: y, unit: Mpc, datatype: float64}
# - {name: z, unit: Mpc, datatype: float64}
# meta: !!omap
# - {EXTNAME: LSS}
# - {DESIDR: edr}
# - comments: ['Visit https://desidatamodel.readthedocs.io/en/latest/ for a more complet', e description]
# schema: astropy-2.0
RA DEC TARGETID NTILE TILES Z COMP_TILE ROSETTE_NUMBER ROSETTE_R FRACZ_TILELOCID BITWEIGHTS PROB_OBS WEIGHT_ZFAIL WEIGHT NZ WEIGHT_FKP distance x y z
[from data line 1237]
236.4007015382301 43.30919930321969 39633136442674016 8 571-572-573-574-576-577-578-579 0.44302440462913933 1.0 19 0.25998322510809013 1.0 [-1,-1] 1.0 1.0 1.0 0.0006285113834356281 0.1413409039925048 1751.6626985516723 -705.35065738362 -1061.6662869567144 1201.5270928137097
234.40764212462975 42.9184085978811 39633132000905477 8 571-572-573-574-576-577-578-579 0.6937106655686276 1.0 19 1.343592858350983 1.0 [-1,-1] 1.0 1.0 1.0 0.0005639081233901963 0.1550231922816235 2560.4488166272786 -1091.3229052595584 -1524.7733361030198 1743.5534785412046
234.39232876897935 42.99548626757063 39633132000905295 8 571-572-573-574-576-577-578-579 1.0666937265610181 1.0 19 1.3247518905021676 1.0 [-1,-1] 1.0 1.0 1.0 0.00014839258087788972 0.41078905010633954 3558.1894031240918 -1515.2502757595375 -2115.8806184484883 2426.474322713774
235.4586733578313 42.67457470766338 39633127580108092 8 571-572-573-574-576-577-578-579 1.0453222008264413 1.0 19 0.9059914195628408 1.0 [-1,-1] 1.0 1.0 1.0 0.00017557006270178804 0.37077784677498654 3506.787133381134 -1461.8657537647266 -2123.744624177798 2377.0177298651483
234.61629256751766 44.481883918641486 39633158248858647 9 571-572-573-574-576-577-578-579-580 0.6692611563326236 1.0 19 1.484941789337558 1.0 [-1,-1] 1.0 1.0 1.0 0.0006371005092682059 0.1397016056866948 2486.880031126131 -1027.4184817377093 -1446.5892314338425 1742.5163264937669
235.4894914064626 43.71944150919677 39633145217159426 9 571-572-573-574-576-577-578-579-580 0.8498350051884985 1.0 19 0.5178414958552706 1.0 [-1,-1] 1.0 1.0 1.0 0.0006366829495309179 0.1397804201853648 3005.339696981369 -1230.5950359865872 -1789.823548205274 2077.0734743737685
234.64442616012744 44.41936083674306 39633158248858998 9 571-572-573-574-576-577-578-579-580 0.8336048512620999 1.0 19 1.4276781559952647 1.0 [-1,-1] 1.0 1.0 1.0 0.0006366829495309179 0.1397804201853648 2961.021208865706 -1223.7665101145383 -1724.837571237614 2072.4327446075877
234.7769451527935 44.011113144503376 39633149579232145 9 571-572-573-574-576-577-578-579-580 0.7754276165807407 1.0 19 1.1085165822384149 1.0 [-1,-1] 1.0 1.0 1.0 0.0007064174578981374 0.12774458208408304 2798.5495391023333 -1160.8648725987102 -1644.225857968876 1944.426290287903
236.8317384151146 43.702985597198634 39633145233935518 9 571-572-573-574-576-577-578-579-580 0.9504852903592257 1.0 19 0.5873808435481382 1.0 [-1,-1] 1.0 1.0 1.0 0.0003767415448896098 0.21544643941305056 3270.7672773777986 -1293.6386839681575 -1979.279197991162 2259.8387983451325
237.36930779196672 43.85887023249593 39633145242322303 9 571-572-573-574-576-577-578-579-580 0.9477220792422216 1.0 19 1.0052558044447135 1.0 [-1,-1] 1.0 1.0 1.0 0.0003671239319408774 0.21984967794317842 3263.69073278257 -1268.9402818814722 -1981.8468386239037 2261.360402170746
236.2762748933405 43.31637398169663 39633136442672832 9 571-572-573-574-576-577-578-579-580 0.7016787076681497 1.0 19 0.18511798483171513 1.0 [-1,-1] 1.0 1.0 1.0 0.0005639081233901963 0.1550231922816235 2584.1891638507814 -1043.8638570397245 -1563.8046307682496 1772.8217505766702
234.62288069069476 44.484377272398696 39633158248858730 9 571-572-573-574-576-577-578-579-580 0.8322724863548044 1.0 19 1.4832573933933701 1.0 [-1,-1] 1.0 1.0 1.0 0.0006366829495309179 0.1397804201853648 2957.3637587076396 -1221.5420020955362 -1720.331100309689 2072.2684294610726
234.64784254803197 44.46923866430157 39633158248859028 9 571-572-573-574-576-577-578-579-580 0.814961016169082 1.0 19 1.459922366120801 1.0 [-1,-1] 1.0 1.0 1.0 0.000762533893525711 0.11946670068019369 2909.5745041084538 -1201.3767508978858 -1693.4942862861433 2038.233254481974
235.38600772503315 43.80564593731294 39633145217158009 9 571-572-573-574-576-577-578-579-580 0.7062323245198484 1.0 19 0.6273562404604748 1.0 [-1,-1] 1.0 1.0 1.0 0.0005639081233901963 0.1550231922816235 2597.7048301247523 -1064.9378273108932 -1542.9089959988275 1798.1684121576911
236.17342693572218 42.671137019504634 39633127588497192 9 571-572-573-574-576-577-578-579-580 0.8571335518722611 1.0 19 0.7807083320523651 1.0 [-1,-1] 1.0 1.0 1.0 0.0006576102792991648 0.1359368301360722 3025.128801202426 -1238.1945474530798 -1847.7385648203306 2050.400137192152
235.44887523787847 44.236737352482535 39633153932919917 9 571-572-573-574-576-577-578-579-580 0.7183546729071841 1.0 19 0.9162311022604307 1.0 [-1,-1] 1.0 1.0 1.0 0.0005823912580269674 0.15084542533972659 2633.5034567305634 -1070.0874304544277 -1554.014464146841 1837.19688466361
236.55705989832433 44.34465199513491 39633153945503428 9 571-572-573-574-576-577-578-579-580 0.9051364958489715 1.0 19 0.9533440545638467 1.0 [-1,-1] 1.0 1.0 1.0 0.0005723615213970424 0.15308410280969617 3153.1480505468303 -1242.7271050776633 -1881.6245796750177 2203.964816446801
236.7136385656379 42.809368261465366 39633127592693910 9 571-572-573-574-576-577-578-579-580 1.0089348443408892 1.0 19 0.7816391835409049 1.0 [-1,-1] 1.0 1.0 1.0 0.00023297360745577845 0.30751381291380364 3417.781289581836 -1376.0926404676404 -2095.98793529657 2322.591777165694
235.51803974589717 43.51094482412929 39633140834110166 9 571-572-573-574-576-577-578-579-580 0.7922267535343605 1.0 19 0.4266498938927884 1.0 [-1,-1] 1.0 1.0 1.0 0.0008239664519383997 0.11155322342262282 2846.0523337985164 -1168.5716626996598 -1701.429696764538 1959.4874694223147
235.6543027436448 43.309089881769346 39633136434284923 9 571-572-573-574-576-577-578-579-580 0.878148072248924 1.0 19 0.353261102025612 1.0 [-1,-1] 1.0 1.0 1.0 0.0005346154933450218 0.1621399955636538 3081.625462948969 -1265.120941477996 -1851.4242570926722 2113.791077088302
235.53596338948648 43.38837798983476 39633140834110389 9 571-572-573-574-576-577-578-579-580 0.9861552089538633 1.0 19 0.4142925161621845 1.0 [-1,-1] 1.0 1.0 1.0 0.00030269805442075816 0.25472307248715254 3361.0868044800272 -1382.2111734530874 -2013.8365184101015 2308.8653612432845
237.2257002800167 44.64382891313181 39633162589962523 9 571-572-573-574-576-577-578-579-580 0.6848308668216246 1.0 19 1.4421522212004447 1.0 [-1,-1] 1.0 1.0 1.0 0.0008053318504768218 0.11384060807160488 2533.8559611793944 -975.9171128801721 -1515.8197268756485 1780.5342952065303
237.37312234416967 43.87666135365818 39633149608594415 9 571-572-573-574-576-577-578-579-580 0.8424114133343483 1.0 19 1.0150015862155186 1.0 [-1,-1] 1.0 1.0 1.0 0.0006366829495309179 0.1397804201853648 2985.122318519225 -1160.1643837838408 -1812.2249522897005 2069.0129485867524
237.4516816701463 43.897775181990795 39633149608595325 9 571-572-573-574-576-577-578-579-580 0.6094359674726061 1.0 19 1.0752938406196415 1.0 [-1,-1] 1.0 1.0 1.0 0.0006106036532175123 0.14488555312656437 2302.1778800907055 -892.5052483930949 -1398.3489059495496 1596.2699365706953
236.59296481158373 43.99465300496728 39633149600204518 9 571-572-573-574-576-577-578-579-580 0.5994718572501387 1.0 19 0.6508205773134719 1.0 [-1,-1] 1.0 1.0 1.0 0.0006106036532175123 0.14488555312656437 2270.7560120486255 -899.4285908763551 -1363.6906768067456 1577.247226708455
236.0612565731195 44.43458324211333 39633158265636412 9 571-572-573-574-576-577-578-579-580 0.7455852253733379 1.0 19 0.9849783340619277 1.0 [-1,-1] 1.0 1.0 1.0 0.0006073340474539246 0.1455520198534496 2712.963172371644 -1081.5463744539898 -1607.1621847181532 1899.3304942958762
237.10689748266094 43.49266093863091 39633140855079881 9 571-572-573-574-576-577-578-579-580 0.8535676376707324 1.0 19 0.7319640941923073 1.0 [-1,-1] 1.0 1.0 1.0 0.0006576102792991648 0.1359368301360722 3015.4711049571515 -1188.0334493323953 -1836.9049516337734 2075.433137145642
236.17329241561694 42.66997676576925 39633127588497191 9 571-572-573-574-576-577-578-579-580 0.8579006056929558 1.0 19 0.7818591444440546 1.0 [-1,-1] 1.0 1.0 1.0 0.0006576102792991648 0.1359368301360722 3027.203540195964 -1239.0712153395712 -1849.0374153155888 2051.7613004087343
235.3880313948537 43.80303327736997 39633145217158045 9 571-572-573-574-576-577-578-579-580 0.7069326901942452 1.0 19 0.6246791354049447 1.0 [-1,-1] 1.0 1.0 1.0 0.0005639081233901963 0.1550231922816235 2599.780277544346 -1065.7807355654807 -1544.2468882900807 1799.5195089835684
234.95313092347973 43.339310433361206 39633136425896233 9 571-572-573-574-576-577-578-579-580 0.7181334840008452 1.0 19 0.8406714814616666 1.0 [-1,-1] 1.0 1.0 1.0 0.0005823912580269674 0.15084542533972659 2632.8526220143576 -1099.6122932009155 -1567.6781545608746 1806.9728657624917
236.2951685490529 43.070296478025696 39633132026069458 10 571-572-573-574-576-577-578-579-580-581 0.8028654020964601 0.9763779527559056 19 0.40543288584211307 1.0 [-1,-1] 1.0 1.0 1.0 0.0008239664519383997 0.11155322342262282 2875.886546555844 -1165.8102180204764 -1747.7393882079498 1963.9289689615678
235.71092347345876 44.87805211438467 39633166863958530 10 571-572-573-574-576-577-578-579-580-581 0.7331090767848857 0.9763779527559056 19 1.455065609019929 1.0 [-1,-1] 1.0 1.0 1.0 0.0006073340474539246 0.1455520198534496 2676.7204207543177 -1068.5700359754744 -1567.1067959843456 1888.6944112476806
234.6558143048669 43.720128891743634 39633145208768272 10 571-572-573-574-576-577-578-579-580-581 0.5592406815724029 0.9763779527559056 19 1.0803962402417575 1.0 [-1,-1] 1.0 1.0 1.0 0.0006724560872077301 0.13333590500666823 2141.931660401363 -895.5128169655877 -1262.7121728658537 1480.3668467567393
235.67483913195446 42.50052191633736 39633123129952695 10 571-572-573-574-576-577-578-579-580-581 0.682969936547165 0.9763779527559056 19 0.9991315396784021 1.0 [-1,-1] 1.0 1.0 1.0 0.0008053318504768218 0.11384060807160488 2528.2646837311518 -1051.098075745726 -1539.3995807484723 1708.0878422836577
235.75206864272778 42.389628197195805 39633123129953800 10 571-572-573-574-576-577-578-579-580-581 0.7639627697307636 0.9763779527559056 19 1.0905507507533225 1.0 [-1,-1] 1.0 1.0 1.0 0.0007242712797402853 0.12498917450484462 2765.8519936924527 -1149.6345504858755 -1688.5955369014162 1864.65084240945
236.59127423656102 43.987853844388944 39633149600204497 10 571-572-573-574-576-577-578-579-580-581 0.7076233478871654 0.9763779527559056 19 0.6444785894543598 1.0 [-1,-1] 1.0 1.0 1.0 0.0005639081233901963 0.1550231922816235 2601.8260909627484 -1030.727022069934 -1562.6616869663962 1806.9834713346654
237.8099797095212 43.237064082100694 39633136459452190 10 571-572-573-574-576-577-578-579-580-581 0.9905631322319045 0.9763779527559056 19 1.2616597862429328 1.0 [-1,-1] 1.0 1.0 1.0 0.00023297360745577845 0.30751381291380364 3372.11668806535 -1308.7409175572343 -2079.0483097712063 2309.9624010528314
236.54393480942682 43.96831116287844 39633149600203997 10 571-572-573-574-576-577-578-579-580-581 0.5636536536440958 0.9763779527559056 19 0.609607424360137 1.0 [-1,-1] 1.0 1.0 1.0 0.0006724560872077301 0.13333590500666823 2156.216798901114 -855.5478060889583 -1294.747765845266 1496.9759711493132
237.00203606695345 44.27092022746008 39633153949698429 10 571-572-573-574-576-577-578-579-580-581 0.9510309495214374 0.9763779527559056 19 1.0473259490914284 1.0 [-1,-1] 1.0 1.0 1.0 0.0003767415448896098 0.21544643941305056 3272.163333412905 -1276.0320157433723 -1965.0698690165268 2284.140009984749
234.6576555607681 44.492057681990204 39633158248859126 10 571-572-573-574-576-577-578-579-580-581 0.8158088809431991 0.9763779527559056 19 1.4708078940533895 0.5 [-1,-1] 1.0 1.0 1.0 0.000762533893525711 0.11946670068019369 2911.926714703292 -1201.5876469451164 -1694.4064403964067 2040.7084880635898
236.2178383422197 42.080583314038265 39633114170919912 10 571-572-573-574-576-577-578-579-580-581 0.5379689031764899 0.9763779527559056 19 1.3721460444790703 1.0 [-1,-1] 1.0 1.0 1.0 0.0006094867785671962 0.14511252611805409 2072.5337328846485 -855.3185721422142 -1278.520524706594 1388.9605761134314
236.62599682353408 44.39680030314714 39633158274023509 10 571-572-573-574-576-577-578-579-580-581 0.9054314295901507 0.9763779527559056 19 1.0197802787940307 1.0 [-1,-1] 1.0 1.0 1.0 0.0005723615213970424 0.15308410280969617 3153.923309672589 -1239.6630029138632 -1881.9050723013609 2206.558673896774
235.7098970615354 44.90214945544233 39633166863958517 10 571-572-573-574-576-577-578-579-580-581 0.9314059246511823 0.9763779527559056 19 1.478850928740886 1.0 [-1,-1] 1.0 1.0 1.0 0.0003671239319408774 0.21984967794317842 3221.6680270307584 -1285.6128983746355 -1885.3375109067385 2274.1694795887597
236.83366380633416 42.293965174695025 39633118671408901 10 571-572-573-574-576-577-578-579-580-581 0.6227878592840778 0.9763779527559056 19 1.2749447027771283 1.0 [-1,-1] 1.0 1.0 1.0 0.0007056687116799521 0.12786279395313782 2343.9853721862537 -948.5402446955698 -1451.3818796828175 1577.3488734406128
234.93098883148718 44.654459320487575 39633162560604249 10 571-572-573-574-576-577-578-579-580-581 0.7925659039670429 0.9763779527559056 19 1.4685048686908164 1.0 [-1,-1] 1.0 1.0 1.0 0.0008239664519383997 0.11155322342262282 2847.006384593871 -1163.6282773628047 -1657.5805339410947 2000.9601094323427
235.74265427190434 43.29082587122549 39633136434285932 10 571-572-573-574-576-577-578-579-580-581 0.813251310980149 0.9763779527559056 19 0.3046539877166373 1.0 [-1,-1] 1.0 1.0 1.0 0.000762533893525711 0.11946670068019369 2904.827649893535 -1190.2038221991681 -1747.56679026072 1991.8455890922703
237.08903169002386 44.20126591573836 39633153949699308 10 571-572-573-574-576-577-578-579-580-581 0.8605362392435357 0.9763779527559056 19 1.0360997045401323 1.0 [-1,-1] 1.0 1.0 1.0 0.0006576102792991648 0.1359368301360722 3034.3251664582167 -1181.9132807954304 -1826.1931238550558 2115.473679076528
236.39470619382442 44.70094284450325 39633162577381950 10 571-572-573-574-576-577-578-579-580-581 0.8147506545614231 0.9763779527559056 19 1.2687309549440027 1.0 [-1,-1] 1.0 1.0 1.0 0.000762533893525711 0.11946670068019369 2908.9907167234855 -1144.393210287924 -1722.1050309797868 2046.2026860759483
234.79087958764111 43.81009948131717 39633145208769644 10 571-572-573-574-576-577-578-579-580-581 1.0451461082984173 0.9763779527559056 19 1.0136575607396623 1.0 [-1,-1] 1.0 1.0 1.0 0.00017557006270178804 0.37077784677498654 3506.3609386979024 -1458.8896600905805 -2067.40918138811 2427.349844752373
235.47776519375017 42.525409454668846 39633123125760046 10 571-572-573-574-576-577-578-579-580-581 0.8585270974647065 0.9763779527559056 19 1.0305462122955524 1.0 [-1,-1] 1.0 1.0 1.0 0.0006576102792991648 0.1359368301360722 3028.897376144244 -1265.0626297663455 -1839.1481464824938 2047.2835546821914
234.60895470851992 43.841102547750765 39633145208767757 10 571-572-573-574-576-577-578-579-580-581 0.7783713687398671 0.9763779527559056 19 1.1476312197577039 1.0 [-1,-1] 1.0 1.0 1.0 0.0007064174578981374 0.12774458208408304 2806.9085013029003 -1172.5087926570272 -1650.4263626871368 1944.2353991160026
235.68382064225727 43.39205546497804 39633140838302098 10 571-572-573-574-576-577-578-579-580-581 0.5972610717842259 0.9763779527559056 19 0.30778368953957713 1.0 [-1,-1] 1.0 1.0 1.0 0.0006106036532175123 0.14488555312656437 2263.7584176993923 -927.3869735648663 -1358.674150106835 1555.1720576188745
235.6705966990582 42.49412694851295 39633123129952632 10 571-572-573-574-576-577-578-579-580-581 0.6848775252739763 0.9763779527559056 19 1.0061805031007314 1.0 [-1,-1] 1.0 1.0 1.0 0.0008053318504768218 0.11384060807160488 2533.996067942513 -1053.7028263140658 -1542.9690580181273 1711.751416580258
235.88073081973837 43.73941738142595 39633145225543923 10 571-572-573-574-576-577-578-579-580-581 0.6393106446990019 0.9763779527559056 19 0.33012187370182483 1.0 [-1,-1] 1.0 1.0 1.0 0.0007982518636535506 0.11473445525619816 2395.2531371675605 -970.6959409547367 -1432.6738078440035 1656.029209175612
235.75457537964797 43.442478367216275 39633140838302883 10 571-572-573-574-576-577-578-579-580-581 0.6009994827878751 0.9763779527559056 19 0.2508977512115694 1.0 [-1,-1] 1.0 1.0 1.0 0.0006106036532175123 0.14488555312656437 2275.585765296616 -929.7703781244538 -1365.7851322818153 1564.7519265432586
