EDR/data_rosette/LRG_9_clustering_data.ecsv
# %ECSV 1.0
# ---
# datatype:
# - {name: RA, unit: deg, datatype: float64}
# - {name: DEC, unit: deg, datatype: float64}
# - {name: TARGETID, datatype: int64}
# - {name: NTILE, datatype: int64}
# - {name: TILES, datatype: string}
# - {name: Z, datatype: float64}
# - {name: COMP_TILE, datatype: float64}
# - {name: ROSETTE_NUMBER, datatype: int32}
# - {name: ROSETTE_R, unit: deg, datatype: float64}
# - {name: FRACZ_TILELOCID, datatype: float64}
# - {name: BITWEIGHTS, datatype: string, subtype: 'int64[2]'}
# - {name: PROB_OBS, datatype: float64}
# - {name: WEIGHT_ZFAIL, datatype: float64}
# - {name: WEIGHT, datatype: float64}
# - {name: NZ, unit: h3 / Mpc3, datatype: float64}
# - {name: WEIGHT_FKP, datatype: float64}
# - {name: distance, unit: Mpc, datatype: float64}
# - {name: x, unit: Mpc, datatype: float64}
# - {name: y, unit: Mpc, datatype: float64}
# - {name: z, unit: Mpc, datatype: float64}
# meta: !!omap
# - {EXTNAME: LSS}
# - {DESIDR: edr}
# - comments: ['Visit https://desidatamodel.readthedocs.io/en/latest/ for a more complet', e description]
# schema: astropy-2.0
RA DEC TARGETID NTILE TILES Z COMP_TILE ROSETTE_NUMBER ROSETTE_R FRACZ_TILELOCID BITWEIGHTS PROB_OBS WEIGHT_ZFAIL WEIGHT NZ WEIGHT_FKP distance x y z
[from data line 5235]
218.44449329272084 -1.4711170844701447 39627752151716612 5 245-248-251-254-469 0.9060598838475671 1.0 9 1.611089014407256 1.0 [-1,-1] 1.0 1.0 1.0 0.0005275616701708153 0.16431404058018498 3155.5748017624433 -2470.665857959729 -1961.3514274472727 -81.01312165781412
219.00357896314569 -2.0558226432458566 39627740084699266 5 245-248-251-254-469 0.508605578605531 1.0 9 1.6593164932586975 1.0 [-1,-1] 1.0 1.0 1.0 0.0005337442823398631 0.16272042362546515 1975.2552880370536 -1533.996027370196 -1242.3641529296465 -70.85867939922872
218.37609472048462 -1.4384539631049018 39627752151714911 5 245-248-251-254-469 0.680067424420184 1.0 9 1.6522207875090087 1.0 [-1,-1] 1.0 1.0 1.0 0.0007209928471550773 0.12577569469930108 2519.531256876616 -1974.5705001673075 -1563.6843583340383 -63.2480967994959
218.38375585627392 -1.4808306082124267 39627752151715080 4 245-248-251-469 0.6049065270504879 1.0 9 1.6676058209525688 1.0 [-1,-1] 1.0 1.0 1.0 0.0007756247847600315 0.11796159141779075 2287.917894980282 -1792.8301676693618 -1420.1522662001892 -59.12550103061366
218.27857935290996 -1.3125990012036732 39627758191510278 4 245-248-251-469 0.4499000510239148 1.0 9 1.6798343565161944 1.0 [-1,-1] 1.0 1.0 1.0 0.0005288673958748294 0.16397488484989944 1775.5202760507916 -1393.4319308039248 -1099.620607960673 -40.67214564938472
218.26508133734092 -1.3317755263466076 39627758191509920 4 245-248-251-469 0.6787730672445192 1.0 9 1.7002262077037238 1.0 [-142936645828609,-131073] 0.96875 1.0 1.032 0.0007209928471550773 0.12577569469930108 2515.6316615524397 -1974.6245841188297 -1557.511454604925 -58.46774472371935
218.73224869676366 -1.9219043683809178 39627740076315973 4 245-248-251-469 0.8230174666573726 1.0 9 1.699094247262985 1.0 [-1,-1] 1.0 1.0 1.0 0.0006627118749498285 0.13533979738261318 2931.876810468981 -2285.8071144363616 -1833.3900950366124 -98.32714162184031
218.3646497151194 -1.448537834989939 39627752151714659 4 245-248-251-469 0.9636350822394599 1.0 9 1.6671985004362941 1.0 [-1,-1] 1.0 1.0 1.0 0.00041974738576830407 0.19815580287489248 3304.2855045312426 -2589.9848190540683 -2050.196136766695 -83.52923626894543
218.27154758579712 -1.3281353995967502 39627758191510082 4 245-248-251-469 0.6779696124054825 1.0 9 1.6928245897889098 1.0 [-1,-1] 1.0 1.0 1.0 0.0007209928471550773 0.12577569469930108 2513.2094938866976 -1972.550612914529 -1556.236731613614 -58.25182254079075
219.5626631917781 -2.1599678924501733 39627734053291441 4 245-248-251-469 0.5281086915175498 1.0 9 1.577907612076263 1.0 [-1,-1] 1.0 1.0 1.0 0.0006865842838717192 0.13125169390769817 2040.0603542561491 -1571.6231383671927 -1298.43560698545 -76.88910500784013
218.36421373790608 -0.618644480698264 39627776310905355 6 245-248-252-253-254-469 0.8938795887852652 1.0 9 1.4358261173450153 1.0 [-1,-1] 1.0 1.0 1.0 0.0005275616701708153 0.16431404058018498 3123.4560494558077 -2448.9006157801186 -1938.4855236158046 -33.72449622742281
220.40398020364685 -1.92960765680355 39627740105674449 5 245-248-252-254-469 0.7587452445082217 1.0 9 1.460292601769195 1.0 [-1,-1] 1.0 1.0 1.0 0.0006416626200019751 0.139161677870846 2750.8963222113953 -2093.6012186065363 -1782.0450937292935 -92.62719320350728
218.24930533447193 -1.2501604281420164 39627758187321329 3 245-248-253 0.8447616334193465 1.0 9 1.6812822112956758 0.3333333333333333 [-1,-1] 1.0 1.0 1.0 0.0006232532477076302 0.14268566385842998 2991.53266172236 -2348.7644839308377 -1851.5704448340982 -65.268315388354
219.9608630566038 -0.6486976244617757 39627770296276118 4 245-248-253-254 0.5966758231707067 1.0 9 0.16806340308580553 1.0 [-1,-1] 1.0 1.0 1.0 0.0007756247847600315 0.11796159141779075 2261.9044077385183 -1733.6009106136025 -1452.6471132644888 -25.608529652688702
218.28910658003076 -1.1717678080492857 39627758191510543 5 245-248-253-254-469 0.8429195538545485 1.0 9 1.6152871829120317 1.0 [-1,-1] 1.0 1.0 1.0 0.0006232532477076302 0.14268566385842998 2986.5090650463903 -2343.6034273083355 -1850.143076668702 -61.07345550856018
218.28242331282033 -1.1755638314856218 39627758191510384 5 245-248-253-254-469 0.6066571750004289 1.0 9 1.6228802891596705 1.0 [-1,-1] 1.0 1.0 1.0 0.0007756247847600315 0.11796159141779075 2293.4341023856623 -1799.8899446564635 -1420.571105314525 -47.05213975527528
219.01504546784292 -1.9571501854673499 39627740084699587 4 245-248-253-469 0.5350419914035994 1.0 9 1.5676972358648846 1.0 [-1,-1] 1.0 1.0 1.0 0.0007045118177349687 0.128340413101622 2062.9145625720826 -1601.9097357467742 -1297.8975664327243 -70.45280718096839
218.76210451612303 -1.8561969674366046 39627746120302865 4 245-248-253-469 0.6802229698908779 1.0 9 1.6293310941952441 1.0 [-1,-1] 1.0 1.0 1.0 0.0007209928471550773 0.12577569469930108 2519.999672194437 -1963.9442869263894 -1576.91422115002 -81.62551588867413
219.04352186910577 -1.9916036872613008 39627740084700229 4 245-248-254-469 0.6921234009056958 1.0 9 1.583824222674219 1.0 [-1,-1] 1.0 1.0 1.0 0.0005843703162771602 0.15074849413407446 2555.7058842773645 -1983.735187218086 -1608.8935758045125 -88.81855469292755
219.02626896559224 -1.9972111339871295 39627740084699823 4 245-248-254-469 0.7429490924926849 1.0 9 1.5970352172450017 1.0 [-1,-1] 1.0 1.0 1.0 0.0007126833197713517 0.12705585074725267 2705.328159990995 -2100.37735936116 -1702.4470973773891 -94.28298974155219
219.5048569491438 -1.2693781107572912 39627758212481181 8 245-249-250-251-252-253-254-469 0.5304692395411275 1.0 9 0.7315410474742857 1.0 [-1,-1] 1.0 1.0 1.0 0.0007045118177349687 0.128340413101622 2047.8522036561951 -1579.6749169575446 -1302.4084311951065 -45.366100853064275
218.71162174813256 0.1592938330560017 39627794434495044 8 245-249-250-251-252-253-254-469 0.42572006392720546 1.0 9 1.3270491648896519 1.0 [-1,-1] 1.0 1.0 1.0 0.0006262316776515472 0.14210347001521706 1691.1828788238172 -1319.630935187357 -1057.663281662414 4.701823736529038
220.4717315277258 -0.3928413371616984 39627776344462731 7 245-249-250-251-252-253-469 0.9456434128346425 1.0 9 0.7029250268449461 1.0 [-1,-1] 1.0 1.0 1.0 0.0004445766401596716 0.18918261239264766 3258.3596538378392 -2478.661609751305 -2114.862919061971 -22.34035988953573
220.4771701538643 -0.3898645021163699 39627776344462841 7 245-249-250-251-252-253-469 0.9516643146602338 1.0 9 0.7090004330956078 1.0 [-1,-1] 1.0 1.0 1.0 0.00041974738576830407 0.19815580287489248 3273.7832173074808 -2490.1936196699676 -2125.1108369556223 -22.27602147782413
220.54442134780726 -0.681151246603925 39627770308855219 6 245-249-250-251-252-469 0.5241674699551192 1.0 9 0.7487852222488619 1.0 [-1,-1] 1.0 1.0 1.0 0.0006865842838717192 0.13125169390769817 2027.0260552408145 -1540.2327522382218 -1317.5496246080897 -24.097390997612887
220.54690533894615 0.6201280455841808 39627800507843663 5 245-249-250-251-253 0.6385453722075328 1.0 9 1.430579929035085 1.0 [-1,-1] 1.0 1.0 1.0 0.000833303205902425 0.11070054926254569 2392.889987148199 -1818.1884787552221 -1555.4556949682817 25.898403553478012
220.5058867962094 0.6336015793873434 39627806547640473 5 245-249-250-251-253 0.534118486983709 1.0 9 1.4212775008203313 1.0 [-1,-1] 1.0 1.0 1.0 0.0007045118177349687 0.128340413101622 2059.8759603338262 -1566.108747499954 -1337.8615403678602 22.77853748301566
221.1278449499086 -0.28538706520887336 39627782396840639 6 245-249-250-251-253-469 0.8377566698057264 1.0 9 1.3645672640793154 1.0 [-1,-1] 1.0 1.0 1.0 0.0006232532477076302 0.14268566385842998 2972.3994942877916 -2238.9137999936106 -1955.0459209722028 -14.80529400050948
220.98881098838578 0.29890880769310096 39627794472244542 4 245-249-250-252 0.7552575393685612 1.0 9 1.4903925200386476 1.0 [-1,-1] 1.0 1.0 1.0 0.0006416626200019751 0.139161677870846 2740.872644354852 -2068.8858058164665 -1797.7457874252275 14.29891110392022
220.99453853532071 0.2954722550663994 39627794472244706 4 245-249-250-252 0.753242223875333 1.0 9 1.4929011179655929 1.0 [-1,-1] 1.0 1.0 1.0 0.0006416626200019751 0.139161677870846 2735.0709476973734 -2064.3278276105293 -1794.1473655683744 14.104599074890976
220.99045495588075 0.30628090209328057 39627794472244589 5 245-249-250-252-253 0.7526827835472535 1.0 9 1.4961581520303526 1.0 [-1,-1] 1.0 1.0 1.0 0.0006416626200019751 0.139161677870846 2733.459171132097 -2063.2370675531424 -1792.9412524121394 14.611937574081562
220.67319413292296 0.6106211620095695 39627800507846267 6 245-249-250-252-253-254 0.6240465431910328 1.0 9 1.4926631294172306 1.0 [-1,-1] 1.0 1.0 1.0 0.0007214233604467519 0.12571007283523317 2347.9090626835973 -1780.6454680362788 -1530.147895658535 25.022014415060372
221.20866598062895 -0.07472659495580473 39627788436640516 6 245-249-250-252-254-469 0.8577088269435882 1.0 9 1.5033859439473405 1.0 [-1,-1] 1.0 1.0 1.0 0.0006812235016579503 0.1321480675826358 3026.68490364839 -2277.019344713243 -1993.988171278153 -3.947477364920703
221.13425918964165 -0.5122585439680549 39627776357043125 6 245-249-250-252-254-469 0.8026098493839063 1.0 9 1.3370781866695982 1.0 [-1,-1] 1.0 1.0 1.0 0.0007229154976227362 0.12548315978664992 2875.172139751411 -2165.4073973440536 -1891.2865642985469 -25.705416436193893
219.74397331787708 0.9845418647537485 39627812570666955 4 245-249-250-253 0.7856747958396509 1.0 9 1.585531984806872 1.0 [-144115188152467521,-104154005505] 0.921875 1.0 1.084033613445378 0.0007324854237337303 0.12404708914385561 2827.5828229618587 -2173.8331520794154 -1807.5711630299813 48.58537034816039
219.74724131572273 0.9770175848464633 39627812570667033 4 245-249-250-253 0.7847961710187957 1.0 9 1.5778997863680473 1.0 [-4620693221977096450,-274894750241] 0.921875 1.0 1.084033613445378 0.0007324854237337303 0.12404708914385561 2825.100470350887 -2171.826601024489 -1806.1122233399435 48.17176933914069
220.655796409382 -0.07063126881777988 39627788428251075 5 245-249-250-253-469 0.6162328546070344 1.0 9 1.0062745415680256 1.0 [-1,-1] 1.0 1.0 1.0 0.0007214233604467519 0.12571007283523317 2323.502792607018 -1762.6943210093302 -1513.7918462453213 -2.864293149900691
219.87717651987185 -0.20944214942497477 39627782375869230 6 245-249-251-252-254-469 0.6216228882722161 1.0 9 0.39810969545202285 1.0 [-1,-1] 1.0 1.0 1.0 0.0007214233604467519 0.12571007283523317 2340.3511313781237 -1796.0216911825032 -1500.492024109532 -8.555029426217027
220.04710642184182 -0.4795348724860142 39627776340264133 5 245-249-251-253-469 0.5358402446900461 1.0 9 0.2748963242836499 1.0 [-1,-1] 1.0 1.0 1.0 0.0007045118177349687 0.128340413101622 2065.539681102808 -1581.1476930173296 -1328.9572219958882 -17.287254878617418
220.05449127562858 -0.47782560211232217 39627776340264323 5 245-249-251-253-469 0.539907679769232 1.0 9 0.2822882192193878 1.0 [-1,-1] 1.0 1.0 1.0 0.0007045118177349687 0.128340413101622 2078.8960453525665 -1591.1998280165278 -1337.7560698200875 -17.337022876669305
220.4928403917235 -0.47433982782202544 39627776344463189 5 245-249-252-253-254 0.9764121735653537 1.0 9 0.7041135577111345 1.0 [-1,-1] 1.0 1.0 1.0 0.0003578035202613049 0.22475091060875194 3336.6050782954685 -2537.3582104107363 -2166.5603487165804 -27.622743119125687
220.49774552102917 -0.4778820168012468 39627776344463308 5 245-249-252-253-254 0.9508322743935431 1.0 9 0.7083207993153221 1.0 [-1,-1] 1.0 1.0 1.0 0.00041974738576830407 0.19815580287489248 3271.6550800499913 -2487.7831090674345 -2124.598213411687 -27.287297842610197
219.74021393051794 0.9865468271870976 39627812570666855 3 245-249-253 0.7858492566431805 1.0 9 1.5876728063080223 1.0 [-1,-5] 0.9921875 1.0 1.0078125 0.0007324854237337303 0.12404708914385561 2828.0755648947743 -2174.329278394991 -1807.7424049038982 48.6927857231856
218.99532378293583 0.810578754371932 39627806518285843 2 245-250 0.8936634506150276 1.0 9 1.6239462258932853 1.0 [-197671584272434,-1344807011] 0.828125 1.0 1.205607476635514 0.0005275616701708153 0.16431404058018498 3122.883993128876 -2426.8541916901145 -1964.8998448132036 44.17880339851537
219.920295893322 -0.6079581578389327 39627776336072312 4 245-250-251-253 0.8353225193240357 1.0 9 0.12055217214989539 1.0 [-1,-1] 1.0 1.0 1.0 0.0006232532477076302 0.14268566385842998 2965.7320206533964 -2274.4041928438637 -1903.066400577848 -31.46841106256903
218.74595873185606 0.5505215435060405 39627800474293489 4 245-250-251-253 1.0341959789631725 1.0 9 1.5603413977946685 1.0 [-1,-1] 1.0 1.0 1.0 0.00017111768859933566 0.3774092623312036 3479.772303085654 -2713.84876569933 -2177.7792099534818 33.43457684262887
219.30096963842374 0.8657955131107018 39627806526670162 4 245-250-251-253 0.9349688791341383 1.0 9 1.5484097860619612 1.0 [-1,-1] 1.0 1.0 1.0 0.0004445766401596716 0.18918261239264766 3230.8792811487237 -2499.8642296521084 -2046.1858126398922 48.81990181461421
219.48703100088798 0.6438092445110377 39627806526674502 6 245-250-251-253-254-469 0.642962278727326 1.0 9 1.282578329041943 1.0 [-1,-1] 1.0 1.0 1.0 0.000833303205902425 0.11070054926254569 2406.514172436582 -1857.1546825727196 -1530.2142860993113 27.040446629500984
219.3997423906819 0.9291141059429996 39627812566469567 3 245-250-253 1.0367416543477415 0.75 9 1.5806281258043509 1.0 [-1,-1] 1.0 1.0 1.0 0.00017111768859933566 0.3774092623312036 3485.9687679319586 -2693.38088439068 -2212.34772025024 56.526341642682354
218.99761398708438 0.8193635639849419 39627806518285899 3 245-250-253 0.5649808479211406 0.75 9 1.6304542174805714 1.0 [-1,-1] 1.0 1.0 1.0 0.000677088223595666 0.13284793461577618 2160.505544989167 -1678.9130892022288 -1359.4412527525453 30.89545515051102
218.98777048268832 0.8227449400921523 39627806518285684 3 245-250-253 0.6344738147477369 0.75 9 1.6382562562198144 1.0 [-1,-1] 1.0 1.0 1.0 0.000833303205902425 0.11070054926254569 2380.298541210289 -1849.968344436819 -1497.4211388995493 34.17897959713629
218.30502699566628 -0.8162454488870164 39627770271106459 3 245-250-469 0.9790586875490984 1.0 9 1.5104179361058756 1.0 [-1,-1] 1.0 1.0 1.0 0.0003578035202613049 0.22475091060875194 3343.268999744046 -2623.2704778396223 -2072.107926116813 -47.627169436291965
218.17505501899177 -0.34269940625132317 39627782346509869 2 245-251 0.7154987094569558 0.7 9 1.6451342326015328 1.0 [-1,-1] 1.0 1.0 1.0 0.0006167714992318164 0.14396928707710532 2625.0932267407566 -2063.6172724126773 -1622.452364287099 -15.701200573922772
218.27009285437717 -0.08885212214361239 39627788390498749 2 245-251 0.8122145894367782 0.7 9 1.613005863716076 1.0 [-1,-1] 1.0 1.0 1.0 0.0006627118749498285 0.13533979738261318 2901.9468930637127 -2278.3151124936276 -1797.3746872309894 -4.500227392687323
218.49967778766174 0.29180729937122396 39627794430301245 2 245-251 0.6839542210445725 0.7 9 1.5767408623129198 1.0 [-1,-1] 1.0 1.0 1.0 0.0007209928471550773 0.12577569469930108 2531.2228150381807 -1980.9387914730003 -1575.691674831562 12.891457396553804
218.20804285211594 -0.5869576321290781 39627776306712782 2 245-251 1.0024023712080925 0.7 9 1.5919251658373694 1.0 [-1,-1] 1.0 1.0 1.0 0.0002622817504223413 0.28340640119267335 3401.6006590587212 -2672.7357578162864 -2103.843228519373 -34.84655524019248
218.13857937889173 -0.43454117776571793 39627776306711398 3 245-251-253 0.55360347109047 0.75 9 1.6695712596143926 0.3333333333333333 [-38422460751741445,-2308112401221828929] 0.8515625 1.0 1.1727272727272726 0.000677088223595666 0.13284793461577618 2123.627777305536 -1670.2263457645054 -1311.4417613379644 -16.10580878362361
218.13735780286672 -0.42761327322869847 39627776306711375 3 245-251-253 0.5569834696812759 0.75 9 1.6714879172789694 1.0 [-8864813066257,-1125904206266369] 0.9140625 1.0 1.0932203389830508 0.000677088223595666 0.13284793461577618 2134.610070847926 -1678.8935161531892 -1318.1892577276287 -15.931001087591335
218.21325657364707 -1.0551723530662007 39627764227118436 3 245-251-253 0.9906857621825103 0.75 9 1.6505750644111035 1.0 [-1,-1] 1.0 1.0 1.0 0.0002622817504223413 0.28340640119267335 3372.423134233285 -2649.31003353611 -2085.7941553853025 -62.10381531968548
