EDR/data_rosette/LRG_10_clustering_data.ecsv
# %ECSV 1.0
# ---
# datatype:
# - {name: RA, unit: deg, datatype: float64}
# - {name: DEC, unit: deg, datatype: float64}
# - {name: TARGETID, datatype: int64}
# - {name: NTILE, datatype: int64}
# - {name: TILES, datatype: string}
# - {name: Z, datatype: float64}
# - {name: COMP_TILE, datatype: float64}
# - {name: ROSETTE_NUMBER, datatype: int32}
# - {name: ROSETTE_R, unit: deg, datatype: float64}
# - {name: FRACZ_TILELOCID, datatype: float64}
# - {name: BITWEIGHTS, datatype: string, subtype: 'int64[2]'}
# - {name: PROB_OBS, datatype: float64}
# - {name: WEIGHT_ZFAIL, datatype: float64}
# - {name: WEIGHT, datatype: float64}
# - {name: NZ, unit: h3 / Mpc3, datatype: float64}
# - {name: WEIGHT_FKP, datatype: float64}
# - {name: distance, unit: Mpc, datatype: float64}
# - {name: x, unit: Mpc, datatype: float64}
# - {name: y, unit: Mpc, datatype: float64}
# - {name: z, unit: Mpc, datatype: float64}
# meta: !!omap
# - {EXTNAME: LSS}
# - {DESIDR: edr}
# - comments: ['Visit https://desidatamodel.readthedocs.io/en/latest/ for a more complet', e description]
# schema: astropy-2.0
RA DEC TARGETID NTILE TILES Z COMP_TILE ROSETTE_NUMBER ROSETTE_R FRACZ_TILELOCID BITWEIGHTS PROB_OBS WEIGHT_ZFAIL WEIGHT NZ WEIGHT_FKP distance x y z
[from data line 2425]
219.05705802499298 2.977544164886739 39627860880655893 9 271-272-275-276-277-278-280-281-472 0.7723091051381723 1.0 10 1.1452973097645747 1.0 [-1,-1] 1.0 1.0 1.0 0.0007324854237337303 0.12404708914385561 2789.6780695124053 -2163.313168677729 -1755.3863855407515 144.90860292666991
218.52447292574666 3.5415206113242776 39627872935088988 9 271-272-275-276-277-278-280-281-472 0.5245412587992565 1.0 10 1.2082982789827834 1.0 [-1,-1] 1.0 1.0 1.0 0.0006865842838717192 0.13125169390769817 2028.2635754474804 -1583.7658545199786 -1260.8891191617945 125.28957946690126
217.3303275683303 2.991535019344912 39627860851296524 9 271-272-275-276-277-278-280-281-472 0.6829612149928731 1.0 10 0.9121882135809579 1.0 [-1,-1] 1.0 1.0 1.0 0.0007209928471550773 0.12577569469930108 2528.2384643796554 -2007.5958415744785 -1531.0582123276317 131.94476164583332
217.6217369024836 1.9025627894706845 39627836696299974 9 271-272-275-276-277-278-280-281-472 0.9803856256984015 1.0 10 0.6792171469966284 1.0 [-1,-1] 1.0 1.0 1.0 0.0003578035202613049 0.22475091060875194 3346.606316970311 -2649.2454215842577 -2041.7952359091582 111.10693776315846
216.96647333571804 2.7877963052210384 39627854803112182 9 271-272-275-276-277-278-280-281-472 0.9489515194750153 1.0 10 1.140005198150388 1.0 [-1,-1] 1.0 1.0 1.0 0.0004445766401596716 0.18918261239264766 3266.8407427400675 -2607.0759225476722 -1962.1818781376537 158.88942572389257
217.64979058786403 2.0044270915360385 39627836696300683 8 271-272-275-276-277-278-280-472 0.6390102532196683 0.6666666666666666 10 0.5839857888382329 1.0 [-1,-1] 1.0 1.0 1.0 0.000833303205902425 0.11070054926254569 2394.3256640956984 -1894.5692414037194 -1461.6392992955873 83.74565080615669
218.32828422019483 3.475148330532511 39627872935084650 8 271-272-275-276-277-278-280-472 0.5391879623328617 0.6666666666666666 10 1.0814663705089729 1.0 [-1,-1] 1.0 1.0 1.0 0.0007045118177349687 0.128340413101622 2076.535085066797 -1625.984746341218 -1285.4291897466421 125.8704187899067
217.52472417742345 1.1041929809738977 39627812537106976 7 271-272-275-276-277-278-281 0.4221264243005595 1.0 10 1.4259748369960659 1.0 [-1,-1] 1.0 1.0 1.0 0.0006262316776515472 0.14210347001521706 1678.5443135308776 -1330.9904695617822 -1022.2177271150914 32.34657314473083
217.98207030440312 1.8130961712277953 39627830660699290 7 271-272-275-276-277-278-281 0.6614313571316716 1.0 10 0.6206274316770817 1.0 [-1,-1] 1.0 1.0 1.0 0.000700708733790897 0.12894715825466588 2463.0876342371025 -1940.4420271783288 -1515.0618214096341 77.93016359988711
218.89409917032464 1.194675039460931 39627818597878315 7 271-272-275-276-277-278-281 0.6197882299889402 1.0 10 1.495924747542342 1.0 [-1,-1] 1.0 1.0 1.0 0.0007214233604467519 0.12571007283523317 2334.622505461192 -1816.6599658084426 -1465.5509156047478 48.67571678820391
217.3774657859828 1.4964245506202183 39627824612510376 8 271-272-275-276-277-278-281-472 0.8264644010251868 1.0 10 1.1503584359576495 1.0 [-1,-1] 1.0 1.0 1.0 0.0006627118749498285 0.13533979738261318 2941.385766737014 -2336.5851622789683 -1784.9985347696852 76.81301355198248
217.77390043089682 3.1178941108604628 39627860859683405 8 271-272-275-276-277-278-281-472 0.7983077217950522 1.0 10 0.7411139024104806 1.0 [-1,-1] 1.0 1.0 1.0 0.0007229154976227362 0.12548315978664992 2863.1288161429416 -2259.764701586366 -1751.2050318677516 155.72747880009257
217.7758904501558 3.1190523675776842 39627860859683464 8 271-272-275-276-277-278-281-472 0.7982435755915618 1.0 10 0.7414527957409257 1.0 [-1,-1] 1.0 1.0 1.0 0.0007229154976227362 0.12548315978664992 2862.949009081295 -2259.5594766589275 -1751.171606980536 155.77548891147688
217.37037673385927 1.515772070912496 39627824612510252 8 271-272-275-276-277-278-281-472 0.8256320471168839 1.0 10 1.1389219626488605 1.0 [-1,-1] 1.0 1.0 1.0 0.0006627118749498285 0.13533979738261318 2939.0913851157143 -2334.962477983983 -1783.3014543829247 77.74522020067629
217.95226353612438 3.47910780611543 39627872926698904 7 271-272-275-276-277-279-280 0.8668851819021695 1.0 10 1.0536384381558317 1.0 [-1,-1] 1.0 1.0 1.0 0.0006812235016579503 0.1321480675826358 3051.434187367902 -2401.6928220275686 -1873.1877666938487 185.17499606419392
216.9430861184158 3.3897555559074646 39627872909921922 7 271-272-275-276-277-279-280 0.758654044234217 1.0 10 1.463968087989546 1.0 [-1,-1] 1.0 1.0 1.0 0.0006416626200019751 0.139161677870846 2750.634482099436 -2194.5513464542855 -1650.2978306917282 162.6392077707295
218.10656186672003 3.252978821237 39627866899481798 9 271-272-275-276-277-279-280-281-472 0.6257960813942979 1.0 10 0.8249154305761082 0.5 [-1,-1] 1.0 1.0 1.0 0.0007214233604467519 0.12571007283523317 2353.3578978271535 -1848.7897104027722 -1449.9782470988407 133.54057403818186
217.32769739489407 2.9891399409816706 39627860851296463 9 271-272-275-276-277-279-280-281-472 0.5915815265665947 1.0 10 0.9127915583565982 1.0 [-1,-1] 1.0 1.0 1.0 0.0007756247847600315 0.11796159141779075 2245.738256599336 -1783.3375007609006 -1359.9019981787583 117.10777464844786
218.50809829925464 2.9148767296125717 39627860872265958 8 271-272-275-276-277-279-280-472 0.762916966206295 1.0 10 0.6667098441486993 1.0 [-1,-1] 1.0 1.0 1.0 0.0006416626200019751 0.139161677870846 2762.858060060682 -2159.194922414129 -1717.9995293728143 140.49755918914568
216.64880174070757 2.586602924321317 39627848759119137 8 271-272-275-276-277-279-281-472 1.0288463418327605 1.0 10 1.4085876641224402 1.0 [-1,-1] 1.0 1.0 1.0 0.00020304675497218746 0.33812883710054276 3466.720611977791 -2778.5485438210344 -2067.2065364190694 156.4510368388594
217.34383825232746 1.2627774665343932 39627818572712009 8 271-272-275-276-277-279-281-472 0.7731765394132246 1.0 10 1.3640153557558312 1.0 [-1,-1] 1.0 1.0 1.0 0.0007324854237337303 0.12404708914385561 2792.14740883674 -2219.244872659241 -1693.2965039338592 61.53289863771276
217.62691654028177 2.3473921918334293 39627842736097960 8 271-272-275-276-277-279-281-472 0.9023575787364253 1.0 10 0.4307118422366387 1.0 [-1,-1] 1.0 1.0 1.0 0.0005275616701708153 0.16431404058018498 3145.836722205788 -2489.4211401195957 -1918.9760971623546 128.84800512094355
217.15583316871113 1.7701130889202363 39627830648114137 8 271-272-275-276-277-279-281-472 0.8212811446253357 1.0 10 1.1108116548373828 1.0 [-1,-1] 1.0 1.0 1.0 0.0006627118749498285 0.13533979738261318 2927.079383036791 -2331.756576127285 -1767.068189845308 90.41568847843098
216.93439073302517 3.410488134019151 39627872909921695 6 271-272-275-276-277-280 0.7294892244099994 1.0 10 1.4841428831564007 1.0 [-1,-1] 1.0 1.0 1.0 0.0006167714992318164 0.14396928707710532 2666.153388572749 -2127.3464092743866 -1599.2544959119064 158.60707314266142
217.34664432424998 2.9819510261252544 39627860851296951 8 271-272-275-276-277-280-281-472 0.43100828061826557 1.0 10 0.8934498619619722 1.0 [-1,-1] 1.0 1.0 1.0 0.0005288673958748294 0.16397488484989944 1709.73193836516 -1357.362099384223 -1035.7802112968677 88.9426000685702
218.0829348894031 3.8257792048776 39627878962299524 8 271-272-275-276-277-280-281-472 0.7488115765089421 1.0 10 1.396166541720965 1.0 [-1,-1] 1.0 1.0 1.0 0.0007126833197713517 0.12705585074725267 2722.29102190991 -2137.9913003767588 -1675.371268969619 181.6389787345386
218.31012492882112 3.496301523824435 39627872935084227 7 271-272-275-276-277-280-472 0.5323999776804191 1.0 10 1.097488559253886 1.0 [-1,-1] 1.0 1.0 1.0 0.0007045118177349687 0.128340413101622 2054.2170271771856 -1608.875848220153 -1271.075283163271 125.27459554901041
217.33890536660041 2.5289354625284695 39627848771700526 6 271-272-275-276-277-281 0.9072072019804043 1.0 10 0.717284676693412 1.0 [-1,-1] 1.0 1.0 1.0 0.0005275616701708153 0.16431404058018498 3158.5882011807257 -2508.8270534633616 -1913.9076363311226 139.36929375531884
218.9495883770319 2.941544426888088 39627860876464785 8 271-272-275-276-278-279-280-281 0.773450629143422 1.0 10 1.0339993300364687 1.0 [-1,-1] 1.0 1.0 1.0 0.0007324854237337303 0.12404708914385561 2792.9273948750247 -2169.195987168432 -1753.4224183984868 143.32489299966375
218.74139920202933 2.5612171810369335 39627848792675257 8 271-272-275-276-278-279-280-281 0.45582618801880503 1.0 10 0.7030961849266176 1.0 [-1,-1] 1.0 1.0 1.0 0.0005635091211985168 0.1554616369400361 1796.0044433221346 -1399.4453528929687 -1122.8282911947656 80.25766749518468
216.9620045132517 2.603654341377377 39627848763314556 9 271-272-275-276-278-279-280-281-472 0.8481802401319747 1.0 10 1.100729938248118 1.0 [-1,-1] 1.0 1.0 1.0 0.0006232532477076302 0.14268566385842998 3000.840927432893 -2395.2999230018263 -1802.4987848465728 136.31830856630424
219.4760182643146 2.7040399255744476 39627854845055530 9 271-272-275-276-278-279-280-281-472 0.9505452807141848 1.0 10 1.4507042046173562 1.0 [-1,-1] 1.0 1.0 1.0 0.00041974738576830407 0.19815580287489248 3270.9207833609335 -2521.9822771714553 -2077.1894519245425 154.31184487589
219.23750958305368 2.039767349139623 39627836721468054 9 271-272-275-276-278-279-280-281-472 1.0553218710749497 1.0 10 1.2491239026283325 1.0 [-1,-1] 1.0 1.0 1.0 0.0001568149373683449 0.39812733398474315 3530.9176424794946 -2733.0707291908025 -2232.0190906777407 125.67643400222863
219.308017146709 1.7710140724831882 39627830685861194 9 271-272-275-276-278-279-280-281-472 0.6503661647805588 1.0 10 1.4194104149254279 1.0 [-1,-1] 1.0 1.0 1.0 0.000700708733790897 0.12894715825466588 2429.269800186316 -1878.7534703870028 -1538.1809477507356 75.07683785765724
218.7812242060657 3.21029230823989 39627866907875092 9 271-272-275-276-278-279-280-281-472 0.5901143760812524 1.0 10 1.0687573458804802 1.0 [-1,-1] 1.0 1.0 1.0 0.0007756247847600315 0.11796159141779075 2241.073124530032 -1744.2718989375064 -1401.4897556593428 125.50201930511305
219.23503638763935 2.045221161909231 39627836721467992 9 271-272-275-276-278-279-280-281-472 0.8408455890597581 1.0 10 1.2450782594962106 1.0 [-1,-1] 1.0 1.0 1.0 0.0006232532477076302 0.14268566385842998 2980.8464222399766 -2307.367222300636 -1884.1934423061866 106.3812314455814
217.4294307255213 1.5272795816057438 39627824612511469 9 271-272-275-276-278-279-280-281-472 0.7593324179792558 1.0 10 1.0952366411641932 1.0 [-1,-1] 1.0 1.0 1.0 0.0006416626200019751 0.139161677870846 2752.5817771622173 -2185.0556306105696 -1672.3803431757024 73.36428873828963
217.83853498306644 3.243254989907566 39627866895287142 8 271-272-275-276-278-279-280-472 0.9556029717824056 1.0 10 0.8402326228034974 1.0 [-1,-1] 1.0 1.0 1.0 0.00041974738576830407 0.19815580287489248 3283.8430330873007 -2589.2370494970373 -2011.2087854576612 185.78425327728542
218.62095569646507 1.2510502888775534 39627818593683606 8 271-272-275-276-278-279-281-472 1.0459932969432657 1.0 10 1.30979579549239 1.0 [-1,-1] 1.0 1.0 1.0 0.00017111768859933566 0.3774092623312036 3508.4109785700875 -2740.4408650917626 -2189.3067208467983 76.59987951213635
217.29357287512028 3.545979201674328 39627872914118527 7 271-272-275-276-278-279-472 0.7616566941981626 1.0 10 1.347597358066462 1.0 [-1,-1] 1.0 1.0 1.0 0.0006416626200019751 0.139161677870846 2759.247622120763 -2190.8933194004985 -1668.6250957467346 170.65811738546807
218.83749692936993 1.1178665311765374 39627812558079700 6 271-272-275-276-278-281 0.49059636300978027 1.0 10 1.5301059481132602 1.0 [-1,-1] 1.0 1.0 1.0 0.0005337442823398631 0.16272042362546515 1914.7317054642117 -1491.1537479235233 -1200.5259741663526 37.3549101919479
217.63287305419422 1.0546129754949345 39627812537109284 6 271-272-275-276-278-281 0.6336843897344221 1.0 10 1.4371900152722799 1.0 [-1,-1] 1.0 1.0 1.0 0.000833303205902425 0.11070054926254569 2377.853598193203 -1882.7970731992737 -1451.6705906999484 43.765416592051686
217.49511948660225 1.0999219453098417 39627812532917600 6 271-272-275-276-278-281 0.7468268644454762 1.0 10 1.4410739364741645 1.0 [-288230376152760321,-1] 0.984375 1.0 1.015748031496063 0.0007126833197713517 0.12705585074725267 2716.555093059024 -2154.931771476292 -1653.2456872515104 52.14720981273855
217.49466805750453 1.0993037019015817 39627812532917589 6 271-272-275-276-278-281 0.4837881678927839 1.0 10 1.4418182514982356 1.0 [-1,-1] 1.0 1.0 1.0 0.00048380039118235755 0.17655271186088778 1891.6794999227134 -1500.601166177552 -1151.2299207773954 36.292423469501855
217.35465151699958 1.5065481557594558 39627824612509943 7 271-272-275-276-278-281-472 0.9606495876275875 1.0 10 1.1557213974862703 1.0 [-1,-1] 1.0 1.0 1.0 0.00041974738576830407 0.19815580287489248 3296.6984813651748 -2619.6236145165617 -1999.5701007505338 86.67414543640906
218.94101308001484 2.936114897376683 39627860876464570 7 271-272-275-276-279-280-281 0.9181068268099469 1.0 10 1.0238709460976683 1.0 [-1,-1] 1.0 1.0 1.0 0.0004951280553168204 0.17321314004730964 3187.1132136907718 -2475.661615769336 -2000.5346964293935 163.25173650174278
217.37445891358558 3.53756532482243 39627872918308599 8 271-272-275-276-279-280-281-472 0.7644809771227089 1.0 10 1.2968445894934788 1.0 [-1,-1] 1.0 1.0 1.0 0.0006416626200019751 0.139161677870846 2767.334818447214 -2194.9699149906037 -1676.631320571391 170.75269999461105
218.8416490553223 2.693066892084185 39627854836664349 8 271-272-275-276-279-280-281-472 0.9136341326591894 1.0 10 0.8334623585638233 1.0 [-1,-1] 1.0 1.0 1.0 0.0004951280553168204 0.17321314004730964 3175.430296676901 -2470.5547885868773 -1989.3356014724154 149.19943149485195
217.69846408598687 3.1482312832749466 39627866891095439 8 271-272-275-276-279-280-281-472 0.7860651973748646 1.0 10 0.799461970142741 1.0 [-1,-1] 1.0 1.0 1.0 0.0007324854237337303 0.12404708914385561 2828.6853894920728 -2234.790958109504 -1727.147044629494 155.3495816071935
217.70546782083508 2.3254394504779996 39627842736099517 8 271-272-275-276-279-280-281-472 0.9010749993662749 1.0 10 0.35976518575678773 1.0 [-1,-1] 1.0 1.0 1.0 0.0005275616701708153 0.16431404058018498 3142.458165734205 -2484.156007100216 -1920.3526557656498 127.50660089309349
217.31936788556808 3.506393154099619 39627872918307307 7 271-272-275-276-279-280-472 0.9493433706016925 1.0 10 1.3003839218424944 1.0 [-1,-1] 1.0 1.0 1.0 0.0004445766401596716 0.18918261239264766 3267.844241772325 -2593.9488553637007 -1977.4455435296982 199.86106828601433
217.53940672863382 1.8397791750236658 39627830656500591 6 271-272-275-277-278-279 0.5804459747803309 1.0 10 0.7801935710292242 1.0 [-1,-1] 1.0 1.0 1.0 0.0006621615122706149 0.13543705131792066 2210.2259288245295 -1751.6608779851542 -1346.0117757998537 70.95861041943809
218.0835843231827 3.36882985461118 39627866899481300 9 271-272-275-277-278-279-280-281-472 0.8728514835733991 1.0 10 0.9394288112621968 1.0 [-1,-1] 1.0 1.0 1.0 0.0005690156306133545 0.15418916366201427 3067.4528172751516 -2410.2559653263215 -1888.7672139836948 180.25365238579363
218.30034215372822 2.9375285752079043 39627860868072465 9 271-272-275-277-278-279-280-281-472 0.6401914871979607 1.0 10 0.5657902743461283 1.0 [-1,-1] 1.0 1.0 1.0 0.000833303205902425 0.11070054926254569 2397.971802370792 -1879.3899736874234 -1484.270988740261 122.88907092421964
218.23370473636504 3.772169965450446 39627878962302851 8 271-272-275-277-278-279-280-472 0.8722616060207233 1.0 10 1.3546465701302433 1.0 [-1,-1] 1.0 1.0 1.0 0.0005690156306133545 0.15418916366201427 3065.8716344499303 -2403.0033154642906 -1893.2671524999596 201.70134867424005
218.23438054017814 3.7747337424638454 39627878962302870 8 271-272-275-277-278-279-280-472 0.8713510272212821 1.0 10 1.3572781136342038 1.0 [-1,-1] 1.0 1.0 1.0 0.0005690156306133545 0.15418916366201427 3063.429705662397 -2401.059953534842 -1891.7819262988153 201.67747617223924
217.47278918287245 3.4323246473938442 39627872918311295 7 271-272-275-277-278-279-281 0.7474050518317147 1.0 10 1.1562643573940183 1.0 [-1,-1] 1.0 1.0 1.0 0.0007126833197713517 0.12705585074725267 2718.226800077135 -2153.4301973409088 -1650.7608370936268 162.7389951911471
