EDR/data_rosette/LRG_8_clustering_data.ecsv
# %ECSV 1.0
# ---
# datatype:
# - {name: RA, unit: deg, datatype: float64}
# - {name: DEC, unit: deg, datatype: float64}
# - {name: TARGETID, datatype: int64}
# - {name: NTILE, datatype: int64}
# - {name: TILES, datatype: string}
# - {name: Z, datatype: float64}
# - {name: COMP_TILE, datatype: float64}
# - {name: ROSETTE_NUMBER, datatype: int32}
# - {name: ROSETTE_R, unit: deg, datatype: float64}
# - {name: FRACZ_TILELOCID, datatype: float64}
# - {name: BITWEIGHTS, datatype: string, subtype: 'int64[2]'}
# - {name: PROB_OBS, datatype: float64}
# - {name: WEIGHT_ZFAIL, datatype: float64}
# - {name: WEIGHT, datatype: float64}
# - {name: NZ, unit: h3 / Mpc3, datatype: float64}
# - {name: WEIGHT_FKP, datatype: float64}
# - {name: distance, unit: Mpc, datatype: float64}
# - {name: x, unit: Mpc, datatype: float64}
# - {name: y, unit: Mpc, datatype: float64}
# - {name: z, unit: Mpc, datatype: float64}
# meta: !!omap
# - {EXTNAME: LSS}
# - {DESIDR: edr}
# - comments: ['Visit https://desidatamodel.readthedocs.io/en/latest/ for a more complet', e description]
# schema: astropy-2.0
RA DEC TARGETID NTILE TILES Z COMP_TILE ROSETTE_NUMBER ROSETTE_R FRACZ_TILELOCID BITWEIGHTS PROB_OBS WEIGHT_ZFAIL WEIGHT NZ WEIGHT_FKP distance x y z
[from data line 1269]
215.49428770578675 0.15014109905995532 39627794379972056 11 217-218-219-220-222-223-224-225-226-227-466 0.5655215673388068 1.0 8 1.1008472606735449 1.0 [-1,-1] 1.0 1.0 1.0 0.000677088223595666 0.13284793461577618 2162.25185488812 -1760.44192043298 -1255.4462251650805 5.666080488891866
216.42015191790716 -2.047592249904277 39627740038566008 11 217-218-219-220-222-223-224-225-226-227-466 0.6864447232852643 1.0 8 1.4525671521272865 1.0 [-1,-1] 1.0 1.0 1.0 0.0007209928471550773 0.12577569469930108 2538.6997650081103 -2041.5493255156755 -1506.268611095601 -90.70677795431259
215.51529885975367 -1.524802700027888 39627752105574777 11 217-218-219-220-222-223-224-225-226-227-466 0.6813726067174829 1.0 8 1.2127616613049343 1.0 [-1,-1] 1.0 1.0 1.0 0.0007209928471550773 0.12577569469930108 2523.4603554840833 -2053.269561643615 -1465.4103020769428 -67.14848840038646
215.77934883016076 -1.0604888012297224 39627764189364997 11 217-218-219-220-222-223-224-225-226-227-466 0.5877440392635869 1.0 8 0.6950317986373012 1.0 [-1,-1] 1.0 1.0 1.0 0.0006621615122706149 0.13543705131792066 2233.527305343578 -1811.693605412947 -1305.6422442382805 -41.33804399832294
215.04997804973817 -1.2783909982220096 39627758136984833 11 217-218-219-220-222-223-224-225-226-227-466 1.0124925144941255 1.0 8 1.4220868895765122 1.0 [-1,-1] 1.0 1.0 1.0 0.00020304675497218746 0.33812883710054276 3426.5674212444223 -2804.4660395063006 -1967.3561643990408 -76.44768139445934
216.21329472424557 -1.4635812239346944 39627752113968423 11 217-218-219-220-222-223-224-225-226-227-466 0.4568253975949592 1.0 8 0.8679215143386043 1.0 [-1,-1] 1.0 1.0 1.0 0.0005635091211985168 0.1554616369400361 1799.451123134998 -1451.3653548788866 -1062.7561157253817 -45.96074082722511
215.50835678495451 -0.9599887551421642 39627764185170238 11 217-218-219-220-222-223-224-225-226-227-466 0.6909854369796457 1.0 8 0.8695819010953348 1.0 [-1,-1] 1.0 1.0 1.0 0.0005843703162771602 0.15074849413407446 2552.3026942416277 -2077.361413408871 -1482.2246910211463 -42.761740378951636
215.50737361115426 -0.9405509325330835 39627764185170211 11 217-218-219-220-222-223-224-225-226-227-466 0.689890266348588 1.0 8 0.862621664203492 1.0 [-1,-1] 1.0 1.0 1.0 0.0007209928471550773 0.12577569469930108 2549.0252552960283 -2074.730927849253 -1480.2940792325567 -41.8421814894422
215.50235583982175 -0.9764468626154406 39627764185170061 11 217-218-219-220-222-223-224-225-226-227-466 0.6618372300571975 1.0 8 0.881944301018917 1.0 [-1,-1] 1.0 1.0 1.0 0.000700708733790897 0.12894715825466588 2464.323749581492 -2005.8940365932817 -1430.914754613998 -41.99549664971945
215.8293853457117 0.2408833453922704 39627794388355438 11 217-218-219-220-222-223-224-225-226-227-466 0.72165394123855 1.0 8 0.9636165226607453 1.0 [-1,-1] 1.0 1.0 1.0 0.0006167714992318164 0.14396928707710532 2643.2009706366252 -2142.9924714292997 -1547.2463120626064 11.112532582750974
217.54919535839645 0.007290240875090265 39627788377916459 11 217-218-219-220-222-223-224-225-226-227-466 0.5417531601089401 1.0 8 1.388968725458719 1.0 [-1,-1] 1.0 1.0 1.0 0.0007045118177349687 0.128340413101622 2084.945249360916 -1653.0078637765143 -1270.65401457247 0.26528573600665384
216.96129482305852 0.3359006690564111 39627794405135554 11 217-218-219-220-222-223-224-225-226-227-466 0.6032327655476086 1.0 8 1.1459532533217915 1.0 [-1,-1] 1.0 1.0 1.0 0.0007756247847600315 0.11796159141779075 2282.638452890799 -1823.8923622456857 -1372.4707203092053 13.38205707214906
215.54144142869163 -0.8294507082660572 39627770224968840 11 217-218-219-220-222-223-224-225-226-227-466 0.9417685825558428 1.0 8 0.7924445904284787 1.0 [-1,-1] 1.0 1.0 1.0 0.0004445766401596716 0.18918261239264766 3248.40446175262 -2642.9344394239642 -1888.0725107258006 -47.02435839685862
216.90913281070831 0.5451583383200542 39627800444932120 11 217-218-219-220-222-223-224-225-226-227-466 0.6093764968250541 1.0 8 1.297080554189607 1.0 [-1,-1] 1.0 1.0 1.0 0.0007756247847600315 0.11796159141779075 2301.990903992084 -1840.563155522529 -1382.392732042585 21.902670866394658
216.16368636478094 -0.9007541284340893 39627764193562114 11 217-218-219-220-222-223-224-225-226-227-466 0.7952649330031795 1.0 8 0.3301987633864936 1.0 [-1,-1] 1.0 1.0 1.0 0.0007229154976227362 0.12548315978664992 2854.5919487768547 -2304.325691540182 -1684.2697190242682 -44.87554910432197
216.89507010293727 0.5422956620258412 39627800444931809 11 217-218-219-220-222-223-224-225-226-227-466 0.8286696012346753 1.0 8 1.2879968896840313 1.0 [-1,-1] 1.0 1.0 1.0 0.0006627118749498285 0.13533979738261318 2947.4588367527467 -2357.0842943060957 -1769.4318271972866 27.896823988796108
215.42977432675144 -0.9994579642517538 39627764180980561 11 217-218-219-220-222-223-224-225-226-227-466 0.6167788210349289 1.0 8 0.9574491044210531 1.0 [-1,-1] 1.0 1.0 1.0 0.0007214233604467519 0.12571007283523317 2325.2119100882514 -1894.3563953091116 -1347.731159555019 -40.558549434211834
215.32544972254706 -1.1045404784724464 39627764180977656 11 217-218-219-220-222-223-224-225-226-227-466 0.8440807126118995 1.0 8 1.0973117440817461 1.0 [-1,-1] 1.0 1.0 1.0 0.0006232532477076302 0.14268566385842998 2989.676348116931 -2438.766400970286 -1728.369686708674 -57.63101643027241
216.615968683182 -1.552369651752008 39627752122354976 11 217-218-219-220-222-223-224-225-226-227-466 0.4559376108460557 1.0 8 1.0033975502733559 1.0 [-1,-1] 1.0 1.0 1.0 0.0005635091211985168 0.1554616369400361 1796.3888883061895 -1441.34463212815 -1071.060397193397 -48.66533704022773
215.0390742869824 -1.3356756576981932 39627758136984569 11 217-218-219-220-222-223-224-225-226-227-466 0.7357827060789371 1.0 8 1.459683810541401 1.0 [-1,-1] 1.0 1.0 1.0 0.0007126833197713517 0.12705585074725267 2684.5103455363947 -2197.3743274350786 -1540.8524169779955 -62.57547054748088
216.0972002384591 -0.2121605717523549 39627782312954325 11 217-218-219-220-222-223-224-225-226-227-466 0.919542895835813 1.0 8 0.43765847694400145 1.0 [-1,-1] 1.0 1.0 1.0 0.0004951280553168204 0.17321314004730964 3190.8577084462327 -2578.254938714989 -1879.9028652635136 -11.815401666691665
216.6162537201137 -1.570841202219503 39627752122354990 11 217-218-219-220-222-223-224-225-226-227-466 0.8425081383326645 1.0 8 1.0210341673376377 1.0 [-1,-1] 1.0 1.0 1.0 0.0006232532477076302 0.14268566385842998 2985.38631960748 -2395.3147612388348 -1779.9722440970756 -81.83814596420459
216.49519935067573 0.20313913996080346 39627794396747217 11 217-218-219-220-222-223-224-225-226-227-466 0.5399462444149051 1.0 8 0.8265193184178311 1.0 [-1,-1] 1.0 1.0 1.0 0.0007045118177349687 0.128340413101622 2079.0225236845727 -1671.3296240124691 -1236.5021672168318 7.371048377617793
215.0192621241802 -1.2476850267682977 39627758136984071 11 217-218-219-220-222-223-224-225-226-227-466 0.6591211132594257 1.0 8 1.4350405883828954 1.0 [-1,-1] 1.0 1.0 1.0 0.000700708733790897 0.12894715825466588 2456.045797041752 -2010.9243366295502 -1409.072123922097 -53.479146432312426
217.07983371411143 -0.5677907382859662 39627776289932907 11 217-218-219-220-222-223-224-225-226-227-466 0.7272177212932416 1.0 8 0.7804581252914218 1.0 [-1,-1] 1.0 1.0 1.0 0.0006167714992318164 0.14396928707710532 2659.5105667017056 -2121.6432140207316 -1603.412594913567 -26.354833908537504
216.68628867047818 -1.0239113249130405 39627764201950781 11 217-218-219-220-222-223-224-225-226-227-466 0.8945928418971738 1.0 8 0.5734885371630907 1.0 [-1,-1] 1.0 1.0 1.0 0.0005275616701708153 0.16431404058018498 3125.3433037578875 -2505.8708546973207 -1866.8858911429372 -55.8488618883783
216.75160874947932 -1.7152972741641668 39627746086748217 11 217-218-219-220-222-223-224-225-226-227-466 0.8019111419175985 1.0 8 1.2032243260145556 1.0 [-1,-1] 1.0 1.0 1.0 0.0007229154976227362 0.12548315978664992 2873.218314869343 -2301.097284439683 -1718.4114818314772 -86.00436939301868
216.7541773230444 -1.0971233083673289 39627764206141570 11 217-218-219-220-222-223-224-225-226-227-466 0.9863320348276514 1.0 8 0.673321682216989 1.0 [-1,-1] 1.0 1.0 1.0 0.0003578035202613049 0.22475091060875194 3361.5298247391574 -2692.798193972044 -2011.1136021157572 -64.36403138984778
216.9876111549667 -1.2031076283834696 39627758166349040 11 217-218-219-220-222-223-224-225-226-227-466 0.9731708802574867 1.0 8 0.9145635506273136 1.0 [-1,-1] 1.0 1.0 1.0 0.0003578035202613049 0.22475091060875194 3328.4293148516554 -2658.0487973111917 -2002.0824814718892 -69.88585307307112
216.19595587338372 -1.029564143617213 39627764193562912 11 217-218-219-220-222-223-224-225-226-227-466 0.8703844455721444 1.0 8 0.4419822327299 1.0 [-1,-1] 1.0 1.0 1.0 0.0005690156306133545 0.15418916366201427 3060.836133791535 -2469.702091503889 -1807.2810044257221 -54.99807439518868
215.2500921092334 -0.07343280479110842 39627788340166699 11 217-218-219-220-222-223-224-225-226-227-466 0.8236029976557342 1.0 8 1.1745355508020179 1.0 [-1,-1] 1.0 1.0 1.0 0.0006627118749498285 0.13533979738261318 2933.4934906252565 -2395.607996943561 -1693.0541188107889 -3.759693954946739
215.09948670202988 -0.05396319596298511 39627788335975165 11 217-218-219-220-222-223-224-225-226-227-466 0.629345852539252 1.0 8 1.3188368059152489 1.0 [-1,-1] 1.0 1.0 1.0 0.0007214233604467519 0.12571007283523317 2364.3956288891936 -1934.4409373659307 -1359.5219714287273 -2.2268712787717075
216.78410176950194 -1.1480249283160113 39627758166344542 11 217-218-219-220-222-223-224-225-226-227-466 0.7104304158344209 1.0 8 0.7311836487386633 1.0 [-1,-1] 1.0 1.0 1.0 0.0006167714992318164 0.14396928707710532 2610.1321349469736 -2090.0288290375865 -1562.6370224920515 -52.29523507735924
215.99734979467618 -1.5916400527914194 39627752109774045 11 217-218-219-220-222-223-224-225-226-227-466 0.7720414765353064 1.0 8 1.0367793166914812 1.0 [-1,-1] 1.0 1.0 1.0 0.0007324854237337303 0.12404708914385561 2788.9159448832793 -2255.4856666825367 -1638.5468659467372 -77.46433443819342
216.73853054610896 -1.8177376811505301 39627746082559725 11 217-218-219-220-222-223-224-225-226-227-466 0.8567146388502721 1.0 8 1.294257029732976 1.0 [-1,-1] 1.0 1.0 1.0 0.0006812235016579503 0.1321480675826358 3023.995315363522 -2422.1304607620073 -1807.9354875609831 -95.92169309902246
217.18772026050974 0.5624347840820265 39627800449126732 11 217-218-219-220-222-223-224-225-226-227-466 0.7135292633524274 1.0 8 1.4626259850428285 1.0 [-1,-1] 1.0 1.0 1.0 0.0006167714992318164 0.14396928707710532 2619.2850967607883 -2086.57776348053 -1583.093989677679 25.711377018188983
215.2129191195526 -0.009701192686725318 39627788335978388 11 217-218-219-220-222-223-224-225-226-227-466 0.4590642155826463 1.0 8 1.2369937808418559 1.0 [-1,-1] 1.0 1.0 1.0 0.0005635091211985168 0.1554616369400361 1807.1662163349013 -1476.481709651319 -1042.0419381677032 -0.30598532294746833
215.3781322397119 -0.019916497242759536 39627788340170423 11 217-218-219-220-222-223-224-225-226-227-466 0.6523790689984101 1.0 8 1.0891762512657623 1.0 [-1,-1] 1.0 1.0 1.0 0.000700708733790897 0.12894715825466588 2435.438680848004 -1985.7319525797386 -1410.0459084648385 -0.8465790535952598
216.47358966624859 -1.3319997405094401 39627758157960602 11 217-218-219-220-222-223-224-225-226-227-466 0.6424714299269609 1.0 8 0.7522951664482698 1.0 [-1,-1] 1.0 1.0 1.0 0.000833303205902425 0.11070054926254569 2405.0019326606007 -1933.4139225955844 -1429.272342088614 -55.90592236344671
214.93875848062677 -0.2523712186350943 39627782291985208 11 217-218-219-220-222-223-224-225-226-227-466 0.964160369086811 1.0 8 1.4048900428431286 1.0 [-1,-1] 1.0 1.0 1.0 0.00041974738576830407 0.19815580287489248 3305.619028501048 -2709.8033475113966 -1893.1114543952197 -14.560241820070601
215.4756361154229 -0.474113227900819 39627776260576817 11 217-218-219-220-222-223-224-225-226-227-466 1.0216237614831891 1.0 8 0.8338844721149362 1.0 [-1,-1] 1.0 1.0 1.0 0.00020304675497218746 0.33812883710054276 3449.0345561025897 -2808.667818092809 -2001.601841644408 -28.539872551969946
215.52745166709536 -1.627232746958325 39627746065777294 11 217-218-219-220-222-223-224-225-226-227-466 0.5688057119733728 1.0 8 1.2852223951490154 1.0 [-1,-1] 1.0 1.0 1.0 0.000677088223595666 0.13284793461577618 2172.84602503405 -1767.6298013632365 -1262.1163280900096 -61.701768268242816
216.5384574757541 -1.9538344708270614 39627740042756969 11 217-218-219-220-222-223-224-225-226-227-466 0.8127401935575346 1.0 8 1.3746631791375992 1.0 [-1,-1] 1.0 1.0 1.0 0.0006627118749498285 0.13533979738261318 2903.4076239171723 -2331.408207679241 -1727.5742200456605 -98.98946418611699
216.08536832008033 -1.7816632727148853 39627746074167045 11 217-218-219-220-222-223-224-225-226-227-466 0.8659585717046697 1.0 8 1.2009884750175388 1.0 [-1,-1] 1.0 1.0 1.0 0.0006812235016579503 0.1321480675826358 3048.941233025394 -2462.781168946546 -1794.9277433817376 -94.79426334560416
216.31642807301222 -1.5520283281152318 39627752118159252 11 217-218-219-220-222-223-224-225-226-227-466 0.9116724529105463 1.0 8 0.9521700046369508 1.0 [-1,-1] 1.0 1.0 1.0 0.0004951280553168204 0.17321314004730964 3170.2964552931326 -2553.5561962686397 -1876.9009858487548 -85.86650256188246
216.3073736299691 -1.3755148196833595 39627752118158959 11 217-218-219-220-222-223-224-225-226-227-466 0.7463240562369868 1.0 8 0.7755498623428736 1.0 [-1,-1] 1.0 1.0 1.0 0.0007126833197713517 0.12705585074725267 2715.1008521524914 -2187.3392016027205 -1607.1938151455563 -65.17587781555252
216.76795621218736 0.44245549696985553 39627800444928520 11 217-218-219-220-222-223-224-225-226-227-466 0.7371374327256225 1.0 8 1.1426679416368706 1.0 [-1,-1] 1.0 1.0 1.0 0.0007126833197713517 0.12705585074725267 2688.45267110739 -2153.564515750986 -1609.1944035966596 20.760845740705356
216.3273117565488 -1.5751343443805748 39627752118159547 11 217-218-219-220-222-223-224-225-226-227-466 0.9027984315272447 1.0 8 0.9755165989821037 1.0 [-1,-1] 1.0 1.0 1.0 0.0005275616701708153 0.16431404058018498 3146.997414698317 -2534.4078300702868 -1863.5682764973494 -86.50409140039372
215.28605146838984 -0.1515012693657146 39627782300369957 11 217-218-219-220-222-223-224-225-226-227-466 0.785252895965028 1.0 8 1.1086898884922567 1.0 [-1,-1] 1.0 1.0 1.0 0.0007324854237337303 0.12404708914385561 2826.391006458168 -2307.113422356576 -1632.6842696074618 -7.47352300395953
215.40044835923143 -0.3505107210683114 39627782300372999 11 217-218-219-220-222-223-224-225-226-227-466 0.9567662278415682 1.0 8 0.9334779595577737 1.0 [-1,-1] 1.0 1.0 1.0 0.00041974738576830407 0.19815580287489248 3286.8096479378737 -2679.104870849865 -1903.972283223774 -20.107150013559988
215.60677325011886 0.42324987318662444 39627800423959217 11 217-218-219-220-222-223-224-225-226-227-466 0.6864937275410309 1.0 8 1.2359570030550824 1.0 [-1,-1] 1.0 1.0 1.0 0.0007209928471550773 0.12577569469930108 2538.8467712015445 -2064.107194499626 -1478.1247186733126 18.75455417574753
216.52163731902718 -1.885845859897891 39627740042756610 11 217-218-219-220-222-223-224-225-226-227-466 0.6660968617573287 1.0 8 1.3047978769226958 1.0 [-1,-1] 1.0 1.0 1.0 0.000700708733790897 0.12894715825466588 2477.278352351328 -1989.742309082944 -1473.495023800562 -81.5229618498076
216.23011620321398 -1.4265945431427158 39627752113968928 11 217-218-219-220-222-223-224-225-226-227-466 0.5861480133250366 1.0 8 0.8295424471994798 1.0 [-1,-1] 1.0 1.0 1.0 0.0006621615122706149 0.13543705131792066 2228.4403225144915 -1797.0136846016244 -1316.6662796151381 -55.479694370239805
216.42156868961433 -0.8620086627245747 39627770237554635 11 217-218-219-220-222-223-224-225-226-227-466 0.7455262119582917 1.0 8 0.2888339563189287 1.0 [-1,-1] 1.0 1.0 1.0 0.0007126833197713517 0.12705585074725267 2712.7923858845693 -2182.656557215443 -1610.461813545662 -40.81212159321772
