EDR/data_rosette/LRG_19_clustering_data.ecsv
# %ECSV 1.0
# ---
# datatype:
# - {name: RA, unit: deg, datatype: float64}
# - {name: DEC, unit: deg, datatype: float64}
# - {name: TARGETID, datatype: int64}
# - {name: NTILE, datatype: int64}
# - {name: TILES, datatype: string}
# - {name: Z, datatype: float64}
# - {name: COMP_TILE, datatype: float64}
# - {name: ROSETTE_NUMBER, datatype: int32}
# - {name: ROSETTE_R, unit: deg, datatype: float64}
# - {name: FRACZ_TILELOCID, datatype: float64}
# - {name: BITWEIGHTS, datatype: string, subtype: 'int64[2]'}
# - {name: PROB_OBS, datatype: float64}
# - {name: WEIGHT_ZFAIL, datatype: float64}
# - {name: WEIGHT, datatype: float64}
# - {name: NZ, unit: h3 / Mpc3, datatype: float64}
# - {name: WEIGHT_FKP, datatype: float64}
# - {name: distance, unit: Mpc, datatype: float64}
# - {name: x, unit: Mpc, datatype: float64}
# - {name: y, unit: Mpc, datatype: float64}
# - {name: z, unit: Mpc, datatype: float64}
# meta: !!omap
# - {EXTNAME: LSS}
# - {DESIDR: edr}
# - comments: ['Visit https://desidatamodel.readthedocs.io/en/latest/ for a more complet', e description]
# schema: astropy-2.0
RA DEC TARGETID NTILE TILES Z COMP_TILE ROSETTE_NUMBER ROSETTE_R FRACZ_TILELOCID BITWEIGHTS PROB_OBS WEIGHT_ZFAIL WEIGHT NZ WEIGHT_FKP distance x y z
[from data line 782]
235.5300453738861 44.47484608033798 39633158257249575 10 571-572-573-574-575-576-577-579-580-581 0.4716414360186324 1.0 19 1.1039009845108925 1.0 [-1,-1] 1.0 1.0 1.0 0.000668512811805897 0.13401699399284683 1850.3156873210257 -747.259842069092 -1088.4921853359501 1296.3238922583057
234.95566890485662 44.56452020151623 39633158253052742 10 571-572-573-574-575-576-577-579-580-581 1.00105833757204 1.0 19 1.3854582602097625 1.0 [-1,-1] 1.0 1.0 1.0 0.00023297360745577845 0.30751381291380364 3398.2638456594013 -1390.2369044161387 -1982.1980916371122 2384.602532881622
234.93074214843324 43.04037852417857 39633132009292241 10 571-572-573-574-575-576-577-579-580-581 1.0106498280820897 1.0 19 0.9450898713072007 1.0 [-1,-1] 1.0 1.0 1.0 0.00020130102782971312 0.3394727840281335 3422.0189547367663 -1437.0250212271408 -2047.0135869091328 2335.5744882050435
234.9179588498415 43.0544511243116 39633132009292094 10 571-572-573-574-575-576-577-579-580-581 0.7867183954675981 1.0 19 0.9474394109066712 1.0 [-1,-1] 1.0 1.0 1.0 0.0007064174578981374 0.12774458208408304 2830.529560150762 -1188.7429989091786 -1692.5376419090126 1932.3829858888628
237.3419710643283 44.61042722269216 39633158282412248 10 571-572-573-574-575-576-577-579-580-581 0.4727596645575906 1.0 19 1.4641795756494946 1.0 [-1,-1] 1.0 1.0 1.0 0.000668512811805897 0.13401699399284683 1854.1362944130167 -712.2798012272341 -1111.279594669284 1302.1276993809006
237.23693618505806 43.32630786501055 39633136455255079 10 571-572-573-574-575-576-577-579-580-581 0.8861577192381616 1.0 19 0.8354310754873139 1.0 [-1,-1] 1.0 1.0 1.0 0.0005346154933450218 0.1621399955636538 3102.972542198029 -1221.564507718173 -1898.183347179928 2129.1121932878414
236.31952795894745 44.70036986502647 39633162577381213 10 571-572-573-574-575-576-577-579-580-581 0.8754186711206134 1.0 19 1.2602757742244106 1.0 [-1,-1] 1.0 1.0 1.0 0.0005346154933450218 0.1621399955636538 3074.3277291249356 -1211.8355440007704 -1818.4130676119034 2162.479945780101
235.42316051186637 42.96601499498008 39633132013488460 10 571-572-573-574-575-576-577-579-580-581 0.8086083226943639 1.0 19 0.691092876524557 1.0 [-1,-1] 1.0 1.0 1.0 0.0008239664519383997 0.11155322342262282 2891.9120441314003 -1200.955389332347 -1742.3903742194893 1971.0244056462395
234.82546336775937 44.58895805422842 39633158248860743 10 571-572-573-574-575-576-577-579-580-581 0.6096000074647129 1.0 19 1.4618890428946152 1.0 [-1,-1] 1.0 1.0 1.0 0.0006106036532175123 0.14488555312656437 2302.693587790311 -944.6896031627853 -1340.4472078093088 1616.527326092257
237.17140239860257 42.90257895865624 39633132034460302 10 571-572-573-574-575-576-577-579-580-581 0.4033981212122408 1.0 19 0.9539962830570298 1.0 [-1,-1] 1.0 1.0 1.0 0.00024055914515870672 0.3007331513712552 1612.2387406670543 -640.2444729428215 -992.3768111238696 1097.5377153052543
236.33161235174148 44.632506791327486 39633162577381350 10 571-572-573-574-575-576-577-579-580-581 0.6511429018338964 1.0 19 1.194168399686768 1.0 [-1,-1] 1.0 1.0 1.0 0.0006371005092682059 0.1397016056866948 2431.6511366170334 -959.3249776959409 -1440.1678684328895 1708.3733046711602
234.8918237899013 42.32250636508539 39633118650434137 10 571-572-573-574-575-576-577-579-580-581 0.6195480384261911 1.0 19 1.4334519114606727 1.0 [-1,-1] 1.0 1.0 1.0 0.0007056687116799521 0.12786279395313782 2333.872045746156 -992.4231614208583 -1411.6470794339757 1571.4030411439014
237.507710735727 43.451493346060786 39633140859274973 10 571-572-573-574-575-576-577-579-580-581 0.8507037829968833 1.0 19 1.0219388331237282 1.0 [-1,-1] 1.0 1.0 1.0 0.0006576102792991648 0.1359368301360722 3007.6998318510264 -1172.9245610423511 -1841.6696590224715 2068.516163740654
235.13825226272974 43.182879268353716 39633136430088724 10 571-572-573-574-575-576-577-579-580-581 0.648079292539077 1.0 19 0.7489908001929072 1.0 [-1,-1] 1.0 1.0 1.0 0.0007982518636535506 0.11473445525619816 2422.252115232125 -1009.5802704974552 -1449.2603775471798 1657.6179732497458
235.525199704298 44.48114120373726 39633158257249523 10 571-572-573-574-575-576-577-579-580-581 0.4717627262368539 1.0 19 1.111033480351367 1.0 [-1,-1] 1.0 1.0 1.0 0.000668512811805897 0.13401699399284683 1850.7302190857354 -747.4386848043877 -1088.5553805982477 1296.7593992971963
234.95015093666964 42.472631977142846 39633123121563396 10 571-572-573-574-575-576-577-579-580-581 0.49377846759007543 1.0 19 1.2896730667944443 1.0 [-1,-1] 1.0 1.0 1.0 0.0007365189099627642 0.12316671624379881 1925.4737328237056 -815.6219552481717 -1162.6745928917476 1300.152957522773
235.0434964232443 44.46562341814146 39633158253053682 10 571-572-573-574-575-576-577-579-580-581 0.4460139693082269 1.0 19 1.2687885215342363 1.0 [-1,-1] 1.0 1.0 1.0 0.0006285113834356281 0.1413409039925048 1762.0481641668473 -720.5030129765196 -1030.6493326374289 1234.281610601704
234.59146284563067 42.695005238681176 39633127567527314 9 571-572-573-574-575-576-577-579-581 0.8217339914510937 1.0 19 1.3357626473427227 1.0 [-1,-1] 1.0 1.0 1.0 0.000762533893525711 0.11946670068019369 2928.3310749645984 -1247.0171806073192 -1754.1700409880061 1985.6884204662192
235.37480743420593 44.5894498601811 39633158257247848 9 571-572-573-574-575-576-577-579-581 0.7505299818845379 1.0 19 1.25309945355238 1.0 [-1,-1] 1.0 1.0 1.0 0.0007242712797402853 0.12498917450484462 2727.251733248752 -1103.5842031792467 -1598.2324668286224 1914.590531935339
235.95498765833375 43.0411526824334 39633132021875177 9 571-572-573-574-575-576-577-579-581 0.965054542919687 1.0 19 0.4222721225206533 1.0 [-1,-1] 1.0 1.0 1.0 0.0003767415448896098 0.21544643941305056 3307.8880784325725 -1353.4874539412474 -2003.2311483787737 2257.7112786237826
234.7120523837331 42.76391924269026 39633127571718620 9 571-572-573-574-575-576-577-579-581 0.4712305659165696 1.0 19 1.2236991555100374 1.0 [-1,-1] 1.0 1.0 1.0 0.000668512811805897 0.13401699399284683 1848.9112379276596 -784.1463832312394 -1107.9837749669105 1255.3721240375828
236.75624847270612 43.86623760827183 39633145233934740 9 571-572-573-574-575-576-577-579-581 0.8548893725659467 1.0 19 0.6313972004231444 1.0 [-1,-1] 1.0 1.0 1.0 0.0006576102792991648 0.1359368301360722 3019.0532203631933 -1193.2249420442333 -1820.4034264652928 2092.134782938787
237.67818352048735 44.20852297497399 39633153958087174 9 571-572-573-574-575-576-577-579-581 0.4452249265313355 1.0 19 1.368011806769263 1.0 [-1,-1] 1.0 1.0 1.0 0.0006285113834356281 0.1413409039925048 1759.3089097111042 -674.2694324242292 -1065.6901475487996 1226.716381933738
237.68853195182993 44.223019405339244 39633153958087280 9 571-572-573-574-575-576-577-579-581 0.953447393960191 1.0 19 1.3821682797136607 1.0 [-1,-1] 1.0 1.0 1.0 0.0003767415448896098 0.21544643941305056 3278.3403283425055 -1255.7826906665166 -1985.571775128301 2286.4885453623115
237.57400287288235 44.16251464741613 39633153958085997 9 571-572-573-574-575-576-577-579-581 0.9706521449453384 1.0 19 1.2803081014627131 1.0 [-1,-1] 1.0 1.0 1.0 0.00030269805442075816 0.25472307248715254 3322.065306341608 -1277.8623664540296 -2011.5708594397488 2314.4693451095654
236.5369235167382 42.75732610416811 39633127592691969 9 571-572-573-574-575-576-577-579-581 0.7609448498124006 1.0 19 0.7625989878733692 1.0 [-1,-1] 1.0 1.0 1.0 0.0007242712797402853 0.12498917450484462 2757.207105019968 -1116.275123308406 -1688.8714607440454 1871.8531080562038
234.44740550952352 43.16077170435333 39633136421699959 9 571-572-573-574-575-576-577-579-581 0.67472855644911 1.0 19 1.2368740715314885 1.0 [-1,-1] 1.0 1.0 1.0 0.0008053318504768218 0.11384060807160488 2503.426674401306 -1061.7814702786707 -1485.6761236058487 1712.4636285843696
236.92580374196075 44.289303476283656 39633153949697679 9 571-572-573-574-575-576-577-579-581 0.9712090901153891 1.0 19 1.0289944795931785 1.0 [-1,-1] 1.0 1.0 1.0 0.00030269805442075816 0.25472307248715254 3323.4733370927365 -1298.2892720640384 -1993.5336550530296 2320.7204817859188
235.0336261411839 44.47868866022702 39633158253053594 9 571-572-573-574-575-576-577-579-581 0.813285531121053 1.0 19 1.2834558926999267 1.0 [-1,-1] 1.0 1.0 1.0 0.000762533893525711 0.11946670068019369 2904.9227072965164 -1187.8521370021567 -1698.5494553031724 2035.316433352718
234.2860790071805 42.808596373408065 39633127563333076 9 571-572-573-574-575-576-577-579-581 0.7483370073890387 1.0 19 1.470975989320383 1.0 [-1,-1] 1.0 1.0 1.0 0.0006073340474539246 0.1455520198534496 2720.920118940223 -1165.2255030974568 -1620.7517491379149 1849.0050265619466
235.13831474288992 43.81957632066585 39633145212964278 9 571-572-573-574-575-576-577-579-581 0.7022058375944523 1.0 19 0.788049772330148 1.0 [-1,-1] 1.0 1.0 1.0 0.0005639081233901963 0.1550231922816235 2585.75566375175 -1066.419924803537 -1530.857705351067 1790.3506870369104
235.19388777535696 43.79389993600186 39633145217155377 9 571-572-573-574-575-576-577-579-581 1.0255244999783497 1.0 19 0.7406195990018702 1.0 [-1,-1] 1.0 1.0 1.0 0.00020130102782971312 0.3394727840281335 3458.595640195704 -1425.0231572946984 -2049.872963850966 2393.577580866649
235.35493614466853 44.26675011359499 39633153928727931 9 571-572-573-574-575-576-577-579-581 0.40015105054306915 1.0 19 0.9775880260039577 1.0 [-1,-1] 1.0 1.0 1.0 0.00024055914515870672 0.3007331513712552 1600.6675761553538 -651.6240941148078 -942.9952643354442 1117.2657073252706
235.0390213688238 44.47776954615127 39633158253053652 9 571-572-573-574-575-576-577-579-581 0.8123105135504666 1.0 19 1.280403301488103 1.0 [-1,-1] 1.0 1.0 1.0 0.000762533893525711 0.11946670068019369 2902.213514789598 -1186.603213040933 -1697.1038263283208 2033.3850355724808
235.98070343768933 44.60020358163391 39633158265635446 8 571-572-573-574-575-576-577-580 0.7544389329849203 1.0 19 1.15339727799805 1.0 [-1,-1] 1.0 1.0 1.0 0.0007242712797402853 0.12498917450484462 2738.5168928978555 -1090.9081917779245 -1616.163534038748 1922.8649253242227
237.718971611016 43.48482571473058 39633140863467686 8 571-572-573-574-575-576-577-580 0.7593492719294739 1.0 19 1.1754915857837807 1.0 [-1,-1] 1.0 1.0 1.0 0.0007242712797402853 0.12498917450484462 2752.6301468076826 -1066.6436593735646 -1688.5010037925817 1894.2566851469996
235.2359633113031 42.69957548582044 39633127575915043 8 571-572-573-574-575-576-577-580 0.6863313389636446 1.0 19 0.9805401499426176 1.0 [-1,-1] 1.0 1.0 1.0 0.0008053318504768218 0.11384060807160488 2538.3596104431326 -1063.6988970677403 -1532.5138302240448 1721.3992937369042
234.31595256701638 42.728197521738956 39633127563333505 9 571-572-573-574-575-576-577-580-581 0.9548431125161775 1.0 19 1.4894090790263759 1.0 [-1,-1] 1.0 1.0 1.0 0.0003767415448896098 0.21544643941305056 3281.904084907179 -1406.269764380994 -1958.181737456795 2226.8417221277628
236.7645852185893 43.78946173634936 39633145233934831 9 571-572-573-574-575-576-577-580-581 0.7488662834983463 1.0 19 0.5888150602842853 1.0 [-1,-1] 1.0 1.0 1.0 0.0006073340474539246 0.1455520198534496 2722.4490303627877 -1077.1433505716732 -1643.8290878989571 1883.9630715647786
237.34483946389116 43.508660771804685 39633140855082679 9 571-572-573-574-575-576-577-580-581 0.9414504142961967 1.0 19 0.9051779311125545 1.0 [-1,-1] 1.0 1.0 1.0 0.0003671239319408774 0.21984967794317842 3247.5860086738808 -1270.9184580325107 -1983.0709675851522 2235.846751073853
237.18203602036417 44.455422300276574 39633158278219724 9 571-572-573-574-575-576-577-580-581 0.9703114804103771 1.0 19 1.2718503047581615 1.0 [-1,-1] 1.0 1.0 1.0 0.00030269805442075816 0.25472307248715254 3321.203833247199 -1284.8309924230618 -1992.295350686385 2326.0188001214588
237.56380081493538 42.880743304641996 39633132038655761 9 571-572-573-574-575-576-577-580-581 0.7225816688250811 1.0 19 1.2099214382360242 1.0 [-1,-1] 1.0 1.0 1.0 0.0005823912580269674 0.15084542533972659 2645.9243321391677 -1039.9263005347439 -1636.375529139959 1800.4843760760991
237.82550348637432 43.7447453972661 39633145246517899 9 571-572-573-574-575-576-577-580-581 0.727741657507617 1.0 19 1.2838789468204146 1.0 [-1,-1] 1.0 1.0 1.0 0.0005823912580269674 0.15084542533972659 2661.0435880671503 -1023.68288540635 -1627.1866546172214 1839.9700863750584
235.8297172002883 42.26610017903887 39633118658826033 9 571-572-573-574-575-576-577-580-581 0.8919482497876694 1.0 19 1.2003618668557237 1.0 [-1,-1] 1.0 1.0 1.0 0.0005723615213970424 0.15308410280969617 3118.3417234365065 -1296.1093643800232 -1909.2964130584012 2097.3180080220777
236.27795264367106 42.86510690205986 39633127588498365 9 571-572-573-574-575-576-577-580-581 0.7481483211071306 1.0 19 0.5991248449832324 1.0 [-1,-1] 1.0 1.0 1.0 0.0006073340474539246 0.1455520198534496 2720.374945164983 -1106.9529394349909 -1658.4230779158686 1850.6020444151882
235.609745229752 43.132391339135275 39633136434284433 9 571-572-573-574-575-576-577-580-581 0.9687830339213153 1.0 19 0.477715998690324 1.0 [-1,-1] 1.0 1.0 1.0 0.0003767415448896098 0.21544643941305056 3317.3365609662733 -1367.3957457464833 -1997.7599480508725 2268.0180605986666
235.27936509280897 44.46108580500416 39633158257246805 9 571-572-573-574-575-576-577-580-581 0.7473425170443674 1.0 19 1.1710045829480524 1.0 [-1,-1] 1.0 1.0 1.0 0.0006073340474539246 0.1455520198534496 2718.0460222005904 -1104.9430238368286 -1594.5131017494675 1903.7865062091573
235.9738918302104 42.341281871236674 39633118663018032 9 571-572-573-574-575-576-577-580-581 0.7571856781951232 1.0 19 1.1125601721629728 1.0 [-1,-1] 1.0 1.0 1.0 0.0007242712797402853 0.12498917450484462 2746.4167429042027 -1135.929992339322 -1682.4312666384503 1849.8359417110094
236.73733484836546 42.6287214119631 39633127596884205 9 571-572-573-574-575-576-577-580-581 0.8056609234262737 1.0 19 0.9441773709802563 1.0 [-1,-1] 1.0 1.0 1.0 0.0008239664519383997 0.11155322342262282 2883.694331008973 -1163.706084223659 -1774.0913738808067 1952.9672146136604
235.22260664113332 44.482509486937126 39633158253055615 9 571-572-573-574-575-576-577-580-581 0.7984018248953969 1.0 19 1.2103003692482968 1.0 [-1,-1] 1.0 1.0 1.0 0.0008239664519383997 0.11155322342262282 2863.392582228308 -1165.2650930482614 -1678.009114136594 2006.354842932288
237.10914509547862 43.34126415766466 39633136451063149 9 571-572-573-574-575-576-577-580-581 0.6434929900181355 1.0 19 0.7412855952766676 1.0 [-1,-1] 1.0 1.0 1.0 0.0007982518636535506 0.11473445525619816 2408.1487146220584 -951.0783669934117 -1470.6579690094745 1652.8143603447863
237.16657168806748 44.333261551505664 39633153953891015 9 571-572-573-574-575-576-577-580-581 1.0284554889833997 1.0 19 1.1708487164039656 1.0 [-1,-1] 1.0 1.0 1.0 0.00020130102782971312 0.3394727840281335 3465.7654346574004 -1344.1196729743306 -2082.9955010547965 2421.9830914717086
234.40764230534 43.17362000341821 39633136417508649 9 571-572-573-574-575-576-577-580-581 0.6457327840282115 1.0 19 1.2620222440814628 1.0 [-1,-1] 1.0 1.0 1.0 0.0007982518636535506 0.11473445525619816 2415.04125748697 -1025.0732266399189 -1432.2106925611417 1652.3987677022171
236.27264145921743 42.39013671627364 39633123138340197 9 571-572-573-574-575-576-577-580-581 1.0973254606869345 1.0 19 1.0673762674582585 1.0 [-1,-1] 1.0 1.0 1.0 5.9370222311395755e-05 0.6353792046182113 3630.761740805084 -1488.9230525905432 -2230.2381823067494 2447.769722040762
237.34718611771186 43.51734097812762 39633140855082704 9 571-572-573-574-575-576-577-580-581 0.7328035139405422 1.0 19 0.9074150336955308 1.0 [-1,-1] 1.0 1.0 1.0 0.0006073340474539246 0.1455520198534496 2675.8293227427876 -1046.948244705321 -1633.7475040853192 1842.5067246155606
236.74797640399052 44.04388616001658 39633149600206098 9 571-572-573-574-575-576-577-580-581 0.7121087795804384 1.0 19 0.7561803364856291 1.0 [-1,-1] 1.0 1.0 1.0 0.0005823912580269674 0.15084542533972659 2615.0916024416065 -1030.708338728108 -1571.9703952056916 1818.035611926734
