EDR/data_rosette/LRG_0_clustering_data.ecsv
# %ECSV 1.0
# ---
# datatype:
# - {name: RA, unit: deg, datatype: float64}
# - {name: DEC, unit: deg, datatype: float64}
# - {name: TARGETID, datatype: int64}
# - {name: NTILE, datatype: int64}
# - {name: TILES, datatype: string}
# - {name: Z, datatype: float64}
# - {name: COMP_TILE, datatype: float64}
# - {name: ROSETTE_NUMBER, datatype: int32}
# - {name: ROSETTE_R, unit: deg, datatype: float64}
# - {name: FRACZ_TILELOCID, datatype: float64}
# - {name: BITWEIGHTS, datatype: string, subtype: 'int64[2]'}
# - {name: PROB_OBS, datatype: float64}
# - {name: WEIGHT_ZFAIL, datatype: float64}
# - {name: WEIGHT, datatype: float64}
# - {name: NZ, unit: h3 / Mpc3, datatype: float64}
# - {name: WEIGHT_FKP, datatype: float64}
# - {name: distance, unit: Mpc, datatype: float64}
# - {name: x, unit: Mpc, datatype: float64}
# - {name: y, unit: Mpc, datatype: float64}
# - {name: z, unit: Mpc, datatype: float64}
# meta: !!omap
# - {EXTNAME: LSS}
# - {DESIDR: edr}
# - comments: ['Visit https://desidatamodel.readthedocs.io/en/latest/ for a more complet', e description]
# schema: astropy-2.0
RA DEC TARGETID NTILE TILES Z COMP_TILE ROSETTE_NUMBER ROSETTE_R FRACZ_TILELOCID BITWEIGHTS PROB_OBS WEIGHT_ZFAIL WEIGHT NZ WEIGHT_FKP distance x y z
[from data line 2869]
149.88195621101772 2.57449261951264 39627847639239395 9 1-3-4-5-6-8-9-10-11 0.6973901173451805 0.8333333333333334 0 0.44890031977507244 1.0 [-1,-1] 1.0 1.0 1.0 0.0005843703162771602 0.15074849413407446 2571.425846401607 -2222.021460805046 1288.9958675454873 115.50395973596372
151.07049182134753 1.7657456163943201 39627829540816261 9 1-3-4-5-6-8-9-10-11 0.5139189870624116 0.8333333333333334 0 1.0554622292830733 1.0 [-1,-1] 1.0 1.0 1.0 0.0006865842838717192 0.13125169390769817 1992.9865888994839 -1743.4645216539034 963.6159929219857 61.41028783764354
150.96912866525648 2.51445064461795 39627847656018682 10 1-3-4-5-6-8-9-10-11-442 0.7259436911913454 1.0 0 0.9298590217907526 1.0 [-1,-1] 1.0 1.0 1.0 0.0006167714992318164 0.14396928707710532 2655.7807567299824 -2319.868362826732 1287.5585408936515 116.51270636589221
150.28962111770045 1.4672893507960008 39627823488435085 10 1-3-4-5-6-8-9-10-11-442 0.7691243800263705 1.0 0 0.7394123070082084 1.0 [-1,-1] 1.0 1.0 1.0 0.0006416626200019751 0.139161677870846 2780.600926462914 -2414.2761101071064 1377.6584610446043 71.20071014200727
150.8914617260506 1.6363631452219793 39627829536623588 10 1-3-4-5-6-8-9-10-11-442 0.8293149950829221 1.0 0 0.9609532890308231 1.0 [-1,-1] 1.0 1.0 1.0 0.0006627118749498285 0.13533979738261318 2949.234710834331 -2575.6947828514094 1434.11610908446 84.21847093447201
150.0105425466159 3.6073939176354157 39627871790040071 10 1-3-4-5-6-8-9-10-11-442 0.7158692722463306 1.0 0 1.4281910349866893 1.0 [-1,-1] 1.0 1.0 1.0 0.0006167714992318164 0.14396928707710532 2626.185283166138 -2270.0779203498064 1310.0732252571304 165.23777268859237
149.25568588678843 1.4908476904889856 39627823471657163 10 1-3-4-5-6-8-9-10-11-442 0.6764402745186637 1.0 0 1.090787366538616 1.0 [-1,-1] 1.0 1.0 1.0 0.0007209928471550773 0.12577569469930108 2508.5957381528087 -2155.3007053334027 1281.9795988804299 65.26679953962113
150.28161645990954 1.4709893545768404 39627823488434881 10 1-3-4-5-6-8-9-10-11-442 0.5253994220700999 1.0 0 0.7338165600130084 1.0 [-1,-1] 1.0 1.0 1.0 0.0006865842838717192 0.13125169390769817 2031.1036769542131 -1763.376378027929 1006.5621258487586 52.1400302728626
150.28331123651952 1.4605436808844856 39627823488434917 10 1-3-4-5-6-8-9-10-11-442 1.031062863012651 1.0 0 0.7443573355649226 1.0 [-1,-1] 1.0 1.0 1.0 0.00017111768859933566 0.3774092623312036 3472.133283991833 -3014.5234936137194 1720.6177583688172 88.49959231947244
151.15852830852498 2.8833883682131862 39627859739806773 10 1-3-4-5-6-8-9-10-11-442 0.7402875384532294 1.0 0 1.2689467045001221 1.0 [-1,-1] 1.0 1.0 1.0 0.0007126833197713517 0.12705585074725267 2697.6071163086167 -2359.9982724716215 1299.6453956333457 135.69876012291036
150.43284508574126 2.060164684254883 39627835568034038 10 1-3-4-5-6-8-9-10-11-442 0.7007738913889484 1.0 0 0.3542285894024511 1.0 [-1,-1] 1.0 1.0 1.0 0.0005843703162771602 0.15074849413407446 2581.4991019749664 -2243.879657460502 1273.0001849026778 92.80207740263707
150.4509818693135 1.8180858158817181 39627829528236388 10 1-3-4-5-6-8-9-10-11-442 0.8225445114178911 1.0 0 0.5054417312820428 1.0 [-1,-1] 1.0 1.0 1.0 0.0006627118749498285 0.13533979738261318 2930.570540947331 -2548.119851715379 1444.5360406944626 92.97603937087219
150.31080577779014 2.8976272567843613 39627859727222145 10 1-3-4-5-6-8-9-10-11-442 0.7272979650101793 1.0 0 0.7459715823975503 1.0 [-1,-1] 1.0 1.0 1.0 0.0006167714992318164 0.14396928707710532 2659.7453890155007 -2307.632957618786 1315.673857505677 134.45433416934924
150.316616871187 2.8776905708142304 39627859727222267 10 1-3-4-5-6-8-9-10-11-442 0.693914037537821 1.0 0 0.7285713688920593 1.0 [-1,-1] 1.0 1.0 1.0 0.0005843703162771602 0.15074849413407446 2561.0561848134557 -2222.176278730846 1266.6529629517051 128.57542324584574
149.18630808217623 3.235608917071546 39627865741857019 10 1-3-4-5-6-8-9-10-11-442 0.45245457553064244 1.0 0 1.3939284054470067 1.0 [-1,-1] 1.0 1.0 1.0 0.0005635091211985168 0.1554616369400361 1784.3591220248168 -1530.03159499858 912.5775148495953 100.71282962072561
149.58621679672635 1.708113432131246 39627829515650796 10 1-3-4-5-6-8-9-10-11-442 0.8051107312117096 1.0 0 0.6987389010094207 1.0 [-1,-1] 1.0 1.0 1.0 0.0007229154976227362 0.12548315978664992 2882.1587067767864 -2484.4459003703264 1458.4192531689725 85.91077446031312
149.340384272256 2.0670047846661537 39627835551254628 10 1-3-4-5-6-8-9-10-11-442 0.6711404409901055 1.0 0 0.7677543716742223 1.0 [-1,-1] 1.0 1.0 1.0 0.0007209928471550773 0.12577569469930108 2492.5737480508283 -2142.746492333326 1270.2278797389095 89.90268404990604
149.61656988112935 1.7396853302908988 39627829515651335 10 1-3-4-5-6-8-9-10-11-442 0.5950494757503575 1.0 0 0.6550360051338705 1.0 [-1,-1] 1.0 1.0 1.0 0.0007756247847600315 0.11796159141779075 2256.74883058218 -1945.9095584492113 1140.9020227747399 68.51167125780987
150.0293734763669 3.032896302565301 39627859723027265 10 1-3-4-5-6-8-9-10-11-442 0.6089127655803418 1.0 0 0.8538162613361995 1.0 [-1,-1] 1.0 1.0 1.0 0.0007756247847600315 0.11796159141779075 2300.5326977303844 -1990.117771635493 1147.635084927265 121.71959657840392
150.6590606430411 1.9742931309118226 39627835572227791 10 1-3-4-5-6-8-9-10-11-442 0.4146173077609368 1.0 0 0.5960533588331772 1.0 [-1,-1] 1.0 1.0 1.0 0.0006262316776515472 0.14210347001521706 1652.0477756138791 -1439.267172869051 809.0318639764171 56.91485819308399
150.44032757942824 0.9683870803298489 39627811408842531 10 1-3-4-5-6-8-9-10-11-442 0.8729485211428937 1.0 0 1.2603917338843063 1.0 [-1,-1] 1.0 1.0 1.0 0.0005690156306133545 0.15418916366201427 3067.7128755947156 -2668.045527147243 1513.1778748480976 51.84661251601537
150.1541112552945 1.7733098660407134 39627829524040697 10 1-3-4-5-6-8-9-10-11-442 0.678515283955213 1.0 0 0.4122525367397368 1.0 [-1,-1] 1.0 1.0 1.0 0.0007209928471550773 0.12577569469930108 2514.8546538047513 -2180.2576376973097 1250.9653117283692 77.82256663914066
150.2451606315351 3.2402553447007096 39627865762825088 10 1-3-4-5-6-8-9-10-11-442 0.5340103038121685 1.0 0 1.068142423835665 0.5 [-1,-1] 1.0 1.0 1.0 0.0007045118177349687 0.128340413101622 2059.519894425505 -1785.1279489514886 1020.4847203278171 116.41020996523976
150.22455456419922 3.602299048878928 39627871794233772 10 1-3-4-5-6-8-9-10-11-442 0.9116105773060392 1.0 0 1.4257359270942838 1.0 [-1,-1] 1.0 1.0 1.0 0.0004951280553168204 0.17321314004730964 3170.1344252236736 -2746.1714612436494 1571.1847035911437 199.18134109489162
150.58854964932607 1.5516801459623828 39627823492630388 10 1-3-4-5-6-8-9-10-11-442 0.6905697195154091 1.0 0 0.7973256335137107 1.0 [-1,-1] 1.0 1.0 1.0 0.0005843703162771602 0.15074849413407446 2551.058863488356 -2221.452508187972 1252.3091273301693 69.07914629915233
150.18231218880044 1.7007994117346574 39627829524041384 10 1-3-4-5-6-8-9-10-11-442 0.7418665647665248 1.0 0 0.48818181738477556 1.0 [-1,-1] 1.0 1.0 1.0 0.0007126833197713517 0.12705585074725267 2702.1893027327365 -2343.4189834032654 1343.0495957292635 80.20149275356165
151.1833183456394 2.5832798496560567 39627847660212097 10 1-3-4-5-6-8-9-10-11-442 1.0111040307467154 1.0 0 1.1543703807788173 1.0 [-1,-1] 1.0 1.0 1.0 0.00020304675497218746 0.33812883710054276 3423.1405599642676 -2996.192741224991 1648.307068884799 154.2859597226998
150.24274307812146 3.2396100483889634 39627865762825042 10 1-3-4-5-6-8-9-10-11-442 0.5357556645256026 1.0 0 1.0671777937768843 1.0 [-1,-1] 1.0 1.0 1.0 0.0007045118177349687 0.128340413101622 2065.2615927734873 -1790.0626359570253 1023.4058949782146 116.71152496522384
149.3876195679192 1.992831206824792 39627835551255643 9 1-3-4-5-6-8-9-10-442 0.8941035498793365 1.0 0 0.7366118027738668 1.0 [-1,-1] 1.0 1.0 1.0 0.0005275616701708153 0.16431404058018498 3124.048732911637 -2687.0302140072104 1589.8890205893972 108.637087720816
149.51294440041224 1.0710731403149654 39627811396256047 9 1-3-4-5-6-8-9-10-442 0.4311580169767586 1.0 0 1.2563854029370527 1.0 [-1,-1] 1.0 1.0 1.0 0.0005288673958748294 0.16397488484989944 1710.256304673473 -1473.545264246728 867.5361370942992 31.969246580196497
149.25165984914125 2.2113447981300016 39627841591050297 9 1-3-4-5-6-8-9-10-442 0.5316545520876186 1.0 0 0.8482244742828033 1.0 [-1,-1] 1.0 1.0 1.0 0.0007045118177349687 0.128340413101622 2051.7605582680853 -1762.013412171406 1048.2187103411397 79.16854857456104
150.47290528660085 1.5525735361412847 39627823488439028 8 1-3-4-5-6-8-9-11 0.7375755124217241 1.0 0 0.7314963969398346 1.0 [-1,-1] 1.0 1.0 1.0 0.0007126833197713517 0.12705585074725267 2689.726812223157 -2339.5332576165556 1325.1051084710093 72.87600704106742
150.45837536832948 1.8039593315733906 39627829528236561 9 1-3-4-5-6-8-9-11-442 0.6704123644917367 1.0 0 0.520760839346473 1.0 [-1,-1] 1.0 1.0 1.0 0.0007209928471550773 0.12577569469930108 2490.3686491422422 -2165.541262497524 1227.2819794401116 78.39637742109093
150.3666357998462 1.8636878096498517 39627829528234427 9 1-3-4-5-6-8-9-11-442 0.5543747923688044 1.0 0 0.4151247243378428 1.0 [-1,-1] 1.0 1.0 1.0 0.000677088223595666 0.13284793461577618 2126.1359403348674 -1847.0749977737146 1050.7077928784292 69.14566774139257
150.16127197169163 1.8147270875198622 39627829524040856 9 1-3-4-5-6-8-9-11-442 0.9782208539795882 1.0 0 0.3723426765214181 1.0 [-1,-1] 1.0 1.0 1.0 0.0003578035202613049 0.22475091060875194 3341.1604602052316 -2896.767003328518 1661.5953415943877 105.80675809126609
149.94878554883732 3.3357076622272235 39627865754441243 9 1-3-4-5-6-8-9-11-442 0.46202938665228416 1.0 0 1.1635520744162815 1.0 [-1,-1] 1.0 1.0 1.0 0.0005635091211985168 0.1554616369400361 1817.368413866103 -1570.4091640866245 908.5487567679338 105.74575947236268
151.10017528557267 3.076717013859509 39627859739805642 9 1-3-4-5-6-8-9-11-442 0.6071326412369706 1.0 0 1.3411724084441776 1.0 [-1,-1] 1.0 1.0 1.0 0.0007756247847600315 0.11796159141779075 2294.931258673817 -2006.2382626375324 1107.495013510701 123.17593359198449
149.80984302612114 2.6408143321864452 39627853679035445 9 1-3-4-5-6-8-9-11-442 0.5085271146910144 1.0 0 0.5427266054084936 1.0 [-1,-1] 1.0 1.0 1.0 0.0005337442823398631 0.16272042362546515 1974.9930200821987 -1705.294401802772 992.1128869819942 90.99698916878098
149.83179045423233 2.7593162090694783 39627853679035828 9 1-3-4-5-6-8-9-11-442 0.47056082764485957 1.0 0 0.6364715836239723 1.0 [-1,-1] 1.0 1.0 1.0 0.00048380039118235755 0.17655271186088778 1846.621172845969 -1594.6522636443483 926.9256589375702 88.89733888103191
150.84419917500915 2.7564192195594184 39627853695813404 9 1-3-4-5-6-8-9-11-442 0.6607389582168511 1.0 0 0.9395516016087238 1.0 [-1,-1] 1.0 1.0 1.0 0.000700708733790897 0.12894715825466588 2460.97817790144 -2146.6811448321896 1197.5672341621823 118.3485284665274
150.51534230416084 1.4162740078029918 39627823492628867 9 1-3-4-5-6-8-9-11-442 0.7330824915159257 1.0 0 0.8710183181993062 1.0 [-1,-1] 1.0 1.0 1.0 0.0007126833197713517 0.12705585074725267 2676.6428980000924 -2329.2724585554497 1317.0157053851735 66.15624685680334
150.62888930699557 3.085148167668346 39627859731417807 8 1-3-4-5-6-8-9-442 0.504185011311535 1.0 0 1.0463288793587004 1.0 [-1,-1] 1.0 1.0 1.0 0.0005337442823398631 0.16272042362546515 1960.4600017182877 -1705.9887107151856 960.142267368251 105.51191242016472
149.21313974954043 1.4132556449923344 39627823467467430 8 1-3-4-5-6-8-9-442 0.5658618300429001 1.0 0 1.1733299548182983 1.0 [-1,-1] 1.0 1.0 1.0 0.000677088223595666 0.13284793461577618 2163.3504747474713 -1857.9199576876886 1106.9651643743337 53.35571457296171
149.79967496329803 2.661298905221567 39627853679035284 8 1-3-4-5-6-8-9-442 0.8631785747931844 1.0 0 0.5654741478277192 1.0 [-1,-1] 1.0 1.0 1.0 0.0006812235016579503 0.1321480675826358 3041.453603802088 -2625.8079501907055 1528.2766631838315 141.2199474709113
150.25135131287917 1.5098360704626366 39627823488434224 7 1-3-4-5-6-9-10 0.7796255103493452 1.0 0 0.6889757153231622 1.0 [-1,-1] 1.0 1.0 1.0 0.0007324854237337303 0.12404708914385561 2810.4651895461684 -2439.2282823016676 1394.057499616985 74.05171322849552
149.88605851610248 2.5753849461869054 39627847639239503 8 1-3-4-5-6-9-10-11 0.9438083228105497 1.0 0 0.44770933576383093 1.0 [-1,-1] 1.0 1.0 1.0 0.0004445766401596716 0.18918261239264766 3253.6478026299756 -2811.6581513834767 1630.7753904591837 146.19880023589457
149.87791990656348 2.5780257794992396 39627847639239304 8 1-3-4-5-6-9-10-11 0.6943841773345546 1.0 0 0.4539501482841768 1.0 [-1,-1] 1.0 1.0 1.0 0.0005843703162771602 0.15074849413407446 2562.4599645373596 -2214.177221645444 1284.6539007741953 115.25908306468394
150.06877037755962 3.6921281010757276 39627877821450634 8 1-3-4-5-6-9-10-11 0.7802278882807436 1.0 0 1.5104501162444162 1.0 [-1,-1] 1.0 1.0 1.0 0.0007324854237337303 0.12404708914385561 2812.1725461760475 -2432.0405331023226 1400.2498110720614 181.09042328709785
151.34504546942784 2.7499464316311006 39627853704202176 8 1-3-4-5-6-9-10-11 0.9640581132014647 1.0 0 1.367413191396302 1.0 [-1,-1] 1.0 1.0 1.0 0.00041974738576830407 0.19815580287489248 3305.359468177565 -2897.1902521592383 1583.2061286236114 158.5818746048926
150.6166997923165 2.0718504484313054 39627835572226890 8 1-3-4-5-6-9-10-11 0.6568884116241502 1.0 0 0.5279619096665823 1.0 [-1,-1] 1.0 1.0 1.0 0.000700708733790897 0.12894715825466588 2449.230894455023 -2132.7589848014595 1200.9290671351791 88.54638790729304
150.565120713073 2.250395586854765 39627841612023570 9 1-3-4-5-6-9-10-11-442 0.8912153282652245 1.0 0 0.4697783491887522 1.0 [-1,-1] 1.0 1.0 1.0 0.0005275616701708153 0.16431404058018498 3116.39934839399 -2712.0251172919297 1530.3235141364926 122.37076419274182
151.0034839161314 2.5018208233058066 39627847660208264 9 1-3-4-5-6-9-10-11-442 0.834886341409383 1.0 0 0.957707364461973 1.0 [-1,-1] 1.0 1.0 1.0 0.0006232532477076302 0.14268566385842998 2964.5362368806973 -2590.457713115754 1435.7082520655097 129.40537581129024
150.0560200257349 3.0229776254618583 39627859723027940 9 1-3-4-5-6-9-10-11-442 0.608517533871249 1.0 0 0.8421244456129473 1.0 [-1,-1] 1.0 1.0 1.0 0.0007756247847600315 0.11796159141779075 2299.289563733246 -1989.593821941395 1146.1002667429116 121.25634068814975
150.65394559520723 3.0534451923101167 39627859731418245 9 1-3-4-5-6-9-10-11-442 0.5387667333312222 1.0 0 1.0322918293217827 1.0 [-1,-1] 1.0 1.0 1.0 0.0007045118177349687 0.128340413101622 2075.1528077419225 -1806.2920479552242 1015.5538104770143 110.53809749820932
148.8433212339273 2.055669678749918 39627835542865937 9 1-3-4-5-6-9-10-11-442 0.9312592103919348 1.0 0 1.2621574415620869 1.0 [-1,-1] 1.0 1.0 1.0 0.0004445766401596716 0.18918261239264766 3221.288310661172 -2754.861773489061 1665.5579729003716 115.54924612051623
149.83112141905093 2.6581611306026973 39627853679035818 9 1-3-4-5-6-9-10-11-442 0.8871832711303865 1.0 0 0.5467136280959682 1.0 [-1,-1] 1.0 1.0 1.0 0.0005690156306133545 0.15418916366201427 3105.6984331519234 -2682.135991502371 1559.0906843738305 144.03304714073752
150.59093480327977 1.3671615790740594 39627817452832954 9 1-3-4-5-6-9-10-11-442 0.6684240191084867 1.0 0 0.9511800210857928 1.0 [-1,-1] 1.0 1.0 1.0 0.000700708733790897 0.12894715825466588 2484.3416365643575 -2163.583674700178 1219.5677893419725 59.274420601798845
149.82848760089658 2.657229224618931 39627853679035772 8 1-3-4-5-6-9-10-442 0.8857262545288402 1.0 0 0.5472019577934807 1.0 [-1,-1] 1.0 1.0 1.0 0.0005690156306133545 0.15418916366201427 3101.825220146299 -2678.721455820908 1557.2706088322118 143.80302266539786
149.61935964780017 1.7354456434469132 39627829515651394 8 1-3-4-5-6-9-10-442 0.5945890556030246 1.0 0 0.6558619420408718 1.0 [-1,-1] 1.0 1.0 1.0 0.0007756247847600315 0.11796159141779075 2255.2883558646945 -1944.7101243775455 1140.0715496424268 68.30052663240274
