EDR/data_rosette/LRG_19_clustering_data.ecsv
# %ECSV 1.0
# ---
# datatype:
# - {name: RA, unit: deg, datatype: float64}
# - {name: DEC, unit: deg, datatype: float64}
# - {name: TARGETID, datatype: int64}
# - {name: NTILE, datatype: int64}
# - {name: TILES, datatype: string}
# - {name: Z, datatype: float64}
# - {name: COMP_TILE, datatype: float64}
# - {name: ROSETTE_NUMBER, datatype: int32}
# - {name: ROSETTE_R, unit: deg, datatype: float64}
# - {name: FRACZ_TILELOCID, datatype: float64}
# - {name: BITWEIGHTS, datatype: string, subtype: 'int64[2]'}
# - {name: PROB_OBS, datatype: float64}
# - {name: WEIGHT_ZFAIL, datatype: float64}
# - {name: WEIGHT, datatype: float64}
# - {name: NZ, unit: h3 / Mpc3, datatype: float64}
# - {name: WEIGHT_FKP, datatype: float64}
# - {name: distance, unit: Mpc, datatype: float64}
# - {name: x, unit: Mpc, datatype: float64}
# - {name: y, unit: Mpc, datatype: float64}
# - {name: z, unit: Mpc, datatype: float64}
# meta: !!omap
# - {EXTNAME: LSS}
# - {DESIDR: edr}
# - comments: ['Visit https://desidatamodel.readthedocs.io/en/latest/ for a more complet', e description]
# schema: astropy-2.0
RA DEC TARGETID NTILE TILES Z COMP_TILE ROSETTE_NUMBER ROSETTE_R FRACZ_TILELOCID BITWEIGHTS PROB_OBS WEIGHT_ZFAIL WEIGHT NZ WEIGHT_FKP distance x y z
[from data line 1630]
237.18799434719472 42.861827124711915 39633127601079932 9 571-572-573-575-576-577-578-579-580 0.7662453019034872 1.0 19 0.9878546210122117 1.0 [-1,-1] 1.0 1.0 1.0 0.0007242712797402853 0.12498917450484462 2772.3798559707016 -1101.1870257271069 -1707.921734837865 1885.8633428302364
237.17820857379206 42.858583835287085 39633127601079803 9 571-572-573-575-576-577-578-579-580 0.658039576298657 1.0 19 0.9840909579844324 1.0 [-1,-1] 1.0 1.0 1.0 0.0006371005092682059 0.1397016056866948 2452.745765759545 -974.5378718569673 -1510.9244350243132 1668.3360211343308
237.2727224493333 43.04965658897635 39633132034461488 9 571-572-573-575-576-577-578-579-580 0.9554869276827856 1.0 19 0.9433315850446159 1.0 [-1,-1] 1.0 1.0 1.0 0.0003767415448896098 0.21544643941305056 3283.5469774497683 -1297.2637753264614 -2018.5814625396756 2241.4540658769765
235.3100340799735 43.21751911042231 39633136430090906 9 571-572-573-575-576-577-578-579-580 0.9626947989065455 1.0 19 0.6198420845524711 1.0 [-1,-1] 1.0 1.0 1.0 0.0003767415448896098 0.21544643941305056 3301.8974117740286 -1369.504227288036 -1978.555526942257 2261.040184544821
234.50604509851573 43.04601309462059 39633132000906498 9 571-572-573-575-576-577-578-579-580 0.5324558891540135 1.0 19 1.2292808133398323 1.0 [-1,-1] 1.0 1.0 1.0 0.0006094867785671962 0.14511252611805409 2054.401232611332 -871.7200261080282 -1222.3791847553034 1402.3044424496907
237.261397136272 43.06094543165638 39633132034461356 9 571-572-573-575-576-577-578-579-580 1.0578254701793142 1.0 19 0.9310249281814643 1.0 [-1,-1] 1.0 1.0 1.0 0.00014839258087788972 0.41078905010633954 3536.93720622751 -1397.5456604075118 -2173.6782875277822 2414.935533343051
234.96107759179327 44.02506841422237 39633149579233844 9 571-572-573-575-576-577-578-579-580 0.8884366878944832 1.0 19 1.0039004515346128 1.0 [-1,-1] 1.0 1.0 1.0 0.0005346154933450218 0.1621399955636538 3109.027713730899 -1283.475095923247 -1830.3447483040663 2160.690423278475
237.20236411766766 42.86341363028658 39633127601080137 9 571-572-573-575-576-577-578-579-580 0.40011274035274885 1.0 19 0.9953517505141631 1.0 [-1,-1] 1.0 1.0 1.0 0.00024055914515870672 0.3007331513712552 1600.530922008009 -635.4659415978549 -986.1394829186033 1088.765902112106
237.52216505237135 43.40211102844975 39633140859275161 9 571-572-573-575-576-577-578-579-580 0.5054779872687578 1.0 19 1.0339616017090691 1.0 [-1,-1] 1.0 1.0 1.0 0.0007365189099627642 0.12316671624379881 1964.7915803508358 -766.5390804989721 -1204.253145088587 1350.0363531511189
237.25164029487152 43.049183721505635 39633132034461255 9 571-572-573-575-576-577-578-579-580 0.8150177345490744 1.0 19 0.9296573464209295 1.0 [-1,-1] 1.0 1.0 1.0 0.000762533893525711 0.11946670068019369 2909.731894079725 -1150.2438836382835 -1788.3669299763094 1986.258398936204
236.4995863001908 42.25386139111501 39633118667214535 9 571-572-573-575-576-577-578-579-580 0.693955090791831 1.0 19 1.231483408032702 1.0 [-1,-1] 1.0 1.0 1.0 0.0005639081233901963 0.1550231922816235 2561.17878079466 -1046.3265815845646 -1580.8022237848595 1722.179363811802
235.42114696092398 43.75890668971027 39633145217158464 9 571-572-573-575-576-577-578-579-580 0.4806567842258582 1.0 19 0.5805693475184474 1.0 [-1,-1] 1.0 1.0 1.0 0.000668512811805897 0.13401699399284683 1881.0449885196197 -771.0579421190697 -1118.595170644619 1300.9783791210432
237.78546826899932 43.074564999190706 39633132042847931 9 571-572-573-575-576-577-578-579-580 0.8132461482734905 1.0 19 1.2835061091979254 1.0 [-1,-1] 1.0 1.0 1.0 0.000762533893525711 0.11946670068019369 2904.813308651651 -1131.1473957554178 -1795.2216632307368 1983.8409984327259
236.53377271736923 44.62023245943155 39633158269832143 9 571-572-573-575-576-577-578-579-580 0.6985955053283975 1.0 19 1.2110649765715984 1.0 [-1,-1] 1.0 1.0 1.0 0.0005639081233901963 0.1550231922816235 2575.016579175079 -1010.7112742275641 -1528.975558686444 1808.7030834593324
235.1168467677475 44.65276220740387 39633162564796823 9 571-572-573-575-576-577-578-579-580 0.719900782883576 1.0 19 1.394939703207203 1.0 [-1,-1] 1.0 1.0 1.0 0.0005823912580269674 0.15084542533972659 2638.050347200251 -1073.2672465351716 -1539.4569496144602 1854.044053457716
235.62277949882096 44.34494205722253 39633153932922126 9 571-572-573-575-576-577-578-579-580 0.6248662591494564 1.0 19 0.9587298009556867 1.0 [-1,-1] 1.0 1.0 1.0 0.0007056687116799521 0.12786279395313782 2350.4627433093483 -949.1133714681893 -1387.3280127180024 1642.9181053581196
235.6093939310658 44.34172053925033 39633153932921933 9 571-572-573-575-576-577-578-579-580 0.7411840303341086 1.0 19 0.9592392934449107 1.0 [-1,-1] 1.0 1.0 1.0 0.0006073340474539246 0.1455520198534496 2700.2091907095814 -1090.772715016467 -1593.5937964682823 1887.2740579009467
235.4319159621022 43.76107284530116 39633145217158612 9 571-572-573-575-576-577-578-579-580 0.9254865460450888 1.0 19 0.5751431907747614 1.0 [-1,-1] 1.0 1.0 1.0 0.00042618922305278896 0.1953324009783564 3206.3215593074788 -1313.895244704397 -1906.8712220898228 2217.6607878548016
236.74812949548897 44.43950642200786 39633158274024498 10 571-572-573-575-576-577-578-579-580-581 0.6918745472232714 1.0 19 1.0940165453583544 1.0 [-1,-1] 1.0 1.0 1.0 0.0005639081233901963 0.1550231922816235 2554.96186485412 -1000.2558678107483 -1525.5351247769695 1788.871407575381
236.9771100661602 44.5466323808863 39633158278217796 10 571-572-573-575-576-577-578-579-580-581 0.8426623492315582 1.0 19 1.2651722339264906 1.0 [-1,-1] 1.0 1.0 1.0 0.0006366829495309179 0.1397804201853648 2985.807190880665 -1159.6635256156655 -1784.1643536563583 2094.5125083449184
237.12683641506382 42.73156331224103 39633127601079154 10 571-572-573-575-576-577-578-579-580-581 0.7221619030971117 1.0 19 1.038471322457392 1.0 [-1,-1] 1.0 1.0 1.0 0.0005823912580269674 0.15084542533972659 2644.692292277334 -1054.425421410012 -1631.56869424871 1794.5940898885794
237.01393601604795 42.512746981451464 39633123146729512 10 571-572-573-575-576-577-578-579-580-581 1.0051783495923496 1.0 19 1.1512803009301964 1.0 [-1,-1] 1.0 1.0 1.0 0.00023297360745577845 0.30751381291380364 3408.4842094506407 -1367.8852767584608 -2107.480658687058 2303.2975815039085
234.37889950345743 43.491902926512026 39633140821525624 10 571-572-573-575-576-577-578-579-580-581 1.0266075445594647 1.0 19 1.249723041530271 1.0 [-1,-1] 1.0 1.0 1.0 0.00020130102782971312 0.3394727840281335 3461.246418780704 -1462.483620346667 -2041.1869287140535 2382.2099726486836
235.7674099448329 43.06624248663808 39633132017682631 10 571-572-573-575-576-577-578-579-580-581 0.7980025339244813 1.0 19 0.4538037563908134 1.0 [-1,-1] 1.0 1.0 1.0 0.0008239664519383997 0.11155322342262282 2862.2732872436827 -1176.342546220462 -1728.81941574274 1954.4845900060834
236.22926034365872 44.641603651183296 39633162577380193 10 571-572-573-575-576-577-578-579-580-581 0.7579318172136014 1.0 19 1.1952198121520816 1.0 [-1,-1] 1.0 1.0 1.0 0.0007242712797402853 0.12498917450484462 2748.5604242326654 -1087.0865301614867 -1625.6657881161502 1931.3306363614195
235.76958344830547 43.07047004051502 39633132017682658 10 571-572-573-575-576-577-578-579-580-581 0.7978581727178775 1.0 19 0.4493803658958933 1.0 [-1,-1] 1.0 1.0 1.0 0.0008239664519383997 0.11155322342262282 2861.868546517244 -1176.0295174108169 -1728.5003491834354 1954.3624777906332
236.7836928264749 42.40789873826781 39633123142536470 10 571-572-573-575-576-577-578-579-580-581 0.766219421321078 1.0 19 1.1560918163609857 1.0 [-1,-1] 1.0 1.0 1.0 0.0007242712797402853 0.12498917450484462 2772.305890141643 -1121.3309484187598 -1712.5093249023146 1869.6546913146692
234.67751790731103 42.67844182605659 39633127567528439 10 571-572-573-575-576-577-578-579-580-581 0.8476880648774462 1.0 19 1.2943170362772096 1.0 [-1,-1] 1.0 1.0 1.0 0.0006366829495309179 0.1397804201853648 2999.5019990568503 -1274.9647808771624 -1799.199961058762 2033.311719829264
237.65577681783262 44.003199210180874 39633149612787986 10 571-572-573-575-576-577-578-579-580-581 0.6214562826938526 1.0 19 1.2529776187100161 1.0 [-1,-1] 1.0 1.0 1.0 0.0007056687116799521 0.12786279395313782 2339.831178237677 -900.4357068269499 -1421.9173868386547 1625.4772916070215
236.60799702418777 42.10580948436798 39633114175114396 10 571-572-573-575-576-577-578-579-580-581 0.8943522939973457 1.0 19 1.3949386255147187 1.0 [-1,-1] 1.0 1.0 1.0 0.0005723615213970424 0.15308410280969617 3124.706908419301 -1275.8788686573948 -1935.5596614019562 2095.1217561732246
237.19748111376796 42.88593970724716 39633132034460628 10 571-572-573-575-576-577-578-579-580-581 1.0896323762480056 1.0 19 0.9792113533238502 1.0 [-1,-1] 1.0 1.0 1.0 0.00012850791192818028 0.44600300211103894 3612.6561069129853 -1434.0151493717642 -2224.9411207553976 2458.560901698324
237.47732492738533 43.160281035883806 39633136455257574 10 571-572-573-575-576-577-578-579-580-581 0.7718876061368648 1.0 19 1.0433126844546752 1.0 [-1,-1] 1.0 1.0 1.0 0.0007064174578981374 0.12774458208408304 2788.4777129869267 -1093.5653282173248 -1715.0555293275474 1907.4347590595967
235.4843744464582 42.71865161864181 39633127580108450 10 571-572-573-575-576-577-578-579-580-581 0.8895063689312178 1.0 19 0.8584982198637853 1.0 [-1,-1] 1.0 1.0 1.0 0.0005346154933450218 0.1621399955636538 3111.8669894246264 -1295.4710254784607 -1883.8212290194376 2111.087056260866
235.7763671806798 44.57703756463351 39633158261442781 10 571-572-573-575-576-577-578-579-580-581 0.7511340623015851 1.0 19 1.1508166763543528 1.0 [-1,-1] 1.0 1.0 1.0 0.0007242712797402853 0.12498917450484462 2728.9943709444747 -1093.2872995232426 -1607.2969399305516 1915.3928328772897
235.11347236613284 44.11740283067266 39633149583426464 10 571-572-573-575-576-577-578-579-580-581 1.0525965947896256 1.0 19 0.9760488973388921 1.0 [-1,-1] 1.0 1.0 1.0 0.00014839258087788972 0.41078905010633954 3524.3551135836706 -1447.1480777544466 -2075.4779623544027 2453.4124470777824
235.65845793402795 44.14300949326227 39633153932922636 10 571-572-573-575-576-577-578-579-580-581 0.8185633077192461 1.0 19 0.7627783885061228 1.0 [-1,-1] 1.0 1.0 1.0 0.000762533893525711 0.11946670068019369 2919.5599574874823 -1181.8906817900222 -1729.8913588097823 2033.3323998740273
234.28320296501573 42.923531787194534 39633132000904098 10 571-572-573-575-576-577-578-579-580-581 0.6893241515886096 1.0 19 1.4254190625451189 1.0 [-1,-1] 1.0 1.0 1.0 0.0008053318504768218 0.11384060807160488 2547.3302274215803 -1088.9329899861996 -1514.4734991786063 1734.7870910117767
237.0340045323654 43.52096534792768 39633140855079062 10 571-572-573-575-576-577-578-579-580-581 0.4751536830400025 1.0 19 0.6813677600452029 1.0 [-1,-1] 1.0 1.0 1.0 0.000668512811805897 0.13401699399284683 1862.3072041402254 -734.8086790758207 -1132.9776664054518 1282.42190217334
235.52415647781478 42.88344029661663 39633132013489548 10 571-572-573-575-576-577-578-579-580-581 0.9512489308588473 1.0 19 0.7052549932461569 1.0 [-1,-1] 1.0 1.0 1.0 0.0003767415448896098 0.21544643941305056 3272.7209073619724 -1357.4384001968933 -1976.8701419602535 2227.116424657929
237.6308662362715 43.99721572623116 39633149612787689 10 571-572-573-575-576-577-578-579-580-581 0.8033637272625103 1.0 19 1.234237313156146 1.0 [-1,-1] 1.0 1.0 1.0 0.0008239664519383997 0.11155322342262282 2877.2793153698967 -1108.1333760948996 -1748.2198007718357 1998.625579649491
235.52463459122302 43.68579019368036 39633145221349541 10 571-572-573-575-576-577-578-579-580-581 1.0324950060655582 1.0 19 0.47894582388664103 1.0 [-1,-1] 1.0 1.0 1.0 0.00017557006270178804 0.37077784677498654 3475.6268040502446 -1422.691756095169 -2071.9372223814507 2400.626167207548
236.952164713903 44.55639307035968 39633158274026409 10 571-572-573-575-576-577-578-579-580-581 0.7452589697391206 1.0 19 1.2648247063771492 1.0 [-1,-1] 1.0 1.0 1.0 0.0006073340474539246 0.1455520198534496 2712.018902794568 -1053.855055662756 -1619.8321622428928 1902.7821254501566
237.2675900567916 44.350233995608136 39633153953892112 10 571-572-573-575-576-577-578-579-580-581 0.7145570336905096 1.0 19 1.232132846182361 1.0 [-1,-1] 1.0 1.0 1.0 0.0005823912580269674 0.15084542533972659 2622.316980965668 -1013.9331215630524 -1577.399750602712 1833.1110169481826
235.1133246398097 44.653273605458914 39633162564796770 10 571-572-573-575-576-577-578-579-580-581 0.8070044927465921 1.0 19 1.396662475645535 1.0 [-1,-1] 1.0 1.0 1.0 0.0008239664519383997 0.11155322342262282 2887.4421818770775 -1174.8233083851537 -1684.9046230239555 2029.3370737929476
236.68840567496872 42.60928479369072 39633123142535432 10 571-572-573-575-576-577-578-579-580-581 0.46046037461477246 1.0 19 0.9443499453184026 1.0 [-1,-1] 1.0 1.0 1.0 0.0005330850268982689 0.1625298359500762 1811.9722124160455 -732.396164552477 -1114.475067052966 1226.6965727652487
236.31838168159064 44.656409051062184 39633162577381201 10 571-572-573-575-576-577-578-579-580-581 0.4971320697205125 1.0 19 1.2165740940634249 1.0 [-1,-1] 1.0 1.0 1.0 0.0007365189099627642 0.12316671624379881 1936.7723903309911 -764.0374462719028 -1146.422427671337 1361.267677561944
235.38045053236027 44.44274574631652 39633158257247908 10 571-572-573-575-576-577-578-579-580-581 0.9334416177489275 1.0 19 1.119781954943597 1.0 [-1,-1] 1.0 1.0 1.0 0.0003671239319408774 0.21984967794317842 3226.9332619123884 -1308.8854882650578 -1895.9531921355442 2259.486346202762
237.37568847970675 43.70550269471895 39633145242322383 10 571-572-573-575-576-577-578-579-580-581 0.8577709722249938 1.0 19 0.958816933166802 1.0 [-1,-1] 1.0 1.0 1.0 0.0006576102792991648 0.1359368301360722 3026.852972678061 -1179.6741865305185 -1842.8818370848896 2091.4096361990387
237.2665803470255 44.356150781608655 39633153953892101 10 571-572-573-575-576-577-578-579-580-581 0.789333022945167 1.0 19 1.2359388677172995 1.0 [-1,-1] 1.0 1.0 1.0 0.0007064174578981374 0.12774458208408304 2837.9041325073695 -1097.2103675532953 -1706.8900006177096 1984.0251511579293
237.26441068383966 44.35211867963915 39633153953892079 10 571-572-573-575-576-577-578-579-580-581 0.7149270395273015 1.0 19 1.2319402116556395 1.0 [-1,-1] 1.0 1.0 1.0 0.0005823912580269674 0.15084542533972659 2623.4080206781664 -1014.4099224281928 -1577.9490097877058 1833.9354063727985
237.47646249463287 43.167385657597535 39633136455257564 10 571-572-573-575-576-577-578-579-580-581 0.9046519906101873 1.0 19 1.0407019931932753 1.0 [-1,-1] 1.0 1.0 1.0 0.0005723615213970424 0.15308410280969617 3151.8741900471273 -1235.9650042249875 -1938.3187966505982 2156.2981381913164
237.4958145872962 43.64448554026331 39633145242323823 10 571-572-573-575-576-577-578-579-580-581 0.5659880174188391 1.0 19 1.0302062124736864 1.0 [-1,-1] 1.0 1.0 1.0 0.0006724560872077301 0.13333590500666823 2163.75784325491 -841.3859647190843 -1320.4985369344513 1493.3858431680837
236.81298920042158 42.66099067073288 39633127596885014 10 571-572-573-575-576-577-578-579-580-581 0.9240940426616288 1.0 19 0.9454811639293209 1.0 [-1,-1] 1.0 1.0 1.0 0.00042618922305278896 0.1953324009783564 3202.7035268010004 -1289.1695887183519 -1971.032734965872 2170.34135789748
236.83234149901915 44.469378159481145 39633158274025277 10 571-572-573-575-576-577-578-579-580-581 0.7929267778694511 1.0 19 1.1476062387659955 1.0 [-1,-1] 1.0 1.0 1.0 0.0008239664519383997 0.11155322342262282 2848.021330031445 -1111.9178028866556 -1701.2836649146748 1995.118589816727
236.87913004906753 44.43535477539301 39633158274025747 10 571-572-573-575-576-577-578-579-580-581 0.5972865738064795 1.0 19 1.133849124853036 1.0 [-1,-1] 1.0 1.0 1.0 0.0006106036532175123 0.14488555312656437 2263.8391905797057 -883.2525775292888 -1353.82853208847 1584.923048856197
237.54653818088292 43.73023397884084 39633145242324466 10 571-572-573-575-576-577-578-579-580-581 0.7717119899801471 1.0 19 1.0845277700223903 1.0 [-1,-1] 1.0 1.0 1.0 0.0007064174578981374 0.12774458208408304 2787.977497988153 -1081.0630576084882 -1699.974591631732 1927.227952933694
