EDR/data_rosette/LRG_6_clustering_data.ecsv
# %ECSV 1.0
# ---
# datatype:
# - {name: RA, unit: deg, datatype: float64}
# - {name: DEC, unit: deg, datatype: float64}
# - {name: TARGETID, datatype: int64}
# - {name: NTILE, datatype: int64}
# - {name: TILES, datatype: string}
# - {name: Z, datatype: float64}
# - {name: COMP_TILE, datatype: float64}
# - {name: ROSETTE_NUMBER, datatype: int32}
# - {name: ROSETTE_R, unit: deg, datatype: float64}
# - {name: FRACZ_TILELOCID, datatype: float64}
# - {name: BITWEIGHTS, datatype: string, subtype: 'int64[2]'}
# - {name: PROB_OBS, datatype: float64}
# - {name: WEIGHT_ZFAIL, datatype: float64}
# - {name: WEIGHT, datatype: float64}
# - {name: NZ, unit: h3 / Mpc3, datatype: float64}
# - {name: WEIGHT_FKP, datatype: float64}
# - {name: distance, unit: Mpc, datatype: float64}
# - {name: x, unit: Mpc, datatype: float64}
# - {name: y, unit: Mpc, datatype: float64}
# - {name: z, unit: Mpc, datatype: float64}
# meta: !!omap
# - {EXTNAME: LSS}
# - {DESIDR: edr}
# - comments: ['Visit https://desidatamodel.readthedocs.io/en/latest/ for a more complet', e description]
# schema: astropy-2.0
RA DEC TARGETID NTILE TILES Z COMP_TILE ROSETTE_NUMBER ROSETTE_R FRACZ_TILELOCID BITWEIGHTS PROB_OBS WEIGHT_ZFAIL WEIGHT NZ WEIGHT_FKP distance x y z
[from data line 5255]
215.23547289175158 50.819842901157166 39633260040422988 2 167-170 0.7105657991562792 0.6842105263157895 6 1.6881479048552737 1.0 [-2297536315490167101,2941335449225428547] 0.4375 1.0 2.263157894736842 0.0005823912580269674 0.15084542533972659 2610.532372513766 -1347.072871932222 -951.5049384110299 2023.5889646432768
213.27719817645158 51.5510170577984 39633271427957394 2 167-170 0.655249518291207 0.6842105263157895 6 1.6645749320760623 0.5 [-1,-1] 1.0 1.0 1.0 0.0006371005092682059 0.1397016056866948 2444.2225790508814 -1270.642555287542 -833.9324758868039 1914.222593716779
216.50217855809896 51.03532137878009 39633263878210525 2 167-170 0.9787333585683593 0.6842105263157895 6 1.590535548683527 1.0 [-1,-1] 1.0 1.0 1.0 0.00030269805442075816 0.25472307248715254 3342.4503820812874 -1689.5554386176705 -1250.3046786742761 2598.8680587898284
216.499902730983 51.03948424625026 39633263878210505 2 167-170 0.7198151585368862 0.6842105263157895 6 1.5861422142057766 1.0 [-1,-1] 1.0 1.0 1.0 0.0005823912580269674 0.15084542533972659 2637.7986498789355 -1333.284611147196 -986.5752113718921 2051.0980511149905
216.45475894633856 51.00055801552291 39633263878210081 2 167-170 0.4427876877921443 0.6842105263157895 6 1.6117018373442382 1.0 [-1,-1] 1.0 1.0 1.0 0.0006285113834356281 0.1413409039925048 1750.8395720912972 -886.2274465605506 -654.6915225824553 1360.668633585073
213.23392456863252 51.59126608316815 39633271427957025 2 167-170 0.49849273534173894 0.6842105263157895 6 1.663680701743927 1.0 [-1,-1] 1.0 1.0 1.0 0.0007365189099627642 0.12316671624379881 1941.3501041499871 -1008.8279011464839 -661.0119160181457 1521.239540517392
214.35749366523385 50.98018581196107 39633263853047100 2 167-170 0.6369642974148879 0.6842105263157895 6 1.6763571583725514 0.25 [-8817836121925746199,1657487803950704933] 0.328125 1.0 3.0 0.0007982518636535506 0.11473445525619816 2388.0041615960386 -1241.156116090502 -848.4855381420343 1855.3079698138963
213.89445416865763 51.220345306233526 39633267653083526 2 167-170 0.8565244723562996 0.6842105263157895 6 1.6187719647134469 1.0 [-1730579660640617057,9078130948802863037] 0.8515625 1.0 1.1727272727272726 0.0006576102792991648 0.1359368301360722 3023.480672868363 -1571.886267143915 -1056.0429012539275 2356.985857633449
212.9043039857749 52.41265940120715 39633286347097756 2 167-170 0.8491935417769676 0.6842105263157895 6 1.584052466050809 1.0 [-1,-1] 1.0 1.0 1.0 0.0006366829495309179 0.1397804201853648 3003.5962969518955 -1538.1960825642716 -995.2675867577661 2380.1230971099876
214.55183790602402 51.06703476685161 39633263857239423 5 167-170-171-172-173 0.5156439658385188 1.0 6 1.5483343137465626 1.0 [-1,-1] 1.0 1.0 1.0 0.0006888416087567301 0.1305783864573065 1998.7307481222829 -1034.47805123973 -712.3559544796047 1554.7761122136403
214.9781229679085 51.1141214508749 39633263861433830 5 167-170-171-172-173 0.536521167917043 1.0 6 1.4229382562221864 1.0 [-1,-1] 1.0 1.0 1.0 0.0006094867785671962 0.14511252611805409 2067.7779466031225 -1063.6185199520767 -744.148634157882 1609.554003677459
214.54554374684417 51.074638532700995 39633263857239361 5 167-170-171-172-173 0.5189646612235433 1.0 6 1.542766674908725 1.0 [-1,-1] 1.0 1.0 1.0 0.0006888416087567301 0.1305783864573065 2009.7717576705397 -1040.1002982988664 -716.0590853059226 1563.5323065928587
213.2940712377745 52.85053215093622 39633290033889367 6 167-170-171-172-173-460 0.4178558387571961 1.0 6 1.3826318367553725 1.0 [-1,-1] 1.0 1.0 1.0 0.0005613841910631427 0.1556117057517016 1663.4897342374852 -839.6886023687284 -551.4479461977295 1325.9058449225784
215.98109224156366 50.92632688402928 39633263869824312 4 167-170-171-173 0.6006920905315903 1.0 6 1.6016455370208695 1.0 [-1,-1] 1.0 1.0 1.0 0.0006106036532175123 0.14488555312656437 2274.61427234367 -1160.1923571854218 -842.344260339925 1765.8652070162216
215.79228561287263 52.76652561413578 39633290059055407 4 167-170-171-173 0.8212890579832626 1.0 6 0.32016178880127844 1.0 [-1,-1] 1.0 1.0 1.0 0.000762533893525711 0.11946670068019369 2927.1012588988506 -1436.602192056101 -1035.816167677102 2330.4893881769904
213.91674066861071 51.21683165765657 39633267653083733 3 167-170-172 0.9189596878106762 1.0 6 1.6131968349030543 1.0 [-1,-1] 1.0 1.0 1.0 0.00042618922305278896 0.1953324009783564 3189.3374019995586 -1657.8071039393965 -1114.7033773696483 2486.1586937285524
212.93621653867476 52.58571733701965 39633286347098045 3 167-170-172 0.9708590840081763 1.0 6 1.561482209270215 1.0 [-1,-1] 1.0 1.0 1.0 0.00030269805442075816 0.25472307248715254 3322.588529614445 -1694.2622158223903 -1097.5871501283152 2639.0097629670277
213.9897135368135 51.23951251656656 39633267653084527 4 167-170-172-173 0.8118921256563648 1.0 6 1.5678649328118632 1.0 [-1,-1] 1.0 1.0 1.0 0.000762533893525711 0.11946670068019369 2901.0504896434986 -1505.921551561173 -1015.3635933555252 2262.151851068475
213.83400536643563 51.27325363978394 39633267648892510 4 167-170-172-173 0.6337930813666245 1.0 6 1.6006224031549654 1.0 [-1,-1] 1.0 1.0 1.0 0.0007982518636535506 0.11473445525619816 2378.1902988784022 -1235.8574460196521 -828.3970747091357 1855.3176971641471
215.2867006133895 50.82259304142952 39633260040423452 3 167-170-173 0.8160035420337557 0.8 6 1.6826149841989877 1.0 [-1,-1] 1.0 1.0 1.0 0.000762533893525711 0.11946670068019369 2912.4665884390815 -1501.837155605067 -1062.836699894827 2257.725611356424
215.35278177658236 50.86355446911816 39633260040424125 3 167-170-173 1.0823988335274144 0.8 6 1.6389882958708586 1.0 [-1099515822081,-1] 0.984375 1.0 1.015748031496063 0.00012850791192818028 0.44600300211103894 3595.5584336507136 -1850.9388176126333 -1313.0993272966814 2788.8772113351497
215.3055878150667 50.842307856007324 39633260040423669 3 167-170-173 0.565319166940315 0.8 6 1.6620692923224147 1.0 [-2251799813685265,-268469289] 0.9453125 1.0 1.0573770491803278 0.0006724560872077301 0.13333590500666823 2161.598248831016 -1113.9150816559318 -788.858948632069 1676.127005740281
214.39095972830916 51.022753900817214 39633263853047453 3 167-170-173 0.8148819078793013 0.8 6 1.628888274156932 1.0 [-1,-1] 1.0 1.0 1.0 0.000762533893525711 0.11946670068019369 2909.3549745385017 -1510.1359605688801 -1033.661726907721 2261.720403320176
214.36818558394467 51.00382881849081 39633263853047211 3 167-170-173 0.6257194669752457 0.8 6 1.6520574683601252 0.3333333333333333 [9218850698647558807,-1466628824743023630] 0.7109375 1.0 1.4021739130434783 0.0007056687116799521 0.12786279395313782 2353.119408205474 -1222.2460432032535 -835.8928545011717 1828.8162004261537
215.31688949944805 50.859443333219126 39633260040423781 3 167-170-173 1.0283016298599428 0.8 6 1.6444792917497861 1.0 [-36046389205270531,-4227073] 0.953125 1.0 1.048780487804878 0.00020130102782971312 0.3394727840281335 3465.3893694821304 -1784.879575877602 -1264.5552563347571 2687.7552688834758
214.40901435611875 51.013615209530194 39633263853047627 3 167-170-173 0.8133141427272681 0.8 6 1.6325563784987078 1.0 [9142301746003828735,-4756401540662036481] 0.8671875 1.0 1.1517857142857142 0.000762533893525711 0.11946670068019369 2905.0021836913374 -1507.848443266313 -1032.7938658570563 2258.0450814894803
215.1305939994873 50.85044333620377 39633260040422097 3 167-170-173 0.7477709841688069 0.8 6 1.6653803183797338 1.0 [-1,-1] 1.0 1.0 1.0 0.0006073340474539246 0.1455520198534496 2719.28451330578 -1404.081575748531 -987.9255375090169 2108.8068487383325
215.11843635224616 50.869546790441824 39633260040421993 3 167-170-173 0.5635509161244155 0.8 6 1.6475188873905418 1.0 [-1,-1] 1.0 1.0 1.0 0.0006724560872077301 0.13333590500666823 2155.8846647190967 -1112.8845559014474 -782.6834661661658 1672.343638310358
214.30247501998372 51.030765830691294 39633263853046517 3 167-170-173 0.8315001464461563 0.8 6 1.645518699828625 1.0 [-1,-1] 1.0 1.0 1.0 0.0006366829495309179 0.1397804201853648 2955.242278989453 -1535.3086097445935 -1047.4137099942857 2297.652915582966
215.81582597402257 52.767453759798336 39633290059055579 3 167-170-173 0.99658297914297 0.8 6 0.32904596800297065 1.0 [-1,-1] 1.0 1.0 1.0 0.00023297360745577845 0.30751381291380364 3387.1339213627098 -1661.855198637515 -1199.265709393299 2696.7898060992406
213.35191799815345 51.570218142230466 39633271427958037 3 167-170-173 0.5927860373344831 0.8 6 1.6156671370800426 1.0 [-1,-1] 1.0 1.0 1.0 0.0006106036532175123 0.14488555312656437 2249.5651551242386 -1167.9536621517034 -768.7180458997288 1762.242944693968
214.56046538786364 50.93787834577143 39633263857239520 3 167-170-173 1.0282371859986847 0.8 6 1.6670006803765156 0.5 [-1,-1] 1.0 1.0 1.0 0.00020130102782971312 0.3394727840281335 3465.231844611861 -1798.3047942781395 -1238.7368887192486 2690.6249319283684
214.11532968294307 51.084574044032905 39633263853044717 3 167-170-173 0.5213536366174318 0.8 6 1.6542905131836643 1.0 [-1,-1] 1.0 1.0 1.0 0.0006888416087567301 0.1305783864573065 2017.7011684302904 -1049.3469334787926 -710.870814130022 1569.9209228180039
214.08642826144342 51.09593967650258 39633263853044405 3 167-170-173 0.4393199783213009 0.8 6 1.6538955734403156 1.0 [-38282798070515844,-146437700602594561] 0.8203125 1.0 1.2169811320754718 0.0006285113834356281 0.1413409039925048 1738.7680617863803 -904.3686572953609 -611.991246364789 1353.1069502308471
213.4089125531171 51.564843761440045 39633271427958592 3 167-170-173 0.6226254736808533 0.8 6 1.5903423047151468 1.0 [-1,-1] 1.0 1.0 1.0 0.0007056687116799521 0.12786279395313782 2343.478949085277 -1216.0593845637516 -802.1148589042967 1835.6756007381052
213.03677966445377 52.52150294934981 39633286347098885 4 167-170-173-460 0.7144932293230771 1.0 6 1.4992282703128774 1.0 [-1,-1] 1.0 1.0 1.0 0.0005823912580269674 0.15084542533972659 2622.1288156112228 -1337.5156930136995 -869.8140345762761 2080.8735766151044
212.9670401313946 52.49923051344945 39633286347098290 4 167-170-173-460 0.7441636740959436 1.0 6 1.5419029177603765 1.0 [-1,-1] 1.0 1.0 1.0 0.0006073340474539246 0.1455520198534496 2708.8474614070124 -1383.5435103108343 -897.3525358784349 2149.051034899016
214.69331742329646 51.02706660644038 39633263857240852 3 167-171-173 0.8793057319119367 1.0 6 1.555221327560079 1.0 [-1,-1] 1.0 1.0 1.0 0.0005346154933450218 0.1621399955636538 3084.7171540383433 -1595.2055784150582 -1104.2974728827035 2398.192272191029
215.46885026839567 52.65882244853666 39633290054861715 3 167-171-173 0.8596250641936123 1.0 6 0.15994641698542292 1.0 [-1,-1] 1.0 1.0 1.0 0.0006576102792991648 0.1359368301360722 3031.864395572967 -1497.7448951013957 -1067.1029642012054 2410.446681869098
216.1319195894978 50.91483905057009 39633263874016426 3 167-171-173 0.5622808276802124 1.0 6 1.632794306154811 1.0 [-1,-1] 1.0 1.0 1.0 0.0006724560872077301 0.13333590500666823 2151.776956362514 -1095.7068411229498 -799.9385632915178 1670.23018868903
216.8275566947573 51.071952841122126 39633263882404114 3 167-171-173 0.8400287691142897 1.0 6 1.6472737562479773 1.0 [-1,-1] 1.0 1.0 1.0 0.0006366829495309179 0.1397804201853648 2978.614280959507 -1498.1048403082334 -1121.8497709269145 2317.1702599619634
216.9473950663014 51.13220603667816 39633267682445917 3 167-171-173 0.7244299495964371 1.0 6 1.6343836159847238 1.0 [-1,-1] 1.0 1.0 1.0 0.0005823912580269674 0.15084542533972659 2651.3454199927105 -1329.6780377694436 -1000.0715442479452 2064.326950455149
216.14302251642013 52.79182211382776 39633290059058384 4 167-172-173-460 0.6364460934889241 1.0 6 0.48720807621232287 1.0 [-1,-1] 1.0 1.0 1.0 0.0007982518636535506 0.11473445525619816 2386.4017876124053 -1165.3614881058575 -851.1373096068573 1900.6344662124238
214.64169554403526 50.90963635878387 39633263857240347 2 167-173 0.5160984582868138 0.8571428571428571 6 1.6769221529942657 0.25 [1551494753143490566,2604298843580801041] 0.1953125 1.0 4.961538461538462 0.0006888416087567301 0.1305783864573065 2000.243205017521 -1037.6542669591586 -716.9447805063649 1552.4936982754216
216.6414384369121 50.99586067985598 39633263878211614 2 167-173 0.44246124304167245 0.8571428571428571 6 1.6618268728552112 1.0 [-1,-1] 1.0 1.0 1.0 0.0006285113834356281 0.1413409039925048 1749.70424682212 -883.605811959068 -657.21565142408 1359.696035127977
214.44732790928316 50.93979010747745 39633263857238337 2 167-173 0.6485573208320707 0.8571428571428571 6 1.6909694227812473 0.5 [-1,-1] 1.0 1.0 1.0 0.0007982518636535506 0.11473445525619816 2423.7198405174777 -1259.4619264799603 -863.9005463328403 1881.9801718167155
214.42199915059595 51.01983829985598 39633263857238102 2 167-173 0.6271350984751425 0.8571428571428571 6 1.6235552680058762 1.0 [-288512420278698017,-275012362241] 0.8984375 1.0 1.1120689655172413 0.0007056687116799521 0.12786279395313782 2357.5242682537123 -1223.3245317572928 -838.3178882492342 1832.654054546942
216.46876447898762 51.11415127527994 39633263878210212 2 167-173 0.9385114025056216 0.8571428571428571 6 1.5097244140404988 1.0 [-1,-1] 1.0 1.0 1.0 0.0003671239319408774 0.21984967794317842 3240.018411493437 -1635.6953612821271 -1208.9714796540036 2522.0245742815023
216.87815055137312 51.12093100210415 39633263882404516 2 167-173 0.7782835299790734 0.8571428571428571 6 1.6209917951702315 1.0 [-1,-1] 1.0 1.0 1.0 0.0007064174578981374 0.12774458208408304 2806.659293398821 -1409.1919656202947 -1057.2111655746917 2184.907079176911
214.05476207556214 51.0555727566807 39633263853044092 2 167-173 0.7998331457936524 0.8571428571428571 6 1.698725420044347 0.5 [8995824737135327935,-6197284693883617475] 0.671875 1.0 1.4827586206896552 0.0008239664519383997 0.11155322342262282 2867.4026517401994 -1493.2541580750724 -1009.2905385054526 2230.1395910304827
214.59413226714605 50.89092132146893 39633263857239833 2 167-173 0.6258683198619249 0.8571428571428571 6 1.7041964273806967 0.5 [-6139903201915798409,-2935053315782675624] 0.515625 1.0 1.9253731343283582 0.0007056687116799521 0.12786279395313782 2353.582755551248 -1222.145120425209 -842.9167330601701 1826.2542191535729
216.58435111088994 50.98904258294359 39633263878211153 2 167-173 0.8411714793048257 0.8571428571428571 6 1.6533618104647412 1.0 [-1,-1] 1.0 1.0 1.0 0.0006366829495309179 0.1397804201853648 2981.7366834205272 -1507.1223910699537 -1118.6493273281596 2316.8857179540573
214.08263288814967 51.070298329039694 39633263853044367 2 167-173 0.798655528550691 0.8571428571428571 6 1.6770714530271809 1.0 [4102411951518769239,-4748382759837979678] 0.53125 1.0 1.8695652173913044 0.0008239664519383997 0.11155322342262282 2864.1036256292514 -1490.571341775123 -1008.5338815533801 2228.0363693576023
215.82753443374827 50.81623532744239 39633260044619049 2 167-173 0.41022968570440027 0.8571428571428571 6 1.695974959715601 1.0 [-1,-1] 1.0 1.0 1.0 0.0005613841910631427 0.1556117057517016 1636.5107809094764 -838.3195222981917 -605.2277457484399 1268.4980450686307
215.72631018551863 50.81731297792507 39633260044618061 2 167-173 0.5616891135622396 0.8571428571428571 6 1.688530976722719 1.0 [-1,-1] 1.0 1.0 1.0 0.0006724560872077301 0.13333590500666823 2149.8621573567125 -1102.6665583128472 -793.1143480087039 1666.4343334784262
218.28256582129094 52.38572149511575 39633286401624030 1 168 0.7562209696052146 0.9090909090909091 6 1.699858685420097 1.0 [-1,-1] 1.0 1.0 1.0 0.0007242712797402853 0.12498917450484462 2743.64366609166 -1314.4728853773213 -1037.4588487868027 2173.343216605851
218.32024633897288 52.41476426753322 39633286401624338 1 168 1.0676948111023403 0.9090909090909091 6 1.7205235510368306 1.0 [-1,-1] 1.0 1.0 1.0 0.00014839258087788972 0.41078905010633954 3560.5815695176866 -1703.8581243278459 -1346.6039465699037 2821.5716217089703
217.6916319306528 53.3639986176948 39633297373923780 1 168 0.91208100941573 0.9090909090909091 6 1.5783790858389846 0.5 [-1,-1] 1.0 1.0 1.0 0.00042618922305278896 0.1953324009783564 3171.3661686416376 -1497.5174502579368 -1157.0636909767973 2544.839577812491
