EDR/data_rosette/LRG_5_clustering_data.ecsv
# %ECSV 1.0
# ---
# datatype:
# - {name: RA, unit: deg, datatype: float64}
# - {name: DEC, unit: deg, datatype: float64}
# - {name: TARGETID, datatype: int64}
# - {name: NTILE, datatype: int64}
# - {name: TILES, datatype: string}
# - {name: Z, datatype: float64}
# - {name: COMP_TILE, datatype: float64}
# - {name: ROSETTE_NUMBER, datatype: int32}
# - {name: ROSETTE_R, unit: deg, datatype: float64}
# - {name: FRACZ_TILELOCID, datatype: float64}
# - {name: BITWEIGHTS, datatype: string, subtype: 'int64[2]'}
# - {name: PROB_OBS, datatype: float64}
# - {name: WEIGHT_ZFAIL, datatype: float64}
# - {name: WEIGHT, datatype: float64}
# - {name: NZ, unit: h3 / Mpc3, datatype: float64}
# - {name: WEIGHT_FKP, datatype: float64}
# - {name: distance, unit: Mpc, datatype: float64}
# - {name: x, unit: Mpc, datatype: float64}
# - {name: y, unit: Mpc, datatype: float64}
# - {name: z, unit: Mpc, datatype: float64}
# meta: !!omap
# - {EXTNAME: LSS}
# - {DESIDR: edr}
# - comments: ['Visit https://desidatamodel.readthedocs.io/en/latest/ for a more complet', e description]
# schema: astropy-2.0
RA DEC TARGETID NTILE TILES Z COMP_TILE ROSETTE_NUMBER ROSETTE_R FRACZ_TILELOCID BITWEIGHTS PROB_OBS WEIGHT_ZFAIL WEIGHT NZ WEIGHT_FKP distance x y z
[from data line 5148]
211.52405670614974 4.266304337135659 39627890911875825 2 138-144 0.778638055719869 0.75 5 1.6869706191584057 1.0 [-1,-1] 1.0 1.0 1.0 0.0007324854237337303 0.12404708914385561 2807.665039435763 -2386.680089030694 -1463.9381972925748 208.86857303584162
211.3465308233378 3.9755159779120444 39627884880463082 2 138-144 0.9321639392373591 0.75 5 1.6886570018369573 1.0 [-1,-1] 1.0 1.0 1.0 0.0004445766401596716 0.18918261239264766 3223.629344175644 -2746.472977648839 -1672.9382542807316 223.49480763353398
211.6972617882766 4.8114466777432625 39627902966303048 2 138-144 0.5718909363640743 0.75 5 1.7015225661552922 1.0 [-1,-1] 1.0 1.0 1.0 0.0006621615122706149 0.13543705131792066 2182.7792611466975 -1850.6431555020324 -1142.8583318990663 183.08480847543294
211.6796723200737 4.702388301863339 39627902966302651 2 138-144 0.8975029058869268 0.75 5 1.699907836651887 1.0 [-965919914233742804,8154194345608541101] 0.5546875 1.0 1.7916666666666667 0.0005275616701708153 0.16431404058018498 3133.0349507300166 -2657.2303400781066 -1639.8368410359276 256.84636856599104
211.63647682111935 4.668777540998597 39627902966301733 2 138-144 0.7018639940004915 0.75 5 1.6639516654898017 1.0 [-1,-1] 1.0 1.0 1.0 0.0005843703162771602 0.15074849413407446 2584.7398463050113 -2193.327921568894 -1351.269945930146 210.38591865680874
210.05376831999456 5.120972013923687 39627908959965204 4 138-144-145-146 0.5755343356246145 0.5 5 0.13229801778137282 0.5 [-18016599714861129,-903045540760004641] 0.8203125 1.0 1.2169811320754718 0.0006621615122706149 0.13543705131792066 2194.485639276153 -1891.8680563936325 -1094.639007202542 195.87731389131824
210.49117034410563 3.4407970231317435 39627872800870562 3 138-144-146 0.49764678857027006 0.8636363636363636 5 1.6343318449219766 1.0 [-1,-1] 1.0 1.0 1.0 0.0005337442823398631 0.16272042362546515 1938.5045112530715 -1667.412419385942 -981.8348899955495 116.34351126494641
209.49168460475406 3.587135370051919 39627872784092984 3 138-144-146 0.6975948446478433 0.8636363636363636 5 1.5010361421151472 1.0 [-1,-1] 1.0 1.0 1.0 0.0005843703162771602 0.15074849413407446 2572.035894658635 -2234.383686167444 -1263.725421271257 160.92310596683342
211.0552937387344 3.723960461526173 39627878844858643 3 138-144-146 0.7691170827838717 0.8636363636363636 5 1.6539144177982963 1.0 [-1,-1] 1.0 1.0 1.0 0.0006416626200019751 0.139161677870846 2780.5801076566217 -2377.009601713722 -1431.3754181678828 180.59762102862416
211.20430351982975 3.8292706415440505 39627878844862269 3 138-144-146 0.7851058419126411 0.8636363636363636 5 1.6769942124124213 1.0 [-1,-1] 1.0 1.0 1.0 0.0007324854237337303 0.12404708914385561 2825.975524911962 -2411.7322147251757 -1460.8445449690205 188.72892542611572
211.2118639745865 3.823397718704117 39627878844862481 3 138-144-146 0.7859434600787532 0.8636363636363636 5 1.6864948138923526 1.0 [-1,-1] 1.0 1.0 1.0 0.0007324854237337303 0.12404708914385561 2828.3416086703414 -2413.5750663040467 -1462.3961743776563 188.59767712500175
211.23794384756872 3.851668799956993 39627878844863170 3 138-144-146 1.0609351081792537 0.8636363636363636 5 1.6858206304277 1.0 [-1,-1] 1.0 1.0 1.0 0.0001568149373683449 0.39812733398474315 3544.401718882002 -3023.6928599000994 -1833.9514557354842 238.09051179865455
209.48666554131714 3.5642898730604977 39627872784092887 3 138-144-146 0.5939251994883906 0.8636363636363636 5 1.5242351267707055 1.0 [-1,-1] 1.0 1.0 1.0 0.0007756247847600315 0.11796159141779075 2253.1818520131033 -1957.5339680464822 -1106.9181036188106 140.07688626725331
211.3023870972314 3.9337659566304137 39627884880462068 3 138-144-146 0.8973460411834607 0.8636363636363636 5 1.6800977406291753 0.3333333333333333 [-2378057891379955597,-871165139962182445] 0.640625 1.0 1.5542168674698795 0.0005275616701708153 0.16431404058018498 3132.620679369556 -2670.3215195475495 -1623.7333167015015 214.90793212113914
211.31037648273477 3.9189312457563665 39627884880462277 3 138-144-146 0.43875800673610665 0.8636363636363636 5 1.6956896119751075 1.0 [-6145181637997539442,-3292036192351027212] 0.609375 1.0 1.6329113924050633 0.0005288673958748294 0.16397488484989944 1736.8094122865593 -1480.3990491601028 -900.4639888979403 118.70212530134756
211.30585409567 3.9314752147771523 39627884880462167 3 138-144-146 0.8864254206017338 0.8636363636363636 5 1.6842242508152727 1.0 [-882714680647805273,7421931875822842831] 0.703125 1.0 1.4175824175824177 0.0005690156306133545 0.15418916366201427 3103.6842469036683 -2645.565326783024 -1608.8991859571913 212.79900288231468
211.3202318171169 3.927310426677116 39627884880462493 3 138-144-146 0.8908007576606557 0.8636363636363636 5 1.697959234519015 0.5 [-79976092098646145,-4614560700420427361] 0.71875 1.0 1.3870967741935485 0.0005275616701708153 0.16431404058018498 3115.300284235549 -2655.074707421625 -1615.5951245781926 213.36952080191756
211.51246819685332 4.28814869875904 39627890911875593 3 138-144-146 0.8976977723443798 0.8636363636363636 5 1.6671129788998245 1.0 [-1,-1] 1.0 1.0 1.0 0.0005275616701708153 0.16431404058018498 3133.5495286619057 -2663.955477173441 -1633.271522666076 234.3032169282214
211.49977180179275 4.399337588689754 39627896939089173 3 138-144-146 0.8924831914417058 0.8636363636363636 5 1.6108970969647578 1.0 [-1,-1] 1.0 1.0 1.0 0.0005275616701708153 0.16431404058018498 3119.7588788831135 -2652.2007829583067 -1625.2562001775632 239.30890712582186
211.5965633250004 4.601129472117893 39627896943280365 3 138-144-146 0.6729720465276647 0.8636363636363636 5 1.640197616294976 1.0 [-1,-1] 1.0 1.0 1.0 0.0007209928471550773 0.12577569469930108 2498.116744194486 -2120.9345855673873 -1304.6323045490142 200.39536246151158
211.59446596692231 4.5970321672779875 39627896943280314 3 138-144-146 0.5436380387591538 0.8636363636363636 5 1.63917745128423 1.0 [-1,-1] 1.0 1.0 1.0 0.0007045118177349687 0.128340413101622 2091.116608322388 -1775.436205634954 -1092.019268475627 167.5973347050642
211.58804129200072 4.488578244262532 39627896943280170 3 138-144-146 0.8983877396924548 0.8636363636363636 5 1.6631770048041363 1.0 [-1,-1] 1.0 1.0 1.0 0.0005275616701708153 0.16431404058018498 3135.37102320179 -2662.6312579956457 -1637.2957015068157 245.37526954701414
211.26844702081544 3.8995201943197384 39627884876273135 3 138-144-146 0.7866837397435733 0.8636363636363636 5 1.6763884402794302 1.0 [-1,-1] 1.0 1.0 1.0 0.0007324854237337303 0.12404708914385561 2830.4317351358104 -2413.6957726011015 -1465.7300275011264 192.4889894852067
211.5126106014096 4.283395448054527 39627890911875601 3 138-144-146 0.9018840165771586 0.8636363636363636 5 1.6692807924078774 1.0 [-1,-1] 1.0 1.0 1.0 0.0005275616701708153 0.16431404058018498 3144.589571120357 -2673.3536044228335 -1639.0426579922225 234.86856281789227
211.55191322211877 5.173154180835571 39627915008152016 4 138-144-146-457 0.7228960244085434 1.0 5 1.5554683774827769 1.0 [-1,-1] 1.0 1.0 1.0 0.0006167714992318164 0.14396928707710532 2646.8467805323285 -2246.3664717126017 -1379.37635457545 238.65545629205963
211.54374180670544 5.19212594313049 39627915008151822 3 138-144-457 0.8423520805318562 0.6666666666666666 5 1.5495950131288938 1.0 [9077004842773249846,-2630111184642187495] 0.8046875 1.0 1.2403846153846154 0.0006232532477076302 0.14268566385842998 2984.96036804312 -2533.4676297613446 -1555.1726729741497 270.12612789953005
211.21361605113975 6.062516917895866 39627933052044933 3 138-144-457 0.8115334213483596 0.6666666666666666 5 1.6087506136851917 1.0 [-1,-1] 1.0 1.0 1.0 0.0006627118749498285 0.13533979738261318 2900.053137753877 -2466.3733316513094 -1494.4899956713102 306.28490585351113
211.22012730385015 6.030695281109079 39627933052045044 3 138-144-457 0.6644681111769828 0.6666666666666666 5 1.5928747276668072 1.0 [5568213083762008237,6403535957584032276] 0.4375 1.0 2.263157894736842 0.000700708733790897 0.12894715825466588 2472.3288832618928 -2102.5907176271494 -1274.383937271346 259.74595585673563
209.5434763647869 3.5553861452805524 39627872788283465 2 138-146 0.8429226899533153 0.7857142857142857 5 1.5146459283419413 1.0 [-3596903886413721681,-297308375801171979] 0.6953125 1.0 1.4333333333333333 0.0006232532477076302 0.14268566385842998 2986.517622335796 -2593.215212884357 -1469.7693114861966 185.20404747410802
211.02276311006008 3.637698465771355 39627878840669335 2 138-146 0.44034175817358323 0.7857142857142857 5 1.7017425244741111 1.0 [-45044930208997385,-149744687610074115] 0.875 1.0 1.1415929203539823 0.0005288673958748294 0.16397488484989944 1742.327602611912 -1490.101295620926 -896.1491168152833 110.54575542913581
211.0962429583707 3.7138354935973723 39627878844859665 2 138-146 0.8394266015190336 0.7857142857142857 5 1.687892416989939 0.5 [-8193,-67108865] 0.984375 1.0 1.015748031496063 0.0006232532477076302 0.14268566385842998 2976.9680222293264 -2543.827292036425 -1534.3072328847145 192.82797718242898
211.44795374686174 4.159707868182884 39627890911874275 2 138-146 0.43530372971668463 0.7857142857142857 5 1.6701062540673501 1.0 [-1,-1] 1.0 1.0 1.0 0.0005288673958748294 0.16397488484989944 1724.7556908672295 -1467.5378876470706 -897.4757094498012 125.1083228520151
211.3646830466736 5.764374375940241 39627927037416283 2 138-146 0.7994415289681132 0.7857142857142857 5 1.558914265761258 1.0 [-1,-1] 1.0 1.0 1.0 0.0007229154976227362 0.12548315978664992 2866.3058205118245 -2435.0817317335304 -1484.3207833219458 287.8850963077467
211.44960961785654 4.194923188092629 39627890911874305 2 138-146 0.7569987026373248 0.7857142857142857 5 1.65407984772273 0.5 [-1,-1] 1.0 1.0 1.0 0.0006416626200019751 0.139161677870846 2745.8794041374267 -2336.2322977603153 -1428.8202721799792 200.86060533413806
209.50576720603172 3.4936137303493155 39627872784093243 2 138-146 0.9474268924777971 0.7857142857142857 5 1.5849643214587443 0.3333333333333333 [-1,-1] 1.0 1.0 1.0 0.0004445766401596716 0.18918261239264766 3262.934078322422 -2834.474113027955 -1604.0449510361743 198.83434589511774
210.99733044630335 3.622345887432824 39627872809258785 2 138-146 0.9090689287332426 0.7857142857142857 5 1.6990966399024803 0.5 [-152033060750183059,-2666476948558455729] 0.6640625 1.0 1.5 0.0005275616701708153 0.16431404058018498 3163.4735901617546 -2706.2844918607907 -1625.9281636462008 199.86748466615722
211.26530532626214 3.857902531248292 39627878844863863 2 138-146 0.5631305963875827 0.7857142857142857 5 1.7016999836358058 1.0 [2005640572298586205,6839100243613520903] 0.609375 1.0 1.6329113924050633 0.000677088223595666 0.13284793461577618 2154.5256214166334 -1837.4577248038838 -1115.6684028077764 144.96129785432342
210.0619085156721 5.149964261833998 39627914982985878 3 138-146-457 0.7424510700081569 1.0 5 0.16214792963270563 1.0 [-1,-1] 1.0 1.0 1.0 0.0007126833197713517 0.12705585074725267 2703.884368634175 -2330.7235253657655 -1349.0037708975697 242.70837100303817
209.48419376553807 6.625821232395384 39627951045608967 1 139 0.9095975355430892 0.8 5 1.7048763537851512 1.0 [-1,-1] 1.0 1.0 1.0 0.0005275616701708153 0.16431404058018498 3164.8597281485254 -2736.582615069909 -1547.2875045601058 365.17676265838116
208.9847667396417 6.284306920333324 39627939024733865 1 139 0.6846440673155009 0.8 5 1.634055080671156 0.5 [5759540833313357823,-1297637026031472651] 0.8671875 1.0 1.1517857142857142 0.0007209928471550773 0.12577569469930108 2533.2949967124778 -2202.6802041324904 -1220.2001204692317 277.29970194393945
208.59961129554594 5.807390037117597 39627926991278396 1 139 1.0499701538894635 0.8 5 1.611068424581943 0.5 [-4208861398945881614,-8502537843164434678] 0.5 1.0 1.9846153846153847 0.00017111768859933566 0.3774092623312036 3518.0207260937746 -3072.9211118977887 -1675.3839347230135 355.9695781246723
208.33823085716574 5.3059969021975855 39627914957816038 1 139 0.8272161972522662 0.8 5 1.6831001682069422 1.0 [-1,-1] 1.0 1.0 1.0 0.0006627118749498285 0.13533979738261318 2943.457102536245 -2579.6144649076555 -1391.200370277032 272.19562202818054
209.47008170538172 6.621048217831189 39627945039365326 1 139 0.4851996386365612 0.8 5 1.7046153332330078 1.0 [-1,-1] 1.0 1.0 1.0 0.00048380039118235755 0.17655271186088778 1896.4664469024035 -1640.0758169129763 -926.7800487015282 218.66650482561994
208.54888518655278 5.699696873147873 39627926991277439 1 139 0.7285985786948223 0.8 5 1.6052965273753543 0.5 [-1035347545151496658,6453725882510965995] 0.5234375 1.0 1.8970588235294117 0.0006167714992318164 0.14396928707710532 2663.5498617690646 -2328.1207807483474 -1266.6395936713222 264.5290836975313
208.68242488442684 5.771790159617508 39627926995469574 1 139 0.6256356895740562 0.8 5 1.5219533923490969 1.0 [-1,-1] 1.0 1.0 1.0 0.0007214233604467519 0.12571007283523317 2352.8586085170423 -2053.6828764285315 -1123.539894311635 236.61863964443907
210.0296667155306 5.865837166206853 39627927016443295 7 139-140-141-142-143-144-145 0.9460750318198362 1.0 5 0.8663406983921054 1.0 [-1,-1] 1.0 1.0 1.0 0.0004445766401596716 0.18918261239264766 3259.4671515961786 -2807.1612730023157 -1622.6538925835807 333.1156624565645
209.92950668364583 3.7296919044448127 39627878823889795 9 139-140-141-142-143-144-145-146-457 0.7258378075672935 1.0 5 1.2722511448459228 1.0 [-1,-1] 1.0 1.0 1.0 0.0006167714992318164 0.14396928707710532 2655.470645230671 -2296.46272903843 -1322.0988056280398 172.73688076398824
208.90679459488263 4.696799549289099 39627902920164767 9 139-140-141-142-143-144-145-146-457 0.6164855348408224 1.0 5 1.1307025382135438 1.0 [-1,-1] 1.0 1.0 1.0 0.0007214233604467519 0.12571007283523317 2324.293864635142 -2027.870994113754 -1119.7587162346028 190.31977781958156
210.82068264910973 5.195896322617865 39627914995569249 9 139-140-141-142-143-144-145-146-457 0.5022765575394974 1.0 5 0.8405811122751409 1.0 [-1,-1] 1.0 1.0 1.0 0.0005337442823398631 0.16272042362546515 1954.060332906123 -1671.2026750540144 -997.0545626381577 176.96215033708833
209.57227989855164 3.9455490905835715 39627884851102375 9 139-140-141-142-143-144-145-146-457 0.7240374686410729 1.0 5 1.13740641684348 1.0 [-1,-1] 1.0 1.0 1.0 0.0006167714992318164 0.14396928707710532 2650.19476544616 -2299.500952864614 -1304.8272168692054 182.35568729908704
208.8304321970082 4.524115569165889 39627896897142821 9 139-140-141-142-143-144-145-146-457 0.8323440858906649 1.0 5 1.2589356940521623 1.0 [-1,-1] 1.0 1.0 1.0 0.0006232532477076302 0.14268566385842998 2957.5603798716747 -2582.899877348295 -1421.7482579603873 233.28848057169444
208.9014488021466 5.765194203554856 39627926999663223 8 139-140-141-142-143-144-146-457 0.6355148652456982 1.0 5 1.3348029445065457 1.0 [-1,-1] 1.0 1.0 1.0 0.000833303205902425 0.11070054926254569 2383.5210013552023 -2076.1044582602235 -1146.1397295528639 239.4292434808649
211.1334236378084 5.340518928781461 39627915003954348 8 139-140-141-142-143-144-146-457 0.6586223845304731 1.0 5 1.1790528780868177 1.0 [-1,-1] 1.0 1.0 1.0 0.000700708733790897 0.12894715825466588 2454.5243249405166 -2091.8683039014636 -1263.5605822273383 228.4541877454299
210.78110674716268 5.422245444435589 39627921014394270 8 139-140-141-142-143-144-146-457 1.0582477132043397 1.0 5 0.8850892197657712 1.0 [-1,-1] 1.0 1.0 1.0 0.0001568149373683449 0.39812733398474315 3537.9515688777196 -3025.9547745429745 -1802.478951489562 334.31816519893823
209.03608332339098 4.351990344184374 39627890869932719 7 139-140-141-142-143-144-457 0.632928982764162 1.0 5 1.1588213714085034 1.0 [-1,-1] 1.0 1.0 1.0 0.000833303205902425 0.11070054926254569 2375.5129121354216 -2070.956222711307 -1149.6553432931958 180.26233930810506
208.6479475979274 4.9628248109481605 39627908938990784 7 139-140-141-142-143-145-146 0.9945406108849169 1.0 5 1.3474582455632953 1.0 [-1,-1] 1.0 1.0 1.0 0.0002622817504223413 0.28340640119267335 3382.044946452667 -2956.895028690745 -1615.3629923132657 292.5785573050633
