EDR/data_rosette/LRG_12_clustering_data.ecsv
# %ECSV 1.0
# ---
# datatype:
# - {name: RA, unit: deg, datatype: float64}
# - {name: DEC, unit: deg, datatype: float64}
# - {name: TARGETID, datatype: int64}
# - {name: NTILE, datatype: int64}
# - {name: TILES, datatype: string}
# - {name: Z, datatype: float64}
# - {name: COMP_TILE, datatype: float64}
# - {name: ROSETTE_NUMBER, datatype: int32}
# - {name: ROSETTE_R, unit: deg, datatype: float64}
# - {name: FRACZ_TILELOCID, datatype: float64}
# - {name: BITWEIGHTS, datatype: string, subtype: 'int64[2]'}
# - {name: PROB_OBS, datatype: float64}
# - {name: WEIGHT_ZFAIL, datatype: float64}
# - {name: WEIGHT, datatype: float64}
# - {name: NZ, unit: h3 / Mpc3, datatype: float64}
# - {name: WEIGHT_FKP, datatype: float64}
# - {name: distance, unit: Mpc, datatype: float64}
# - {name: x, unit: Mpc, datatype: float64}
# - {name: y, unit: Mpc, datatype: float64}
# - {name: z, unit: Mpc, datatype: float64}
# meta: !!omap
# - {EXTNAME: LSS}
# - {DESIDR: edr}
# - comments: ['Visit https://desidatamodel.readthedocs.io/en/latest/ for a more complet', e description]
# schema: astropy-2.0
RA DEC TARGETID NTILE TILES Z COMP_TILE ROSETTE_NUMBER ROSETTE_R FRACZ_TILELOCID BITWEIGHTS PROB_OBS WEIGHT_ZFAIL WEIGHT NZ WEIGHT_FKP distance x y z
[from data line 3780]
240.82946220356328 44.303950807649315 39633153995835962 9 326-327-328-330-331-332-333-334-335 0.7776112074856505 1.0 12 0.868620586897098 1.0 [-1,-1] 1.0 1.0 1.0 0.0007064174578981374 0.12774458208408304 2804.751404047578 -978.3333078100449 -1752.6369666574747 1959.019663107546
243.03166027817454 43.07838523788621 39633132105764292 9 326-327-328-330-331-332-333-334-335 0.5005049419539854 1.0 12 1.490086986013117 1.0 [-1,-1] 1.0 1.0 1.0 0.0007365189099627642 0.12316671624379881 1948.1129193166087 -645.3008398725921 -1268.2061445167308 1330.5577580390925
239.74586858149547 44.53283431468875 39633158307581640 9 326-327-328-330-331-332-333-334-335 1.0163415188904896 1.0 12 1.43273310845654 1.0 [-1,-1] 1.0 1.0 1.0 0.00020130102782971312 0.3394727840281335 3436.052425596846 -1234.0891802312403 -2115.7770777388587 2409.7650350191766
241.91754344992427 43.74213134295395 39633145296849078 9 326-327-328-330-331-332-333-334-335 0.7292225398035217 1.0 12 0.6928811825836084 1.0 [-1,-1] 1.0 1.0 1.0 0.0005823912580269674 0.15084542533972659 2665.373966500427 -906.4712570810902 -1698.921597238206 1842.8764602711785
239.55186232376153 43.39084988145481 39633140884440769 9 326-327-328-330-331-332-333-334-335 0.8745446779431658 1.0 12 1.0897335523618725 1.0 [-1,-1] 1.0 1.0 1.0 0.0005346154933450218 0.1621399955636538 3071.9883679134464 -1131.2698512691613 -1924.4964127516168 2110.368359673526
241.482800421597 44.65535361289371 39633162640294848 9 326-327-328-330-331-332-333-334-335 0.7603440003639986 1.0 12 1.2448365868697056 1.0 [-1,-1] 1.0 1.0 1.0 0.0007242712797402853 0.12498917450484462 2755.484071840594 -935.7989603651853 -1722.2941417842987 1936.6661212305398
241.2896698667426 44.61683123647972 39633158328550876 9 326-327-328-330-331-332-333-334-335 0.8362244415111837 1.0 12 1.1794833164012715 1.0 [-1,-1] 1.0 1.0 1.0 0.0006366829495309179 0.1397804201853648 2968.2036489878697 -1014.9627981495332 -1853.0742411062754 2084.754008794749
239.25850522185698 42.76556581290366 39633127626246131 9 326-327-328-330-331-332-333-334-335 0.7068327297701843 1.0 12 1.4761282195424095 1.0 [-1,-1] 1.0 1.0 1.0 0.0005639081233901963 0.1550231922816235 2599.4841112220984 -975.4981556336922 -1640.219044675173 1765.0502764330172
239.83570305059763 43.2969156813116 39633136484617288 10 326-327-328-330-331-332-333-334-335-478 0.8575013592159888 1.0 12 0.8958318797101009 1.0 [-1,-1] 1.0 1.0 1.0 0.0006576102792991648 0.1359368301360722 3026.1237713972323 -1106.6859739386296 -1904.2052463417697 2075.2526628599703
239.80906330654207 43.503162064728144 39633140888633823 10 326-327-328-330-331-332-333-334-335-478 0.8744820332930682 1.0 12 0.9020521966422377 1.0 [-1,-1] 1.0 1.0 1.0 0.0005346154933450218 0.1621399955636538 3071.8206439728115 -1120.4757580094868 -1925.870776749475 2114.6247647544888
239.80241738575407 43.182773450604564 39633136484616910 10 326-327-328-330-331-332-333-334-335-478 0.7393870602131513 1.0 12 0.9462188508470655 0.5 [-1,-1] 1.0 1.0 1.0 0.0006073340474539246 0.1455520198534496 2694.992045416259 -988.4225143170228 -1698.4447426915242 1844.258255795985
241.43501792028349 42.76586437444048 39633127651413833 10 326-327-328-330-331-332-333-334-335-478 0.8593680500697735 1.0 12 0.7396276850784852 1.0 [-1,-1] 1.0 1.0 1.0 0.0006576102792991648 0.1359368301360722 3031.1700453363997 -1064.0322807406462 -1954.414428446065 2058.176715242977
239.9227355094924 42.54355293552023 39633123184476578 10 326-327-328-330-331-332-333-334-335-478 0.7646803249582479 1.0 12 1.225291604428538 1.0 [-1,-1] 1.0 1.0 1.0 0.0007242712797402853 0.12498917450484462 2767.9051183722663 -1022.0265048341213 -1764.70178448576 1871.520285639649
239.8180076895228 43.49921248279679 39633140888633928 10 326-327-328-330-331-332-333-334-335-478 0.8773116431051987 1.0 12 0.8953766161323908 1.0 [-1,-1] 1.0 1.0 1.0 0.0005346154933450218 0.1621399955636538 3079.3903287297267 -1123.008934717677 -1930.9182091669418 2119.681721090686
239.11469461978066 42.941319668483125 39633132059624864 10 326-327-328-330-331-332-333-334-335-478 0.40147693055659667 1.0 12 1.4997313037519144 1.0 [-1,-1] 1.0 1.0 1.0 0.00024055914515870672 0.3007331513712552 1605.3951358848499 -603.2716646804928 -1008.5804271071786 1093.6737918468484
239.2467744490865 42.93185202662758 39633132059626163 10 326-327-328-330-331-332-333-334-335-478 0.8197898772054975 1.0 12 1.4130740356177989 1.0 [-1,-1] 1.0 1.0 1.0 0.000762533893525711 0.11946670068019369 2922.95502674196 -1094.3134303271231 -1839.1398683973835 1990.9065143881148
241.74162963964042 43.36599400909034 39633136509781605 10 326-327-328-330-331-332-333-334-335-478 0.6264841021476679 1.0 12 0.5094267969995729 1.0 [-1,-1] 1.0 1.0 1.0 0.0007056687116799521 0.12786279395313782 2355.4991084469266 -810.7359192247746 -1508.3243859209572 1617.417962682866
239.93526596327678 42.54467540869186 39633123184476740 10 326-327-328-330-331-332-333-334-335-478 0.6481485154227987 1.0 12 1.2183051174088644 1.0 [-1,-1] 1.0 1.0 1.0 0.0007982518636535506 0.11473445525619816 2422.4646817852013 -894.1215588011963 -1544.6310651816252 1637.9855448261665
239.32379860847632 43.06211508848323 39633132063817837 10 326-327-328-330-331-332-333-334-335-478 0.40119742956299526 1.0 12 1.3156378718249566 1.0 [-1,-1] 1.0 1.0 1.0 0.00024055914515870672 0.3007331513712552 1604.3988560210557 -598.0377237199135 -1008.163986467371 1095.4688250241516
240.91355642663197 44.350201328082406 39633153995836834 10 326-327-328-330-331-332-333-334-335-478 0.9127117668758968 1.0 12 0.9055536424380403 1.0 [-1,-1] 1.0 1.0 1.0 0.00042618922305278896 0.1953324009783564 3173.01715388421 -1103.0077570841124 -1982.8176707774576 2218.0725486575925
240.44983619524754 44.65410180446517 39633162627712325 10 326-327-328-330-331-332-333-334-335-478 0.680148239312306 1.0 12 1.2790194910511745 1.0 [-1,-1] 1.0 1.0 1.0 0.0008053318504768218 0.11384060807160488 2519.7746313337257 -884.0218518471002 -1559.316335620377 1770.9607911067026
239.66693035156155 43.472205686290096 39633140884442134 10 326-327-328-330-331-332-333-334-335-478 0.7906176958158211 1.0 12 1.0041233787610633 1.0 [-1,-1] 1.0 1.0 1.0 0.0008239664519383997 0.11155322342262282 2841.5232896811503 -1041.4223169689778 -1779.8216623928633 1954.9754508935546
239.20915386586373 42.80333825863631 39633127626245527 10 326-327-328-330-331-332-333-334-335-478 0.841938596710032 1.0 12 1.4910077965358726 1.0 [-1,-1] 1.0 1.0 1.0 0.0006366829495309179 0.1397804201853648 2983.8315923724927 -1120.6680086289464 -1880.6211399810538 2027.465983421709
240.33005727481407 43.67177832754782 39633145275879192 10 326-327-328-330-331-332-333-334-335-478 0.5366279754444596 1.0 12 0.566881512973375 1.0 [-1,-1] 1.0 1.0 1.0 0.0006094867785671962 0.14511252611805409 2068.1289502205886 -740.4713454703378 -1299.7683363725043 1428.0972701610049
239.1614752327851 43.449137525010414 39633140880245694 10 326-327-328-330-331-332-333-334-335-478 1.0338594176724127 1.0 12 1.3710020771696743 1.0 [-1,-1] 1.0 1.0 1.0 0.00017557006270178804 0.37077784677498654 3478.952384874775 -1294.70856876517 -2168.5772743159687 2392.5116558780337
240.08993909603595 42.932118966990245 39633132072207294 10 326-327-328-330-331-332-333-334-335-478 0.6864731825525885 1.0 12 0.8707024709581942 1.0 [-1,-1] 1.0 1.0 1.0 0.0008053318504768218 0.11384060807160488 2538.7851395261164 -926.8719163986574 -1611.2248894163806 1729.246307208807
242.46966741419084 43.520319599202416 39633140917997138 10 326-327-328-330-331-332-333-334-335-478 0.7587722312147354 1.0 12 1.0324282678293792 1.0 [-1,-1] 1.0 1.0 1.0 0.0007242712797402853 0.12498917450484462 2750.9737994904694 -922.0392967912687 -1768.933917514842 1894.3529703097272
239.93274843968635 42.80334935310386 39633127634634558 10 326-327-328-330-331-332-333-334-335-478 0.9125522168498222 1.0 12 1.0406874934178785 0.5 [-1,-1] 1.0 1.0 1.0 0.00042618922305278896 0.1953324009783564 3172.5995959895426 -1166.2178549438222 -2014.4842391596453 2155.7312822939284
240.71427363948183 42.753856414034104 39633127643024769 10 326-327-328-330-331-332-333-334-335-478 0.5456304593991701 1.0 12 0.7380381958829758 1.0 [-1,-1] 1.0 1.0 1.0 0.0006094867785671962 0.14511252611805409 2097.632406349653 -753.4331795799977 -1343.3862018897898 1423.9781138235014
240.5315066773848 43.50112477535949 39633140897022946 10 326-327-328-330-331-332-333-334-335-478 0.6342282761576011 1.0 12 0.37971080226218584 1.0 [-1,-1] 1.0 1.0 1.0 0.0007982518636535506 0.11473445525619816 2379.5382049943223 -849.1086093863076 -1502.7218575583063 1637.99989539382
240.52997256947359 43.50418706556746 39633140897022918 10 326-327-328-330-331-332-333-334-335-478 0.7472142335605713 1.0 12 0.3812276657925717 1.0 [-1,-1] 1.0 1.0 1.0 0.0006073340474539246 0.1455520198534496 2717.6751540890623 -969.7653348580776 -1716.1485010327742 1870.868183722084
240.19028082782114 42.611758390676926 39633123184480159 10 326-327-328-330-331-332-333-334-335-478 0.9116403327936465 1.0 12 1.047645132539276 1.0 [-1,-1] 1.0 1.0 1.0 0.00042618922305278896 0.1953324009783564 3170.2123449451587 -1159.8550636336645 -2024.4247370076791 2146.3194141593694
242.48723305778648 43.518440375251515 39633140917997360 10 326-327-328-330-331-332-333-334-335-478 0.9353099673943396 1.0 12 1.0450348014759385 1.0 [-1,-1] 1.0 1.0 1.0 0.0003671239319408774 0.21984967794317842 3231.7600696223244 -1082.5801977312249 -2078.48630281976 2225.351197468875
241.41901249083892 42.75605348759127 39633127651413642 10 326-327-328-330-331-332-333-334-335-478 0.7320427771457975 1.0 12 0.7444115952707331 1.0 [-1,-1] 1.0 1.0 1.0 0.0006073340474539246 0.1455520198534496 2673.6101046041213 -939.1481576917367 -1723.8803978922956 1815.0559504070882
239.44898946048642 43.28779494207555 39633136480422665 10 326-327-328-330-331-332-333-334-335-478 0.8414038554522616 1.0 12 1.1750804207765773 1.0 [-1,-1] 1.0 1.0 1.0 0.0006366829495309179 0.1397804201853648 2982.371377874347 -1103.492262865544 -1869.5499760327664 2044.902625670938
241.93022790475678 43.71313058627931 39633145296849209 10 326-327-328-330-331-332-333-334-335-478 0.7903280925362426 1.0 12 0.6897863786279609 1.0 [-1,-1] 1.0 1.0 1.0 0.0008239664519383997 0.11155322342262282 2840.7076700155812 -966.1675615870051 -1811.7709208793126 1963.065571925324
239.6210301268085 42.651461538849574 39633127630440858 10 326-327-328-330-331-332-333-334-335-478 0.7328044140573904 1.0 12 1.3145215931895586 1.0 [-1,-1] 1.0 1.0 1.0 0.0006073340474539246 0.1455520198534496 2675.831947952503 -995.2738688733323 -1697.8307342794185 1812.9747205511185
241.4359818983976 42.741414871632735 39633127651413846 10 326-327-328-330-331-332-333-334-335-478 0.9474132493183468 1.0 12 0.7625798530361418 1.0 [-1,-1] 1.0 1.0 1.0 0.0003671239319408774 0.21984967794317842 3262.8991035079375 -1145.792724029085 -2104.6763248672237 2214.499302501202
239.39255452250598 43.81696601319349 39633145267487649 10 326-327-328-330-331-332-333-334-335-478 0.9850543943045713 1.0 12 1.254454222942084 1.0 [-1,-1] 1.0 1.0 1.0 0.00030269805442075816 0.25472307248715254 3358.3277810167046 -1233.7898723431776 -2085.6061414057863 2325.161297325941
240.6642764523033 43.776362138090875 39633145280073463 10 326-327-328-330-331-332-333-334-335-478 0.9659080117901482 1.0 12 0.42953749471531905 1.0 [-1,-1] 1.0 1.0 1.0 0.0003767415448896098 0.21544643941305056 3310.0527174167337 -1170.9279438780386 -2083.524084604895 2290.044569696142
241.54665889156823 43.04311085635945 39633132088985780 10 326-327-328-330-331-332-333-334-335-478 0.7523361906772486 1.0 12 0.5444590278623668 1.0 [-1,-1] 1.0 1.0 1.0 0.0007242712797402853 0.12498917450484462 2732.4603446901506 -951.4528514552649 -1755.7663623652543 1865.0365914771069
241.41669280779115 42.772019944538606 39633127651413616 10 326-327-328-330-331-332-333-334-335-478 0.7289849999034174 1.0 12 0.72891394997616 1.0 [-1,-1] 1.0 1.0 1.0 0.0005823912580269674 0.15084542533972659 2664.679617461625 -935.8395216970232 -1717.6416001958683 1809.5383904802616
240.2549938423929 42.99514680097796 39633132072209089 10 326-327-328-330-331-332-333-334-335-478 0.5445248571320186 1.0 12 0.736542084424807 1.0 [-1,-1] 1.0 1.0 1.0 0.0006094867785671962 0.14511252611805409 2094.0177364973015 -759.8836324676498 -1329.7896295025337 1427.9869352135424
240.13081188222856 42.37378310816418 39633118713351259 10 326-327-328-330-331-332-333-334-335-478 0.9846521940748717 1.0 12 1.2694127186328503 1.0 [-1,-1] 1.0 1.0 1.0 0.00030269805442075816 0.25472307248715254 3357.3192813540295 -1235.225721166874 -2150.7990787948033 2262.713746229235
241.86136846234302 44.208937577179846 39633154008418566 10 326-327-328-330-331-332-333-334-335-478 0.9337878102471467 1.0 12 0.9584203129321882 1.0 [-1,-1] 1.0 1.0 1.0 0.0003671239319408774 0.21984967794317842 3227.8280409479194 -1091.1622457693438 -2040.2532404658646 2250.690011997615
241.9192923933162 43.71942539632714 39633145296849100 10 326-327-328-330-331-332-333-334-335-478 0.4131880368353152 1.0 12 0.68489185999998 1.0 [-1,-1] 1.0 1.0 1.0 0.0005613841910631427 0.1556117057517016 1646.9910415152199 -560.3081290038117 -1050.2148204610482 1138.2807748036532
239.5063377731451 43.33587519489984 39633136480423440 9 326-327-328-330-331-332-333-334-478 1.0384404630110464 1.0 12 1.1274906437405927 1.0 [-1,-1] 1.0 1.0 1.0 0.00017557006270178804 0.37077784677498654 3490.0987427510754 -1288.143969028589 -2187.3877596909324 2395.163697529293
239.74142290203787 42.38723285198997 39633123180284467 9 326-327-328-330-331-332-333-334-478 0.7022392996686074 1.0 12 1.430978187552305 1.0 [-1,-1] 1.0 1.0 1.0 0.0005639081233901963 0.1550231922816235 2585.8550878134984 -962.4184856018886 -1649.7186897337203 1743.2227162603115
239.37765654110237 42.71744001973068 39633127626247588 9 326-327-328-330-331-332-333-334-478 0.5690017450777869 1.0 12 1.4242034502878387 1.0 [-1,-1] 1.0 1.0 1.0 0.0006724560872077301 0.13333590500666823 2173.4777306113165 -813.4098165403234 -1374.1775530835644 1474.451073593296
239.7474233243694 42.38184753186995 39633123180284547 9 326-327-328-330-331-332-333-334-478 0.8692231282134343 1.0 12 1.4320793817894064 1.0 [-1,-1] 1.0 1.0 1.0 0.0006576102792991648 0.1359368301360722 3057.718051243498 -1137.9324731832999 -1951.0434107690903 2061.111102456582
239.70578851678772 43.71015618034528 39633145271681587 9 326-327-328-330-331-332-333-334-478 0.7139523086595051 1.0 12 1.0079026290395718 1.0 [-1,-1] 1.0 1.0 1.0 0.0005823912580269674 0.15084542533972659 2620.5332940835274 -955.5304260180604 -1635.573656928346 1810.816159392235
241.54892063000904 43.04452321582254 39633132088985810 9 326-327-328-330-331-332-333-334-478 0.7511316753324008 1.0 12 0.5444997197183236 1.0 [-1,-1] 1.0 1.0 1.0 0.0007242712797402853 0.12498917450484462 2728.987486325762 -950.1524933868114 -1753.5319856576307 1862.7153607325602
241.5547672764521 43.045455997555116 39633132088985879 9 326-327-328-330-331-332-333-334-478 0.7207947141937201 1.0 12 0.5466587164012673 1.0 [-1,-1] 1.0 1.0 1.0 0.0005823912580269674 0.15084542533972659 2640.6773237107886 -919.2183866535233 -1696.8556174036491 1802.4692228396434
242.3170075298489 44.623684147936466 39633158341133602 9 326-327-328-330-331-332-333-334-478 0.7774391036682925 1.0 12 1.485611788955229 1.0 [-1,-1] 1.0 1.0 1.0 0.0007064174578981374 0.12774458208408304 2804.2628900069535 -927.2509079491757 -1767.4272517494078 1969.8469533827026
241.1668190407557 44.26804069437358 39633154000030177 8 326-327-328-330-331-332-333-335 0.6778120637588616 1.0 12 0.8223655832318696 1.0 [-1,-1] 1.0 1.0 1.0 0.0008053318504768218 0.11384060807160488 2512.7343945189646 -867.744104696698 -1576.257695771195 1753.9287279375965
