EDR/data_rosette/LRG_15_clustering_data.ecsv
# %ECSV 1.0
# ---
# datatype:
# - {name: RA, unit: deg, datatype: float64}
# - {name: DEC, unit: deg, datatype: float64}
# - {name: TARGETID, datatype: int64}
# - {name: NTILE, datatype: int64}
# - {name: TILES, datatype: string}
# - {name: Z, datatype: float64}
# - {name: COMP_TILE, datatype: float64}
# - {name: ROSETTE_NUMBER, datatype: int32}
# - {name: ROSETTE_R, unit: deg, datatype: float64}
# - {name: FRACZ_TILELOCID, datatype: float64}
# - {name: BITWEIGHTS, datatype: string, subtype: 'int64[2]'}
# - {name: PROB_OBS, datatype: float64}
# - {name: WEIGHT_ZFAIL, datatype: float64}
# - {name: WEIGHT, datatype: float64}
# - {name: NZ, unit: h3 / Mpc3, datatype: float64}
# - {name: WEIGHT_FKP, datatype: float64}
# - {name: distance, unit: Mpc, datatype: float64}
# - {name: x, unit: Mpc, datatype: float64}
# - {name: y, unit: Mpc, datatype: float64}
# - {name: z, unit: Mpc, datatype: float64}
# meta: !!omap
# - {EXTNAME: LSS}
# - {DESIDR: edr}
# - comments: ['Visit https://desidatamodel.readthedocs.io/en/latest/ for a more complet', e description]
# schema: astropy-2.0
RA DEC TARGETID NTILE TILES Z COMP_TILE ROSETTE_NUMBER ROSETTE_R FRACZ_TILELOCID BITWEIGHTS PROB_OBS WEIGHT_ZFAIL WEIGHT NZ WEIGHT_FKP distance x y z
[from data line 4533]
265.92649807643227 65.53306466244604 39633448834436067 5 407-410-413-416-440 0.622787230202624 1.0 15 1.6344693486098902 1.0 [-7629099689573259771,-6145219494332388798] 0.515625 1.0 1.9253731343283582 0.0007056687116799521 0.12786279395313782 2343.983410400958 -68.96210153768787 -968.3505317391316 2133.494716296938
265.82544963723035 65.60244469396898 39633448834435210 5 407-410-413-416-440 0.6730648989709114 1.0 15 1.6531559590973315 1.0 [-1,-1] 1.0 1.0 1.0 0.0008053318504768218 0.11384060807160488 2498.3975793591085 -75.12479680375402 -1029.2640318064296 2275.293889211286
268.55313248148934 67.54402539689384 39633468199535841 4 407-410-413-439 0.9545932398218445 0.75 15 1.593010832210102 1.0 [-1,-1] 1.0 1.0 1.0 0.0003767415448896098 0.21544643941305056 3281.266289125349 -31.64714940080401 -1252.9569032990144 3032.4587246260394
268.5743607773831 67.56550813824616 39633468199536006 4 407-410-413-439 0.8732511527968341 0.75 15 1.6111334093862482 1.0 [-2252901472796801,-2306968909388988417] 0.9375 1.0 1.0661157024793388 0.0005346154933450218 0.1621399955636538 3068.5238239451855 -29.13470639213071 -1170.6686905502768 2836.2870877201285
268.56498314598457 67.55866004965976 39633468199535941 4 407-410-413-439 0.8732096845298715 0.75 15 1.6056358440739342 0.5 [-70368748371969,-8796101410817] 0.96875 1.0 1.032 0.0005346154933450218 0.1621399955636538 3068.412712000038 -29.33373712697642 -1170.960387253284 2836.04440630136
266.34496038140867 66.71899577968591 39633461119550403 5 407-410-413-439-440 0.6386880550066426 1.0 15 1.5260415680467019 1.0 [-1,-1] 1.0 1.0 1.0 0.0007982518636535506 0.11473445525619816 2393.3306730467657 -60.30308522267375 -944.0182668867054 2198.459633526013
266.1562295770532 66.57990776030604 39633458712020199 5 407-410-413-439-440 0.6291278644667784 1.0 15 1.541465139052004 1.0 [-1,-1] 1.0 1.0 1.0 0.0007056687116799521 0.12786279395313782 2363.718499827222 -62.98088767784409 -937.3931094133995 2168.9842582732226
265.80200611717396 65.5868513017064 39633448834435045 4 407-410-413-440 0.8519035155877767 1.0 15 1.6668988454031266 0.5 [-1,-1] 1.0 1.0 1.0 0.0006576102792991648 0.1359368301360722 3010.957018828232 -91.09920348822584 -1241.1300536173642 2741.7438418573247
266.68449104870314 66.97144135784856 39633463501915379 4 407-410-413-440 0.6915995858858126 1.0 15 1.5426069366934676 1.0 [-1,-1] 1.0 1.0 1.0 0.0005639081233901963 0.1550231922816235 2554.1396580713554 -57.78530930025702 -997.4812487797745 2350.600223197189
265.8892846966687 65.72636283770011 39633451342627687 4 407-410-413-440 0.6128562842524236 1.0 15 1.5968791043687331 0.5 [4601270893994307501,-4910065453839163433] 0.8125 1.0 1.2285714285714286 0.0007056687116799521 0.12786279395313782 2312.919994067759 -68.15926294121057 -948.3836462946709 2108.440578549592
266.29077995596964 65.93770149895892 39633453825656458 7 407-410-414-415-416-439-440 0.6083444584146919 1.0 15 1.4022563049104326 1.0 [-1,-1] 1.0 1.0 1.0 0.0006106036532175123 0.14488555312656437 2298.745090187839 -60.63449198018061 -935.3033095592272 2098.9902732439136
270.1684717733858 66.05566468098789 39633453850823930 3 407-410-415 0.9074704291446606 1.0 15 0.18161387620171404 1.0 [-1,-1] 1.0 1.0 1.0 0.0005723615213970424 0.15308410280969617 3159.2792693206507 3.7701297225470114 -1282.1845133933082 2887.392277002809
270.19946669565337 66.07327298968191 39633453850824157 4 407-410-415-416 0.9094186415109742 1.0 15 0.19790456783652474 1.0 [-1,-1] 1.0 1.0 1.0 0.0005723615213970424 0.15308410280969617 3164.3906725862366 4.4678715666914055 -1283.3678783073806 2892.4583412390316
265.90407546011977 66.32164159483071 39633456279323949 5 407-410-415-416-439 0.5310598643014522 1.0 15 1.5746090401035846 1.0 [-1,-1] 1.0 1.0 1.0 0.0006094867785671962 0.14511252611805409 2049.8000333628215 -58.7985458160729 -821.10098834737 1877.236286331348
265.9994186505883 66.48105488265003 39633458712019240 6 407-410-415-416-439-440 0.6674212859441352 1.0 15 1.5713217914257922 1.0 [-1,-1] 1.0 1.0 1.0 0.0006371005092682059 0.1397016056866948 2481.2994128546916 -69.08066297573089 -987.7554806206925 2275.173344767307
268.6587091430483 67.46578891421179 39633468199536533 5 407-410-415-416-440 0.7511699607127821 1.0 15 1.506344204514594 1.0 [-1,-1] 1.0 1.0 1.0 0.0007242712797402853 0.12498917450484462 2729.0979097773093 -24.481890773276056 -1045.5992890250818 2520.733656094052
268.6019065039102 67.46781271360443 39633468199536206 5 407-410-415-416-440 0.5300336845736328 1.0 15 1.5147183191098976 1.0 [-1,-1] 1.0 1.0 1.0 0.0006094867785671962 0.14511252611805409 2046.4153340873904 -19.13341392514753 -783.9577817897707 1890.2010021240694
265.8189950974017 66.31154496155558 39633456279323496 5 407-410-415-439-440 0.9146492599641187 1.0 15 1.6067914974428184 1.0 [-1,-1] 1.0 1.0 1.0 0.00042618922305278896 0.1953324009783564 3178.084594704103 -93.09111246665523 -1273.4395978599857 2910.310520627904
267.28798414684394 67.22824737581006 39633465859116373 5 407-410-415-439-440 0.6125210586548372 1.0 15 1.548519115733448 1.0 [-1,-1] 1.0 1.0 1.0 0.0007056687116799521 0.12786279395313782 2311.868146963474 -42.33991117078691 -893.8318793233313 2131.667476970012
265.9734243728174 66.45844664857226 39633458712019094 4 407-410-416-439 0.42921522943041873 1.0 15 1.5755424436085403 1.0 [-1,-1] 1.0 1.0 1.0 0.0005613841910631427 0.1556117057517016 1703.4491542284431 -47.77582565028943 -678.7020723625419 1561.6721770255824
266.4072961189778 66.85791048849265 39633461119550881 5 407-410-416-439-440 0.748411852260508 1.0 15 1.570092042626845 1.0 [-1,-1] 1.0 1.0 1.0 0.0006073340474539246 0.1455520198534496 2721.136351930344 -67.01485130142994 -1067.3394221135347 2502.174776770035
266.1762131030414 66.63032018158498 39633461115359191 5 407-410-416-439-440 0.8190534145846208 1.0 15 1.5517649120226555 1.0 [-1,-1] 1.0 1.0 1.0 0.000762533893525711 0.11946670068019369 2920.9168445135133 -77.26602906995899 -1156.0379827342908 2681.2984458635283
265.8473697044774 65.66591364436736 39633451342627398 4 407-410-416-440 0.5687526218248593 1.0 15 1.627613136309301 1.0 [-1,-1] 1.0 1.0 1.0 0.0006724560872077301 0.13333590500666823 2172.674932084119 -64.82938016366766 -892.9144708880519 1979.6507923502659
268.512405532451 67.50321649731067 39633468199535574 3 407-410-439 0.7543272866170861 1.0 15 1.5590048845223063 1.0 [-1,-1] 1.0 1.0 1.0 0.0007242712797402853 0.12498917450484462 2738.1955109713394 -27.199340764900345 -1047.3669241562668 2529.821609985374
267.7158530186415 66.93749649116732 39633463506112370 9 407-411-412-413-414-415-416-439-440 0.8850276009711163 1.0 15 1.2196905008270809 1.0 [-1,-1] 1.0 1.0 1.0 0.0005346154933450218 0.1621399955636538 3099.966779369268 -48.39894128496439 -1213.4008335140416 2852.2114214943804
267.61594214871775 65.1763937626574 39633446317853001 9 407-411-412-413-414-415-416-439-440 0.900579636528416 1.0 15 1.2141624105469109 1.0 [-1,-1] 1.0 1.0 1.0 0.0005723615213970424 0.15308410280969617 3141.1525938885356 -54.856393842327016 -1317.5962656769238 2850.9244947598168
268.06044695998656 65.96011583404086 39633453838239102 7 407-411-412-413-414-439-440 0.8524399903223221 1.0 15 0.6819469018744118 1.0 [-1,-1] 1.0 1.0 1.0 0.0006576102792991648 0.1359368301360722 3012.4127494038767 -41.53385437504473 -1226.47096970689 2751.1224022529454
269.8966762230327 66.53841732259374 39633458737186044 6 407-411-412-413-415-416 0.6548043783349621 1.0 15 0.5227349060501744 1.0 [-1,-1] 1.0 1.0 1.0 0.0006371005092682059 0.1397016056866948 2442.861406533513 -1.7539030813723642 -972.5848033579625 2240.903294573871
269.8169649664098 67.55377024206632 39633468207923949 6 407-411-412-413-415-439 0.6931128085567582 1.0 15 1.5341528227487138 1.0 [-1,-1] 1.0 1.0 1.0 0.0005639081233901963 0.1550231922816235 2558.662887786064 -3.120888913810551 -976.9340399136183 2364.8141396406113
270.4630112706526 66.91617399627627 39633463527080955 7 407-411-412-413-415-439-440 0.678311528136903 1.0 15 0.9427345784110214 1.0 [-1,-1] 1.0 1.0 1.0 0.0008053318504768218 0.11384060807160488 2514.2404088135454 7.966047011019644 -985.7447684201763 2312.9307440859907
266.22254879130355 66.09298464356691 39633453825656017 7 407-411-412-413-416-439-440 0.46873129607164404 1.0 15 1.4251318251859535 1.0 [-1,-1] 1.0 1.0 1.0 0.0005330850268982689 0.1625298359500762 1840.3606724899619 -49.135039816195665 -744.1923535839501 1682.4657183958154
272.4611735892688 66.83738930684032 39633461157302151 5 407-411-412-413-439 0.8665399779209954 1.0 15 1.3639757907267271 1.0 [-1,-1] 1.0 1.0 1.0 0.0006576102792991648 0.1359368301360722 3050.505611629007 51.52621346922975 -1198.785226731245 2804.611116728396
273.1894373992302 66.78560908443134 39633461165687051 6 407-411-412-414-415-439 1.0147001292846773 1.0 15 1.5820674698105308 0.5 [-1,-1] 1.0 1.0 1.0 0.00020130102782971312 0.3394727840281335 3432.010207098419 75.26660164805095 -1350.709476303894 3154.142183054998
269.64169791203994 65.80827069111388 39633451367794337 6 407-411-412-414-415-439 0.48791735019297316 1.0 15 0.21477408817277382 1.0 [-1,-1] 1.0 1.0 1.0 0.000668512811805897 0.13401699399284683 1905.671994082016 -4.883540903237635 -780.9126565972605 1738.3145063028678
267.73675415339267 66.9343265360721 39633463506112496 8 407-411-413-414-415-416-439-440 0.8821978689100486 1.0 15 1.2118526000570002 1.0 [-1,-1] 1.0 1.0 1.0 0.0005346154933450218 0.1621399955636538 3092.4316521700284 -47.84594573985669 -1210.6262310894015 2845.2114890492026
271.5659669446828 66.44713165128712 39633458749767762 5 407-411-413-414-416 0.8306899229789702 1.0 15 0.8543006594972786 1.0 [-1,-1] 1.0 1.0 1.0 0.0006366829495309179 0.1397804201853648 2953.015679196305 32.24718347544785 -1179.5698748060513 2707.005103650001
269.90516525293344 66.08894885527839 39633453850822089 5 407-411-413-414-440 0.8396672558494318 0.5 15 0.09903676912197501 0.5 [6021471209931145360,3196255714465579788] 0.328125 1.0 3.0 0.0006366829495309179 0.1397804201853648 2977.626015749627 -1.997609591205934 -1206.8835285660025 2722.073630102793
270.8049680499751 67.26552217996783 39633465884279849 5 407-411-413-415-439 0.7988102394615623 1.0 15 1.3163709024904073 1.0 [-1,-1] 1.0 1.0 1.0 0.0008239664519383997 0.11155322342262282 2864.537173183283 15.552563531439613 -1106.9229652351996 2641.9789710274736
267.7270767545524 66.92368775990047 39633463506112432 6 407-411-413-415-439-440 0.6196142850163898 1.0 15 1.2065157102792445 1.0 [-1,-1] 1.0 1.0 1.0 0.0007056687116799521 0.12786279395313782 2334.0790389887397 -36.282899589485005 -914.1383897420154 2147.3144892734863
266.8758709489022 64.98895862320106 39633443763522394 5 407-411-413-416-440 0.8785926876722707 1.0 15 1.5692745866661326 1.0 [-1,-1] 1.0 1.0 1.0 0.0005346154933450218 0.1621399955636538 3082.8131237180155 -71.03395597341435 -1301.4544315939036 2793.7264174130196
266.8512528711266 64.9945072797556 39633443763522150 5 407-411-413-416-440 0.6458752086925285 1.0 15 1.5732638434143538 1.0 [-1,-1] 1.0 1.0 1.0 0.0007982518636535506 0.11473445525619816 2415.4792245830804 -56.083791072085376 -1019.4940348160297 2189.0697580812707
273.3474007816624 66.40200075649328 39633458758159630 6 407-411-414-415-416-439 0.7629434850342715 1.0 15 1.5080849946829036 1.0 [-1,-1] 1.0 1.0 1.0 0.0007242712797402853 0.12498917450484462 2762.934001799914 64.58216094807065 -1104.1624583937587 2531.8883680492736
272.8972003538342 67.00340341565104 39633463543857425 3 407-411-415 0.5128890263376552 1.0 15 1.599857768253531 1.0 [-1,-1] 1.0 1.0 1.0 0.0006888416087567301 0.1305783864573065 1989.5539723359439 39.28653842779263 -776.2783940754963 1831.4402615503634
266.777515972945 66.60172948779835 39633458716214675 6 407-412-413-414-415-439 0.8436921816103714 1.0 15 1.3210198093295835 1.0 [-1,-1] 1.0 1.0 1.0 0.0006366829495309179 0.1397804201853648 2988.6168015291355 -66.7162074649884 -1184.963412375434 2742.8527203215444
270.21965712756577 65.97755347408228 39633453850824277 7 407-412-413-414-416-439-440 0.6932441738758591 1.0 15 0.2036432729465743 1.0 [-1,-1] 1.0 1.0 1.0 0.0005639081233901963 0.1550231922816235 2559.0553602481355 3.993893943038426 -1041.7697262850327 2337.405446862374
271.5331808727327 67.29361086144942 39633465888474868 4 407-412-413-415 0.7538687575961796 1.0 15 1.4601997117244792 1.0 [-37388764053505,-411042305] 0.9375 1.0 1.0661157024793388 0.0007242712797402853 0.12498917450484462 2736.875374666579 28.26645106631172 -1056.080075537479 2524.7539876695305
270.39235018985954 66.12675587206215 39633456308685268 7 407-412-413-415-416-439-440 0.714979458340914 1.0 15 0.28906096500095296 1.0 [-1,-1] 1.0 1.0 1.0 0.0005823912580269674 0.15084542533972659 2623.5625686823073 7.270899551196747 -1061.7691965736212 2399.0985513350697
271.49417573341435 67.27874684139672 39633465888474590 5 407-412-413-415-439 0.748988054935199 1.0 15 1.4397971750481804 1.0 [-1,-1] 1.0 1.0 1.0 0.0006073340474539246 0.1455520198534496 2722.800720090948 27.422823428959898 -1051.319340693243 2511.497440565547
269.99968312711593 67.60131449251028 39633468207925030 5 407-412-413-415-439 0.8682296811117517 1.0 15 1.5848722729333777 0.5 [-1,-1] 1.0 1.0 1.0 0.0006576102792991648 0.1359368301360722 3055.0489692451056 -0.006438158059788624 -1164.1238590812593 2824.56011533865
271.5018602530615 67.2596858912101 39633465888474644 5 407-412-413-415-439 0.6481653004031235 1.0 15 1.4247978896570077 1.0 [-1,-1] 1.0 1.0 1.0 0.0007982518636535506 0.11473445525619816 2422.516223006307 24.54342742521276 -936.1142080683815 2234.2051518048816
267.24433523172667 67.15323645202028 39633465859116066 6 407-412-413-415-439-440 0.5803154425002985 1.0 15 1.5030386021034166 1.0 [-1,-1] 1.0 1.0 1.0 0.0005369919189708607 0.1615383650856205 2209.808220966043 -41.24984626921897 -857.0053568597799 2036.441170754882
267.7694823622951 67.32710450995762 39633465863309738 5 407-412-413-416-439 0.9413973390374695 1.0 15 1.5200902258315054 1.0 [-288230377226502482,-2341872085405564993] 0.8984375 1.0 1.1120689655172413 0.0003671239319408774 0.21984967794317842 3247.4494633344543 -48.71983831108524 -1250.8445341419547 2996.4883356478085
271.18447924850824 67.30279717320548 39633465884282401 4 407-412-415-439 0.923164336029085 1.0 15 1.4061782024378668 1.0 [-1,-1] 1.0 1.0 1.0 0.00042618922305278896 0.1953324009783564 3200.2862738778704 25.526637296816038 -1234.6018073637927 2952.4462743314193
269.06442712954663 67.64666230502479 39633470514790738 4 407-412-415-439 0.5711626299533242 1.0 15 1.6475771053222135 1.0 [-1,-1] 1.0 1.0 1.0 0.0005369919189708607 0.1615383650856205 2180.4360740646134 -13.540201139159462 -829.1469878573761 2016.5895488577876
269.06137581111204 67.64723259832017 39633470514790720 4 407-412-415-439 0.43387488931047485 1.0 15 1.64833056545676 1.0 [-1,-1] 1.0 1.0 1.0 0.0006285113834356281 0.1413409039925048 1719.7624613146515 -10.714050924262942 -653.9518056746705 1590.5392696549993
270.4830447522459 66.17944729693292 39633456308685828 5 407-412-415-439-440 0.6568474111024721 1.0 15 0.34424282416380153 1.0 [-1,-1] 1.0 1.0 1.0 0.0006371005092682059 0.1397016056866948 2449.1056613879837 8.33897069214275 -989.0936687534678 2240.4782339139724
270.50062570966656 66.1680087613623 39633456308685935 5 407-412-415-439-440 0.6572741540281066 1.0 15 0.3455823819259787 1.0 [-1,-1] 1.0 1.0 1.0 0.0006371005092682059 0.1397016056866948 2450.408963051309 8.6509785314298 -990.0649028305913 2241.4728940934556
270.50649661503945 66.16649272014843 39633456308685976 5 407-412-415-439-440 0.6567263749292536 1.0 15 0.34709965467727333 1.0 [-1,-1] 1.0 1.0 1.0 0.0006371005092682059 0.1397016056866948 2448.7359470879956 8.746975309083476 -989.4473113156512 2239.9163482402896
267.7519515683064 67.32580894202596 39633465863309617 4 407-412-416-439 0.9457648486255449 1.0 15 1.5225433310691519 1.0 [-18014948311433249,-18084767656329217] 0.9140625 1.0 1.0932203389830508 0.0003671239319408774 0.21984967794317842 3258.6712764441645 -49.274901677892906 -1255.2198450826656 3006.814529115077
