EDR/data_rosette/LRG_8_clustering_data.ecsv
# %ECSV 1.0
# ---
# datatype:
# - {name: RA, unit: deg, datatype: float64}
# - {name: DEC, unit: deg, datatype: float64}
# - {name: TARGETID, datatype: int64}
# - {name: NTILE, datatype: int64}
# - {name: TILES, datatype: string}
# - {name: Z, datatype: float64}
# - {name: COMP_TILE, datatype: float64}
# - {name: ROSETTE_NUMBER, datatype: int32}
# - {name: ROSETTE_R, unit: deg, datatype: float64}
# - {name: FRACZ_TILELOCID, datatype: float64}
# - {name: BITWEIGHTS, datatype: string, subtype: 'int64[2]'}
# - {name: PROB_OBS, datatype: float64}
# - {name: WEIGHT_ZFAIL, datatype: float64}
# - {name: WEIGHT, datatype: float64}
# - {name: NZ, unit: h3 / Mpc3, datatype: float64}
# - {name: WEIGHT_FKP, datatype: float64}
# - {name: distance, unit: Mpc, datatype: float64}
# - {name: x, unit: Mpc, datatype: float64}
# - {name: y, unit: Mpc, datatype: float64}
# - {name: z, unit: Mpc, datatype: float64}
# meta: !!omap
# - {EXTNAME: LSS}
# - {DESIDR: edr}
# - comments: ['Visit https://desidatamodel.readthedocs.io/en/latest/ for a more complet', e description]
# schema: astropy-2.0
RA DEC TARGETID NTILE TILES Z COMP_TILE ROSETTE_NUMBER ROSETTE_R FRACZ_TILELOCID BITWEIGHTS PROB_OBS WEIGHT_ZFAIL WEIGHT NZ WEIGHT_FKP distance x y z
[from data line 2275]
215.41741958525964 0.5691387772845555 39627800419766599 9 217-218-220-221-222-223-224-226-227 0.896685729879985 1.0 8 1.4648571890184239 1.0 [-1,-1] 1.0 1.0 1.0 0.0005275616701708153 0.16431404058018498 3130.8764066672816 -2551.3869817798036 -1814.344057789504 31.099565821556215
215.87650068172672 -0.6452408010071472 39627770229165328 9 217-218-220-221-222-223-224-226-227 1.0344126525671244 1.0 8 0.42588403938443936 1.0 [-1,-1] 1.0 1.0 1.0 0.00017111768859933566 0.3774092623312036 3480.3000700713196 -2819.845915505793 -2039.4659869885038 -39.19283685490062
215.28123138461598 0.4233544370151716 39627800419763153 9 217-218-220-221-222-223-224-226-227 0.6431361530342222 1.0 8 1.4439922911984633 1.0 [-1,-1] 1.0 1.0 1.0 0.000833303205902425 0.11070054926254569 2407.049747581083 -1964.8856692148006 -1390.2505081118825 17.78535743563333
215.24063541636625 0.4558910538786148 39627800415573979 9 217-218-220-221-222-223-224-226-227 0.41056919929135344 1.0 8 1.4957024108142503 1.0 [-1,-1] 1.0 1.0 1.0 0.0006262316776515472 0.14210347001521706 1637.714479203152 -1337.5378260145953 -944.9505155662777 13.030828938614684
215.27584501570823 0.4201296622346114 39627800419762984 9 217-218-220-221-222-223-224-226-227 0.6439011357501896 1.0 8 1.4455198601695285 1.0 [-1,-1] 1.0 1.0 1.0 0.000833303205902425 0.11070054926254569 2409.4054067276356 -1966.9402358822422 -1391.4267476055827 17.66715833469062
215.7174804588603 -0.23832191379537554 39627782304569689 9 217-218-220-221-222-223-224-226-227 0.7481706859946129 1.0 8 0.6856535321973324 1.0 [-1,-1] 1.0 1.0 1.0 0.0007126833197713517 0.12705585074725267 2720.439567591552 -2208.720619377678 -1588.148803706175 -11.315641397771497
215.62729243592722 -1.4976517406710432 39627752105577259 9 217-218-220-221-222-223-224-226-227 0.518136908276982 1.0 8 1.1216742961760682 1.0 [-1,-1] 1.0 1.0 1.0 0.0006865842838717192 0.13125169390769817 2007.0216304683865 -1630.7968273069232 -1168.7112374996887 -52.45547212255842
216.6714208153516 0.5358083869031193 39627800440737545 10 217-218-220-221-222-223-224-226-227-466 0.6871423616647362 1.0 8 1.1949935367286666 1.0 [-1,-1] 1.0 1.0 1.0 0.0007209928471550773 0.12577569469930108 2540.792173485859 -2037.8133186768716 -1517.358626369197 23.760177885178248
216.32497413414845 -1.9955176767798746 39627740038563568 10 217-218-220-221-222-223-224-226-227-466 0.801740909291049 1.0 8 1.3957410013286442 1.0 [-1,-1] 1.0 1.0 1.0 0.0007229154976227362 0.12548315978664992 2872.742161321799 -2313.079024092701 -1700.6782240932305 -100.0326538351038
215.3634525449085 -1.7259288712680911 39627746061584970 10 217-218-220-221-222-223-224-226-227-466 1.0398690784265838 1.0 8 1.4643931796263938 1.0 [-1,-1] 1.0 1.0 1.0 0.00017111768859933566 0.3774092623312036 3493.5686829223773 -2847.702765500638 -2021.024386144324 -105.22134890776357
216.67484615277274 0.530574634162036 39627800440737630 10 217-218-220-221-222-223-224-226-227-466 0.6360299374668844 1.0 8 1.1910936281244777 1.0 [-1,-1] 1.0 1.0 1.0 0.000833303205902425 0.11070054926254569 2385.11459674147 -1912.8703657163887 -1424.5036995681382 22.08649972179918
216.7923519907196 -1.5056099006733283 39627752126547080 10 217-218-220-221-222-223-224-226-227-466 0.9337866810105354 1.0 8 1.0307535528385041 1.0 [-1,-1] 1.0 1.0 1.0 0.0004445766401596716 0.18918261239264766 3227.8251225897775 -2583.9864967154654 -1932.530977398576 -84.81054302829371
215.60022751389295 -0.02748525608241005 39627788344363888 10 217-218-220-221-222-223-224-226-227-466 0.8092106654977054 1.0 8 0.9041216215882371 1.0 [-1,-1] 1.0 1.0 1.0 0.0007229154976227362 0.12548315978664992 2893.589651540972 -2352.7729884703103 -1684.4341511222963 -1.388078671686026
217.27620007060204 -0.24397635462056108 39627782333924099 10 217-218-220-221-222-223-224-226-227-466 0.6259993613672465 1.0 8 1.0390691285191245 1.0 [-1,-1] 1.0 1.0 1.0 0.0007214233604467519 0.12571007283523317 2353.990625093036 -1873.1125189408374 -1425.7001366478178 -10.023710660651306
217.2855691944021 -0.23609904586584068 39627782333924339 10 217-218-220-221-222-223-224-226-227-466 0.8366257140355255 1.0 8 1.0505786806514403 1.0 [-1,-1] 1.0 1.0 1.0 0.0006232532477076302 0.14268566385842998 2969.3028653761667 -2362.4347503568233 -1798.7528587907893 -12.235588648342857
215.9482421668032 0.7271360265691058 39627806467953121 10 217-218-220-221-222-223-224-226-227-466 0.9257652454358416 1.0 8 1.3729595484697177 1.0 [-1,-1] 1.0 1.0 1.0 0.0004951280553168204 0.17321314004730964 3207.0453222900683 -2596.0468890196807 -1882.5577865760379 40.69925596095882
216.10131130736966 0.7432752980096523 39627806472145277 10 217-218-220-221-222-223-224-226-227-466 0.7405829124787454 1.0 8 1.3578894847779628 1.0 [-1,-1] 1.0 1.0 1.0 0.0007126833197713517 0.12705585074725267 2698.4645980669725 -2180.112252039803 -1589.841626349611 35.00512323516941
216.60145755835416 0.006264260697721103 39627788361140493 10 217-218-220-221-222-223-224-226-227-466 0.5607200764850914 1.0 8 0.6770743870972025 1.0 [-1,-1] 1.0 1.0 1.0 0.000677088223595666 0.13284793461577618 2146.7248464293652 -1723.3956498779255 -1279.9745877056605 0.23470566543993562
216.10020489292145 0.7475232090600549 39627806472145243 10 217-218-220-221-222-223-224-226-227-466 0.46917691098519704 1.0 8 1.362253639229805 1.0 [-1,-1] 1.0 1.0 1.0 0.0005635091211985168 0.1554616369400361 1841.8861631563514 -1488.0948474165223 -1085.145578050831 24.029930419181863
215.48345609810787 0.007290957277588758 39627788340173701 10 217-218-220-221-222-223-224-226-227-466 0.7066412164683689 1.0 8 1.0176060978307702 1.0 [-1,-1] 1.0 1.0 1.0 0.0005843703162771602 0.15074849413407446 2598.916638458667 -2116.254035327348 -1508.5875653224157 0.33071528634236536
216.05096003783723 -0.8514842838959862 39627770233357515 10 217-218-220-221-222-223-224-226-227-466 0.570963806040967 1.0 8 0.3539141109440582 1.0 [-1,-1] 1.0 1.0 1.0 0.0006621615122706149 0.13543705131792066 2179.7962157331576 -1762.1573047627378 -1282.6783913752074 -32.39320445755183
216.33134258416916 0.5679905039084188 39627800436541304 10 217-218-220-221-222-223-224-226-227-466 0.7855234305047809 1.0 8 1.1684109468447756 1.0 [-1,-1] 1.0 1.0 1.0 0.0007324854237337303 0.12404708914385561 2827.1552690508006 -2277.456563777491 -1674.8770280871795 28.025991764528587
215.75572008242577 -0.42678295148360834 39627776268959959 10 217-218-220-221-222-223-224-226-227-466 0.5703436417453941 1.0 8 0.5711573904946614 1.0 [-1,-1] 1.0 1.0 1.0 0.0006621615122706149 0.13543705131792066 2177.7998960802006 -1767.2696689074944 -1272.520003271496 -16.22177550207638
215.2512895667276 0.45429635749215125 39627800419762263 10 217-218-220-221-222-223-224-226-227-466 0.5466637205673524 1.0 8 1.4870445762295263 1.0 [-1,-1] 1.0 1.0 1.0 0.0007045118177349687 0.128340413101622 2101.0083717256502 -1715.6895188974474 -1212.5873750463716 16.658651952189956
215.28957939515269 -1.6469299297881208 39627746061583384 10 217-218-220-221-222-223-224-226-227-466 1.0887210271230106 1.0 8 1.454850904235317 1.0 [-1,-1] 1.0 1.0 1.0 0.0001075182622224553 0.4910338705006151 3610.505917259052 -2945.8316060131006 -2084.9607823052916 -103.76735433559422
216.18447242931876 0.5344562974565877 39627800432349519 10 217-218-220-221-222-223-224-226-227-466 0.6201706154931359 1.0 8 1.1403233181968533 1.0 [-1,-1] 1.0 1.0 1.0 0.0007214233604467519 0.12571007283523317 2335.8170125389597 -1885.2034028488788 -1378.9758948920799 21.788236735129328
216.33189016986478 0.5689794048336959 39627800436541316 10 217-218-220-221-222-223-224-226-227-466 0.7868998454487306 1.0 8 1.1694142963496341 1.0 [-1,-1] 1.0 1.0 1.0 0.0007324854237337303 0.12404708914385561 2831.041717592424 -2280.570929881814 -1677.200965434913 28.113378858717866
216.68101057155772 0.23332109699529038 39627794400940249 9 217-218-220-221-222-223-224-226-466 0.860151476025435 1.0 8 0.916290925876728 1.0 [-1,-1] 1.0 1.0 1.0 0.0006812235016579503 0.1321480675826358 3033.2862172820523 -2432.5955096677435 -1811.9469600341704 12.352178776303806
216.68593350194487 -0.4250889677832492 39627776281546478 9 217-218-220-221-222-223-224-226-466 1.0670590141915897 1.0 8 0.42370567923189595 1.0 [-1,-1] 1.0 1.0 1.0 0.0001568149373683449 0.39812733398474315 3559.062446285818 -2854.013138154859 -2126.2260630648448 -26.405161336673387
216.68886344923897 -0.4247712174998769 39627776281546531 9 217-218-220-221-222-223-224-226-466 1.0262770041701001 1.0 8 0.4265063862597107 1.0 [-1,-1] 1.0 1.0 1.0 0.00020304675497218746 0.33812883710054276 3460.4375909563023 -2774.8202341797137 -2067.448390609732 -25.654259987842725
215.45375753446166 0.6237178869274158 39627800419767542 9 217-218-220-221-222-223-224-226-466 0.8696537951894375 1.0 8 1.4878119921284563 1.0 [-1,-1] 1.0 1.0 1.0 0.0006812235016579503 0.1321480675826358 3058.8746250579734 -2491.562473074168 -1774.1819678797804 33.29803961682708
215.22853323135493 -0.25182233537538307 39627782296180513 9 217-218-220-221-222-223-224-226-466 0.7778391682917568 1.0 8 1.1265885452748277 1.0 [-1,-1] 1.0 1.0 1.0 0.0007324854237337303 0.12404708914385561 2805.398388938461 -2291.5892384008616 -1618.2480814218186 -12.33004778875197
215.29095252141997 0.5882798882773848 39627800419763418 9 217-218-220-221-222-223-224-226-466 1.0416743986171588 1.0 8 1.5588936463858714 1.0 [-1,-1] 1.0 1.0 1.0 0.00017111768859933566 0.3774092623312036 3497.949461005452 -2854.97669807086 -2020.7594238533848 35.91428863947265
214.9309689053835 -0.7860348123387803 39627770212389342 9 217-218-220-221-222-223-224-226-466 0.7652186612044616 1.0 8 1.3815133880173334 1.0 [-1,-1] 1.0 1.0 1.0 0.0006416626200019751 0.139161677870846 2769.444861715128 -2270.2949546333625 -1585.6046885936555 -37.992532903722534
215.97407402533395 -0.9869377882613487 39627764189369736 9 217-218-220-221-222-223-224-226-466 0.8957441577759798 1.0 8 0.505893088925565 1.0 [-1,-1] 1.0 1.0 1.0 0.0005275616701708153 0.16431404058018498 3128.3879677254336 -2531.3752357854673 -1837.4022751129214 -53.88480000149372
217.08403399584685 -0.5170718717006852 39627776289932991 9 217-218-220-221-222-223-224-226-466 0.8278403513268322 1.0 8 0.788370382112437 1.0 [-1,-1] 1.0 1.0 1.0 0.0006627118749498285 0.13533979738261318 2945.1760482866594 -2349.424369806132 -1775.8267536447515 -26.57869451320808
215.7397685975684 -0.2381610432665335 39627782304570337 8 217-218-220-221-222-223-224-227 1.0291185067534898 1.0 8 0.6669099043272075 1.0 [-1,-1] 1.0 1.0 1.0 0.00020304675497218746 0.33812883710054276 3467.3856074810246 -2814.3773397096306 -2025.298844935147 -14.412820676712693
216.66233750221406 0.1815440900880986 39627794400939789 9 217-218-220-221-222-223-224-227-466 0.6281324863472992 1.0 8 0.8614498498446398 1.0 [-1,-1] 1.0 1.0 1.0 0.0007214233604467519 0.12571007283523317 2360.6254473073404 -1893.6094215733526 -1409.517617720119 7.479728619057593
215.7217110418034 -0.2121870886464708 39627782304569803 9 217-218-220-221-222-223-224-227-466 0.9830400288320718 1.0 8 0.6962750154373828 1.0 [-1,-1] 1.0 1.0 1.0 0.0003578035202613049 0.22475091060875194 3353.274447170773 -2722.378596854883 -1957.7921436250517 -12.41836522720896
216.66929776253073 0.16626087256808098 39627794400939959 9 217-218-220-221-222-223-224-227-466 0.5312091094373201 1.0 8 0.8506071805069748 1.0 [-1,-1] 1.0 1.0 1.0 0.0007045118177349687 0.128340413101622 2050.2921206565507 -1644.5237126298518 -1224.4199205068323 5.949528595280648
215.38373962069608 0.01679787840076419 39627788340170589 8 217-218-220-221-222-223-224-466 1.032612833245413 1.0 8 1.1045102314962243 1.0 [-1,-1] 1.0 1.0 1.0 0.00017111768859933566 0.3774092623312036 3475.9140974743545 -2833.8853950591442 -2012.7273392595957 1.0190625208459296
215.380793667428 0.0160296806907853 39627788340170502 8 217-218-220-221-222-223-224-466 0.9333902051707447 1.0 8 1.106527345195485 1.0 [-1,-1] 1.0 1.0 1.0 0.0004445766401596716 0.18918261239264766 3226.800363798626 -2630.881006850229 -1868.342822027709 0.9027642044390063
217.57917653895552 -0.3712491520455268 39627782338119452 7 217-218-220-221-222-223-225 1.0943658998433348 1.0 8 1.2994228887752208 1.0 [-1,-1] 1.0 1.0 1.0 4.689797466212482e-05 0.6886505109163528 3623.8059456684227 -2871.8470221692687 -2209.957666079084 -23.48035897517581
217.40812763324516 -1.0300627718562887 39627764214533789 9 217-218-220-221-222-223-225-226-227 0.5821035316570773 1.0 8 1.1885481082193388 1.0 [-1,-1] 1.0 1.0 1.0 0.0006621615122706149 0.13543705131792066 2215.52728548372 -1759.5719710167589 -1345.689903416734 -39.82857488436045
217.7559439565899 -0.8013932024500983 39627770262716580 9 217-218-220-221-222-223-225-226-227 1.0540616100946487 1.0 8 1.4696982035760213 1.0 [-1,-1] 1.0 1.0 1.0 0.0001568149373683449 0.39812733398474315 3527.8841979538206 -2788.9643418280566 -2159.909745588354 -49.3427309369804
215.9616320765037 -0.6852234336606454 39627770229167422 9 217-218-220-221-222-223-225-226-227 0.9238865109185518 1.0 8 0.34891469228489513 1.0 [-1,-1] 1.0 1.0 1.0 0.0004951280553168204 0.17321314004730964 3202.164056674246 -2591.679606723057 -1880.3151198729572 -38.295064034771094
217.13352580560866 -0.24062618294101637 39627782329731921 9 217-218-220-221-222-223-225-226-227 0.8041235191139232 1.0 8 0.9076756813224217 1.0 [-1,-1] 1.0 1.0 1.0 0.0007229154976227362 0.12548315978664992 2879.4020506952893 -2295.5278536724986 -1738.2064924838846 -12.092644410577295
217.7086922859488 -0.6424195098731029 39627770258526638 9 217-218-220-221-222-223-225-226-227 0.884694800926752 1.0 8 1.409248028394815 1.0 [-1,-1] 1.0 1.0 1.0 0.0005690156306133545 0.15418916366201427 3099.081247480186 -2451.624357850802 -1895.4248119623023 -34.7472110198938
216.31727337221582 -0.9312563427942198 39627764197754592 10 217-218-220-221-222-223-225-226-227-466 0.8544494525203776 1.0 8 0.33170631577282234 1.0 [-1,-1] 1.0 1.0 1.0 0.0006812235016579503 0.1321480675826358 3017.8612815569672 -2431.3198414486706 -1787.1107342605071 -49.04861659152783
214.97272839911352 -0.6917241166354244 39627770212390389 10 217-218-220-221-222-223-225-226-227-466 0.6323222766422373 1.0 8 1.330352957258386 1.0 [-1,-1] 1.0 1.0 1.0 0.000833303205902425 0.11070054926254569 2373.6322069979165 -1944.8717358621682 -1360.4347201943276 -28.655841150771753
215.4889487840601 0.6456556759408256 39627806459566585 10 217-218-220-221-222-223-225-226-227-466 0.5644734776126545 1.0 8 1.4864172103554951 1.0 [-1,-1] 1.0 1.0 1.0 0.000677088223595666 0.13284793461577618 2158.8664176341485 -1757.6968184878194 -1253.2415103206422 24.327356525841253
217.1160556477486 -0.026890311203302073 39627788369529747 10 217-218-220-221-222-223-225-226-227-466 0.8618009478881162 1.0 8 0.9971840613212869 1.0 [-1,-1] 1.0 1.0 1.0 0.0006812235016579503 0.1321480675826358 3037.73848101593 -2422.337551557583 -1833.0667835028344 -1.4256849423150915
215.90393841562744 -0.6762886381764945 39627770229166024 10 217-218-220-221-222-223-225-226-227-466 0.898343896007518 1.0 8 0.4033178071823546 1.0 [-1,-1] 1.0 1.0 1.0 0.0005275616701708153 0.16431404058018498 3135.2552994242797 -2539.38406359205 -1838.4735312810785 -37.00601196614263
215.6688024917696 -1.6615078607369598 39627746065780061 10 217-218-220-221-222-223-225-226-227-466 0.8931543056894591 1.0 8 1.2349261806106802 1.0 [-1,-1] 1.0 1.0 1.0 0.0005275616701708153 0.16431404058018498 3121.536139145755 -2534.8733328870767 -1819.3991714164492 -90.50806185133438
217.12184606790152 -0.011825170942685082 39627788369529903 10 217-218-220-221-222-223-225-226-227-466 0.8460663610862653 1.0 8 1.0106212952386882 1.0 [-1,-1] 1.0 1.0 1.0 0.0006232532477076302 0.14268566385842998 2995.0874634147103 -2388.144547668604 -1807.5713404550613 -0.6181506088706696
