EDR/data_rosette/LRG_9_clustering_data.ecsv
# %ECSV 1.0
# ---
# datatype:
# - {name: RA, unit: deg, datatype: float64}
# - {name: DEC, unit: deg, datatype: float64}
# - {name: TARGETID, datatype: int64}
# - {name: NTILE, datatype: int64}
# - {name: TILES, datatype: string}
# - {name: Z, datatype: float64}
# - {name: COMP_TILE, datatype: float64}
# - {name: ROSETTE_NUMBER, datatype: int32}
# - {name: ROSETTE_R, unit: deg, datatype: float64}
# - {name: FRACZ_TILELOCID, datatype: float64}
# - {name: BITWEIGHTS, datatype: string, subtype: 'int64[2]'}
# - {name: PROB_OBS, datatype: float64}
# - {name: WEIGHT_ZFAIL, datatype: float64}
# - {name: WEIGHT, datatype: float64}
# - {name: NZ, unit: h3 / Mpc3, datatype: float64}
# - {name: WEIGHT_FKP, datatype: float64}
# - {name: distance, unit: Mpc, datatype: float64}
# - {name: x, unit: Mpc, datatype: float64}
# - {name: y, unit: Mpc, datatype: float64}
# - {name: z, unit: Mpc, datatype: float64}
# meta: !!omap
# - {EXTNAME: LSS}
# - {DESIDR: edr}
# - comments: ['Visit https://desidatamodel.readthedocs.io/en/latest/ for a more complet', e description]
# schema: astropy-2.0
RA DEC TARGETID NTILE TILES Z COMP_TILE ROSETTE_NUMBER ROSETTE_R FRACZ_TILELOCID BITWEIGHTS PROB_OBS WEIGHT_ZFAIL WEIGHT NZ WEIGHT_FKP distance x y z
[from data line 867]
218.84862377279825 0.10785385695572698 39627788398889498 11 244-245-246-247-248-250-251-252-253-254-469 0.8095024243872514 1.0 9 1.1858101029583668 1.0 [-1,-1] 1.0 1.0 1.0 0.0007229154976227362 0.12548315978664992 2894.402020857432 -2254.1734355285284 -1815.5537710227393 5.448433371912526
219.4595490233497 -0.8941352924602813 39627764248089222 11 244-245-246-247-248-250-251-252-253-254-469 0.8208348655268185 1.0 9 0.4498916301291384 1.0 [-1,-1] 1.0 1.0 1.0 0.0006627118749498285 0.13533979738261318 2925.8455102856974 -2258.6926151167404 -1859.245812598206 -45.65773551230472
219.47730582925624 0.38831214003835257 39627800486875815 11 244-245-246-247-248-250-251-252-253-254-469 0.8010637300930236 1.0 9 1.0396583461209556 1.0 [-1,-1] 1.0 1.0 1.0 0.0007229154976227362 0.12548315978664992 2870.8475549517184 -2215.8887733459474 -1825.1641218803763 19.456519017704164
219.47660970604198 -0.9042588327874048 39627764248089627 11 244-245-246-247-248-250-251-252-253-254-469 0.9009227282950653 1.0 9 0.44400051021999953 1.0 [-1,-1] 1.0 1.0 1.0 0.0005275616701708153 0.16431404058018498 3142.0568831741343 -2425.0019906230377 -1997.3552391050603 -49.58680667101589
220.106480523168 -1.0866317858615666 39627764260670080 11 244-245-246-247-248-250-251-252-253-254-469 1.0612884221681418 1.0 9 0.5750825103494305 1.0 [-1,-1] 1.0 1.0 1.0 0.0001568149373683449 0.39812733398474315 3545.24897632681 -2711.0908694023024 -2283.4746260026973 -67.23268841571999
218.716711484192 -0.08447144885945553 39627788394698127 11 244-245-246-247-248-250-251-252-253-254-469 0.6215706295591767 1.0 9 1.1996807525019086 1.0 [-1,-1] 1.0 1.0 1.0 0.0007214233604467519 0.12571007283523317 2340.188044786852 -1825.9250790675067 -1463.7164298675775 -3.450149466766207
220.28285962850296 0.00015751799696098924 39627788424053724 11 244-245-246-247-248-250-251-252-253-254-469 0.8502834593473481 1.0 9 0.7702817320104197 1.0 [-1,-1] 1.0 1.0 1.0 0.0006812235016579503 0.1321480675826358 3006.55812814099 -2293.5883050082016 -1943.9250152595748 0.008265652690575918
219.85079364370168 -1.169353643106289 39627758216678092 11 244-245-246-247-248-250-251-252-253-254-469 0.8910649134158942 1.0 9 0.5716143182869341 1.0 [-1,-1] 1.0 1.0 1.0 0.0005275616701708153 0.16431404058018498 3116.0006165076343 -2391.7045679468015 -1996.28790010512 -63.590263659249125
219.84724406794223 -1.172538668267643 39627758216678009 11 244-245-246-247-248-250-251-252-253-254-469 0.8931360505198173 1.0 9 0.5744840955412018 1.0 [-1,-1] 1.0 1.0 1.0 0.0005275616701708153 0.16431404058018498 3121.4878048128976 -2396.0374558884146 -1999.6525990331577 -63.875729000555424
219.83371335922416 -1.1813957100728882 39627758216677616 11 244-245-246-247-248-250-251-252-253-254-469 0.5321015702409482 1.0 9 0.5823721128881046 1.0 [-1,-1] 1.0 1.0 1.0 0.0007045118177349687 0.128340413101622 2053.233791155302 -1576.3569196961485 -1314.9432569218338 -42.333130569843036
218.90037907083766 -0.24436621368763933 39627782359093599 11 244-245-246-247-248-250-251-252-253-254-469 0.9623623523381443 1.0 9 0.9673399949496662 1.0 [-1,-1] 1.0 1.0 1.0 0.00041974738576830407 0.19815580287489248 3301.052759974091 -2568.9846133534697 -2072.937327608196 -14.078930864180046
218.9078206830371 -0.25849132188226465 39627782359093814 11 244-245-246-247-248-250-251-252-253-254-469 0.6886984806176354 1.0 9 0.9552827216488297 1.0 [-1,-1] 1.0 1.0 1.0 0.0007209928471550773 0.12577569469930108 2545.4562002661514 -1980.7454877670414 -1598.7065713775473 -11.483849448043978
219.68107824750084 0.2776921614731321 39627794451271694 11 244-245-246-247-248-250-251-252-253-254-469 0.9696253213528467 1.0 9 0.8857118747577181 1.0 [-1,-1] 1.0 1.0 1.0 0.00041974738576830407 0.19815580287489248 3319.4681467869877 -2554.6674164429883 -2119.5009644528795 16.08821249418439
219.81663640501816 -1.1927750672205437 39627758216677160 11 244-245-246-247-248-250-251-252-253-254-469 0.5279481992943998 1.0 9 0.5930084148491601 1.0 [-1,-1] 1.0 1.0 1.0 0.0006865842838717192 0.13125169390769817 2039.5301864258163 -1566.2188527400674 -1305.6949916201138 -42.45557115224158
219.47936421397654 -0.5814076746152749 39627776327685629 11 244-245-246-247-248-250-251-252-253-254-469 0.9628611009533823 1.0 9 0.3211573661958027 0.5 [-1,-1] 1.0 1.0 1.0 0.00041974738576830407 0.19815580287489248 3302.319875488482 -2548.7763350934597 -2099.507765519995 -33.50964391112269
220.2725319510597 -1.4483041297641654 39627752185266740 11 244-245-246-247-248-250-251-252-253-254-469 0.525478353093664 1.0 9 0.9709948120035216 1.0 [-1,-1] 1.0 1.0 1.0 0.0006865842838717192 0.13125169390769817 2031.364825983479 -1549.3921861898118 -1312.7036357948039 -51.34271309492437
220.26057341231547 -1.4452687140866074 39627752185266455 11 244-245-246-247-248-250-251-252-253-254-469 0.5245400731856847 1.0 9 0.9625672174093449 1.0 [-1,-1] 1.0 1.0 1.0 0.0006865842838717192 0.13125169390769817 2028.259650624076 -1547.2993615095731 -1310.3758533010086 -51.15681095824885
219.55346409011688 -0.3321813019125203 39627782371673269 11 244-245-246-247-248-250-251-252-253-254-469 0.5702867316294211 1.0 9 0.36400917183578396 1.0 [-1,-1] 1.0 1.0 1.0 0.0006621615122706149 0.13543705131792066 2177.616663725018 -1678.9810986906393 -1386.6785545426883 -12.625004707046692
219.39039897640993 -0.21719085995319048 39627782367481387 11 244-245-246-247-248-250-251-252-253-254-469 0.5048905846308676 1.0 9 0.560630609144767 1.0 [-1,-1] 1.0 1.0 1.0 0.0005337442823398631 0.16272042362546515 1962.8241514681629 -1516.9379694640902 -1245.60125484548 -7.440451077828706
220.0074043200775 -1.1290216029175362 39627758220869891 11 244-245-246-247-248-250-251-252-253-254-469 1.036028910114304 1.0 9 0.5682167807996482 1.0 [-1,-1] 1.0 1.0 1.0 0.00017111768859933566 0.3774092623312036 3484.234795153098 -2668.2711361728525 -2239.5329937465085 -68.65290629817679
220.8744483823136 -1.5623517660418114 39627752193657959 11 244-245-246-247-248-250-251-252-253-254-469 0.9374297934506064 1.0 9 1.4422628235603725 1.0 [-1,-1] 1.0 1.0 1.0 0.0004445766401596716 0.18918261239264766 3237.2300753950567 -2446.9065871229436 -2117.6676926297537 -88.26244121259982
218.73016635770838 -0.29534705274144996 39627782354900554 11 244-245-246-247-248-250-251-252-253-254-469 0.820886688571205 1.0 9 1.112333075022535 1.0 [-1,-1] 1.0 1.0 1.0 0.0006627118749498285 0.13533979738261318 2925.9888077106716 -2282.536783630017 -1830.6307231805843 -15.082757419890743
219.12080123168226 -1.4004486688299906 39627752164297493 11 244-245-246-247-248-250-251-252-253-254-469 0.6202064355884215 1.0 9 1.049705176197909 1.0 [-1,-1] 1.0 1.0 1.0 0.0007214233604467519 0.12571007283523317 2335.9288941571326 -1811.7129325655749 -1473.4316295696538 -57.09011750315412
218.65011385004541 -0.8295615791083641 39627770275302791 11 244-245-246-247-248-250-251-252-253-254-469 0.8632409058429352 1.0 9 1.172488433860493 1.0 [-1,-1] 1.0 1.0 1.0 0.0006812235016579503 0.1321480675826358 3041.6216228010044 -2375.179939124077 -1899.4849594079135 -44.03682613767307
220.67367228696233 -1.7243268618635805 39627746149666604 11 244-245-246-247-248-250-251-252-253-254-469 0.7896305211536615 1.0 9 1.423754065551713 1.0 [-1,-1] 1.0 1.0 1.0 0.0007324854237337303 0.12404708914385561 2838.742489265763 -2152.0236005928477 -1849.3125315354037 -85.41957363680761
219.61416074898395 -1.6771719091274682 39627746132888598 11 244-245-246-247-248-250-251-252-253-254-469 0.6468223154386312 1.0 9 1.0930786314093652 1.0 [-1,-1] 1.0 1.0 1.0 0.000833303205902425 0.11070054926254569 2418.390686466347 -1862.2228817966081 -1541.3401437837888 -70.7814386747956
219.3814461270679 -0.17770624425956644 39627782367481147 11 244-245-246-247-248-250-251-252-253-254-469 0.9700068656166871 1.0 9 0.594567488577064 1.0 [-1,-1] 1.0 1.0 1.0 0.0003578035202613049 0.22475091060875194 3320.4333760198983 -2566.4803589614344 -2106.739260675888 -10.298503721365032
220.7148968598962 -1.7287106981465048 39627746149667603 11 244-245-246-247-248-250-251-252-253-254-469 0.7385223252959309 1.0 9 1.4528081000558257 1.0 [-1,-1] 1.0 1.0 1.0 0.0007126833197713517 0.12705585074725267 2692.4794303429885 -2039.8757065268223 -1755.4928628298292 -81.22433930375654
218.70024959675763 -0.18150298704828932 39627782354899856 11 244-245-246-247-248-250-251-252-253-254-469 0.9131494816673411 1.0 9 1.1766601327446504 1.0 [-1,-1] 1.0 1.0 1.0 0.0004951280553168204 0.17321314004730964 3174.1624921280045 -2477.19185158477 -1984.6226216482453 -10.055173610043294
219.63724702320792 -1.693128872185115 39627746132889220 11 244-245-246-247-248-250-251-252-253-254-469 0.9732280434065196 1.0 9 1.1051732228600233 1.0 [-1,-1] 1.0 1.0 1.0 0.0003578035202613049 0.22475091060875194 3328.5736373755426 -2562.2111128029164 -2122.452469625426 -98.34727775399016
218.7312554563052 -0.2998450576177613 39627782354900585 11 244-245-246-247-248-250-251-252-253-254-469 0.8209939549358657 1.0 9 1.1100607382684737 1.0 [-1,-1] 1.0 1.0 1.0 0.0006627118749498285 0.13533979738261318 2926.285398868464 -2282.7324196163663 -1830.858928788414 -15.314011196200966
219.41751553793796 -0.1696057585149701 39627782367482086 11 244-245-246-247-248-250-251-252-253-254-469 1.0711178289151735 1.0 9 0.5757831885455715 1.0 [-1,-1] 1.0 1.0 1.0 0.0001075182622224553 0.4910338705006151 3568.7506366903863 -2756.988745528885 -2266.0279263876773 -10.564124964401882
219.85116094604942 -1.1510808125003977 39627758216678105 11 244-245-246-247-248-250-251-252-253-254-469 0.6809796702096821 1.0 9 0.5534499733173527 1.0 [-1,-1] 1.0 1.0 1.0 0.0007209928471550773 0.12577569469930108 2522.2777945433863 -1935.9912753375138 -1615.938010351783 -50.66953092340347
219.02919733488832 -0.29622318764918937 39627782363284382 11 244-245-246-247-248-250-251-252-253-254-469 0.5762127736922683 1.0 9 0.8284801543281993 1.0 [-1,-1] 1.0 1.0 1.0 0.0006621615122706149 0.13543705131792066 2196.662623595911 -1706.3999999837981 -1383.2558490545193 -11.356848815860165
220.3508806427718 0.040684343764930325 39627788424055517 11 244-245-246-247-248-250-251-252-253-254-469 0.7512393705264416 1.0 9 0.8449470509448156 1.0 [-1,-1] 1.0 1.0 1.0 0.0006416626200019751 0.139161677870846 2729.2980963955533 -2079.98024364744 -1767.129460211899 1.9380082373117333
219.49561800217575 -0.576651143770468 39627776327686019 11 244-245-246-247-248-250-251-252-253-254-469 0.6336308199170994 1.0 9 0.3052602172234871 1.0 [-1,-1] 1.0 1.0 1.0 0.000833303205902425 0.11070054926254569 2377.6876435087047 -1834.704974762044 -1512.1784131454547 -23.929740790069253
219.8211555666837 -1.189680771324601 39627758216677291 11 244-245-246-247-248-250-251-252-253-254-469 0.5318954661280396 1.0 9 0.5900600452163225 1.0 [-1,-1] 1.0 1.0 1.0 0.0007045118177349687 0.128340413101622 2052.554585653937 -1576.1188168755637 -1314.1589288001865 -42.61586599524259
219.82857421018844 0.5217969976084115 39627800495261388 11 244-245-246-247-248-250-251-252-253-254-469 0.8671149200450576 1.0 9 1.122160845364206 1.0 [-1,-1] 1.0 1.0 1.0 0.0006812235016579503 0.1321480675826358 3052.0520611683364 -2343.7695103127903 -1954.7362254257982 27.79488474765699
220.35329443844364 0.04221282292940584 39627788424055575 11 244-245-246-247-248-250-251-252-253-254-469 0.8152010542886794 1.0 9 0.847680120576408 1.0 [-1,-1] 1.0 1.0 1.0 0.0006627118749498285 0.13533979738261318 2910.24055810829 -2217.7958841271193 -1884.3770655376784 2.1441275307106036
220.8288232019508 -0.5427742263074966 39627776352847697 11 244-245-246-247-248-250-251-252-253-254-469 0.5630721204115275 1.0 9 1.0303623704888194 0.5 [-1,-1] 1.0 1.0 1.0 0.000677088223595666 0.13284793461577618 2154.336520270266 -1630.0405927330096 -1408.444892793594 -20.40814975589052
219.7775415390095 -0.9914685024410087 39627764256473805 11 244-245-246-247-248-250-251-252-253-254-469 0.8539021427337057 1.0 9 0.3921120651441998 1.0 [-1,-1] 1.0 1.0 1.0 0.0006812235016579503 0.1321480675826358 3016.3779365715586 -2317.8430471552933 -1929.615312439031 -52.19397465587015
219.5294416425756 0.7189089998793374 39627806530863801 11 244-245-246-247-248-250-251-252-253-254-469 0.7149858613242651 1.0 9 1.346372706005803 1.0 [-1,-1] 1.0 1.0 1.0 0.0006167714992318164 0.14396928707710532 2623.5814464579516 -2023.4028648005312 -1669.711607789962 32.91807598964516
219.46789223990902 0.39295832902971184 39627800486875624 11 244-245-246-247-248-250-251-252-253-254-469 0.7721140055082278 1.0 9 1.0470237279430663 1.0 [-1,-1] 1.0 1.0 1.0 0.0007324854237337303 0.12404708914385561 2789.1224974787424 -2153.09868864154 -1772.8520613343426 19.128814252643036
218.75106805418363 -0.8144429844292611 39627770279493701 11 244-245-246-247-248-250-251-252-253-254-469 0.7661659465603063 1.0 9 1.070548974263453 0.5 [-1,-1] 1.0 1.0 1.0 0.0006416626200019751 0.139161677870846 2772.1530574096805 -2161.7083950568635 -1735.020665847597 -39.40402934067733
219.25415544827027 -1.0636089262912658 39627764248084628 11 244-245-246-247-248-250-251-252-253-254-469 0.5465813727539988 1.0 9 0.7161110894053807 1.0 [-1,-1] 1.0 1.0 1.0 0.0007045118177349687 0.128340413101622 2100.739395044457 -1626.4204574912433 -1329.0379632492557 -38.9947892415863
219.7864524218778 0.516155633642381 39627800495260478 11 244-245-246-247-248-250-251-252-253-254-469 0.9600382653161389 1.0 9 1.1162378462864353 1.0 [-1,-1] 1.0 1.0 1.0 0.00041974738576830407 0.19815580287489248 3295.143277865765 -2532.0002041729285 -2108.5689534517105 29.684276507018822
220.14994405112387 -0.1245134102283998 39627788419862274 11 244-245-246-247-248-250-251-252-253-254-469 0.6942070615043867 1.0 9 0.5903750822779348 1.0 [-1,-1] 1.0 1.0 1.0 0.0005843703162771602 0.15074849413407446 2561.9311655582314 -1958.2321477239987 -1651.9040999911674 -5.5675049335375935
218.7597884576571 -0.7887507262745397 39627770279493927 11 244-245-246-247-248-250-251-252-253-254-469 0.7358918919193898 1.0 9 1.0571220322498738 1.0 [-1,-1] 1.0 1.0 1.0 0.0007126833197713517 0.12705585074725267 2684.828202232222 -2093.3703527081375 -1680.6954144156418 -36.95897545045652
218.75128781483545 -0.7836352366685093 39627770279493708 11 244-245-246-247-248-250-251-252-253-254-469 0.5940846002578536 1.0 9 1.0645928169134051 1.0 [-1,-1] 1.0 1.0 1.0 0.0007756247847600315 0.11796159141779075 2253.6877295218205 -1757.4199982770745 -1410.543614824713 -30.822759939003603
219.210052927112 0.07118647629558986 39627788403086635 11 244-245-246-247-248-250-251-252-253-254-469 0.7204717869328745 1.0 9 0.8935980319517599 1.0 [-1,-1] 1.0 1.0 1.0 0.0006167714992318164 0.14396928707710532 2639.728509061589 -2045.348720207052 -1668.7433768776464 3.2796992062704122
219.20227828589702 0.07573314637553348 39627788403086415 11 244-245-246-247-248-250-251-252-253-254-469 0.7000115450118345 1.0 9 0.9021501610293684 1.0 [-1,-1] 1.0 1.0 1.0 0.0005843703162771602 0.15074849413407446 2579.231460230674 -1998.694637009953 -1630.2279137374974 3.4092084704154306
220.00722826803184 -1.116386195795049 39627764260667637 11 244-245-246-247-248-250-251-252-253-254-469 0.8318185431936146 1.0 9 0.5564066263239607 1.0 [-1,-1] 1.0 1.0 1.0 0.0006232532477076302 0.14268566385842998 2956.1169774916966 -2263.847444677273 -1900.0802956247287 -57.59515623270214
220.38751609153059 -0.9003788363896472 39627764264865318 10 244-245-246-247-248-250-251-252-253-469 0.5380293986280978 1.0 9 0.6598050018357431 1.0 [-1,-1] 1.0 1.0 1.0 0.0007045118177349687 0.128340413101622 2072.7323685743095 -1578.5628336112163 -1342.8693149899755 -32.57076811111867
220.38338556064645 -0.9022056692024791 39627764264865202 10 244-245-246-247-248-250-251-252-253-469 0.5386272226171428 1.0 9 0.6569685720569335 1.0 [-1,-1] 1.0 1.0 1.0 0.0007045118177349687 0.128340413101622 2074.6949207277285 -1580.1535890318967 -1344.0262152618386 -32.66774941725916
