EDR/data_rosette/LRG_13_clustering_data.ecsv
# %ECSV 1.0
# ---
# datatype:
# - {name: RA, unit: deg, datatype: float64}
# - {name: DEC, unit: deg, datatype: float64}
# - {name: TARGETID, datatype: int64}
# - {name: NTILE, datatype: int64}
# - {name: TILES, datatype: string}
# - {name: Z, datatype: float64}
# - {name: COMP_TILE, datatype: float64}
# - {name: ROSETTE_NUMBER, datatype: int32}
# - {name: ROSETTE_R, unit: deg, datatype: float64}
# - {name: FRACZ_TILELOCID, datatype: float64}
# - {name: BITWEIGHTS, datatype: string, subtype: 'int64[2]'}
# - {name: PROB_OBS, datatype: float64}
# - {name: WEIGHT_ZFAIL, datatype: float64}
# - {name: WEIGHT, datatype: float64}
# - {name: NZ, unit: h3 / Mpc3, datatype: float64}
# - {name: WEIGHT_FKP, datatype: float64}
# - {name: distance, unit: Mpc, datatype: float64}
# - {name: x, unit: Mpc, datatype: float64}
# - {name: y, unit: Mpc, datatype: float64}
# - {name: z, unit: Mpc, datatype: float64}
# meta: !!omap
# - {EXTNAME: LSS}
# - {DESIDR: edr}
# - comments: ['Visit https://desidatamodel.readthedocs.io/en/latest/ for a more complet', e description]
# schema: astropy-2.0
RA DEC TARGETID NTILE TILES Z COMP_TILE ROSETTE_NUMBER ROSETTE_R FRACZ_TILELOCID BITWEIGHTS PROB_OBS WEIGHT_ZFAIL WEIGHT NZ WEIGHT_FKP distance x y z
[from data line 3521]
245.80938790765842 43.556714486388785 39633140959938822 5 352-358-360-362-433 0.6156782936101143 1.0 13 0.11836889786138394 1.0 [-1,-1] 1.0 1.0 1.0 0.0007056687116799521 0.12786279395313782 2321.766188498108 -689.4714498504258 -1534.8160884012998 1599.8646594880197
247.66185181514368 42.578410645058696 39633123276755413 5 352-358-360-362-433 0.5897307367559841 1.0 13 1.5674619783122263 1.0 [-1,-1] 1.0 1.0 1.0 0.0005369919189708607 0.1615383650856205 2239.8525707261692 -626.8605427328224 -1525.5499629464941 1515.4810157528502
247.95608055274715 43.59649808885055 39633140985105970 4 352-358-360-433 0.9752697415001379 0.8333333333333334 13 1.5124268814057247 0.5 [8913365688453855157,-2418582994117497005] 0.640625 1.0 1.5542168674698795 0.00030269805442075816 0.25472307248715254 3333.725218339899 -906.1397798968177 -2237.834331855942 2298.854504715517
247.56038728483202 42.49348755386191 39633123276753972 4 352-358-360-433 0.7158799953559456 0.8333333333333334 13 1.5577113777887617 1.0 [-1,-1] 1.0 1.0 1.0 0.0005823912580269674 0.15084542533972659 2626.2168807358403 -739.1620466527304 -1789.8282618923747 1774.0263150194123
247.52918749600036 42.504660808144855 39633123276753563 4 352-358-360-433 0.8915748223009838 0.8333333333333334 13 1.5327576775355447 1.0 [-1,-1] 1.0 1.0 1.0 0.0005723615213970424 0.15308410280969617 3117.3521791455532 -878.3943615688406 -2123.690858538298 2106.239561813534
248.00774338380654 43.71554123845263 39633145372345370 4 352-358-360-433 0.7716787523528391 0.8333333333333334 13 1.5639536028504326 0.5 [-1,-1] 1.0 1.0 1.0 0.0007064174578981374 0.12774458208408304 2787.882819846646 -754.5892098131393 -1868.4007974483156 1926.64584231876
247.6713382634844 42.55219231652048 39633123280945205 4 352-358-362-433 0.8407931341010516 1.0 13 1.5881349220048446 1.0 [-1,-1] 1.0 1.0 1.0 0.0006366829495309179 0.1397804201853648 2980.7031104091584 -834.2144499113333 -2031.1302940411674 2015.7348567185622
247.5989120387493 42.50229588999428 39633123276754511 3 352-358-433 0.4726254441620278 1.0 13 1.5746642631262227 1.0 [-1,-1] 1.0 1.0 1.0 0.000668512811805897 0.13401699399284683 1853.6778446474527 -520.8040976032977 -1263.497354957039 1252.3813627138525
247.6325770564363 42.5523481251093 39633123276755007 3 352-358-433 0.502182442013843 1.0 13 1.5647452947015346 1.0 [-1,-1] 1.0 1.0 1.0 0.0007365189099627642 0.12316671624379881 1953.7445418374075 -547.6969772142857 -1330.959898232128 1321.2461940182532
247.61394522552274 42.51397516854702 39633123276754728 3 352-358-433 0.6334321907289411 1.0 13 1.576402862155545 1.0 [-1,-1] 1.0 1.0 1.0 0.0007982518636535506 0.11473445525619816 2377.0722601119596 -667.3056826373471 -1620.1240536424161 1606.3541659680625
244.09904724745374 44.21432032224893 39633154037776941 3 352-359-361 0.5482980030258758 1.0 13 1.4948436873665456 1.0 [-1,-1] 1.0 1.0 1.0 0.0006094867785671962 0.14511252611805409 2106.343728501997 -659.4592244663673 -1358.0451978062567 1468.846715822068
248.0955952274586 43.29803442822429 39633136585282101 2 352-360 0.7126659195314018 1.0 13 1.6175905586462347 0.5 [-5963704358056925408,-8812124797982090218] 0.5 1.0 1.9846153846153847 0.0005823912580269674 0.15084542533972659 2616.736800029714 -710.4729176908811 -1766.9643651571907 1794.5407897627178
248.09159227403862 43.28060833689165 39633136585282048 2 352-360 0.9082524258667081 1.0 13 1.6166564329225113 1.0 [1705515184648958332,5433279206723396219] 0.4765625 1.0 2.0806451612903225 0.0005723615213970424 0.15308410280969617 3161.3316586964834 -858.7315635783101 -2135.2564120700495 2167.320468390577
247.6445565813436 42.43853364970578 39633123276755182 2 352-360 0.7170985852445784 1.0 13 1.6405173349056799 1.0 [-1,-1] 1.0 1.0 1.0 0.0005823912580269674 0.15084542533972659 2629.80633340448 -738.1863299559482 -1794.9349190164394 1774.590355540098
245.94264631824814 43.64104919635056 39633145347179464 4 352-360-362-433 0.9718799361923227 1.0 13 0.1963712110663691 1.0 [-1,-1] 1.0 1.0 1.0 0.00030269805442075816 0.25472307248715254 3325.168709694792 -980.9508102850679 -2197.3293790582848 2294.825931451388
247.39932378604604 42.250536590991246 39633118805624105 4 352-360-362-433 0.7930364130817126 1.0 13 1.6368312472183049 1.0 [-1,-1] 1.0 1.0 1.0 0.0008239664519383997 0.11155322342262282 2848.3296314416675 -810.2586606384463 -1946.4566613523052 1915.1420463470208
248.1215874363028 43.068604097840996 39633132168678480 3 352-360-433 0.798733335584759 1.0 13 1.6763608805608967 1.0 [-1,-1] 1.0 1.0 1.0 0.0008239664519383997 0.11155322342262282 2864.3216699344343 -779.7423009979617 -1941.7836222656997 1955.969564484859
246.54950748387023 41.98388910709372 39633114300942491 3 352-360-433 0.7471577847178318 1.0 13 1.5464136264500048 1.0 [-1,-1] 1.0 1.0 1.0 0.0006073340474539246 0.1455520198534496 2717.511951091183 -803.8785995980978 -1853.1714761301398 1817.802486930098
248.14150970595563 43.16736774975876 39633136589472388 3 352-360-433 0.6987208190660437 1.0 13 1.6696687517521447 1.0 [-1,-1] 1.0 1.0 1.0 0.0005639081233901963 0.1550231922816235 2575.3897254340914 -699.3507403561853 -1743.3381294634637 1761.9060548717039
247.98746551054347 43.69005941482767 39633145372345110 3 352-360-433 0.8478973763331143 1.0 13 1.5456382958223613 1.0 [-1,-1] 1.0 1.0 1.0 0.0006366829495309179 0.1397804201853648 3000.0714646447 -813.0788318156824 -2011.1738612148695 2072.3202711440895
247.77885130961454 42.519910667094344 39633123280946577 2 352-433 0.9269735908891097 0.4 13 1.6716315679279266 1.0 [-1,-1] 1.0 1.0 1.0 0.00042618922305278896 0.1953324009783564 3210.1819244402172 -894.795171117214 -2190.3172391549983 2169.5898187464927
247.72498392265612 42.52940501599032 39633123280945849 2 352-433 0.7150267127024788 0.4 13 1.6335844206125671 0.25 [-4589132689339920384,72198332078104737] 0.1953125 1.0 4.961538461538462 0.0005823912580269674 0.15084542533972659 2623.7018859519535 -732.893053453963 -1789.1997754918368 1773.5398281196635
245.08259525026426 44.993527981639794 39633166973012836 1 353 0.7483222212354345 0.5833333333333334 13 1.645892758073726 1.0 [-1,-1] 1.0 1.0 1.0 0.0006073340474539246 0.1455520198534496 2720.8773993645646 -810.6738462075505 -1745.0590460446895 1923.733521895777
246.93243594515073 44.846486401837296 39633162703211870 1 353 0.9588498217025259 0.5833333333333334 13 1.5875555399585426 1.0 [-1,-1] 1.0 1.0 1.0 0.0003767415448896098 0.21544643941305056 3292.1182682655503 -914.54159753917 -2147.480717844483 2321.6336759067767
243.9925722038856 44.43526336130781 39633158362104235 1 353 0.48090147932922894 0.5833333333333334 13 1.678514302616509 0.5 [3596647988605625640,-81944618358440382] 0.5703125 1.0 1.7432432432432432 0.000668512811805897 0.13401699399284683 1881.8767219235697 -589.2129217273477 -1207.6681330295653 1317.5074230729053
243.61709623275567 43.27385013271176 39633136530755116 1 353 0.8631310868023495 0.5833333333333334 13 1.6545521391266909 1.0 [-1,-1] 1.0 1.0 1.0 0.0006576102792991648 0.1359368301360722 3041.325591398201 -983.9841051613681 -1983.7091280855816 2084.7864947839003
243.89510575287437 44.20416583561945 39633154033584252 1 353 0.5075183889306935 0.5833333333333334 13 1.6183600263353148 1.0 [-1,-1] 1.0 1.0 1.0 0.0007365189099627642 0.12316671624379881 1971.6202160432035 -621.9076637616715 -1269.1970579822967 1374.6475774080538
246.9355491317259 44.833234617643065 39633162703211920 1 353 0.5811089790113423 0.5833333333333334 13 1.577024182718923 1.0 [-1,-1] 1.0 1.0 1.0 0.0005369919189708607 0.1615383650856205 2212.347053627705 -614.6469963491874 -1443.500823946843 1559.805733685735
246.88583344478278 44.855037891311675 39633162703211271 1 353 0.9591461614290022 0.5833333333333334 13 1.5795055451252396 1.0 [-7587736658105791080,6928533324265605239] 0.46875 1.0 2.1147540983606556 0.0003767415448896098 0.21544643941305056 3292.8727568080003 -916.3619120619666 -2146.9093506037807 2322.514171956871
244.0035451912913 43.74409831903512 39633145322015156 8 353-354-355-356-357-358-359-360 0.8089281556665769 1.0 13 1.3903685595533246 1.0 [-1,-1] 1.0 1.0 1.0 0.0008239664519383997 0.11155322342262282 2892.802898825135 -916.0192400454224 -1878.4127469905275 2000.1957192387977
246.32318359258937 43.87351601490707 39633145351374522 9 353-354-355-356-357-358-359-360-361 1.0541029376964202 1.0 13 0.531183149800543 1.0 [-1,-1] 1.0 1.0 1.0 0.00014839258087788972 0.41078905010633954 3527.9837086456732 -1021.300501644359 -2329.147677062824 2445.135053988452
244.5964559921756 42.66688590178103 39633127693353898 9 353-354-355-356-357-358-359-360-361 0.8893937945736493 1.0 13 1.2217726792829777 1.0 [-1,-1] 1.0 1.0 1.0 0.0005346154933450218 0.1621399955636538 3111.5682665492973 -981.5125964464582 -2066.730792380852 2108.818136359403
245.7858690712537 43.21461742069849 39633136560112617 9 353-354-355-356-357-358-359-360-361 0.7879685372997574 1.0 13 0.24513875246899555 1.0 [-1,-1] 1.0 1.0 1.0 0.0007064174578981374 0.12774458208408304 2834.0570476644434 -847.1375423555231 -1883.7238381051834 1940.5725535270826
244.8379897316411 44.67391128857263 39633162678045690 9 353-354-355-356-357-358-359-360-361 0.6652777062985981 1.0 13 1.4347599465856973 1.0 [-1,-1] 1.0 1.0 1.0 0.0006371005092682059 0.1397016056866948 2474.7897054101054 -748.2609243746421 -1592.8759705237655 1739.952820505721
245.6541222335142 44.82949971103585 39633162690626043 9 353-354-355-356-357-358-359-360-361 0.8060585312137041 1.0 13 1.3889891590955095 1.0 [-1,-1] 1.0 1.0 1.0 0.0008239664519383997 0.11155322342262282 2884.8037641140872 -843.420508602641 -1863.988436230034 2033.7850704329553
244.01690412594178 43.14586790734351 39633136539140364 10 353-354-355-356-357-358-359-360-361-362 0.5309547803357753 1.0 13 1.3896122966071245 1.0 [-1,-1] 1.0 1.0 1.0 0.0006094867785671962 0.14511252611805409 2049.453526460672 -655.1051511234115 -1344.1709833078933 1401.5353601414229
245.922350040903 42.88533424816369 39633132143511016 10 353-354-355-356-357-358-359-360-361-362 0.4588571243120533 1.0 13 0.5655099154285266 1.0 [-1,-1] 1.0 1.0 1.0 0.0005330850268982689 0.1625298359500762 1806.4530032168464 -540.0026144012382 -1208.4554295667076 1229.3514973439187
247.33182826261626 42.50317908328858 39633123276750895 10 353-354-355-356-357-358-359-360-361-362 0.44198141779791505 1.0 13 1.422894069389765 1.0 [-1,-1] 1.0 1.0 1.0 0.0006285113834356281 0.1413409039925048 1748.035084771241 -496.6647516795959 -1189.1704083708507 1181.0268929560193
244.45296980466688 43.886608235221814 39633149696672544 10 353-354-355-356-357-358-359-360-361-362 0.8134771850703789 1.0 13 1.120760062942535 1.0 [-1,-1] 1.0 1.0 1.0 0.000762533893525711 0.11946670068019369 2905.4550512569767 -903.0411842067723 -1889.2727012215494 2014.1584681747715
246.17657784100794 43.24255632444732 39633136564307994 10 353-354-355-356-357-358-359-360-361-362 0.6375696504270956 1.0 13 0.2992476821952931 1.0 [-1,-1] 1.0 1.0 1.0 0.0007982518636535506 0.11473445525619816 2389.8753748650497 -703.1946357099148 -1592.5920965009059 1637.275794073195
244.0745907601808 43.465294716913 39633140938967007 10 353-354-355-356-357-358-359-360-361-362 0.8603032876796259 1.0 13 1.3105794585015171 1.0 [-1,-1] 1.0 1.0 1.0 0.0006576102792991648 0.1359368301360722 3033.6961723158656 -962.641545037525 -1980.246548762684 2086.925328756441
244.0722958787345 43.467035527085784 39633140938966981 10 353-354-355-356-357-358-359-360-361-362 0.7951885904799157 1.0 13 1.3122476159018461 1.0 [-1,-1] 1.0 1.0 1.0 0.0008239664519383997 0.11155322342262282 2854.377559761637 -905.7893494781633 -1863.106309103105 1963.632294759619
246.2667007729222 43.09321154978017 39633132147705278 10 353-354-355-356-357-358-359-360-361-362 1.0424879660671433 1.0 13 0.4545040159609055 1.0 [-1,-1] 1.0 1.0 1.0 0.00017557006270178804 0.37077784677498654 3499.9221512987383 -1028.655827138038 -2339.647928102497 2391.102220101064
246.5588722021573 44.41711420150667 39633158391465744 10 353-354-355-356-357-358-359-360-361-362 0.7085106087554875 1.0 13 1.0836498077973333 1.0 [-1,-1] 1.0 1.0 1.0 0.0005639081233901963 0.1550231922816235 2604.4530065028603 -740.026083948035 -1706.7370869364693 1822.7960319887518
246.1723461857276 42.72979764709524 39633127710133613 10 353-354-355-356-357-358-359-360-361-362 0.8824646289935478 1.0 13 0.7511787270771625 1.0 [-1,-1] 1.0 1.0 1.0 0.0005346154933450218 0.1621399955636538 3093.1425367115244 -917.9002988076738 -2078.441078896658 2098.8264519530626
245.6141504653278 42.04252671471752 39633114288360679 10 353-354-355-356-357-358-359-360-361-362 0.8357766308182282 1.0 13 1.4209466412583995 1.0 [-1,-1] 1.0 1.0 1.0 0.0006366829495309179 0.1397804201853648 2966.976635890074 -909.7466171215532 -2006.8425878139194 1986.9308690263485
247.49585169386643 43.26546349236317 39633136581084028 10 353-354-355-356-357-358-359-360-361-362 0.9223770527940208 1.0 13 1.1892400829330456 1.0 [-1,-1] 1.0 1.0 1.0 0.00042618922305278896 0.1953324009783564 3198.238278418281 -891.3919716203604 -2151.569969860483 2192.0070947114336
245.59273476405832 42.01892698345434 39633114288360375 10 353-354-355-356-357-358-359-360-361-362 0.8351904932035027 1.0 13 1.4465413693671032 1.0 [-1,-1] 1.0 1.0 1.0 0.0006366829495309179 0.1397804201853648 2965.3701035647036 -910.3415725074142 -2006.160633971021 1984.9477532633093
245.58794779961497 42.02904234882904 39633114288360313 10 353-354-355-356-357-358-359-360-361-362 0.8659296902160739 1.0 13 1.4370529080509666 1.0 [-1,-1] 1.0 1.0 1.0 0.0006576102792991648 0.1359368301360722 3048.8635079343235 -935.9966872545403 -2062.24006452064 2041.236097992592
245.5870998244277 42.02424066925371 39633114288360302 10 353-354-355-356-357-358-359-360-361-362 0.8363182570157934 1.0 13 1.4418949762709226 1.0 [-1,-1] 1.0 1.0 1.0 0.0006366829495309179 0.1397804201853648 2968.4606640466163 -911.4116820208835 -2007.9940451507557 1987.2210180317259
246.17579927596665 43.243990935271924 39633136564307979 10 353-354-355-356-357-358-359-360-361-362 0.6334918201932517 1.0 13 0.29784397868156753 1.0 [-1,-1] 1.0 1.0 1.0 0.0007982518636535506 0.11473445525619816 2377.257009070556 -699.4868744606242 -1584.1365180894904 1628.6744584746507
245.22382632509246 43.2894102296698 39633136551725837 10 353-354-355-356-357-358-359-360-361-362 0.8309549272513674 1.0 13 0.5033030488225803 1.0 [-1,-1] 1.0 1.0 1.0 0.0006366829495309179 0.1397804201853648 2953.744065071769 -901.0223643986149 -1952.1226121038578 2025.3345422702491
246.26481621309148 43.09079311100566 39633132147705261 10 353-354-355-356-357-358-359-360-361-362 0.629371879695129 1.0 13 0.4555631582903457 1.0 [-1,-1] 1.0 1.0 1.0 0.0007056687116799521 0.12786279395313782 2364.476470165726 -695.0184617614377 -1580.6582783625379 1615.3073152877482
244.87175210071442 42.531290686051705 39633123243199584 10 353-354-355-356-357-358-359-360-361-362 0.7909621454988666 1.0 13 1.1780839008684925 1.0 [-1,-1] 1.0 1.0 1.0 0.0008239664519383997 0.11155322342262282 2842.493189204377 -889.4872567808724 -1896.4174831721637 1921.504795782895
246.17328912917256 42.729789468814005 39633127710133629 10 353-354-355-356-357-358-359-360-361-362 0.8841997520012721 1.0 13 0.7513825644003218 1.0 [-1,-1] 1.0 1.0 1.0 0.0005346154933450218 0.1621399955636538 3097.7636689966153 -919.2374992268938 -2081.56165769894 2101.961758493265
245.93914532379384 44.605927509913364 39633158383078543 10 353-354-355-356-357-358-359-360-361-362 1.0386947130481237 1.0 13 1.156709382405975 1.0 [-1,-1] 1.0 1.0 1.0 0.00017557006270178804 0.37077784677498654 3490.716498013399 -1013.2439043149647 -2269.2933779661953 2451.2743674648636
246.0724827410446 42.8677322915122 39633127710132286 10 353-354-355-356-357-358-359-360-361-362 0.6912992759087719 1.0 13 0.598957083786545 1.0 [-1,-1] 1.0 1.0 1.0 0.0005639081233901963 0.1550231922816235 2553.2414949750796 -758.9782171663621 -1710.5133573858109 1736.9911490086156
