EDR/data_rosette/LRG_15_clustering_data.ecsv
# %ECSV 1.0
# ---
# datatype:
# - {name: RA, unit: deg, datatype: float64}
# - {name: DEC, unit: deg, datatype: float64}
# - {name: TARGETID, datatype: int64}
# - {name: NTILE, datatype: int64}
# - {name: TILES, datatype: string}
# - {name: Z, datatype: float64}
# - {name: COMP_TILE, datatype: float64}
# - {name: ROSETTE_NUMBER, datatype: int32}
# - {name: ROSETTE_R, unit: deg, datatype: float64}
# - {name: FRACZ_TILELOCID, datatype: float64}
# - {name: BITWEIGHTS, datatype: string, subtype: 'int64[2]'}
# - {name: PROB_OBS, datatype: float64}
# - {name: WEIGHT_ZFAIL, datatype: float64}
# - {name: WEIGHT, datatype: float64}
# - {name: NZ, unit: h3 / Mpc3, datatype: float64}
# - {name: WEIGHT_FKP, datatype: float64}
# - {name: distance, unit: Mpc, datatype: float64}
# - {name: x, unit: Mpc, datatype: float64}
# - {name: y, unit: Mpc, datatype: float64}
# - {name: z, unit: Mpc, datatype: float64}
# meta: !!omap
# - {EXTNAME: LSS}
# - {DESIDR: edr}
# - comments: ['Visit https://desidatamodel.readthedocs.io/en/latest/ for a more complet', e description]
# schema: astropy-2.0
RA DEC TARGETID NTILE TILES Z COMP_TILE ROSETTE_NUMBER ROSETTE_R FRACZ_TILELOCID BITWEIGHTS PROB_OBS WEIGHT_ZFAIL WEIGHT NZ WEIGHT_FKP distance x y z
[from data line 3442]
268.5476897115892 67.23256414766483 39633465867504416 5 406-411-413-414-439 1.0399272736094511 1.0 15 1.3000680874800783 1.0 [-1,-1] 1.0 1.0 1.0 0.00017557006270178804 0.37077784677498654 3493.7099709369354 -34.267201771617685 -1351.6020281008632 3221.49143682558
273.5825214781892 65.4585739917028 39633448888961329 3 406-411-414 0.7914599096338707 0.9230769230769231 15 1.67924406371632 1.0 [-1,-1] 1.0 1.0 1.0 0.0008239664519383997 0.11155322342262282 2843.8944338706056 73.80944435967072 -1178.9062662485464 2586.980427510699
273.6960459972892 65.58147058025129 39633448888962217 3 406-411-414 0.8470820451676674 0.9230769230769231 15 1.6835125399675113 1.0 [8214213580233104606,-1441151951625519105] 0.84375 1.0 1.18348623853211 0.0006366829495309179 0.1397804201853648 2997.852820594442 79.89013147881239 -1236.7314494927166 2729.6949321625657
273.38328407171986 66.64027995668911 39633461165688238 3 406-411-414 0.791636537967297 0.9230769230769231 15 1.5921389391178256 1.0 [-1,-1] 1.0 1.0 1.0 0.0008239664519383997 0.11155322342262282 2844.3915549659823 66.55778045684897 -1125.8429604865942 2611.2470216632587
273.5639863904766 65.49104566745959 39633448888961188 3 406-411-414 0.6122866251958726 0.9230769230769231 15 1.6605224807962344 1.0 [-1,-1] 1.0 1.0 1.0 0.0007056687116799521 0.12786279395313782 2311.132430697344 59.5983169335882 -956.8854550648699 2102.891195170352
273.6050049143607 66.15653450274246 39633456329657532 3 406-411-414 0.40737888967559704 0.9230769230769231 15 1.5763190305323085 1.0 [-1,-1] 1.0 1.0 1.0 0.00024055914515870672 0.3007331513712552 1626.3940901658857 41.33909303851646 -656.1514406288991 1487.586670709943
273.34523334656734 65.28568491426203 39633446359794347 3 406-411-414 0.8421465158635533 0.9230769230769231 15 1.6611797632808774 1.0 [-1,-1] 1.0 1.0 1.0 0.0006366829495309179 0.1397804201853648 2984.39922906796 72.80947837713505 -1245.6334455848869 2711.0394422730565
273.3977207818882 65.27881710882477 39633446359794761 3 406-411-414 0.7798662698581502 0.9230769230769231 15 1.6837957156743137 1.0 [-1,-1] 1.0 1.0 1.0 0.0007064174578981374 0.12774458208408304 2811.1476636366156 69.67567921486598 -1173.5636532506846 2553.5161715298486
273.2999846269743 65.26642117849666 39633446359793959 3 406-411-414 0.9484320609747503 0.9230769230769231 15 1.6536471424214347 1.0 [-1,-1] 1.0 1.0 1.0 0.0003671239319408774 0.21984967794317842 3265.5100922895394 78.64865051500954 -1364.0220701212806 2965.942404167529
273.4968303158945 65.34474567100433 39633446359795565 3 406-411-414 0.9028302497207185 0.9230769230769231 15 1.6914230593792299 0.5 [8968996684354550612,728589158130158110] 0.5390625 1.0 1.8428571428571427 0.0005723615213970424 0.15308410280969617 3147.081174925956 80.07375951838246 -1310.3840641779007 2860.1751203306653
273.5756377827568 65.82931643148929 39633451392962510 3 406-411-414 0.9238691301499545 0.9230769230769231 15 1.5800711329583903 0.5 [-1,-1] 1.0 1.0 1.0 0.00042618922305278896 0.1953324009783564 3202.1188730672147 81.76998775795462 -1308.575349220043 2921.388283294255
273.2402583026871 65.21603497623705 39633446355603737 3 406-411-414 0.7263740830812998 0.9230769230769231 15 1.6568530942175854 1.0 [-1,-1] 1.0 1.0 1.0 0.0005823912580269674 0.15084542533972659 2657.041081278785 62.95684579930615 -1112.0456611988175 2412.3138665146835
273.23157180234335 65.203893651127 39633446355603663 3 406-411-414 0.8427797178368547 0.9230769230769231 15 1.659945985035616 1.0 [-1,-1] 1.0 1.0 1.0 0.0006366829495309179 0.1397804201853648 2986.127486273729 70.59723895674045 -1250.3617504489796 2710.8243925317825
273.1180618656995 66.12293609429126 39633453871794654 5 406-411-414-415-416 0.794287275627684 1.0 15 1.3778672114214183 1.0 [-1,-1] 1.0 1.0 1.0 0.0008239664519383997 0.11155322342262282 2851.845692832621 62.789644269711495 -1152.648521000182 2607.7735145783936
271.62017590526517 64.6331158207873 39633441225966820 4 406-411-414-416 0.7895004071620874 1.0 15 1.5954724978307018 1.0 [-1,-1] 1.0 1.0 1.0 0.0007064174578981374 0.12774458208408304 2838.3758436187013 34.38065541559276 -1215.5108436946095 2564.7083243581883
272.9178714461442 65.19843214725668 39633446355601145 4 406-411-414-416 0.883115078313791 1.0 15 1.5515149270389093 1.0 [-1,-1] 1.0 1.0 1.0 0.0005346154933450218 0.1621399955636538 3094.875432753555 66.08562907107219 -1296.545705768319 2809.4226927868144
268.47182211558544 64.58442175388896 39633438604527003 5 406-411-414-416-440 0.6276991038945174 1.0 15 1.5287328255614778 1.0 [-1,-1] 1.0 1.0 1.0 0.0007056687116799521 0.12786279395313782 2359.278162277501 -27.003443175526048 -1012.1965809509084 2130.9440026822526
273.5236920082703 65.84428147134808 39633451392962104 4 406-411-414-439 0.7773856377889575 1.0 15 1.5568401483487984 1.0 [-1,-1] 1.0 1.0 1.0 0.0007064174578981374 0.12774458208408304 2804.111117567441 70.52635268775677 -1145.3232964722808 2558.573770638586
270.85948540050583 64.5140038381183 39633438621305103 4 406-411-414-440 0.6843913723550547 1.0 15 1.5783352443587437 1.0 [-1,-1] 1.0 1.0 1.0 0.0008053318504768218 0.11384060807160488 2532.536044725315 16.346205586518895 -1089.603545271619 2286.096177663439
270.8938583995757 64.49232091880026 39633438621305372 4 406-411-414-440 0.7722413349828232 1.0 15 1.6034014515499293 1.0 [-4755812332616189997,6624794912206356459] 0.8046875 1.0 1.2403846153846154 0.0007064174578981374 0.12774458208408304 2789.485092461565 18.739538125919797 -1201.0955391349444 2517.5872212589315
268.5413373988337 64.6017021822764 39633438604527451 4 406-411-414-440 0.898719229311895 1.0 15 1.5026246439400686 1.0 [-1,-1] 1.0 1.0 1.0 0.0005723615213970424 0.15308410280969617 3136.2458797011545 -34.242057472142825 -1344.7259784163437 2833.1215544721604
271.5830650155306 64.60842959101922 39633438625500016 3 406-411-416 0.8647923677333789 0.75 15 1.609650653579073 1.0 [-1,-1] 1.0 1.0 1.0 0.0006576102792991648 0.1359368301360722 3045.8017054369748 36.08107911395652 -1305.5480659714958 2751.5723563102683
271.5312791686333 64.61380796922423 39633438625499650 3 406-411-416 0.9487312145428338 0.75 15 1.5945937663531922 1.0 [1593031474718833401,-794924814178715226] 0.625 1.0 1.5925925925925926 0.0003671239319408774 0.21984967794317842 3266.2764572930223 37.42002844549811 -1399.8095515518232 2950.880352762897
268.7467529589054 64.52140100515895 39633438604528861 3 406-411-416 0.7856960934633884 0.75 15 1.5539743658826022 0.5 [3951700278886422203,7346037693691187454] 0.578125 1.0 1.72 0.0007064174578981374 0.12774458208408304 2827.6429781272204 -26.604070521162317 -1216.0873356433758 2552.643458705441
271.5338050016822 64.621598172572 39633438625499667 4 406-411-416-440 0.7267475250163516 1.0 15 1.588176431553606 0.5 [-1,-1] 1.0 1.0 1.0 0.0005823912580269674 0.15084542533972659 2658.1343711939676 30.49434102516348 -1138.853800362579 2401.616216610785
270.9329944649565 64.50280256857666 39633438621305656 3 406-411-440 0.47845407912532556 0.5 15 1.598466758715959 0.5 [8642372225502718463,-1884827431598817569] 0.75 1.0 1.3298969072164948 0.000668512811805897 0.13401699399284683 1873.5523398644398 13.132363097384543 -806.3954312304024 1691.080222739811
272.86042896623934 65.0460578059321 39633443805466244 2 406-412 0.8168676305492997 0.5882352941176471 15 1.6212860051731186 1.0 [-1,-1] 1.0 1.0 1.0 0.000762533893525711 0.11946670068019369 2914.862289430801 61.368421891282665 -1228.217834287165 2642.7517921059653
272.82631100787205 65.07126921378983 39633443805465984 2 406-412 0.9702341379516366 0.5882352941176471 15 1.5944037551860333 1.0 [-1,-1] 1.0 1.0 1.0 0.00030269805442075816 0.25472307248715254 3321.0082253560527 69.02064523399292 -1398.071046660335 3011.5990988018502
272.79766766161544 67.09126462306315 39633463539666728 2 406-412 0.5595376245064015 0.5882352941176471 15 1.6236338729221167 1.0 [-1,-1] 1.0 1.0 1.0 0.0006724560872077301 0.13333590500666823 2142.8940903349076 40.714235540066824 -833.1581567689051 1973.875608853329
272.80476891738306 65.01684425232787 39633443805465813 2 406-412 0.5928853439278948 0.5882352941176471 15 1.621390688492972 1.0 [-1,-1] 1.0 1.0 1.0 0.0006106036532175123 0.14488555312656437 2249.8805408616536 46.498055945913414 -949.1027723456019 2039.3637013703735
273.81427824857127 65.91874467795257 39633453875989885 2 406-412 0.7649279605761947 0.5882352941176471 15 1.666002522967164 0.3333333333333333 [-9200774873868139520,-4323094863680158656] 0.1796875 1.0 5.375 0.0007242712797402853 0.12498917450484462 2768.613465402467 75.14935277625464 -1127.17999830087 2527.654712775386
272.74042954844373 65.03215976844183 39633443805465355 2 406-412 0.7622524619574471 0.5882352941176471 15 1.5907036291309897 0.5 [4602674409314276311,-36345482172699487] 0.7578125 1.0 1.316326530612245 0.0007242712797402853 0.12498917450484462 2760.954726388488 55.720475214379384 -1164.092396208013 2502.9293084103474
273.51818654546383 66.6584758232899 39633461165689009 2 406-412 0.9905090892434196 0.5882352941176471 15 1.6485723108152024 1.0 [-1,-1] 1.0 1.0 1.0 0.00023297360745577845 0.30751381291380364 3371.9816302947074 81.98512097198525 -1333.4984108636863 3096.016883547017
273.60930410885317 66.43275506642706 39633458762351640 2 406-412 0.7861949685239262 0.5882352941176471 15 1.6170986515725905 1.0 [-1,-1] 1.0 1.0 1.0 0.0007064174578981374 0.12774458208408304 2829.05182968657 71.20730152787786 -1128.8823566631377 2593.0847267447175
272.7345671346014 67.13163870558935 39633465896862686 2 406-412 0.575626119800757 0.5882352941176471 15 1.6313636159018992 1.0 [-72057868920029329,-333266991438889026] 0.8828125 1.0 1.131578947368421 0.0005369919189708607 0.1615383650856205 2194.780210530118 40.69226829026318 -851.9537298286175 2022.2707914785126
273.6033303242249 65.7277339332263 39633451392962721 2 406-412 0.9095508768255601 0.5882352941176471 15 1.609688030351286 1.0 [-1,-1] 1.0 1.0 1.0 0.0005723615213970424 0.15308410280969617 3164.7373950103697 81.76207595924176 -1298.36670530158 2884.9820867513504
269.04925798058395 67.05907984051527 39633463518691374 6 406-412-413-414-415-440 0.812649737390298 1.0 15 1.0738253564237215 1.0 [-1,-1] 1.0 1.0 1.0 0.000762533893525711 0.11946670068019369 2903.156265979378 -18.776387687512056 -1131.4415531465686 2673.5376869933993
269.0332314066151 67.05188989364022 39633463514501021 6 406-412-413-414-415-440 0.9814893374452297 1.0 15 1.0685180736549622 1.0 [-1,-1] 1.0 1.0 1.0 0.00030269805442075816 0.25472307248715254 3349.3802201315357 -22.034032572164797 -1305.728452313434 3084.3047140702793
269.7635427251117 67.58086335776002 39633468207923677 5 406-412-413-415-439 0.7478473885968633 0.6666666666666666 15 1.5609192275882138 0.3333333333333333 [-1,-1] 1.0 1.0 1.0 0.0006073340474539246 0.1455520198534496 2719.5053277051047 -4.28031446284179 -1037.1538008716932 2513.961594707037
270.2757524126866 67.57834351671856 39633468207926728 5 406-412-413-415-439 0.7598554836340539 0.6666666666666666 15 1.5730895379924645 1.0 [-1,-1] 1.0 1.0 1.0 0.0007242712797402853 0.12498917450484462 2754.08270827364 5.055629410109361 -1050.4495269881875 2545.879375750829
270.5907861944451 66.14416391776984 39633456308686487 4 406-412-413-440 0.7689634920334367 1.0 15 0.37041258315090847 1.0 [-1,-1] 1.0 1.0 1.0 0.0007242712797402853 0.12498917450484462 2780.141896658181 11.593580688530102 -1124.3317928929944 2542.6231678978684
273.28777320370165 65.29021122547299 39633446359793876 3 406-412-414 0.7069245130026993 1.0 15 1.6378408109449076 1.0 [-1,-1] 1.0 1.0 1.0 0.0005639081233901963 0.1550231922816235 2599.756050544779 62.32652109234496 -1084.967243874152 2361.713997678982
272.62230493613174 64.98782078962692 39633443805464499 3 406-412-414 0.7656500611859964 1.0 15 1.5819974684132767 1.0 [-1,-1] 1.0 1.0 1.0 0.0007242712797402853 0.12498917450484462 2770.678384632041 53.59709180580651 -1170.246305309644 2510.8384352097014
272.6417737417284 65.00148230634832 39633443805464641 3 406-412-414 0.8501472543200701 1.0 15 1.5790393748976754 1.0 [-1,-1] 1.0 1.0 1.0 0.0006576102792991648 0.1359368301360722 3006.1880995045253 58.55438336021886 -1269.0493602470206 2724.56455145562
272.616475421487 64.97846398959233 39633443805464455 3 406-412-414 0.535070030564201 1.0 15 1.5864535091094254 1.0 [-1,-1] 1.0 1.0 1.0 0.0006094867785671962 0.14511252611805409 2063.006793081801 39.8328963360055 -871.6573977713804 1869.39127781788
272.7150694651132 64.965467581971 39633443805465150 3 406-412-414 0.9487273548007688 1.0 15 1.6261314563345322 1.0 [-1,-1] 1.0 1.0 1.0 0.0003671239319408774 0.21984967794317842 3266.2665703562025 65.47213998607366 -1380.616249606464 2959.4103262026197
273.50582042211187 65.45338637399894 39633448888960684 3 406-412-414 0.9540542219760717 1.0 15 1.6515085873303246 1.0 [-1,-1] 1.0 1.0 1.0 0.0003767415448896098 0.21544643941305056 3279.8901339306844 83.32143161857849 -1360.0260216745958 2983.4654430807213
270.79718940986845 64.52406212923911 39633438621304594 4 406-412-414-440 0.5868166130228887 1.0 15 1.5610706710200495 1.0 [-1,-1] 1.0 1.0 1.0 0.0005369919189708607 0.1615383650856205 2230.5719387002755 13.348819781548308 -959.3475162828405 2013.6845149450523
270.79570349421726 64.52571858511547 39633438621304578 4 406-412-414-440 0.5166823947635534 1.0 15 1.55930186410719 1.0 [-1,-1] 1.0 1.0 1.0 0.0006888416087567301 0.1305783864573065 2002.1858144258697 11.958988798803778 -861.0689020462719 1807.5301834281831
272.55669683369325 67.2254165951326 39633465892671275 3 406-412-415 0.44294789853303085 1.0 15 1.6462027537335477 1.0 [-1,-1] 1.0 1.0 1.0 0.0006285113834356281 0.1413409039925048 1751.396679568033 30.243188050822038 -677.3023463215687 1614.8489745006348
273.1527174361511 66.69680334677506 39633461165686838 3 406-412-415 0.9272823994632605 1.0 15 1.5300798779560412 1.0 [-1,-1] 1.0 1.0 1.0 0.00042618922305278896 0.1953324009783564 3210.983162852069 69.86086723840504 -1268.3319416442205 2949.0450008694643
273.5579008077973 65.95783943832342 39633453875987816 3 406-412-415 0.4692137942163192 1.0 15 1.5586208357001954 1.0 [9005992806950271871,-4503603939311779] 0.828125 1.0 1.205607476635514 0.0005330850268982689 0.1625298359500762 1842.0124086231804 46.570936207206984 -749.0055608387926 1682.210311243847
273.5537087343618 65.94870036469551 39633453875987787 4 406-412-415-439 0.5130016618708393 0.8571428571428571 15 1.5575866879490092 1.0 [-1,-1] 1.0 1.0 1.0 0.0006888416087567301 0.1305783864573065 1989.9294642101213 50.269434479888446 -809.4450962476838 1817.1656205886218
270.6796761807576 67.54331154443624 39633468212119798 4 406-412-415-439 1.052197433362941 0.8571428571428571 15 1.568599811759426 1.0 [-1,-1] 1.0 1.0 1.0 0.00014839258087788972 0.41078905010633954 3523.3930495074414 15.965280803629344 -1345.7883716256413 3256.2090457959566
273.5850252708526 65.95361194194729 39633453875988022 4 406-412-415-439 1.0947053214042333 0.8571428571428571 15 1.569946949291782 1.0 [-1,-1] 1.0 1.0 1.0 5.9370222311395755e-05 0.6353792046182113 3624.604284490331 92.35256267966865 -1474.0495410501294 3310.0460984466763
270.9117026430357 67.37325830997757 39633465884280554 4 406-412-415-439 0.6409589702999204 0.8571428571428571 15 1.431665319925783 1.0 [-1,-1] 1.0 1.0 1.0 0.0007982518636535506 0.11473445525619816 2400.339402053937 14.693885074590032 -923.3564791254287 2215.5870886180846
273.18444713998787 66.86333685937463 39633461165687024 4 406-412-415-439 0.5342872954105209 0.8571428571428571 15 1.6175405612741356 1.0 [2183235218435345446,-6194829466035107903] 0.4765625 1.0 2.0806451612903225 0.0006094867785671962 0.14511252611805409 2060.4315169755664 44.97346320560873 -808.3462238896224 1894.711536376162
