EDR/data_rosette/LRG_6_clustering_data.ecsv
# %ECSV 1.0
# ---
# datatype:
# - {name: RA, unit: deg, datatype: float64}
# - {name: DEC, unit: deg, datatype: float64}
# - {name: TARGETID, datatype: int64}
# - {name: NTILE, datatype: int64}
# - {name: TILES, datatype: string}
# - {name: Z, datatype: float64}
# - {name: COMP_TILE, datatype: float64}
# - {name: ROSETTE_NUMBER, datatype: int32}
# - {name: ROSETTE_R, unit: deg, datatype: float64}
# - {name: FRACZ_TILELOCID, datatype: float64}
# - {name: BITWEIGHTS, datatype: string, subtype: 'int64[2]'}
# - {name: PROB_OBS, datatype: float64}
# - {name: WEIGHT_ZFAIL, datatype: float64}
# - {name: WEIGHT, datatype: float64}
# - {name: NZ, unit: h3 / Mpc3, datatype: float64}
# - {name: WEIGHT_FKP, datatype: float64}
# - {name: distance, unit: Mpc, datatype: float64}
# - {name: x, unit: Mpc, datatype: float64}
# - {name: y, unit: Mpc, datatype: float64}
# - {name: z, unit: Mpc, datatype: float64}
# meta: !!omap
# - {EXTNAME: LSS}
# - {DESIDR: edr}
# - comments: ['Visit https://desidatamodel.readthedocs.io/en/latest/ for a more complet', e description]
# schema: astropy-2.0
RA DEC TARGETID NTILE TILES Z COMP_TILE ROSETTE_NUMBER ROSETTE_R FRACZ_TILELOCID BITWEIGHTS PROB_OBS WEIGHT_ZFAIL WEIGHT NZ WEIGHT_FKP distance x y z
[from data line 375]
215.13173678324603 53.81517323789606 39633304562960335 11 163-164-165-166-167-168-169-170-171-173-460 0.6399260780215685 1.0 6 1.3335767389776803 1.0 [-1,-1] 1.0 1.0 1.0 0.0007982518636535506 0.11473445525619816 2397.1527871035555 -1157.4433807327086 -814.4230048101487 1934.7820224388045
213.88125608031785 52.96387199139854 39633293695519875 10 163-164-165-166-167-168-169-170-171-460 0.8019802115386531 1.0 6 1.0844075707745195 1.0 [-1,-1] 1.0 1.0 1.0 0.0008239664519383997 0.11155322342262282 2873.4114938670828 -1436.825327025747 -964.8244050277583 2293.7176068922804
217.55512771476558 53.1300618214776 39633297373922573 10 163-164-165-166-167-168-169-170-171-460 0.4068271464186157 1.0 6 1.3926902137865207 1.0 [-1,-1] 1.0 1.0 1.0 0.00024055914515870672 0.3007331513712552 1624.434124911828 -772.6796304796756 -594.0799795896409 1299.546610426352
215.57817514759245 51.73198361574351 39633275211220280 10 163-164-165-166-167-168-169-170-171-460 0.8089147105075026 1.0 6 0.7695150446860191 1.0 [-1,-1] 1.0 1.0 1.0 0.0008239664519383997 0.11155322342262282 2892.765452481187 -1457.1548605546643 -1042.3810981011702 2271.1744366631115
217.5304214391927 53.12391118683249 39633293733267880 10 163-164-165-166-167-168-169-170-171-460 0.8293187912812339 1.0 6 1.3766712962399814 1.0 [-1,-1] 1.0 1.0 1.0 0.000762533893525711 0.11946670068019369 2949.2451544606656 -1403.506110802484 -1078.1325622626546 2359.2048991638612
216.69763235745265 52.7393671004832 39633290067444730 9 163-164-165-166-167-168-169-170-172 0.6355886672061899 1.0 6 0.7654631787508842 1.0 [-1,-1] 1.0 1.0 1.0 0.0007982518636535506 0.11473445525619816 2383.7493698536205 -1157.175302694076 -862.4575052298958 1897.2014729029258
215.8381407074916 53.00295701057336 39633293716490270 9 163-164-165-166-167-168-169-170-172 0.5572399969715938 1.0 6 0.5430035320396182 1.0 [-1,-1] 1.0 1.0 1.0 0.0006724560872077301 0.13333590500666823 2135.4426594531105 -1041.7597381469625 -752.3955273841983 1705.5066608373008
216.6853652602311 52.73940039597985 39633290067444658 9 163-164-165-166-167-168-169-170-172 1.0755952984130346 1.0 6 0.7584033799004146 1.0 [-1,-1] 1.0 1.0 1.0 0.00012850791192818028 0.44600300211103894 3579.4117164839213 -1737.877555081324 -1294.6836194686732 2848.8180294863387
216.68304680744322 52.73987696907934 39633290067444634 9 163-164-165-166-167-168-169-170-172 0.5158351826816199 1.0 6 0.7572151049390156 1.0 [-1,-1] 1.0 1.0 1.0 0.0006888416087567301 0.1305783864573065 1999.3671289273068 -970.7522578654018 -723.1297126614771 1591.2863943207635
216.12454564328786 53.33302634951296 39633297357147492 9 163-164-165-166-167-168-169-170-172 0.9747989696913212 1.0 6 0.9141851088450358 1.0 [-1,-1] 1.0 1.0 1.0 0.00030269805442075816 0.25472307248715254 3332.5379247625065 -1607.452326249474 -1173.229546301943 2673.0952976838826
215.83660345808514 53.00296197806463 39633293716490248 9 163-164-165-166-167-168-169-170-172 0.7510664988044585 1.0 6 0.5426581259879198 1.0 [-1,-1] 1.0 1.0 1.0 0.0007242712797402853 0.12498917450484462 2728.7994969948504 -1331.250078062589 -961.4212862830852 2179.401072482868
216.88537031075307 51.35624443563925 39633267682445418 10 163-164-165-166-167-168-169-170-172-173 0.921326363255685 1.0 6 1.4275223219430129 1.0 [-1,-1] 1.0 1.0 1.0 0.00042618922305278896 0.1953324009783564 3195.5035772076335 -1596.089470013513 -1197.7407112699007 2495.8282601624333
214.18291401270318 53.71637610856364 39633304554570609 10 163-164-165-166-167-168-169-170-172-173 0.8250874513036898 1.0 6 1.4507030446204465 1.0 [-1,-1] 1.0 1.0 1.0 0.000762533893525711 0.11946670068019369 2937.5895851346154 -1438.100608318938 -976.7053727124082 2367.9834935993067
214.8698403635777 52.99214006441646 39633293708100596 10 163-164-165-166-167-168-169-170-172-173 0.9752984402753233 1.0 6 0.6226651380266631 1.0 [-1,-1] 1.0 1.0 1.0 0.00030269805442075816 0.25472307248715254 3333.7975864168725 -1646.3985467895995 -1147.2556101112298 2662.2138789729815
214.91186455255533 51.32279249751953 39633267661474633 10 163-164-165-166-167-168-169-170-172-173 0.6220438003173218 1.0 6 1.2318358770862639 1.0 [-1,-1] 1.0 1.0 1.0 0.0007056687116799521 0.12786279395313782 2341.664505110676 -1200.0216216578192 -837.5161595449595 1828.0884673751507
214.91261252478222 51.31600169778429 39633267661474639 10 163-164-165-166-167-168-169-170-172-173 0.48573116824745083 1.0 6 1.238199953601439 1.0 [-1,-1] 1.0 1.0 1.0 0.000668512811805897 0.13401699399284683 1898.268053108236 -972.9315211276469 -679.0448791743261 1481.7975262210086
214.1695043056886 53.311747060970966 39633297340367535 10 163-164-165-166-167-168-169-170-172-173 0.8967988867949233 1.0 6 1.1413958887691698 1.0 [-1,-1] 1.0 1.0 1.0 0.0005723615213970424 0.15308410280969617 3131.175369848386 -1547.824064708014 -1050.6962636470334 2510.8837533852698
215.07489775049703 52.72058129817545 39633290050667638 10 163-164-165-166-167-168-169-170-172-173 0.6297842822150553 1.0 6 0.33954336575687205 1.0 [-1,-1] 1.0 1.0 1.0 0.0007056687116799521 0.12786279395313782 2365.7572361228886 -1172.7247088079926 -823.4373915396161 1882.4119952426595
215.13855569941953 53.38198708693815 39633300964249092 10 163-164-165-166-167-168-169-170-172-173 0.808174788724438 1.0 6 0.9084826417380454 1.0 [-1,-1] 1.0 1.0 1.0 0.0008239664519383997 0.11155322342262282 2890.7042149329054 -1410.0183830834496 -992.3956950473334 2320.1658996824167
214.70541293462563 53.081597865789 39633293703908483 10 163-164-165-166-167-168-169-170-172-173 0.8937331806700977 1.0 6 0.7544068053395517 0.5 [-1,-1] 1.0 1.0 1.0 0.0005723615213970424 0.15308410280969617 3123.0685568450162 -1542.2047872021499 -1068.0887905442064 2496.8676257660513
214.9169559912657 51.31933901183213 39633267661474689 10 163-164-165-166-167-168-169-170-172-173 0.4857739950784469 1.0 6 1.2342218692764548 1.0 [-1,-1] 1.0 1.0 1.0 0.000668512811805897 0.13401699399284683 1898.4131884429053 -972.8836445390801 -679.1211481550438 1481.9799304885642
214.84565394355292 53.018676894693805 39633293708100373 10 163-164-165-166-167-168-169-170-172-173 0.6786623556390541 1.0 6 0.652551595177929 1.0 [-1,-1] 1.0 1.0 1.0 0.0008053318504768218 0.11384060807160488 2515.297970706145 -1241.783533683559 -864.530282508353 2009.2996111921316
215.6806817812829 51.15405790793647 39633267669862322 10 163-164-165-166-167-168-169-170-172-173 0.612200617242622 1.0 6 1.3505652609746204 1.0 [-1,-1] 1.0 1.0 1.0 0.0007056687116799521 0.12786279395313782 2310.8624879000054 -1177.350521254899 -845.4103849955255 1799.7812281013316
216.55916402480753 53.0487860478291 39633293724878082 10 163-164-165-166-167-168-169-170-172-173 0.8264312007410457 1.0 6 0.8436204669886854 1.0 [-1,-1] 1.0 1.0 1.0 0.000762533893525711 0.11946670068019369 2941.2942722623143 -1420.2240452709239 -1053.1817700780791 2350.5284121772693
215.62334480140947 51.030404512658286 39633263869821134 10 163-164-165-166-167-168-169-170-172-173 1.0753057514124502 1.0 6 1.4715761158821707 0.5 [-1,-1] 1.0 1.0 1.0 0.00012850791192818028 0.44600300211103894 3578.723126916435 -1829.5015468210981 -1310.9222787729043 2782.384964077152
216.36008478112322 52.34990229447734 39633282681276045 10 163-164-165-166-167-168-169-170-172-173 0.8190258183121097 1.0 6 0.545531070953456 1.0 [-1,-1] 1.0 1.0 1.0 0.000762533893525711 0.11946670068019369 2920.8404534132246 -1436.796085316886 -1057.7532065847258 2312.5925100356467
216.32213684720884 53.39264196572485 39633300976831381 10 163-164-165-166-167-168-169-170-172-173 0.8415813839211083 1.0 6 1.0208753100349133 1.0 [-1,-1] 1.0 1.0 1.0 0.0006366829495309179 0.1397804201853648 2982.8562057969457 -1433.1464980140283 -1053.6034981606804 2394.46067588404
217.17639654071945 52.88680931667892 39633293729073997 11 163-164-165-166-167-168-169-170-172-173-460 0.8650394776194891 1.0 6 1.0871376894625897 1.0 [-1,-1] 1.0 1.0 1.0 0.0006576102792991648 0.1359368301360722 3046.4671311790107 -1464.6490921595782 -1110.7784631190195 2429.390093019469
213.95469769639294 53.48459821813086 39633300955857374 11 163-164-165-166-167-168-169-170-172-173-460 0.9607786630054733 1.0 6 1.3544184183748296 1.0 [-1,-1] 1.0 1.0 1.0 0.0003767415448896098 0.21544643941305056 3297.0267771316817 -1627.3217520738042 -1095.7713064334052 2649.81031931495
215.75215438936473 52.09221921387495 39633278952539426 11 163-164-165-166-167-168-169-170-172-173-460 0.9241635257972046 1.0 6 0.43596573343510175 1.0 [-1,-1] 1.0 1.0 1.0 0.00042618922305278896 0.1953324009783564 3202.8841304377847 -1596.9943809414024 -1149.7626174295083 2527.077684562435
216.0625625446248 51.525451036563325 39633271457317405 11 163-164-165-166-167-168-169-170-172-173-460 0.6639141089233743 1.0 6 1.0342227868374558 1.0 [-1,-1] 1.0 1.0 1.0 0.0006371005092682059 0.1397016056866948 2470.6442545537975 -1242.5957261283347 -904.8733204636956 1934.2293472802787
213.59544300210055 52.13561024591068 39633282651916891 11 163-164-165-166-167-168-169-170-172-173-460 0.7970755136744001 1.0 6 1.2198695926350758 1.0 [-1,-1] 1.0 1.0 1.0 0.0008239664519383997 0.11155322342262282 2859.673616584749 -1462.064236947236 -971.2255496833845 2257.6142921396035
213.38421523039926 52.42431347741625 39633286351292576 11 163-164-165-166-167-168-169-170-172-173-460 0.8107592873112129 1.0 6 1.291289946725529 1.0 [-1,-1] 1.0 1.0 1.0 0.000762533893525711 0.11946670068019369 2897.899977076997 -1475.5820347440533 -972.3839264265471 2296.726243049169
215.44381797457112 52.92447271373495 39633293712296167 11 163-164-165-166-167-168-169-170-172-173-460 0.8632146624356526 1.0 6 0.4258350722378227 1.0 [-1,-1] 1.0 1.0 1.0 0.0006576102792991648 0.1359368301360722 3041.5508820817727 -1493.8474912199856 -1063.34251909962 2426.675530091124
215.9768350780505 52.32859588856182 39633282677081733 11 163-164-165-166-167-168-169-170-172-173-460 0.9298364911126547 1.0 6 0.3375931062180527 1.0 [-1,-1] 1.0 1.0 1.0 0.00042618922305278896 0.1953324009783564 3217.604402875388 -1591.303009612605 -1155.1666174935817 2546.8260464408213
214.72364095820956 52.90532264747861 39633293703908624 11 163-164-165-166-167-168-169-170-172-173-460 0.6787330383710385 1.0 6 0.6209577563785029 1.0 [-1,-1] 1.0 1.0 1.0 0.0008053318504768218 0.11384060807160488 2515.511014929944 -1246.9921925326796 -864.2197683574047 2006.4721104407834
215.29857770683637 51.93556792187312 39633278948344892 11 163-164-165-166-167-168-169-170-172-173-460 0.9700758109642582 1.0 6 0.5777640570994056 1.0 [-1,-1] 1.0 1.0 1.0 0.00030269805442075816 0.25472307248715254 3320.60777049786 -1670.9172998871877 -1183.0131234536202 2614.3739771052246
216.31490406455268 53.39644999321098 39633300976831297 11 163-164-165-166-167-168-169-170-172-173-460 0.6894053318272815 1.0 6 1.0220956109400647 1.0 [-1,-1] 1.0 1.0 1.0 0.0008053318504768218 0.11384060807160488 2547.5733284392322 -1224.0140512231842 -899.6180045592753 2045.1422718373274
213.48931441681015 52.434004229675566 39633286351293600 11 163-164-165-166-167-168-169-170-172-173-460 0.6486427268563659 1.0 6 1.22668296516188 1.0 [-1,-1] 1.0 1.0 1.0 0.0007982518636535506 0.11473445525619816 2423.9820238966645 -1232.502642843111 -815.4451842466906 1921.3732690572638
216.85956137932428 53.36339577777636 39633297365535223 11 163-164-165-166-167-168-169-170-172-173-460 0.8419814226478899 1.0 6 1.190348720475682 1.0 [-1,-1] 1.0 1.0 1.0 0.0006366829495309179 0.1397804201853648 2983.9485165729316 -1424.700242207321 -1068.123644406888 2394.4289193189984
215.65927528308677 51.76898769890068 39633275211220965 11 163-164-165-166-167-168-169-170-172-173-460 0.8371550450988601 1.0 6 0.7375202757477665 1.0 [-1,-1] 1.0 1.0 1.0 0.0006366829495309179 0.1397804201853648 2970.7524699030473 -1493.6978177616515 -1071.721695396626 2333.591582575091
215.8419111231275 51.92969086730251 39633278952540196 11 163-164-165-166-167-168-169-170-172-173-460 0.6813033356968182 1.0 6 0.6075658009895062 1.0 [-1,-1] 1.0 1.0 1.0 0.0008053318504768218 0.11384060807160488 2523.2519016206043 -1261.2744073085466 -911.0630432160129 1986.4418339801564
215.63854471449784 51.746680942273514 39633275211220774 11 163-164-165-166-167-168-169-170-172-173-460 0.8083738000204496 1.0 6 0.7581058142553939 1.0 [-1,-1] 1.0 1.0 1.0 0.0008239664519383997 0.11155322342262282 2891.2587012844524 -1454.82405464691 -1043.0327863070952 2270.450716149161
215.65449750116073 51.784543116081835 39633275211220920 11 163-164-165-166-167-168-169-170-172-173-460 1.0564813719772224 1.0 6 0.7217117448968164 1.0 [-1,-1] 1.0 1.0 1.0 0.00014839258087788972 0.41078905010633954 3533.7065943603648 -1776.2456975148036 -1274.2242165363057 2776.398055589024
214.37985000377506 52.44329352122042 39633286363873435 11 163-164-165-166-167-168-169-170-172-173-460 0.7430114347302263 1.0 6 0.6846890700931465 1.0 [-1,-1] 1.0 1.0 1.0 0.0006073340474539246 0.1455520198534496 2705.5088624282707 -1361.0494657805607 -931.2271178354597 2144.793372654865
216.7120124169772 51.39804071502289 39633271461513919 11 163-164-165-166-167-168-169-170-172-173-460 0.46247417105562516 1.0 6 1.3312651746773003 1.0 [-1,-1] 1.0 1.0 1.0 0.0005330850268982689 0.1625298359500762 1818.8972071729443 -909.7300029367372 -678.388590378702 1421.4665991370528
216.99663661273257 52.35848266680423 39633282689663246 11 163-164-165-166-167-168-169-170-172-173-460 0.7918473737595898 1.0 6 0.9234506760876071 1.0 [-1,-1] 1.0 1.0 1.0 0.0008239664519383997 0.11155322342262282 2844.9848835746825 -1387.6799004467623 -1045.5640985829734 2252.793642884072
216.5588127087122 51.711891307948136 39633275219609924 11 163-164-165-166-167-168-169-170-172-173-460 0.5797831397669089 1.0 6 1.0217594554175191 1.0 [-1,-1] 1.0 1.0 1.0 0.0005369919189708607 0.1615383650856205 2208.104490229054 -1098.9826720478284 -814.9514766470561 1733.1522198061857
215.19470491992382 53.10408231524194 39633293712294118 11 163-164-165-166-167-168-169-170-172-173-460 0.7387980685065475 1.0 6 0.6316489775249158 1.0 [-1,-1] 1.0 1.0 1.0 0.0006073340474539246 0.1455520198534496 2693.280786249376 -1321.365957659369 -931.9382747636554 2153.8905384326144
216.30698239389602 53.47650790378091 39633300976831226 11 163-164-165-166-167-168-169-170-172-173-460 0.4702575631239151 1.0 6 1.0906500837083875 1.0 [-1,-1] 1.0 1.0 1.0 0.000668512811805897 0.13401699399284683 1845.5839038512759 -885.1552421375062 -650.377258078089 1483.1350463279582
217.17404020713238 52.872298829196154 39633290071639626 11 163-164-165-166-167-168-169-170-172-173-460 0.7219095573910231 1.0 6 1.0808781533256697 1.0 [-1,-1] 1.0 1.0 1.0 0.0005823912580269674 0.15084542533972659 2643.9514898447615 -1271.5968377870306 -964.2867661113645 2108.0018964613964
215.20071759847536 51.508065680863936 39633271448928282 11 163-164-165-166-167-168-169-170-172-173-460 0.8142414472787961 1.0 6 1.0088969340811118 1.0 [-1,-1] 1.0 1.0 1.0 0.000762533893525711 0.11946670068019369 2907.577277640298 -1478.765123658703 -1043.1817813581665 2275.7484715018986
215.1396922207367 51.56043779193906 39633271444737653 11 163-164-165-166-167-168-169-170-172-173-460 1.0231012940828308 1.0 6 0.9653556762077761 1.0 [-1,-1] 1.0 1.0 1.0 0.00020130102782971312 0.3394727840281335 3452.658697891687 -1755.2858366635166 -1235.4530570857085 2704.3445526547016
216.63786456377426 51.79884072502017 39633275219610557 11 163-164-165-166-167-168-169-170-172-173-460 1.0122489367371577 1.0 6 0.9894742947316458 1.0 [-1,-1] 1.0 1.0 1.0 0.00020130102782971312 0.3394727840281335 3425.9664584727157 -1700.0949162511718 -1264.3459784819638 2692.2764897041106
216.50177104784348 53.398052026990285 39633300981023474 11 163-164-165-166-167-168-169-170-172-173-460 0.7304139342534636 1.0 6 1.0820206105272223 1.0 [-1,-1] 1.0 1.0 1.0 0.0006073340474539246 0.1455520198534496 2668.8550011802386 -1279.1566712178674 -946.5873360484143 2142.5493326960673
