EDR/data_rosette/LRG_0_clustering_data.ecsv
# %ECSV 1.0
# ---
# datatype:
# - {name: RA, unit: deg, datatype: float64}
# - {name: DEC, unit: deg, datatype: float64}
# - {name: TARGETID, datatype: int64}
# - {name: NTILE, datatype: int64}
# - {name: TILES, datatype: string}
# - {name: Z, datatype: float64}
# - {name: COMP_TILE, datatype: float64}
# - {name: ROSETTE_NUMBER, datatype: int32}
# - {name: ROSETTE_R, unit: deg, datatype: float64}
# - {name: FRACZ_TILELOCID, datatype: float64}
# - {name: BITWEIGHTS, datatype: string, subtype: 'int64[2]'}
# - {name: PROB_OBS, datatype: float64}
# - {name: WEIGHT_ZFAIL, datatype: float64}
# - {name: WEIGHT, datatype: float64}
# - {name: NZ, unit: h3 / Mpc3, datatype: float64}
# - {name: WEIGHT_FKP, datatype: float64}
# - {name: distance, unit: Mpc, datatype: float64}
# - {name: x, unit: Mpc, datatype: float64}
# - {name: y, unit: Mpc, datatype: float64}
# - {name: z, unit: Mpc, datatype: float64}
# meta: !!omap
# - {EXTNAME: LSS}
# - {DESIDR: edr}
# - comments: ['Visit https://desidatamodel.readthedocs.io/en/latest/ for a more complet', e description]
# schema: astropy-2.0
RA DEC TARGETID NTILE TILES Z COMP_TILE ROSETTE_NUMBER ROSETTE_R FRACZ_TILELOCID BITWEIGHTS PROB_OBS WEIGHT_ZFAIL WEIGHT NZ WEIGHT_FKP distance x y z
[from data line 1301]
150.63178646766136 2.1336080177906958 39627841612025069 10 1-2-3-4-6-7-8-9-11-442 0.8156311318157206 1.0 0 0.5336081899793693 1.0 [-1,-1] 1.0 1.0 1.0 0.0006627118749498285 0.13533979738261318 2911.433689290714 -2535.51473655349 1426.8364489204453 108.39232394001907
151.2524287185845 1.8995932630293475 39627835584807016 10 1-2-3-4-6-7-8-9-11-442 0.9346466696336116 1.0 0 1.185815561031943 1.0 [-1,-1] 1.0 1.0 1.0 0.0004445766401596716 0.18918261239264766 3230.0470791914468 -2830.3782644310927 1552.6426043943784 107.06986993862124
150.4470932606076 2.1273065897657153 39627841607832450 10 1-2-3-4-6-7-8-9-11-442 0.8478475783091824 1.0 0 0.3511335897461307 1.0 [-1,-1] 1.0 1.0 1.0 0.0006232532477076302 0.14268566385842998 2999.9359875802397 -2607.847657670983 1478.6297781082044 111.35754689592197
151.1634281769144 2.1227941494301006 39627835580615684 10 1-2-3-4-6-7-8-9-11-442 1.0876972488357681 1.0 0 1.064325836751662 1.0 [-1,-1] 1.0 1.0 1.0 0.0001075182622224553 0.4910338705006151 3608.0891170678838 -3158.513393490098 1739.0337478398146 133.64820882291366
149.8776000025414 3.0704113475856207 39627859718835129 10 1-2-3-4-6-7-8-9-11-442 0.6069497384844008 1.0 0 0.9157683347934052 1.0 [-1,-1] 1.0 1.0 1.0 0.0007756247847600315 0.11796159141779075 2294.3553826218235 -1981.6659769749183 1149.7668966744388 122.8928833472706
150.63692728066013 2.127805997122024 39627841612025170 10 1-2-3-4-6-7-8-9-11-442 0.9755290898919042 1.0 0 0.5392775427337538 1.0 [-1,-1] 1.0 1.0 1.0 0.0003578035202613049 0.22475091060875194 3334.379157999836 -2904.0078144148847 1633.8593169954472 123.80111222500538
149.90545803882932 2.7335086259048844 39627853679037281 10 1-2-3-4-6-7-8-9-11-442 0.9972811747810916 1.0 0 0.5847550329257236 1.0 [-1,-1] 1.0 1.0 1.0 0.0002622817504223413 0.28340640119267335 3388.8722162938243 -2928.713280662043 1697.342987855864 161.61744837274702
150.04165030616852 2.550416462226609 39627847643431925 10 1-2-3-4-6-7-8-9-11-442 0.8908802139292169 1.0 0 0.37300075217862033 1.0 [-1,-1] 1.0 1.0 1.0 0.0005275616701708153 0.16431404058018498 3115.5109510850675 -2696.56957509907 1554.2526250969856 138.63545852390914
149.10302425127446 2.118759439217003 39627835547060615 10 1-2-3-4-6-7-8-9-11-442 0.7494542337421213 1.0 0 0.9982787428469521 1.0 [-1,-1] 1.0 1.0 1.0 0.0007126833197713517 0.12705585074725267 2724.146857263894 -2335.9705583781774 1397.8820793057544 100.71416328857343
150.67391549996822 2.262646263241397 39627841612025968 10 1-2-3-4-6-7-8-9-11-442 0.9730143099765022 1.0 0 0.5791264855187379 1.0 [-1,-1] 1.0 1.0 1.0 0.0003578035202613049 0.22475091060875194 3328.0339894723793 -2899.272213506292 1628.7317187147205 131.3919918654056
150.31425294024555 3.5680591412601004 39627871794235589 9 1-2-3-4-6-7-8-9-442 1.0344797809790385 1.0 0 1.4024787091527784 1.0 [-1,-1] 1.0 1.0 1.0 0.00017111768859933566 0.3774092623312036 3480.463565870349 -3017.808065244582 1720.3325188834262 216.60364532460085
150.03503464063786 2.553144766250024 39627847643431778 9 1-2-3-4-6-7-8-9-442 0.8885572221710646 1.0 0 0.37677807554902026 1.0 [-1,-1] 1.0 1.0 1.0 0.0005690156306133545 0.15418916366201427 3109.3477410507576 -2691.0502934121105 1551.4853905497864 138.50911888616037
150.1342228557113 3.6682345649394392 39627877821451769 9 1-2-3-4-6-7-8-9-442 0.5380792970884528 1.0 0 1.4866274818809366 1.0 [-1,-1] 1.0 1.0 1.0 0.0007045118177349687 0.128340413101622 2072.89620375613 -1793.9210042971501 1030.1250068362979 132.6219143980227
150.12908920589254 3.6649692612699245 39627877821451665 9 1-2-3-4-6-7-8-9-442 0.5380536683300596 1.0 0 1.4832537757137425 1.0 [-1,-1] 1.0 1.0 1.0 0.0007045118177349687 0.128340413101622 2072.8120556409103 -1793.7624301921087 1030.247674993105 132.4986423058693
150.10747521099333 3.6524764065944426 39627877821451279 9 1-2-3-4-6-7-8-9-442 0.501242018832674 1.0 0 1.470495356440782 1.0 [-1,-1] 1.0 1.0 1.0 0.0005337442823398631 0.16272042362546515 1950.588101251379 -1687.6503969424966 970.1490544874247 124.26137984285143
150.00484503338862 2.6766729661026036 39627853683228838 8 1-2-3-4-6-7-9-10 0.6317747093041326 1.0 0 0.5037256065238428 1.0 [-1,-1] 1.0 1.0 1.0 0.000833303205902425 0.11070054926254569 2371.934227144327 -2052.0143241270343 1184.4996710513497 110.7687715715506
148.95679661995874 3.1745916482571013 39627865737663208 8 1-2-3-4-6-7-9-10 0.49269815583946414 1.0 0 1.5130319108048518 1.0 [-1,-1] 1.0 1.0 1.0 0.0005337442823398631 0.16272042362546515 1921.8291698392352 -1644.0554809036762 989.5362127213398 106.42846174146148
149.79810211997653 1.8010486403611623 39627829519844276 9 1-2-3-4-6-7-9-10-11 0.662047511169493 1.0 0 0.48595870296048954 1.0 [-1,-1] 1.0 1.0 1.0 0.000700708733790897 0.12894715825466588 2464.9640557651064 -2129.3128165978846 1239.3840786574772 77.47148414933953
148.6879344235119 1.9081039885507054 39627835538672923 9 1-2-3-4-6-7-9-10-11 0.7457072022482216 1.0 0 1.4374996104203803 1.0 [-1,-1] 1.0 1.0 1.0 0.0007126833197713517 0.12705585074725267 2713.316157500296 -2316.8346954543645 1409.3259091351622 90.34404424975722
148.90352757074353 1.4743495700900122 39627823463271381 9 1-2-3-4-6-7-9-10-11 0.6840597750066877 1.0 0 1.3895467445571412 1.0 [-1,-1] 1.0 1.0 1.0 0.0007209928471550773 0.12577569469930108 2531.5399376992295 -2167.0371767247934 1307.0584368431698 65.13504076873909
150.78987735842108 1.715516298186785 39627829536621458 10 1-2-3-4-6-7-9-10-11-442 0.8385344552104065 1.0 0 0.8324570931292848 1.0 [-1,-1] 1.0 1.0 1.0 0.0006232532477076302 0.14268566385842998 2974.527897533532 -2595.1109732021628 1450.9602543892136 89.04824621386688
150.40450416344933 0.9721132429771423 39627811408841879 10 1-2-3-4-6-7-9-10-11-442 0.4879956895172256 1.0 0 1.2475876998966415 1.0 [-1,-1] 1.0 1.0 1.0 0.00048380039118235755 0.17655271186088778 1905.9371247306651 -1657.0381382930414 941.156382144876 32.33567715224161
150.05770381543172 3.154674984737896 39627865758632206 10 1-2-3-4-6-7-9-10-11-442 0.7283035024553197 1.0 0 0.973592149083118 1.0 [-1,-1] 1.0 1.0 1.0 0.0006167714992318164 0.14396928707710532 2662.6869870809182 -2303.7977788229277 1327.006458570436 146.5320591984962
151.29419252438964 1.647374279535287 39627829545010000 10 1-2-3-4-6-7-9-10-11-442 0.4177189387428472 1.0 0 1.307791282699289 1.0 [-1,-1] 1.0 1.0 1.0 0.0006262316776515472 0.14210347001521706 1663.006503299387 -1458.015953279544 798.432509137684 47.80835021729314
150.96799637645967 1.1711841512322503 39627817457029702 10 1-2-3-4-6-7-9-10-11-442 0.9695582402662491 1.0 0 1.3321042974511152 1.0 [-1,-1] 1.0 1.0 1.0 0.00041974738576830407 0.19815580287489248 3319.298422825058 -2901.6181927279313 1610.5126274590548 67.84511916226393
150.40692348076155 2.9273787962180196 39627859727224432 10 1-2-3-4-6-7-9-10-11-442 0.8264468735934141 1.0 0 0.8059795796148903 1.0 [-1,-1] 1.0 1.0 1.0 0.0006627118749498285 0.13533979738261318 2941.3374642711606 -2554.3159855442727 1450.6451996216895 150.21461158169814
149.40217177669155 2.042737612207799 39627835551255910 10 1-2-3-4-6-7-9-10-11-442 0.900405201350293 1.0 0 0.7111233330773641 1.0 [-1,-1] 1.0 1.0 1.0 0.0005275616701708153 0.16431404058018498 3140.692762892954 -2701.6688965057883 1597.624312051743 111.94981948429619
150.335428014953 2.988124063508328 39627859727222687 10 1-2-3-4-6-7-9-10-11-442 0.4992586985406632 1.0 0 0.8397313185538804 1.0 [-1,-1] 1.0 1.0 1.0 0.0005337442823398631 0.16272042362546515 1943.9253948885078 -1686.8534432644306 960.7823147455641 101.3348188508324
149.57422471732838 2.182367667788872 39627841595246143 10 1-2-3-4-6-7-9-10-11-442 0.8323722082238755 1.0 0 0.525394118943043 1.0 [-1,-1] 1.0 1.0 1.0 0.0006232532477076302 0.14268566385842998 2957.6376049516957 -2548.479511811199 1496.7255528571927 112.62770319635604
150.96991865026934 1.1899340111268273 39627817457029745 10 1-2-3-4-6-7-9-10-11-442 0.8184882283607405 1.0 0 1.3191964852646167 1.0 [-1,-1] 1.0 1.0 1.0 0.0006627118749498285 0.13533979738261318 2919.3520608508884 -2552.028947451945 1416.3648020693465 60.625522848939546
150.7923614929163 1.7169701598244893 39627829536621524 10 1-2-3-4-6-7-9-10-11-442 0.8395476210008614 1.0 0 0.8337024652657054 1.0 [-1,-1] 1.0 1.0 1.0 0.0006232532477076302 0.14268566385842998 2977.298923819369 -2597.589529795041 1452.1982227763822 89.20671634057011
148.7412415723385 1.9417096860153609 39627835538673943 10 1-2-3-4-6-7-9-10-11-442 0.8815154141353505 1.0 0 1.378974705983712 1.0 [-1,-1] 1.0 1.0 1.0 0.0005690156306133545 0.15418916366201427 3090.6124730827964 -2640.4391986432834 1602.8101413966606 104.71842091528762
149.95334806355817 2.660375810204378 39627853679038306 10 1-2-3-4-6-7-9-10-11-442 0.8918373843160989 1.0 0 0.5003116016461414 1.0 [-1,-1] 1.0 1.0 1.0 0.0005275616701708153 0.16431404058018498 3118.0479644312354 -2696.129461628716 1559.5394733239066 144.72617515851002
150.27684892441474 1.8517916171049027 39627829528232492 10 1-2-3-4-6-7-9-10-11-442 0.96981864703799 1.0 0 0.3745320980952053 1.0 [-1,-1] 1.0 1.0 1.0 0.00041974738576830407 0.19815580287489248 3319.9572485557837 -2881.6489120077927 1645.2070626942202 107.28187649109614
150.5166169905522 3.346321270696957 39627865767019613 10 1-2-3-4-6-7-9-10-11-442 0.6028813032927699 1.0 0 1.2364481684297968 1.0 [-1,-1] 1.0 1.0 1.0 0.0007756247847600315 0.11796159141779075 2281.5291737576895 -1982.6813207033704 1120.9881608707776 133.17542727146105
149.92675287846038 2.6475127318856924 39627853679037761 10 1-2-3-4-6-7-9-10-11-442 0.8873818725350285 1.0 0 0.49665201243382767 1.0 [-1,-1] 1.0 1.0 1.0 0.0005690156306133545 0.15418916366201427 3106.226117452278 -2685.21378896112 1554.8893358601397 143.48084730768545
150.08883171132166 1.4986380526801193 39627823484241778 10 1-2-3-4-6-7-9-10-11-442 0.7675389013575632 1.0 0 0.6834531085585042 1.0 [-1,-1] 1.0 1.0 1.0 0.0006416626200019751 0.139161677870846 2776.0754418795686 -2405.4779042841474 1383.835136076939 72.60321732891296
149.07941708210132 2.8785976414484846 39627859706250683 10 1-2-3-4-6-7-9-10-11-442 0.7683062026574207 1.0 0 1.2348257994769078 1.0 [-1,-1] 1.0 1.0 1.0 0.0006416626200019751 0.139161677870846 2778.2661183749815 -2380.412521882004 1425.8091932211341 139.52417247144743
151.07105383593824 2.769047541123169 39627853700007448 10 1-2-3-4-6-7-9-10-11-442 0.5315788794848917 1.0 0 1.1339324874311087 1.0 [-1,-1] 1.0 1.0 1.0 0.0007045118177349687 0.128340413101622 2051.511125384378 -1793.4276093819437 991.2077163033089 99.10888266559101
150.40563802574204 2.9297181261505263 39627859727224397 10 1-2-3-4-6-7-9-10-11-442 0.824335736195303 1.0 0 0.8076570473819232 1.0 [-1,-1] 1.0 1.0 1.0 0.0006627118749498285 0.13533979738261318 2935.515814569098 -2549.222542452315 1447.8281756783997 150.03699660413
151.2934522003389 1.642587698645953 39627829545009987 10 1-2-3-4-6-7-9-10-11-442 0.8443709113403575 1.0 0 1.3090825601339893 1.0 [-1,-1] 1.0 1.0 1.0 0.0006232532477076302 0.14268566385842998 2990.467575411699 -2621.8352320605863 1435.8023202473978 85.72066662552919
150.49063884335436 2.747913311451351 39627853687428425 10 1-2-3-4-6-7-9-10-11-442 0.6098383421146382 1.0 0 0.6874395037314097 1.0 [-1,-1] 1.0 1.0 1.0 0.0007756247847600315 0.11796159141779075 2303.4427707030877 -2002.3241320192608 1133.2923916361394 110.43107939918467
149.46529704853873 3.3404892195243696 39627865750241428 9 1-2-3-4-6-7-9-10-442 0.7874313939681724 1.0 0 1.3206045591094464 1.0 [-1,-1] 1.0 1.0 1.0 0.0007324854237337303 0.12404708914385561 2832.541733347432 -2435.5839949683054 1436.6563614633928 165.05082149408068
151.00837459020082 1.1562129643056112 39627817461219538 9 1-2-3-4-6-7-9-10-442 0.748533606825646 1.0 0 1.3699128785269983 1.0 [-1,-1] 1.0 1.0 1.0 0.0007126833197713517 0.12705585074725267 2721.4880899040268 -2379.975269827853 1318.7871188845147 54.915148744104066
150.6554696876359 2.2693990027734507 39627841612025555 9 1-2-3-4-6-7-9-10-442 0.4674849020413005 1.0 0 0.5618894329306093 1.0 [-1,-1] 1.0 1.0 1.0 0.0005635091211985168 0.1554616369400361 1836.0916727704275 -1599.2449973294324 899.0895042958891 72.70579480799263
151.03214127720997 1.2438637299972268 39627817461220004 9 1-2-3-4-6-7-9-10-442 0.9846636797740386 1.0 0 1.3221918118836031 1.0 [-1,-1] 1.0 1.0 1.0 0.0003578035202613049 0.22475091060875194 3357.3480845620534 -2936.6232590498407 1625.6439959332988 72.88068198087197
149.51008498880861 3.1430879663054694 39627865750242357 9 1-2-3-4-6-7-9-10-442 0.7394013339101949 1.0 0 1.127355596780214 1.0 [-1,-1] 1.0 1.0 1.0 0.0007126833197713517 0.12705585074725267 2695.0335086859245 -2318.8667025897425 1365.3671533392107 147.7679435565136
150.99049299504978 2.1054662414362904 39627835576423228 9 1-2-3-4-6-7-9-10-442 0.8369238773356875 1.0 0 0.8931547908202092 1.0 [-1,-1] 1.0 1.0 1.0 0.0006232532477076302 0.14268566385842998 2970.119460063965 -2595.732468725398 1439.4010985743375 109.11936252745241
150.63639113827617 1.110010271341256 39627811413035781 8 1-2-3-4-6-7-9-11 0.6705559590447998 1.0 0 1.1985956923791303 1.0 [-1,-1] 1.0 1.0 1.0 0.0007209928471550773 0.12577569469930108 2490.8036261570483 -2170.391336709431 1221.137125569093 48.2521519789893
150.10117697260085 2.7293087137574426 39627853683230987 8 1-2-3-4-6-7-9-11 0.699324746576897 1.0 0 0.5473099769476598 1.0 [-1,-144397766859685963] 0.9375 1.0 1.0661157024793388 0.0005843703162771602 0.15074849413407446 2577.1876392949785 -2231.6476263625595 1283.1933005884139 122.71900101528608
149.19813828557665 2.7398358264331644 39627853666455225 8 1-2-3-4-6-7-9-11 0.8512135668264963 1.0 0 1.059730781231072 1.0 [-1,-1] 1.0 1.0 1.0 0.0006812235016579503 0.1321480675826358 3009.084144833621 -2581.678000934264 1539.1026601345877 143.83703190688823
150.92809095997703 3.3731187368718962 39627865771216881 8 1-2-3-4-6-7-9-11 0.6113115969485523 1.0 0 1.450125297205846 1.0 [-1,-1] 1.0 1.0 1.0 0.0007214233604467519 0.12571007283523317 2308.0713986185006 -2013.7839224337915 1119.564920998839 135.80236572607382
149.92708248527754 3.6712991802923 39627877817258439 9 1-2-3-4-6-7-9-11-442 0.484715651161075 1.0 0 1.4992774514707754 1.0 [-1,-1] 1.0 1.0 1.0 0.00048380039118235755 0.17655271186088778 1894.8254813832073 -1636.3948640780259 947.5518039903319 121.33026198286503
150.42086864551385 3.0243268028701977 39627859727224766 9 1-2-3-4-6-7-9-11-442 0.6840358756735032 1.0 0 0.9012529545615738 1.0 [-1,-1] 1.0 1.0 1.0 0.0007209928471550773 0.12577569469930108 2531.468137156378 -2198.4877196564717 1247.8559072881383 133.56013852854792
151.21707234733134 2.8572206290552185 39627853700010509 9 1-2-3-4-6-7-9-11-442 0.5228956489769563 1.0 0 1.3043570674010605 1.0 [-1,-1] 1.0 1.0 1.0 0.0006865842838717192 0.13125169390769817 2022.8132791978016 -1770.6911119315414 972.7587186028376 100.83166173266551
150.8812535446016 3.3807996844028843 39627871802625091 9 1-2-3-4-6-7-9-11-442 0.9294068393895778 1.0 0 1.4303909139410775 1.0 [-1,-1] 1.0 1.0 1.0 0.0004951280553168204 0.17321314004730964 3216.491274786443 -2805.078423541309 1562.4889530691762 189.68244541103334
149.41587701019714 3.498867124452768 39627871777459931 9 1-2-3-4-6-7-9-11-442 0.7074782059621176 1.0 0 1.4835744883446385 1.0 [-1,-1] 1.0 1.0 1.0 0.0005843703162771602 0.15074849413407446 2601.3962339662376 -2235.3235182322046 1321.1307146918723 158.76010087381275
151.070954446232 2.1474391452372554 39627841620411856 9 1-2-3-4-6-7-9-11-442 0.8037498041487536 1.0 0 0.9708768436530745 1.0 [-1,-1] 1.0 1.0 1.0 0.0007229154976227362 0.12548315978664992 2878.358073360238 -2517.425678984231 1391.359188000114 107.85526985969713
150.82118095773512 1.6959368106675239 39627829536622104 9 1-2-3-4-6-7-9-11-442 0.9828330393389324 1.0 0 0.8693450694486095 1.0 [-1,-1] 1.0 1.0 1.0 0.0003578035202613049 0.22475091060875194 3352.7548434899554 -2926.0159247438546 1633.8757764331071 99.22598387433914
