EDR/data_rosette/LRG_8_clustering_data.ecsv
# %ECSV 1.0
# ---
# datatype:
# - {name: RA, unit: deg, datatype: float64}
# - {name: DEC, unit: deg, datatype: float64}
# - {name: TARGETID, datatype: int64}
# - {name: NTILE, datatype: int64}
# - {name: TILES, datatype: string}
# - {name: Z, datatype: float64}
# - {name: COMP_TILE, datatype: float64}
# - {name: ROSETTE_NUMBER, datatype: int32}
# - {name: ROSETTE_R, unit: deg, datatype: float64}
# - {name: FRACZ_TILELOCID, datatype: float64}
# - {name: BITWEIGHTS, datatype: string, subtype: 'int64[2]'}
# - {name: PROB_OBS, datatype: float64}
# - {name: WEIGHT_ZFAIL, datatype: float64}
# - {name: WEIGHT, datatype: float64}
# - {name: NZ, unit: h3 / Mpc3, datatype: float64}
# - {name: WEIGHT_FKP, datatype: float64}
# - {name: distance, unit: Mpc, datatype: float64}
# - {name: x, unit: Mpc, datatype: float64}
# - {name: y, unit: Mpc, datatype: float64}
# - {name: z, unit: Mpc, datatype: float64}
# meta: !!omap
# - {EXTNAME: LSS}
# - {DESIDR: edr}
# - comments: ['Visit https://desidatamodel.readthedocs.io/en/latest/ for a more complet', e description]
# schema: astropy-2.0
RA DEC TARGETID NTILE TILES Z COMP_TILE ROSETTE_NUMBER ROSETTE_R FRACZ_TILELOCID BITWEIGHTS PROB_OBS WEIGHT_ZFAIL WEIGHT NZ WEIGHT_FKP distance x y z
[from data line 1155]
216.03331603844126 0.7086127040754547 39627806472143670 9 217-218-219-220-221-223-224-226-466 0.9528981090158111 0.75 8 1.3355090374271619 1.0 [-1,-1] 1.0 1.0 1.0 0.00041974738576830407 0.19815580287489248 3276.9370043275626 -2649.7746140042527 -1927.5290389914007 40.52689421606863
215.82772601429267 -0.5671214959821781 39627776268962013 8 217-218-219-220-221-223-224-227 0.9223635517806903 1.0 8 0.47339261794959125 1.0 [-1,-1] 1.0 1.0 1.0 0.0004951280553168204 0.17321314004730964 3198.2031492544347 -2592.9142275289423 -1871.9767912243265 -31.65573718060245
216.06813857005795 -0.6509285448337552 39627770233357887 8 217-218-219-220-221-223-224-227 0.5676712373907113 1.0 8 0.23737529281475198 1.0 [-1,-1] 1.0 1.0 1.0 0.000677088223595666 0.13284793461577618 2169.188766382006 -1753.2798779410227 -1277.0208620301714 -24.643290054702515
215.85300140301507 -1.3174152382152904 39627758149569109 9 217-218-219-220-221-223-224-227-466 0.7487577084525353 1.0 8 0.8452418710007646 1.0 [-1,-1] 1.0 1.0 1.0 0.0007126833197713517 0.12705585074725267 2722.135431395527 -2205.7684164085804 -1593.9542324666345 -62.5851806340573
216.54513943114853 0.02058053122678166 39627788361139210 9 217-218-219-220-221-223-224-227-466 0.5573030647413417 1.0 8 0.6672416447782814 1.0 [-1,-1] 1.0 1.0 1.0 0.000677088223595666 0.13284793461577618 2135.647333233917 -1715.753309743504 -1271.6837356747926 0.7671203020429016
215.78450948309748 -0.4086559422665401 39627776268960769 9 217-218-219-220-221-223-224-227-466 0.6347357408408769 1.0 8 0.5498383275555945 1.0 [-1,-1] 1.0 1.0 1.0 0.000833303205902425 0.11070054926254569 2381.109497722971 -1931.5591320321446 -1392.2906815822082 -16.98286162920239
215.035717200045 -0.5655682540171033 39627776256377902 9 217-218-219-220-221-223-224-227-466 0.8250144345234669 1.0 8 1.2646861759151873 1.0 [-1,-1] 1.0 1.0 1.0 0.0006627118749498285 0.13533979738261318 2937.388193564252 -2404.9996175810347 -1686.2341337999342 -28.994570762862136
216.69215110634377 -1.4206278702347537 39627752122357100 9 217-218-219-220-221-223-224-227-466 0.5665326012863815 1.0 8 0.9094845516696461 1.0 [-1,-1] 1.0 1.0 1.0 0.000677088223595666 0.13284793461577618 2165.5155555837973 -1735.9011699834473 -1293.5309753856345 -53.68766379150913
216.1336430865249 -0.026585225371515503 39627788352752829 9 217-218-219-220-221-223-224-227-466 0.7389417764770024 1.0 8 0.5970578430818471 1.0 [-1,-1] 1.0 1.0 1.0 0.0007126833197713517 0.12705585074725267 2693.698372478346 -2175.5484981954883 -1588.3948160654986 -1.2498752325941036
215.11923704430455 -1.1234867720763655 39627764176784169 9 217-218-219-220-221-223-224-227-466 0.6327865361519627 1.0 8 1.291477636737161 1.0 [-1,-1] 1.0 1.0 1.0 0.000833303205902425 0.11070054926254569 2375.0714097514906 -1942.3318987407417 -1366.0682091904766 -46.5687061473789
215.1157005474095 -1.1244116876434629 39627764176784089 9 217-218-219-220-221-223-224-227-466 0.6325250839657923 1.0 8 1.2950850992562537 1.0 [-1,-1] 1.0 1.0 1.0 0.000833303205902425 0.11070054926254569 2374.2609590061743 -1941.7527837245157 -1365.481781083147 -46.5911353049992
216.5493202381236 0.004168978352107117 39627788361139317 8 217-218-219-220-221-223-224-466 0.5629087975807505 1.0 8 0.6535889220118962 1.0 [-1,-1] 1.0 1.0 1.0 0.000677088223595666 0.13284793461577618 2153.808327023163 -1730.250153164435 -1282.6241431022495 0.1567162600514794
217.4745276603574 -0.3186831537638575 39627782333928995 8 217-218-219-220-221-223-225-226 0.5464390392445 1.0 8 1.2077097974599944 1.0 [-1,-1] 1.0 1.0 1.0 0.0007045118177349687 0.128340413101622 2100.2744524595523 -1666.8022247925355 -1277.8054054918741 -11.681813929025356
215.38017079121738 0.4914212075975625 39627800419765690 9 217-218-219-220-221-223-225-226-227 0.9357254591183652 1.0 8 1.427326059988853 1.0 [-1,-1] 1.0 1.0 1.0 0.0004445766401596716 0.18918261239264766 3232.8327483393045 -2635.722844754644 -1871.7381909785815 27.727401713373244
215.73603821014757 -1.8856674771087114 39627740025983625 9 217-218-219-220-221-223-225-226-227 0.7750369238236828 1.0 8 1.4038628049555228 1.0 [-1,-1] 1.0 1.0 1.0 0.0007324854237337303 0.12404708914385561 2797.4390231022862 -2269.4972822355753 -1632.9647687108313 -92.05019310132444
217.192577772728 -1.7135382162189867 39627746090946713 9 217-218-219-220-221-223-225-226-227 0.5871892103851243 1.0 8 1.4269942662321367 1.0 [-1,-1] 1.0 1.0 1.0 0.0006621615122706149 0.13543705131792066 2231.7594699788665 -1777.0429575865544 -1348.4862237360264 -66.73502173921491
215.4854347627056 -1.50770548626244 39627752101385302 9 217-218-219-220-221-223-225-226-227 0.7311167497904892 1.0 8 1.2195111462637822 1.0 [-1,-1] 1.0 1.0 1.0 0.0007126833197713517 0.12705585074725267 2670.907317301589 -2174.0683746773334 -1549.9141863364734 -70.27527898184304
216.44598683778867 0.07221768360024806 39627788356948035 9 217-218-219-220-221-223-225-226-227 0.9129086701692182 1.0 8 0.6878866726278702 1.0 [-1,-1] 1.0 1.0 1.0 0.0004951280553168204 0.17321314004730964 3173.5324141784527 -2552.8421808384014 -1885.2821495195212 4.000034575767359
215.61128535614515 -1.6605798034902948 39627746065778969 9 217-218-219-220-221-223-225-226-227 0.7214470748004254 1.0 8 1.2644996067521523 1.0 [-1,-1] 1.0 1.0 1.0 0.0006167714992318164 0.14396928707710532 2642.593500978185 -2147.4894976310366 -1538.0913519877492 -76.57846901731921
217.71147741221407 -0.8079090185283935 39627770258526705 9 217-218-219-220-221-223-225-226-227 0.8081218335445954 1.0 8 1.4266014572810302 1.0 [-1,-1] 1.0 1.0 1.0 0.0007229154976227362 0.12548315978664992 2890.556659702354 -2286.494983157012 -1767.9358941641276 -40.75744194047725
215.75972452409513 -1.0518336200343399 39627764189364490 10 217-218-219-220-221-223-225-226-227-466 0.935131508730736 1.0 8 0.704264898082429 1.0 [-1,-1] 1.0 1.0 1.0 0.0004445766401596716 0.18918261239264766 3231.2992600265993 -2621.6761145854894 -1888.0123896786565 -59.3167301886111
216.64898131335437 -1.2444663019673423 39627758162152627 10 217-218-219-220-221-223-225-226-227-466 0.8503028091571221 1.0 8 0.7328655650049554 1.0 [-1,-1] 1.0 1.0 1.0 0.0006812235016579503 0.1321480675826358 3006.6106933748983 -2411.6572695300597 -1794.2556046420768 -65.29855319683163
215.44949021962367 -0.9327755492288694 39627764180981161 10 217-218-219-220-221-223-225-226-227-466 0.9843430336552674 1.0 8 0.913222317466019 1.0 [-1,-1] 1.0 1.0 1.0 0.0003578035202613049 0.22475091060875194 3356.543912533903 -2733.969382437171 -1946.487269315827 -54.64213626797745
216.44424617224672 0.3360388325630182 39627794396746074 10 217-218-219-220-221-223-225-226-227-466 0.6384694890564998 1.0 8 0.9470876839488844 1.0 [-1,-1] 1.0 1.0 1.0 0.000833303205902425 0.11070054926254569 2392.6556010776235 -1924.7035102624045 -1421.3093622763079 14.032806469703875
216.6568835101515 -1.2443869536698378 39627758162152785 10 217-218-219-220-221-223-225-226-227-466 0.8492595131585795 1.0 8 0.7365908295155641 1.0 [-1,-1] 1.0 1.0 1.0 0.0006232532477076302 0.14268566385842998 3003.7756281424618 -2409.1360323367794 -1792.89605971184 -65.2328214091605
217.53463379872983 -0.8820098591576757 39627764218725109 10 217-218-219-220-221-223-225-226-227-466 0.5692560839885391 1.0 8 1.266330187138416 1.0 [-1,-1] 1.0 1.0 1.0 0.000677088223595666 0.13284793461577618 2174.297211175592 -1723.98125156571 -1324.5137908386926 -33.46975730418022
217.65713996064602 -0.6251629593551541 39627770258525488 10 217-218-219-220-221-223-225-226-227-466 0.4394910831742445 1.0 8 1.3572956484393426 1.0 [-1,-1] 1.0 1.0 1.0 0.0005288673958748294 0.16397488484989944 1739.364285812166 -1376.939277400619 -1062.5752571709577 -18.97809153735852
215.75263848656806 -1.0580731783891966 39627764189364336 10 217-218-219-220-221-223-225-226-227-466 0.4710465123472435 1.0 8 0.7137025599539193 1.0 [-1,-1] 1.0 1.0 1.0 0.00048380039118235755 0.17655271186088778 1848.2819875135192 -1499.7120870867175 -1079.743072464763 -34.130026036906685
216.00847768026978 -0.04474197085604894 39627788352749820 10 217-218-219-220-221-223-225-226-227-466 0.6247493888522274 1.0 8 0.6271310758684226 1.0 [-1,-1] 1.0 1.0 1.0 0.0007214233604467519 0.12571007283523317 2350.0987324127327 -1901.0648227490938 -1381.6342583731057 -1.8351794704870692
217.25678817019696 -1.4098265668492531 39627752134934727 9 217-218-219-220-221-223-225-226-466 0.9422347115148003 1.0 8 1.2533817601420318 1.0 [-1,-1] 1.0 1.0 1.0 0.0004445766401596716 0.18918261239264766 3249.6032486358476 -2585.6746771755616 -1966.6762336439954 -79.95204423638287
215.6804366639777 0.4179047288902048 39627800423961230 9 217-218-219-220-221-223-225-226-466 0.7346051323452036 1.0 8 1.191628171355549 1.0 [-1,-1] 1.0 1.0 1.0 0.0007126833197713517 0.12705585074725267 2681.0809083880117 -2177.7377815961913 -1563.736099473098 19.555130678349723
215.39153757340785 -0.30929039667793673 39627782300372747 9 217-218-219-220-221-223-225-227-466 0.4102649235214982 1.0 8 0.9538146139939251 1.0 [-1,-1] 1.0 1.0 1.0 0.0006262316776515472 0.14210347001521706 1636.635722999234 -1334.1878431061075 -947.8614015209205 -8.834738926256597
216.59448073747922 -0.5433516221505751 39627776281544516 9 217-218-219-220-221-223-225-227-466 0.8229696411802212 1.0 8 0.2998654757285801 1.0 [-1,-1] 1.0 1.0 1.0 0.0006627118749498285 0.13533979738261318 2931.7447367462037 -2353.718436292704 -1747.6738156707581 -27.802124266113946
215.6881455302465 -0.5269695273424314 39627776264770519 8 217-218-219-220-221-223-225-466 0.9502973733083936 1.0 8 0.6161680641840453 1.0 [-1,-1] 1.0 1.0 1.0 0.00041974738576830407 0.19815580287489248 3270.286391572922 -2656.0281436320465 -1907.7166780756304 -30.077555313397184
216.6914737242439 -1.7684761292559388 39627746082558641 9 217-218-219-220-221-223-226-227-466 0.4063353049350987 1.0 8 1.2322813660207823 1.0 [-1,-1] 1.0 1.0 1.0 0.0003379611466139912 0.2348475370676925 1622.6864078921571 -1300.5549758805873 -969.1027716668766 -50.07745019242704
217.34654139880223 -0.17606281912673985 39627782333925745 9 217-218-219-220-221-223-226-227-466 0.5306897511318752 1.0 8 1.129121959946191 1.0 [-1,-1] 1.0 1.0 1.0 0.0007045118177349687 0.128340413101622 2048.5795134942864 -1628.5740473491894 -1242.7328627359325 -6.295020676818697
215.08911647237653 -0.19849625619575859 39627782296176962 9 217-218-219-220-221-223-226-227-466 0.8469055048046344 1.0 8 1.2756829454214507 1.0 [-1,-1] 1.0 1.0 1.0 0.0006232532477076302 0.14268566385842998 2997.3722833416005 -2452.611909579247 -1723.0286115099175 -10.384115402159166
216.55454832188218 0.7968124302702904 39627806480532843 9 217-218-219-220-221-223-226-227-466 0.734071051364352 1.0 8 1.4198156264784958 1.0 [-1,-1] 1.0 1.0 1.0 0.0007126833197713517 0.12705585074725267 2679.524700657382 -2152.227781532303 -1595.7379704673099 37.26294999651241
214.97630566829633 -0.08643588926803716 39627788331782860 9 217-218-219-220-221-223-226-227-466 0.7957151252287629 1.0 8 1.4198028636618967 1.0 [-1,-1] 1.0 1.0 1.0 0.0007229154976227362 0.12548315978664992 2855.8560006700554 -2340.0548249033804 -1637.0822677609794 -4.308316624813487
216.9423533924039 -1.424919769345717 39627752126550756 9 217-218-219-220-221-224-225-226-227 0.8732820199299942 1.0 8 1.0454542286709119 1.0 [-1,-1] 1.0 1.0 1.0 0.0005690156306133545 0.15418916366201427 3068.6065289420153 -2451.7965346281267 -1843.6965662525254 -76.30697110828679
216.9607166739739 -1.4316032798651852 39627752126551223 9 217-218-219-220-221-224-225-226-227 0.58068249576301 1.0 8 1.0620572805681137 1.0 [-1,-1] 1.0 1.0 1.0 0.0006621615122706149 0.13543705131792066 2210.9827197580944 -1766.1297398273089 -1328.9766968224114 -55.23828807461951
216.45191809582923 0.0660137637591445 39627788356948178 9 217-218-219-220-221-224-225-226-227 0.8953611608168576 1.0 8 0.6831198140295298 1.0 [-1,-1] 1.0 1.0 1.0 0.0005275616701708153 0.16431404058018498 3127.3753616516137 -2515.5206704571237 -1858.1225540621697 3.6032282724631974
216.93906677862023 -1.4502599402803333 39627752126550662 9 217-218-219-220-221-224-225-226-227 0.5803105531923564 1.0 8 1.0635836062095965 1.0 [-1,-1] 1.0 1.0 1.0 0.0006621615122706149 0.13543705131792066 2209.7925743654037 -1765.666364647717 -1327.5833618931522 -55.92787942223842
216.1636239517363 -0.3899799925684875 39627776273157698 9 217-218-219-220-221-224-225-226-227 0.8782369828336705 1.0 8 0.2504105052874375 1.0 [-1,-1] 1.0 1.0 1.0 0.0005690156306133545 0.15418916366201427 3081.862987004032 -2488.038573328148 -1818.5443413757237 -20.97633778776703
216.16126823272924 -0.3965542549488232 39627776273157645 9 217-218-219-220-221-224-225-226-227 0.8728803086078935 1.0 8 0.246242154431694 1.0 [-1,-1] 1.0 1.0 1.0 0.0005690156306133545 0.15418916366201427 3067.53006924321 -2476.5398428071658 -1809.9835325053843 -21.230750322156798
216.15650570140556 0.6196928070350983 39627800432348839 9 217-218-219-220-221-224-225-226-227 0.874939213521584 1.0 8 1.2281043844358603 1.0 [-1,-1] 1.0 1.0 1.0 0.0005690156306133545 0.15418916366201427 3073.0445475141737 -2481.0569181102787 -1812.9684775600344 33.23641793829531
215.71015212144118 -0.49227825769211514 39627776264771070 9 217-218-219-220-221-224-225-226-227 0.6270852716103038 1.0 8 0.5995771681380516 1.0 [-1,-1] 1.0 1.0 1.0 0.0007214233604467519 0.12571007283523317 2357.3692921232882 -1914.0663445367627 -1375.9105292840457 -20.25397646946497
215.57611958332086 0.04827322773368147 39627788344363186 9 217-218-219-220-221-224-225-226-227 1.0454700909903063 1.0 8 0.9717218211692021 1.0 [-1,-1] 1.0 1.0 1.0 0.00017111768859933566 0.3774092623312036 3507.14503642394 -2852.5119561144925 -2040.400234150241 2.9548632106472263
216.47492405336945 -1.3886238278223297 39627752118163442 10 217-218-219-220-221-224-225-226-227-466 0.566581326373373 1.0 8 0.8077847910978344 1.0 [-1,-1] 1.0 1.0 1.0 0.000677088223595666 0.13284793461577618 2165.6727935261647 -1740.9431248776712 -1287.0513974936516 -52.48223290056728
216.68451679350966 0.08642544720646374 39627788361142719 10 217-218-219-220-221-224-225-226-227-466 1.0978352732838033 1.0 8 0.7867835284989592 1.0 [-1,-1] 1.0 1.0 1.0 4.689797466212482e-05 0.6886505109163528 3631.9587440222917 -2912.5991960629776 -2169.760407896813 5.478475767702391
216.1337271510297 -1.679334905626252 39627746074168167 10 217-218-219-220-221-224-225-226-227-466 0.8648496736334417 1.0 8 1.092061694052326 1.0 [-1,-1] 1.0 1.0 1.0 0.0006812235016579503 0.1321480675826358 3045.956029459513 -2458.988200633459 -1795.343172974495 -89.26395577194593
216.48316542120992 0.13632299128317613 39627794396746958 10 217-218-219-220-221-224-225-226-227-466 0.5059834872166383 1.0 8 0.7587622209640016 1.0 [-1,-1] 1.0 1.0 1.0 0.0005337442823398631 0.16272042362546515 1966.484127710541 -1581.1108964683208 -1169.241748413318 4.678821859971754
216.67852099789997 0.07978292133243078 39627788361142552 10 217-218-219-220-221-224-225-226-227-466 0.6292897046435045 1.0 8 0.7780606225356207 1.0 [-1,-1] 1.0 1.0 1.0 0.0007214233604467519 0.12571007283523317 2364.221227153553 -1896.102699809196 -1412.2059781295225 3.292117095268752
216.47633480176336 0.1201704527975683 39627788356948704 10 217-218-219-220-221-224-225-226-227-466 0.9073569128575565 1.0 8 0.7414435169465782 1.0 [-1,-1] 1.0 1.0 1.0 0.0005275616701708153 0.16431404058018498 3158.9812606110872 -2540.13906328061 -1877.9808961230906 6.625547874090038
217.35439485019964 -0.3619242435323138 39627782333925958 10 217-218-219-220-221-224-225-226-227-466 0.7851682117958649 1.0 8 1.080901765119749 1.0 [-1,-1] 1.0 1.0 1.0 0.0007324854237337303 0.12404708914385561 2826.1517471848247 -2246.4570313885506 -1714.7144978773028 -17.85203098156364
217.35938226210882 -0.3648252122895864 39627782333926081 10 217-218-219-220-221-224-225-226-227-466 0.8117639549524222 1.0 8 1.08513447152327 1.0 [-1,-1] 1.0 1.0 1.0 0.0006627118749498285 0.13533979738261318 2900.6941448792013 -2305.555492041623 -1760.1418304434883 -18.469758423967946
