EDR/data_rosette/LRG_10_clustering_data.ecsv
# %ECSV 1.0
# ---
# datatype:
# - {name: RA, unit: deg, datatype: float64}
# - {name: DEC, unit: deg, datatype: float64}
# - {name: TARGETID, datatype: int64}
# - {name: NTILE, datatype: int64}
# - {name: TILES, datatype: string}
# - {name: Z, datatype: float64}
# - {name: COMP_TILE, datatype: float64}
# - {name: ROSETTE_NUMBER, datatype: int32}
# - {name: ROSETTE_R, unit: deg, datatype: float64}
# - {name: FRACZ_TILELOCID, datatype: float64}
# - {name: BITWEIGHTS, datatype: string, subtype: 'int64[2]'}
# - {name: PROB_OBS, datatype: float64}
# - {name: WEIGHT_ZFAIL, datatype: float64}
# - {name: WEIGHT, datatype: float64}
# - {name: NZ, unit: h3 / Mpc3, datatype: float64}
# - {name: WEIGHT_FKP, datatype: float64}
# - {name: distance, unit: Mpc, datatype: float64}
# - {name: x, unit: Mpc, datatype: float64}
# - {name: y, unit: Mpc, datatype: float64}
# - {name: z, unit: Mpc, datatype: float64}
# meta: !!omap
# - {EXTNAME: LSS}
# - {DESIDR: edr}
# - comments: ['Visit https://desidatamodel.readthedocs.io/en/latest/ for a more complet', e description]
# schema: astropy-2.0
RA DEC TARGETID NTILE TILES Z COMP_TILE ROSETTE_NUMBER ROSETTE_R FRACZ_TILELOCID BITWEIGHTS PROB_OBS WEIGHT_ZFAIL WEIGHT NZ WEIGHT_FKP distance x y z
[from data line 1058]
218.21191638364255 3.1072635342034087 39627860863881567 10 271-272-273-274-275-278-279-280-281-472 0.4677141356386147 1.0 10 0.6963054895008901 1.0 [-1,-1] 1.0 1.0 1.0 0.0005635091211985168 0.1554616369400361 1836.877056359975 -1441.1643025728088 -1134.56989918286 99.56865490560506
217.7173236415659 2.7835181522554464 39627854815695955 10 271-272-273-274-275-278-279-280-281-472 0.8157452021532878 1.0 10 0.4852003310761359 1.0 [-1,-1] 1.0 1.0 1.0 0.0006627118749498285 0.13533979738261318 2911.750093968245 -2300.5891539623185 -1779.2087312945032 141.40171455972242
217.9309434588838 2.6098234253990675 39627848780091442 10 271-272-273-274-275-278-279-280-281-472 0.5869693724356584 1.0 10 0.215600353739167 1.0 [-1,-1] 1.0 1.0 1.0 0.0006621615122706149 0.13543705131792066 2231.0588415354355 -1757.9273497305708 -1370.034502111247 101.58961801030149
218.78159170176136 2.6018674096344308 39627848796865214 9 271-272-273-274-275-278-279-280-472 0.7769813590858518 1.0 10 0.7508215798789368 1.0 [-1,-1] 1.0 1.0 1.0 0.0007324854237337303 0.12404708914385561 2802.963341293606 -2182.76736505779 -1753.8356771211727 127.24205409927744
217.8809395841136 1.3636295198122959 39627818581101879 8 271-272-273-274-275-278-279-281 0.822309945765989 1.0 10 1.079673693759588 1.0 [-1,-1] 1.0 1.0 1.0 0.0006627118749498285 0.13533979738261318 2929.922548750744 -2311.898940897806 -1798.5293560721668 69.72506077657341
217.90106410159473 2.009593650187225 39627836700495274 8 271-272-273-274-275-278-279-281 0.5769762878971754 1.0 10 0.4459708763392289 1.0 [-1,-1] 1.0 1.0 1.0 0.0006621615122706149 0.13543705131792066 2199.1115279246324 -1734.1915812308218 -1350.0830391955662 77.11588108564628
218.41946682902284 1.5143350666620252 39627824629288528 9 271-272-273-274-275-278-279-281-472 0.8416741055706201 1.0 10 0.9873112113024436 1.0 [-1,-1] 1.0 1.0 1.0 0.0006232532477076302 0.14268566385842998 2983.1094068269367 -2336.3973452893238 -1853.098554448944 78.83479893797147
218.7861211078086 3.1030390899382296 39627860876460890 9 271-272-273-274-275-278-279-281-472 0.45712312954924494 1.0 10 0.996788475366834 1.0 [-1,-1] 1.0 1.0 1.0 0.0005635091211985168 0.1554616369400361 1800.4777220301194 -1401.3961424013323 -1126.192626357901 97.46305929184376
218.0362073571941 1.1005204008835725 39627812545495909 9 271-272-273-274-275-278-279-281-472 0.7875600569004946 1.0 10 1.329551071749117 1.0 [-1,-1] 1.0 1.0 1.0 0.0007324854237337303 0.12404708914385561 2832.904744220171 -2230.845205117321 -1745.1986950423718 54.410251355908514
218.03589714751865 1.0818842589986954 39627812545495899 9 271-272-273-274-275-278-279-281-472 0.6670919336666105 1.0 10 1.3481894324036212 1.0 [-1,-1] 1.0 1.0 1.0 0.000700708733790897 0.12894715825466588 2480.299775261888 -1953.1975398638403 -1527.9768229666238 46.83133471124571
218.04449832658003 1.0875382907547326 39627812545496119 8 271-272-273-274-275-278-279-472 0.7922784645941396 1.0 10 1.3424729715345276 1.0 [-1,-1] 1.0 1.0 1.0 0.0007229154976227362 0.12548315978664992 2846.1978127952734 -2241.069130933524 -1753.719730813847 54.02078943950097
218.06633695596503 1.0879933360262648 39627812545496595 8 271-272-273-274-275-278-279-472 0.6226479719611856 1.0 10 1.3421060012468184 1.0 [-1,-1] 1.0 1.0 1.0 0.0007214233604467519 0.12571007283523317 2343.5491162306753 -1844.7375163397453 -1444.7095843239672 44.49913433671556
216.92797142580997 3.3034929344948627 39627866878511872 8 271-272-273-274-275-278-280-281 0.8315864558260438 1.0 10 1.4208322834635383 1.0 [-1,-1] 1.0 1.0 1.0 0.0006232532477076302 0.14268566385842998 2955.4794044042346 -2358.659048313478 -1772.7325769602628 170.30917253745693
217.0978803693847 1.606301015743241 39627824608314868 8 271-272-273-274-275-278-280-281 0.5802369580650645 1.0 10 1.2585197152175236 1.0 [-1,-1] 1.0 1.0 1.0 0.0006621615122706149 0.13543705131792066 2209.557052065971 -1761.663961981578 -1332.2335440547631 61.93735129241078
218.32358079669808 3.3749763616993325 39627866903675516 9 271-272-273-274-275-278-280-281-472 0.7524538060126467 1.0 10 0.9836834662592547 1.0 [-1,-1] 1.0 1.0 1.0 0.0006416626200019751 0.139161677870846 2732.7993172306565 -2140.220697408836 -1691.6751429430894 160.88096651766716
218.3495379833008 1.3382062953839255 39627818589489316 9 271-272-273-274-275-278-280-281-472 0.7946330175398123 1.0 10 1.132093984318401 1.0 [-1,-1] 1.0 1.0 1.0 0.0007229154976227362 0.12548315978664992 2852.8170731458354 -2236.6836742043733 -1769.5684648317106 66.62463998504641
218.87620206368 3.537410732319707 39627872943474395 9 271-272-273-274-275-278-280-281-472 0.7765601913610993 1.0 10 1.3809770149199805 1.0 [-1,-1] 1.0 1.0 1.0 0.0007324854237337303 0.12404708914385561 2801.767317053889 -2177.031042147413 -1755.1501340304312 172.86974128186404
217.71918652082766 3.5797599497356214 39627872922505116 8 271-272-273-274-275-278-280-472 0.869788046712717 1.0 10 1.196278009596988 1.0 [-1,-1] 1.0 1.0 1.0 0.0006812235016579503 0.1321480675826358 3059.235101986552 -2415.19057888838 -1867.9636355235807 191.01239027090983
217.82606904820813 3.0934653048633596 39627860859684757 7 271-272-273-274-275-278-472 0.5260305080818923 1.0 10 0.700153057266791 1.0 [-1,-1] 1.0 1.0 1.0 0.0006865842838717192 0.13125169390769817 2033.1913217672018 -1603.628990262605 -1245.0712066918563 109.7210224418477
217.5558185226236 3.0800404774252583 39627860855489979 7 271-272-273-274-275-279-280 0.5046343781974483 1.0 10 0.816211435514186 1.0 [-1,-1] 1.0 1.0 1.0 0.0005337442823398631 0.16272042362546515 1961.9658024979676 -1553.1210010429081 -1194.1574213656054 105.41830623006982
218.7971669836035 2.5942578769126086 39627848796865578 8 271-272-273-274-275-279-280-281 0.9602565825546789 1.0 10 0.7643076976379725 1.0 [-1,-1] 1.0 1.0 1.0 0.00041974738576830407 0.19815580287489248 3295.6987413137886 -2565.9327623774166 -2062.8540256115593 149.17279066128125
216.64820239778413 2.5518574761333412 39627848759119126 8 271-272-273-274-275-279-280-281 0.8133772286559701 1.0 10 1.4057642480868613 1.0 [-1,-1] 1.0 1.0 1.0 0.0006627118749498285 0.13533979738261318 2905.1774168971356 -2328.557695846482 -1732.3809437619964 129.3489329431493
217.3268980878075 1.9003305369148924 39627836692104792 9 271-272-273-274-275-279-280-281-472 0.7979457106654015 1.0 10 0.895921896313954 1.0 [-1,-1] 1.0 1.0 1.0 0.0007229154976227362 0.12548315978664992 2862.1139779707087 -2274.6695817507284 -1734.5220472439635 94.91040184241892
216.8895685405003 2.564679859219134 39627848763313066 9 271-272-273-274-275-279-280-281-472 0.9047073030602908 1.0 10 1.1671257263074735 1.0 [-1,-1] 1.0 1.0 1.0 0.0005275616701708153 0.16431404058018498 3152.0196360821274 -2518.4411251926317 -1890.182185559806 141.04393137648196
217.2732589313789 2.783249876861025 39627854811497100 9 271-272-273-274-275-279-280-281-472 0.7242905577041026 1.0 10 0.8525622372333586 1.0 [-1,-1] 1.0 1.0 1.0 0.0006167714992318164 0.14396928707710532 2650.9367897683737 -2107.0110248038554 -1603.5587434243741 128.72358404620542
217.30055917857845 3.388478635921937 39627872914118693 9 271-272-273-274-275-279-280-281-472 0.88797160029966 1.0 10 1.216093266191819 1.0 [-1,-1] 1.0 1.0 1.0 0.0005690156306133545 0.15418916366201427 3107.792655931023 -2467.826287506685 -1880.017898260914 183.68807573817253
218.0178420620172 1.0992341452171164 39627812545495490 8 271-272-273-274-275-279-281-472 0.6246045681960316 1.0 10 1.331153960309425 1.0 [-1,-1] 1.0 1.0 1.0 0.0007214233604467519 0.12571007283523317 2349.6476297864506 -1850.7563784822548 -1446.8977095068376 45.07582381056641
217.72665715662225 1.5953507307373758 39627824616706930 8 271-272-273-274-275-279-281-472 0.48756852029746495 1.0 10 0.8950190974111577 1.0 [-1,-1] 1.0 1.0 1.0 0.00048380039118235755 0.17655271186088778 1904.49126639529 -1505.752396882793 -1164.8971485231643 53.02203711911192
217.72850052811398 1.587607256142876 39627824616706976 8 271-272-273-274-275-279-281-472 0.9587966207448991 1.0 10 0.9015866990916844 1.0 [-1,-1] 1.0 1.0 1.0 0.00041974738576830407 0.19815580287489248 3291.9828032566393 -2602.6930742876343 -2013.658620836706 91.20579325153521
217.86740271598222 2.275651283503942 39627842740292146 7 271-272-273-274-275-280-281 0.9719299021270291 1.0 10 0.23897506478411504 1.0 [-1,-1] 1.0 1.0 1.0 0.0003578035202613049 0.22475091060875194 3325.2949575114812 -2623.028785725405 -2039.5765491868913 132.03803889063286
218.60704419664813 1.8810795043460486 39627836713076772 8 271-272-273-274-275-280-281-472 0.5618466520030618 1.0 10 0.7817740003023993 1.0 [-1,-1] 1.0 1.0 1.0 0.000677088223595666 0.13284793461577618 2150.3720222182515 -1679.4892592650326 -1341.056763727482 70.58624804575685
218.65185945799584 2.7801178275687968 39627854832471287 6 271-272-273-274-275-281 0.89755823293476 1.0 10 0.6957498494918993 1.0 [-1,-1] 1.0 1.0 1.0 0.0005275616701708153 0.16431404058018498 3133.181057270967 -2443.9949755419943 -1954.6399805692834 151.9692190123097
218.8644353373703 2.692201356927419 39627854836664838 6 271-272-273-274-275-281 0.8790203192109852 1.0 10 0.8548267934332769 0.5 [-1,-1] 1.0 1.0 1.0 0.0005690156306133545 0.15418916366201427 3083.955118749384 -2398.618238222651 -1932.9839071072288 144.85488114201172
218.78494349739216 2.5144757925692973 39627848796865287 6 271-272-273-274-276-277 0.9146043379866423 1.0 10 0.7391028172335573 1.0 [-1,-1] 1.0 1.0 1.0 0.0004951280553168204 0.17321314004730964 3177.967169175272 -2474.8485157372756 -1988.7587446185744 139.42312653232244
217.92278455793954 3.251051856711632 39627866895289052 6 271-272-273-274-276-277 0.5412127662534171 1.0 10 0.8308248295357147 1.0 [-1,-1] 1.0 1.0 1.0 0.0007045118177349687 0.128340413101622 2083.1746215394264 -1640.6462680162272 -1278.2564164976088 118.13915842365938
218.15724047200155 2.177548919978989 39627842744487693 9 271-272-273-274-276-277-278-279-280 0.9823967629043285 1.0 10 0.2742507335878586 1.0 [-1,-1] 1.0 1.0 1.0 0.0003578035202613049 0.22475091060875194 3351.659455457077 -2633.567672021943 -2069.232774492636 127.35048959961438
218.85797726771398 2.3387001864807178 39627842757068901 9 271-272-273-274-276-277-278-279-280 1.0792680724617334 1.0 10 0.8124240627243049 1.0 [-1,-1] 1.0 1.0 1.0 0.0001075182622224553 0.4910338705006151 3588.1361502335153 -2791.766900065353 -2249.29317990247 146.41994111566493
218.95495262545703 1.3201743747803392 39627818597879632 9 271-272-273-274-276-277-278-279-280 0.6409462326550135 1.0 10 1.4316946973484843 1.0 [-1,-1] 1.0 1.0 1.0 0.000833303205902425 0.11070054926254569 2400.300116872963 -1866.0751392655286 -1508.690155616935 55.30135640331185
217.20288641806155 3.2556119039193705 39627866882707337 10 271-272-273-274-276-277-278-279-280-281 0.7897192441673466 1.0 10 1.1821416155469646 1.0 [-1,-1] 1.0 1.0 1.0 0.0007324854237337303 0.12404708914385561 2838.992483550632 -2257.6065649549387 -1713.7959171519165 161.2280182932578
218.99583184106294 2.017840419387327 39627836717273341 10 271-272-273-274-276-277-278-279-280-281 0.8581945181386103 1.0 10 1.031078261858073 1.0 [-1,-1] 1.0 1.0 1.0 0.0006812235016579503 0.1321480675826358 3027.9982659744896 -2351.8759693922016 -1904.2283350040966 106.6178761162203
217.30383130215353 3.2807111490314407 39627866886897764 10 271-272-273-274-276-277-278-279-280-281 0.8774162470185958 1.0 10 1.1309665170603653 1.0 [-1,-1] 1.0 1.0 1.0 0.0005690156306133545 0.15418916366201427 3079.669916091077 -2445.6562792794343 -1863.3492736130484 176.24312815885787
216.65413176818936 2.73106420164363 39627854798916588 10 271-272-273-274-276-277-278-279-280-281 0.7215361951267408 1.0 10 1.426580996086702 1.0 [-1,-1] 1.0 1.0 1.0 0.0006167714992318164 0.14396928707710532 2642.8552149217985 -2117.8324900312477 -1575.9478644156786 125.92680354496632
217.12041670150373 1.6641203502371085 39627830648113320 10 271-272-273-274-276-277-278-279-280-281 0.9979750690306479 1.0 10 1.2039855683417693 1.0 [-1,-1] 1.0 1.0 1.0 0.0002622817504223413 0.28340640119267335 3390.5990953440987 -2702.4181307576973 -2045.3369679344642 98.46400104072742
216.76517797281184 1.7643150592068677 39627830643917151 10 271-272-273-274-276-277-278-279-280-281 0.8488204684524521 1.0 10 1.4462623471927407 1.0 [-1,-1] 1.0 1.0 1.0 0.0006232532477076302 0.14268566385842998 3002.582031241367 -2404.214001255938 -1796.3039712239213 92.44421811889687
217.5058233882128 3.0884336662221417 39627860855488687 10 271-272-273-274-276-277-278-279-280-281 0.5203954544345972 1.0 10 0.8537994889537754 1.0 [-1,-1] 1.0 1.0 1.0 0.0006865842838717192 0.13125169390769817 2014.522178114073 -1595.7821085326204 -1224.7443864345564 108.53688818873577
218.10999891531992 2.0124724229630875 39627836704688387 10 271-272-273-274-276-277-278-279-280-281 0.9436855972318863 1.0 10 0.4218100564668388 1.0 [-1,-1] 1.0 1.0 1.0 0.0004445766401596716 0.18918261239264766 3253.332504513523 -2558.232048138956 -2006.6311810104717 114.24743408721324
218.7644406304527 2.23846505123666 39627842757067114 10 271-272-273-274-276-277-278-279-280-281 0.7129277479938778 1.0 10 0.739096646333209 1.0 [-1,-1] 1.0 1.0 1.0 0.0006167714992318164 0.14396928707710532 2617.5097697524425 -2039.3848596925318 -1637.624654540582 102.23639101217961
218.72490004323632 2.712685015976022 39627854832472691 10 271-272-273-274-276-277-278-279-280-281 0.7754770297148177 1.0 10 0.7310835623410303 1.0 [-1,-1] 1.0 1.0 1.0 0.0007324854237337303 0.12404708914385561 2798.689973660269 -2180.975385866119 -1748.8474874922435 132.4552769983836
218.66418072728362 2.3345034700890106 39627842752876457 10 271-272-273-274-276-277-278-279-280-281 0.6738823936728031 1.0 10 0.6210360074114718 1.0 [-1,-1] 1.0 1.0 1.0 0.0007209928471550773 0.12577569469930108 2500.8694329103814 -1951.111030682831 -1561.1330308506115 101.86916314792721
218.72433625121414 2.708395214212226 39627854832472680 10 271-272-273-274-276-277-278-279-280-281 0.7762083514456628 1.0 10 0.7289160783721903 1.0 [-1,-1] 1.0 1.0 1.0 0.0007324854237337303 0.12404708914385561 2800.7679347956046 -2182.619666486911 -1750.1306920972197 132.34415976199057
218.62293796228843 2.4594481687892324 39627848792672890 10 271-272-273-274-276-277-278-279-280-281 0.9172013946361465 1.0 10 0.5731734706334962 1.0 [-1,-1] 1.0 1.0 1.0 0.0004951280553168204 0.17321314004730964 3184.7506879268176 -2485.860243409923 -1986.0660839300997 136.6649360547748
218.62022608706278 2.4484040975138575 39627848792672818 10 271-272-273-274-276-277-278-279-280-281 0.9147663262718843 1.0 10 0.5700066127497473 1.0 [-1,-1] 1.0 1.0 1.0 0.0004951280553168204 0.17321314004730964 3178.390589912509 -2481.0101695379176 -1981.9987623963675 135.7799195502985
217.75489705235418 2.5653630092781934 39627848780087438 10 271-272-273-274-276-277-278-279-280-281 0.6753170582678492 1.0 10 0.32441249386005183 1.0 [-1,-1] 1.0 1.0 1.0 0.0007209928471550773 0.12577569469930108 2505.2044459373788 -1978.7228962169788 -1532.3614907165627 112.13062784098676
218.77229728839345 2.248554489252703 39627842757067271 10 271-272-273-274-276-277-278-279-280-281 0.714151257384661 1.0 10 0.7441547010830313 1.0 [-1,-1] 1.0 1.0 1.0 0.0006167714992318164 0.14396928707710532 2621.1201823193487 -2041.9588720680222 -1640.1521860850805 102.83861835340608
217.48595553209537 3.0465198732869996 39627860851300670 11 271-272-273-274-276-277-278-279-280-281-472 0.5913484981794235 1.0 10 0.8351728684861495 1.0 [-1,-1] 1.0 1.0 1.0 0.0007756247847600315 0.11796159141779075 2244.997569073686 -1778.8936216519887 -1364.3004285477136 119.31432712442897
217.67647342314748 2.285079169631104 39627842736098914 11 271-272-273-274-276-277-278-279-280-281-472 0.6389941253726009 1.0 10 0.4003598244139605 1.0 [-1,-1] 1.0 1.0 1.0 0.000833303205902425 0.11070054926254569 2394.2758637955894 -1893.5015703112147 -1462.2227675867516 95.46356966938198
