EDR/data_rosette/LRG_9_clustering_data.ecsv
# %ECSV 1.0
# ---
# datatype:
# - {name: RA, unit: deg, datatype: float64}
# - {name: DEC, unit: deg, datatype: float64}
# - {name: TARGETID, datatype: int64}
# - {name: NTILE, datatype: int64}
# - {name: TILES, datatype: string}
# - {name: Z, datatype: float64}
# - {name: COMP_TILE, datatype: float64}
# - {name: ROSETTE_NUMBER, datatype: int32}
# - {name: ROSETTE_R, unit: deg, datatype: float64}
# - {name: FRACZ_TILELOCID, datatype: float64}
# - {name: BITWEIGHTS, datatype: string, subtype: 'int64[2]'}
# - {name: PROB_OBS, datatype: float64}
# - {name: WEIGHT_ZFAIL, datatype: float64}
# - {name: WEIGHT, datatype: float64}
# - {name: NZ, unit: h3 / Mpc3, datatype: float64}
# - {name: WEIGHT_FKP, datatype: float64}
# - {name: distance, unit: Mpc, datatype: float64}
# - {name: x, unit: Mpc, datatype: float64}
# - {name: y, unit: Mpc, datatype: float64}
# - {name: z, unit: Mpc, datatype: float64}
# meta: !!omap
# - {EXTNAME: LSS}
# - {DESIDR: edr}
# - comments: ['Visit https://desidatamodel.readthedocs.io/en/latest/ for a more complet', e description]
# schema: astropy-2.0
RA DEC TARGETID NTILE TILES Z COMP_TILE ROSETTE_NUMBER ROSETTE_R FRACZ_TILELOCID BITWEIGHTS PROB_OBS WEIGHT_ZFAIL WEIGHT NZ WEIGHT_FKP distance x y z
[from data line 4652]
220.78335003716194 -0.4909978440095434 39627776352846617 9 245-246-247-250-251-252-253-254-469 0.5352837148753123 1.0 9 0.9893284707325015 1.0 [-1,-1] 1.0 1.0 1.0 0.0007045118177349687 0.128340413101622 2063.709623281762 -1562.552399963898 -1347.966859509333 -17.684803006003293
219.10698951830847 0.2871571524295344 39627794442881599 8 245-246-247-250-251-252-253-469 1.012710107339701 1.0 9 1.1257433836628294 1.0 [-1,-1] 1.0 1.0 1.0 0.00020304675497218746 0.33812883710054276 3427.104200647728 -2659.2948142375553 -2161.6889872177085 17.17601840444448
220.9846133158124 -0.31567038970054023 39627782392649645 8 245-246-247-250-251-252-253-469 0.8035622169924374 1.0 9 1.2182198282687207 1.0 [-1,-1] 1.0 1.0 1.0 0.0007229154976227362 0.12548315978664992 2877.8339575128966 -2172.4028351987595 -1887.4169697673187 -15.855310437989997
219.52890597160493 -1.7223311181465462 39627746132886356 7 245-246-247-250-251-252-254 0.8226507885220612 1.0 9 1.1545936855716434 1.0 [-1,-1] 1.0 1.0 1.0 0.0006627118749498285 0.13533979738261318 2930.8641033660424 -2259.5646946113307 -1864.5567886502608 -88.08952925216269
220.62944111550297 0.14026116213075446 39627794468047665 7 245-246-247-250-251-252-254 0.8979284710102973 1.0 9 1.1117277131124585 1.0 [-1,-1] 1.0 1.0 1.0 0.0005275616701708153 0.16431404058018498 3134.1586502150235 -2378.6212420422626 -2040.8460414220278 7.67247254936195
218.84394562649754 -0.5480046285481686 39627776319293603 8 245-246-247-250-251-252-254-469 0.8496707707025967 1.0 9 0.957419283480304 1.0 [-1,-1] 1.0 1.0 1.0 0.0006232532477076302 0.14268566385842998 3004.893396618596 -2340.2756089218024 -1884.5870693817183 -28.739819883836102
218.8408786947137 -0.541613627527948 39627776319293516 8 245-246-247-250-251-252-254-469 0.9884012548717507 1.0 9 0.9608492421028886 1.0 [-1,-1] 1.0 1.0 1.0 0.0003578035202613049 0.22475091060875194 3366.710629897242 -2622.1824549421913 -2111.3708385336145 -31.824843224903795
218.50111552514198 -0.11701194936223284 39627788394692660 6 245-246-247-250-251-253 0.6186734655792173 1.0 9 1.385749721393104 1.0 [-1,-1] 1.0 1.0 1.0 0.0007214233604467519 0.12571007283523317 2331.1385837120647 -1824.3360119416393 -1451.2003814993082 -4.760749964855476
218.46625421340997 -1.3052322341205542 39627758191514582 7 245-246-247-250-251-253-254 0.9078272918468128 1.0 9 1.5085476915683473 1.0 [-1,-1] 1.0 1.0 1.0 0.0005275616701708153 0.16431404058018498 3160.21599198887 -2473.727046790213 -1965.3136435833446 -71.98538980882353
220.55991774680697 0.3004065923146459 39627794468046177 8 245-246-247-250-251-253-254-469 0.8176168623962051 1.0 9 1.178215252526522 1.0 [-1,-1] 1.0 1.0 1.0 0.0006627118749498285 0.13533979738261318 2916.93853783358 -2216.04470165407 -1896.6924940529168 15.293684087000543
221.17728834346667 -0.6993088647269535 39627770317246919 8 245-246-247-250-251-253-254-469 0.9410564734330937 1.0 9 1.3807755354220093 1.0 [-1,-1] 1.0 1.0 1.0 0.0004445766401596716 0.18918261239264766 3246.572424757992 -2443.4349753343417 -2137.3553639461957 -39.62421888537654
219.0811549830955 0.25330728810294817 39627794442880945 7 245-246-247-250-251-253-469 0.4596889062306235 1.0 9 1.1157316903771806 1.0 [-1,-1] 1.0 1.0 1.0 0.0005635091211985168 0.1554616369400361 1809.3170860244336 -1404.475536084623 -1140.6194814858416 7.999048363957019
219.0754797009549 0.26959559652636067 39627794442880817 7 245-246-247-250-251-253-469 0.8481420651217279 1.0 9 1.131862060690435 1.0 [-1,-1] 1.0 1.0 1.0 0.0006232532477076302 0.14268566385842998 3000.737089154391 -2329.495146311509 -1891.4745792210545 14.119408572019145
219.73166277681733 -1.0378608203309756 39627764252284927 6 245-246-247-250-252-253 0.6048941027655225 1.0 9 0.44316035173392726 1.0 [-1,-1] 1.0 1.0 1.0 0.0007756247847600315 0.11796159141779075 2287.878725642972 -1759.1963400584168 -1462.1559353981572 -41.44057136091182
220.74698637927156 -1.4169079255456822 39627752189466396 6 245-246-247-250-252-253 0.42621660521845267 1.0 9 1.2505313943699496 1.0 [-1,-1] 1.0 1.0 1.0 0.0006262316776515472 0.14210347001521706 1692.9270488168495 -1282.1682154525677 -1104.6693122102627 -41.86132534704024
220.7390063471122 -1.417706262753941 39627752189466219 6 245-246-247-250-252-253 0.710232192845605 1.0 9 1.2450253534824824 1.0 [-1,-1] 1.0 1.0 1.0 0.0006167714992318164 0.14396928707710532 2609.5460632393683 -1976.6222824071417 -1702.5059814513352 -64.56308528945165
220.39393448568566 0.1529306018684267 39627794463853959 7 245-246-247-250-252-253-254 0.8124621865816218 1.0 9 0.9589849938937255 1.0 [-1,-1] 1.0 1.0 1.0 0.0006627118749498285 0.13533979738261318 2902.6350595188555 -2210.6590592133816 -1881.0148293750206 7.7475374861130755
220.39008411251268 0.15381705259333084 39627794463853860 7 245-246-247-250-252-253-254 0.8142156144514989 1.0 9 0.9573030381279827 1.0 [-1,-1] 1.0 1.0 1.0 0.0006627118749498285 0.13533979738261318 2907.5055602429716 -2214.494975798487 -1884.0222023246351 7.8055207953236865
219.32924373638585 0.6045396420029571 39627800486872702 7 245-246-247-250-252-253-254 0.629023025852614 1.0 9 1.2932590793258516 1.0 [-1,-1] 1.0 1.0 1.0 0.0007214233604467519 0.12571007283523317 2363.3928111277723 -1828.0223595303871 -1497.7776936000068 24.936184584546154
219.74214266919225 -1.9255998830720247 39627740093093742 8 245-246-247-250-252-253-254-469 0.8390029402800339 1.0 9 1.326861238205123 1.0 [-1,-1] 1.0 1.0 1.0 0.0006232532477076302 0.14268566385842998 2975.8094224063834 -2286.8955621511795 -1901.460474555395 -99.99234970450351
219.40869513345615 -0.9797289486326309 39627764248088091 8 245-246-247-250-252-253-254-469 0.8159729478833896 1.0 9 0.5452374842498999 1.0 [-1,-1] 1.0 1.0 1.0 0.0006627118749498285 0.13533979738261318 2912.381742716093 -2249.8856225694735 -1848.6487704530427 -49.79783292124472
219.53130071121487 -1.4079364063146356 39627752172684100 7 245-246-247-250-252-253-469 0.6045868299860521 1.0 9 0.8514324292120279 1.0 [-1,-1] 1.0 1.0 1.0 0.0007756247847600315 0.11796159141779075 2286.9099099346354 -1763.3084545182387 -1455.177932945302 -56.19086981690382
219.74247070746293 -1.0941174446318027 39627764252285178 7 245-246-247-251-252-253-254 0.6153398208201921 1.0 9 0.49745444490097473 1.0 [-1,-1] 1.0 1.0 1.0 0.0007214233604467519 0.12571007283523317 2320.705974952824 -1784.1254804342423 -1483.4449147734256 -44.31339616735439
218.60898113860284 -1.5486801437182178 39627752155908556 7 245-246-247-251-252-254-469 0.6809131866068652 1.0 9 1.522494272957927 1.0 [-1,-1] 1.0 1.0 1.0 0.0007209928471550773 0.12577569469930108 2522.077681025358 -1970.088783847398 -1573.2068854427127 -68.16236850760693
218.62669089222786 -1.5458182846491215 39627752155908971 7 245-246-247-251-252-254-469 0.621614108467262 1.0 9 1.5068883548858913 1.0 [-1,-1] 1.0 1.0 1.0 0.0007214233604467519 0.12571007283523317 2340.323732128858 -1827.6651603957412 -1460.4004275192563 -63.13338215818099
220.8249157517079 -1.1853677261994726 39627758233454314 6 245-246-247-251-253-254 0.9669199906240413 1.0 9 1.1801879313476602 1.0 [-1,-1] 1.0 1.0 1.0 0.00041974738576830407 0.19815580287489248 3312.617968218695 -2506.157478700678 -2165.1596588682487 -68.52843882318618
219.47090896090265 0.7654203783403981 39627806526674102 6 245-246-247-251-253-254 0.8809832993828818 1.0 9 1.404517130660148 1.0 [-1,-1] 1.0 1.0 1.0 0.0005690156306133545 0.15418916366201427 3089.1935308346715 -2384.4822562062295 -1963.582955477124 41.26763560172757
219.15576690758493 -1.9309466779875655 39627740084702692 7 245-246-247-251-253-254-469 0.6639384127246941 1.0 9 1.4785919730890047 1.0 [-1,-1] 1.0 1.0 1.0 0.000700708733790897 0.12894715825466588 2470.7181702920066 -1914.7865024916005 -1559.20179062648 -83.25084380499449
218.65209172254143 -1.5259708851320763 39627752155909603 7 245-246-247-251-253-254-469 0.6069168719505895 1.0 9 1.4746637859691532 1.0 [-1,-1] 1.0 1.0 1.0 0.0007756247847600315 0.11796159141779075 2294.2518943327486 -1791.067336776969 -1432.4583129643459 -61.09608333929935
218.38762576638754 -0.6402823329987233 39627770271108352 7 245-246-247-251-253-254-469 0.7651843295390592 1.0 9 1.4128658357241293 1.0 [-1,-1] 1.0 1.0 1.0 0.0006416626200019751 0.139161677870846 2769.346681663238 -2170.5547946554284 -1719.5973993703144 -30.946901563316946
219.0771143893005 -1.2066260641190962 39627758204094460 7 245-246-247-251-253-254-469 0.7714133847560595 1.0 9 0.9436228189669376 1.0 [-1,-1] 1.0 1.0 1.0 0.0007324854237337303 0.12404708914385561 2787.126845815606 -2163.161931313607 -1756.51980616727 -58.69143143364983
219.42234848146177 0.8132267074326361 39627806526673001 5 245-246-247-251-254 0.570094075301741 1.0 9 1.4628132729186263 1.0 [-1,-1] 1.0 1.0 1.0 0.0006621615122706149 0.13543705131792066 2176.996324971599 -1681.529651489551 -1382.322804565574 30.898124202659403
219.70056188838979 -0.7228508372886553 39627770292081586 5 245-246-247-252-253 0.8855903284588336 1.0 9 0.15804728664127402 1.0 [-1,-1] 1.0 1.0 1.0 0.0005690156306133545 0.15418916366201427 3101.4637133090223 -2386.0554696558765 -1980.980945266717 -39.12742245594372
219.52704016909834 -1.4223231178819455 39627752172683985 7 245-246-247-252-253-254-469 0.8763137178486391 1.0 9 0.8664282408068202 1.0 [-1,-1] 1.0 1.0 1.0 0.0005690156306133545 0.15418916366201427 3076.722174113373 -2372.4194179826973 -1957.552849449814 -76.36938830758601
220.9778519193236 -0.32189589950946296 39627782392649459 6 245-246-247-252-253-469 0.8126747626548629 1.0 9 1.2102001969652614 1.0 [-1,-1] 1.0 1.0 1.0 0.0006627118749498285 0.13533979738261318 2903.22580709813 -2191.7938457661076 -1903.8103338483318 -16.310652798378676
220.96305688037268 -1.2751253274789098 39627758233458463 6 245-246-247-252-254-469 0.5943868452716519 1.0 9 1.3446626594555036 1.0 [-1,-1] 1.0 1.0 1.0 0.0007756247847600315 0.11796159141779075 2254.646805686075 -1702.1353224970994 -1477.717902534982 -50.17332783191736
219.0498495141637 0.2928276461338419 39627794442880195 5 245-246-247-253-469 0.855590978325971 1.0 9 1.1661267197116127 1.0 [-1,-1] 1.0 1.0 1.0 0.0006812235016579503 0.1321480675826358 3020.953530559748 -2346.036236693582 -1903.1646890259028 15.439441925138137
218.70671934978498 0.34573037856969163 39627794434494937 8 245-246-248-249-250-251-252-253 0.5406199456576151 1.0 9 1.4455571610110678 1.0 [-1,-1] 1.0 1.0 1.0 0.0007045118177349687 0.128340413101622 2081.231547114538 -1624.0741988637353 -1301.4415227234579 12.558352644248929
219.5160898879918 -1.0592978403331785 39627764252279197 9 245-246-248-249-250-251-252-253-254 0.8783765879053536 1.0 9 0.539946410711126 1.0 [-1,-1] 1.0 1.0 1.0 0.0005690156306133545 0.15418916366201427 3082.23591554152 -2377.371979371775 -1960.875768339049 -56.98185582047593
220.2419679624435 0.14180518668117534 39627794459662215 9 245-246-248-249-250-251-252-253-254 0.9696905195971854 1.0 9 0.8634840838805332 1.0 [-1,-1] 1.0 1.0 1.0 0.00041974738576830407 0.19815580287489248 3319.6331004669105 -2533.9446674488645 -2144.5327793653355 8.215975329085207
219.37211334666318 -1.1668387307372543 39627758208290472 9 245-246-248-249-250-251-252-253-254 0.7492383144121804 1.0 9 0.7101747096751632 1.0 [-1,-1] 1.0 1.0 1.0 0.0007126833197713517 0.12705585074725267 2723.523416289534 -2104.9625346655157 -1727.3206365730598 -55.46120446565944
219.54601631768784 0.4342973351699253 39627800491066404 9 245-246-248-249-250-251-252-253-254 0.44905550404166666 1.0 9 1.0650243197935827 1.0 [-1,-1] 1.0 1.0 1.0 0.0005288673958748294 0.16397488484989944 1772.5951019589968 -1366.832705831458 -1128.5748640326735 13.435997622561976
219.45110652010166 -1.1313174112356181 39627758208292600 9 245-246-248-249-250-251-252-253-254 0.7880162142632875 1.0 9 0.6356069497914806 1.0 [-1,-1] 1.0 1.0 1.0 0.0007324854237337303 0.12404708914385561 2834.1915235188453 -2188.04285351824 -1800.5495706358145 -55.958081069800734
219.51489491940617 -1.0399664946565608 39627764252279167 9 245-246-248-249-250-251-252-253-254 0.630810407972273 1.0 9 0.5242502994222633 1.0 [-1,-1] 1.0 1.0 1.0 0.000833303205902425 0.11070054926254569 2368.9425981863437 -1827.241522864799 -1507.0596538044738 -42.99593580020249
220.9323051174984 -0.07253241983610308 39627788432445644 10 245-246-248-249-250-251-252-253-254-469 0.7495714724704136 1.0 9 1.249113168851674 1.0 [-1,-1] 1.0 1.0 1.0 0.0007126833197713517 0.12705585074725267 2724.485335713945 -2058.3039370788283 -1784.9911348482524 -3.449005548137475
220.93804135093936 -0.06499717625388154 39627788432445782 10 245-246-248-249-250-251-252-253-254-469 0.7461757301336555 1.0 9 1.2575027274271324 1.0 [-1,-1] 1.0 1.0 1.0 0.0007126833197713517 0.12705585074725267 2714.671773026103 -2050.712202247111 -1778.767217797569 -3.079562986273672
219.42498223947507 -0.519179118738017 39627776327684274 10 245-246-248-249-250-251-252-253-254-469 0.8283732905187708 1.0 9 0.38361034579080205 1.0 [-1,-1] 1.0 1.0 1.0 0.0006627118749498285 0.13533979738261318 2946.6432730690854 -2276.0610211939156 -1871.2402037951406 -26.700303850736375
219.06438983188255 -1.7323086367165286 39627746124498398 10 245-246-248-249-250-251-252-253-254-469 0.970793826213371 1.0 9 1.3501864343959005 1.0 [-1,-1] 1.0 1.0 1.0 0.0003578035202613049 0.22475091060875194 3322.4235391665243 -2578.4776831431554 -2092.8123483724958 -100.43647564564417
219.8330651610087 -2.0903539110844553 39627740097283823 10 245-246-248-249-250-251-252-253-254-469 0.9640846148660412 1.0 9 1.4907204368756353 1.0 [-1,-1] 1.0 1.0 1.0 0.00041974738576830407 0.19815580287489248 3305.4267399500563 -2536.5943360152037 -2115.8919422896615 -120.5669781744935
219.07935092690184 -1.3339021391850603 39627758204094531 10 245-246-248-249-250-251-252-253-254-469 0.5660491610210832 1.0 9 1.028490364129967 1.0 [-1,-1] 1.0 1.0 1.0 0.000677088223595666 0.13284793461577618 2163.955220845509 -1679.3662001827772 -1363.7792261342636 -50.37445655115659
219.99497543006706 -1.2068837633021776 39627758216681546 10 245-246-248-249-250-251-252-253-254-469 0.6119051770624399 1.0 9 0.6374272616191301 1.0 [-1,-1] 1.0 1.0 1.0 0.0007214233604467519 0.12571007283523317 2309.935117721142 -1769.2505864709829 -1484.313136318547 -48.65309554043771
220.42392333733503 -0.9634495435272485 39627764264866379 10 245-246-248-249-250-251-252-253-254-469 0.7584463964422079 1.0 9 0.7220125588035516 1.0 [-1,-1] 1.0 1.0 1.0 0.0006416626200019751 0.139161677870846 2750.0382618810454 -2093.219124392574 -1782.9767061455977 -46.24072262739436
219.26151306563725 -1.767378208564848 39627746128691537 10 245-246-248-249-250-251-252-253-254-469 0.9481281570667291 1.0 9 1.2855373496231792 1.0 [-1,-1] 1.0 1.0 1.0 0.0004445766401596716 0.18918261239264766 3264.7314188334503 -2526.566374124263 -2065.1380486241405 -100.68979286761369
220.28802580993025 -1.7742186634932828 39627746145469487 10 245-246-248-249-250-251-252-253-254-469 0.915256385840864 1.0 9 1.2715534166670386 1.0 [-1,-1] 1.0 1.0 1.0 0.0004951280553168204 0.17321314004730964 3179.6713065369395 -2424.3015693711736 -2055.0863574790324 -98.44583110704286
220.36922865225227 -0.11351513631798128 39627788424055981 10 245-246-248-249-250-251-252-253-254-469 0.9107520443277436 1.0 9 0.7487818587152315 1.0 [-1,-1] 1.0 1.0 1.0 0.0004951280553168204 0.17321314004730964 3167.88561778813 -2413.5638450581 -2051.8697477866563 -6.276251681127761
220.24176001256092 0.1515217377922068 39627794459662210 10 245-246-248-249-250-251-252-253-254-469 0.5510215734213553 1.0 9 0.8717402387902814 1.0 [-1,-1] 1.0 1.0 1.0 0.000677088223595666 0.13284793461577618 2115.2234758064137 -1614.598126244395 -1366.4596417639957 5.593814518557878
218.98151763400986 -0.3022721998262653 39627782359095873 10 245-246-248-249-250-251-252-253-254-469 0.543318599333475 1.0 9 0.8709260510730925 1.0 [-1,-1] 1.0 1.0 1.0 0.0007045118177349687 0.128340413101622 2090.0712151172766 -1624.6920045524023 -1314.7821084134343 -11.026422866435434
