EDR/data_rosette/LRG_8_clustering_data.ecsv
# %ECSV 1.0
# ---
# datatype:
# - {name: RA, unit: deg, datatype: float64}
# - {name: DEC, unit: deg, datatype: float64}
# - {name: TARGETID, datatype: int64}
# - {name: NTILE, datatype: int64}
# - {name: TILES, datatype: string}
# - {name: Z, datatype: float64}
# - {name: COMP_TILE, datatype: float64}
# - {name: ROSETTE_NUMBER, datatype: int32}
# - {name: ROSETTE_R, unit: deg, datatype: float64}
# - {name: FRACZ_TILELOCID, datatype: float64}
# - {name: BITWEIGHTS, datatype: string, subtype: 'int64[2]'}
# - {name: PROB_OBS, datatype: float64}
# - {name: WEIGHT_ZFAIL, datatype: float64}
# - {name: WEIGHT, datatype: float64}
# - {name: NZ, unit: h3 / Mpc3, datatype: float64}
# - {name: WEIGHT_FKP, datatype: float64}
# - {name: distance, unit: Mpc, datatype: float64}
# - {name: x, unit: Mpc, datatype: float64}
# - {name: y, unit: Mpc, datatype: float64}
# - {name: z, unit: Mpc, datatype: float64}
# meta: !!omap
# - {EXTNAME: LSS}
# - {DESIDR: edr}
# - comments: ['Visit https://desidatamodel.readthedocs.io/en/latest/ for a more complet', e description]
# schema: astropy-2.0
RA DEC TARGETID NTILE TILES Z COMP_TILE ROSETTE_NUMBER ROSETTE_R FRACZ_TILELOCID BITWEIGHTS PROB_OBS WEIGHT_ZFAIL WEIGHT NZ WEIGHT_FKP distance x y z
[from data line 1492]
216.3114177925603 -0.5847994116319627 39627776277349650 9 217-218-219-220-222-223-225-227-466 0.6071516162631647 1.0 8 0.019010784735865007 1.0 [-1,-1] 1.0 1.0 1.0 0.0007756247847600315 0.11796159141779075 2294.9909985711965 -1849.2310372740344 -1358.9626848869566 -23.42382099598178
217.41575511638834 0.14057340168599333 39627794413522564 9 217-218-219-220-222-223-225-227-466 0.6514418864841722 1.0 8 1.3391493938405536 1.0 [-1,-1] 1.0 1.0 1.0 0.000700708733790897 0.12894715825466588 2432.567469655103 -1932.0549990441443 -1478.0095924644772 5.968222160168064
217.3129588932595 -1.4727390438814492 39627752134935903 9 217-218-219-220-222-223-225-227-466 0.6040298877333954 1.0 8 1.3369381515142384 1.0 [-1,-1] 1.0 1.0 1.0 0.0007756247847600315 0.11796159141779075 2285.1534368671364 -1816.8653403632647 -1384.7300032866135 -58.73144822170732
217.02475191161858 -0.03850677006993757 39627788369527419 9 217-218-219-220-222-223-225-227-466 0.7271361862277234 1.0 8 0.9167984884307108 1.0 [-1,-1] 1.0 1.0 1.0 0.0006167714992318164 0.14396928707710532 2659.271953705272 -2123.0969633019345 -1601.3067832362813 -1.7872165600390564
215.8524021509783 -0.43600520485097755 39627776268962731 9 217-218-219-220-222-223-225-227-466 0.6364477889216879 1.0 8 0.476677684969615 1.0 [-1,-1] 1.0 1.0 1.0 0.000833303205902425 0.11070054926254569 2386.4070310013167 -1934.1948675640276 -1397.6762701478008 -18.159729271788656
217.3063041882286 -1.4666267714895838 39627752134935782 9 217-218-219-220-222-223-225-227-466 1.0223322822411125 1.0 8 1.3279086654122445 1.0 [-1,-1] 1.0 1.0 1.0 0.00020304675497218746 0.33812883710054276 3450.772830784968 -2743.868995808778 -2090.745176914138 -88.32139453892054
217.40934886983194 0.12764201278955392 39627794413522397 7 217-218-219-220-222-223-226 0.6493303392747309 1.0 8 1.3266802030686637 1.0 [-1,-1] 1.0 1.0 1.0 0.000833303205902425 0.11070054926254569 2426.092391560178 -1927.0780219247836 -1473.860705140818 5.404779593810364
215.56378680719743 0.28252887578337954 39627794384160715 7 217-218-219-220-222-223-226 0.8048547986818795 1.0 8 1.1492833442007888 1.0 [-1,-1] 1.0 1.0 1.0 0.0007229154976227362 0.12548315978664992 2881.4442076413006 -2343.9356674613928 -1675.8533428309897 14.208514141679965
215.26485066734335 -0.6409062508946204 39627770220773809 8 217-218-219-220-222-223-226-227 0.7860241692941584 1.0 8 1.0358965988649096 1.0 [-1,-1] 1.0 1.0 1.0 0.0007324854237337303 0.12404708914385561 2828.5695308076893 -2309.3597247759785 -1632.9917923661608 -31.639504752786355
217.2462659959985 0.013433650157687896 39627788369532882 8 217-218-219-220-222-223-226-227 0.8757882866779825 1.0 8 1.127691519291998 1.0 [-1,-1] 1.0 1.0 1.0 0.0005690156306133545 0.15418916366201427 3075.3166868532676 -2448.079481958502 -1861.3111117029198 0.7210431286190178
215.96263554494604 0.16985427830149818 39627794388359380 9 217-218-219-220-222-223-226-227-466 0.6592423018598789 1.0 8 0.840527851567278 1.0 [-1,-1] 1.0 1.0 1.0 0.000700708733790897 0.12894715825466588 2456.41543740673 -1988.2142533456442 -1442.5421502796016 7.282073195334293
215.930688470339 -0.9615300163554112 39627764189368553 9 217-218-219-220-222-223-226-227-466 0.41471579434782535 1.0 8 0.5167873649759267 1.0 [-1,-1] 1.0 1.0 1.0 0.0006262316776515472 0.14210347001521706 1652.3960609749174 -1337.802050960394 -969.4996225572047 -27.728985430853545
216.07320410277788 0.8117969443658022 39627806472144631 9 217-218-219-220-222-223-226-227-466 0.812893363651336 1.0 8 1.4298965741874088 1.0 [-1,-1] 1.0 1.0 1.0 0.0006627118749498285 0.13533979738261318 2903.833218880571 -2346.8321900535884 -1709.6588542094653 41.1416701867313
216.68798786732862 0.6033852983723614 39627800440737938 9 217-218-219-220-222-223-226-227-466 0.7380376523438751 1.0 8 1.2643833388698 1.0 [-1,-1] 1.0 1.0 1.0 0.0007126833197713517 0.12705585074725267 2691.0705644461664 -2157.852298122137 -1607.7099011564094 28.339302060365917
216.39010415546585 -0.7942225482542243 39627770237554000 9 217-218-219-220-222-223-226-227-466 0.9919540467449545 1.0 8 0.21410265649715984 1.0 [-1,-1] 1.0 1.0 1.0 0.0002622817504223413 0.28340640119267335 3375.5912177135715 -2717.07730204752 -2002.477883710395 -46.79026665772609
216.92548759939552 -1.1587516260551682 39627758166347552 9 217-218-219-220-222-223-226-227-466 0.6284517145832208 1.0 8 0.8386553887742336 1.0 [-1,-1] 1.0 1.0 1.0 0.0007214233604467519 0.12571007283523317 2361.6176260578973 -1887.5323507429478 -1418.512810503758 -47.75817252439333
216.8828105833843 -0.6036045015431133 39627776285739975 9 217-218-219-220-222-223-226-227-466 0.7376905625708031 1.0 8 0.5827895817427408 1.0 [-1,-1] 1.0 1.0 1.0 0.0007126833197713517 0.12705585074725267 2690.061375799179 -2151.5658851969315 -1614.4322067697076 -28.33896554231233
216.38585099775665 -0.7934240050104783 39627770237553890 8 217-218-219-220-222-223-226-466 0.8012345199780687 1.0 8 0.21161791693696658 1.0 [-1,-1] 1.0 1.0 1.0 0.0007229154976227362 0.12548315978664992 2871.3254625700733 -2311.311126684508 -1703.1646704343623 -39.76044582051975
216.31651335103743 0.737234947043261 39627806476338612 8 217-218-219-220-222-223-226-466 0.8413779327159205 1.0 8 1.3373368990598644 1.0 [-1,-1] 1.0 1.0 1.0 0.0006232532477076302 0.14268566385842998 2982.3005788891837 -2402.8125026790035 -1766.1076845200191 38.372731093292664
216.75769644988637 0.5919110641222879 39627800444928246 8 217-218-219-220-222-223-226-466 0.873748734611535 1.0 8 1.2767656281499262 1.0 [-1,-1] 1.0 1.0 1.0 0.0005690156306133545 0.15418916366201427 3069.8568518371258 -2459.356510584891 -1837.0032385108168 31.713503682598713
215.869172989331 0.2312037436708153 39627794388356603 8 217-218-219-220-222-223-226-466 0.7928220990905569 1.0 8 0.936219204392155 1.0 [-1,-1] 1.0 1.0 1.0 0.0007229154976227362 0.12548315978664992 2847.7269473663796 -2307.656708198913 -1668.5734127522892 11.491306164905353
216.93836361310036 -1.1799256550591635 39627758166347842 8 217-218-219-220-222-223-227-466 0.632918617232435 1.0 8 0.8623920661417926 1.0 [-1,-1] 1.0 1.0 1.0 0.000833303205902425 0.11070054926254569 2375.4807862545945 -1898.277517857948 -1427.2556305963117 -48.9162139881882
215.91070439262353 -1.3014125001712717 39627758149570418 8 217-218-219-220-222-223-227-466 0.6709581055638894 1.0 8 0.802176382898023 1.0 [-1,-1] 1.0 1.0 1.0 0.0007209928471550773 0.12577569469930108 2492.0216071065406 -2017.847595469935 -1461.2526659746522 -56.59874489808558
217.4865549755204 -0.3840750432845991 39627776294130747 8 217-218-219-220-222-223-227-466 0.43968472822873045 1.0 8 1.2059978433530052 1.0 [-1,-1] 1.0 1.0 1.0 0.0005288673958748294 0.16397488484989944 1740.0389787648314 -1380.6832447087722 -1058.920854199941 -11.66404483366998
217.02319690283647 -0.5297221595600029 39627776289931742 8 217-218-219-220-222-223-227-466 0.7027064844940615 1.0 8 0.726568535571164 1.0 [-1,-1] 1.0 1.0 1.0 0.0005843703162771602 0.15074849413407446 2587.2429976058497 -2065.5452923420467 -1557.81154821545 -23.9197447873923
216.81141556475652 0.5957382087207747 39627800444929623 7 217-218-219-220-222-223-466 0.5913818616356044 1.0 8 1.3005099962870328 1.0 [-1,-1] 1.0 1.0 1.0 0.0007756247847600315 0.11796159141779075 2245.1036222345274 -1797.3597542446319 -1345.1554857725273 23.34325359386721
216.29638819276252 0.7506006519640702 39627806476338189 7 217-218-219-220-222-223-466 0.5300592215388424 1.0 8 1.35060548111214 1.0 [-1,-1] 1.0 1.0 1.0 0.0007045118177349687 0.128340413101622 2046.4995894621272 -1649.266734145323 -1211.3468002653126 26.809304304018035
216.92151389638744 0.1384158311210649 39627794405134586 9 217-218-219-220-222-224-225-226-227 0.5590115127416864 1.0 8 0.9651558675551346 1.0 [-1,-1] 1.0 1.0 1.0 0.000677088223595666 0.13284793461577618 2141.18877628659 -1711.7879667963377 -1286.252143071184 5.172704487045244
215.55732939177932 -1.775079204727537 39627746065777918 9 217-218-219-220-222-224-225-226-227 0.6812690124589332 1.0 8 1.3900052185956606 1.0 [-1,-1] 1.0 1.0 1.0 0.0007209928471550773 0.12577569469930108 2523.148611137974 -2051.6823342768976 -1466.5503674319768 -78.15710389159908
216.97403444592513 0.010850798111479782 39627788365337938 10 217-218-219-220-222-224-225-226-227-466 0.5568877565256145 1.0 8 0.9096399392795188 1.0 [-1,-1] 1.0 1.0 1.0 0.000677088223595666 0.13284793461577618 2134.299389644415 -1705.1091702841459 -1283.68081650901 0.4041982122394175
216.7488144814621 -1.7557990818993734 39627746082559937 10 217-218-219-220-222-224-225-226-227-466 1.0495299809646048 1.0 8 1.2398443438750613 1.0 [-1,-1] 1.0 1.0 1.0 0.00017111768859933566 0.3774092623312036 3516.9581795747245 -2816.6966151510433 -2103.236346050519 -107.75846939464407
215.95451314121772 -1.6849609961387986 39627746069975025 10 217-218-219-220-222-224-225-226-227-466 0.5999546110201256 1.0 8 1.1386178071167106 1.0 [-1,-1] 1.0 1.0 1.0 0.0007756247847600315 0.11796159141779075 2272.28277565706 -1838.5798173816663 -1333.5775818758075 -66.81392656344377
217.00320829808547 0.02041830634314983 39627788369526894 10 217-218-219-220-222-224-225-226-227-466 0.6814860111748662 1.0 8 0.9377650575486826 1.0 [-1,-1] 1.0 1.0 1.0 0.0007209928471550773 0.12577569469930108 2523.801598945551 -2015.512396873704 -1518.9744829885744 0.8993987610222485
215.94724604895868 -1.6819163928140288 39627746069974891 10 217-218-219-220-222-224-225-226-227-466 0.6834671692601679 1.0 8 1.1379478865674397 1.0 [-1,-1] 1.0 1.0 1.0 0.0007209928471550773 0.12577569469930108 2529.759269600696 -2047.1041308085453 -1484.4303698970657 -74.25036487787493
216.1796273022433 -0.8838249559833842 39627764193562524 10 217-218-219-220-222-224-225-226-227-466 0.974303634996954 1.0 8 0.3082916362850912 1.0 [-1,-1] 1.0 1.0 1.0 0.0003578035202613049 0.22475091060875194 3331.2883270662837 -2688.596966973301 -1966.2878277215082 -51.38526816393153
215.65769683697965 -1.723596531233813 39627746065779849 10 217-218-219-220-222-224-225-226-227-466 0.7270575182416877 1.0 8 1.2941559720105527 1.0 [-1,-1] 1.0 1.0 1.0 0.0006167714992318164 0.14396928707710532 2659.0417200341517 -2159.5315204261865 -1549.3643661940314 -79.97838418043227
216.43063640370883 -0.13115743086614548 39627782317150078 10 217-218-219-220-222-224-225-226-227-466 0.6394163816099787 1.0 8 0.48670158681094816 1.0 [-1,-1] 1.0 1.0 1.0 0.000833303205902425 0.11070054926254569 2395.579564564025 -1927.4216783445868 -1422.6092408305644 -5.48378588071227
215.9093967972635 -1.111920249217409 39627764189368037 10 217-218-219-220-222-224-225-226-227-466 0.8101505647147096 1.0 8 0.6438929563630205 1.0 [-1,-1] 1.0 1.0 1.0 0.0006627118749498285 0.13533979738261318 2896.2061817736867 -2345.3273360461635 -1698.320125365365 -56.202187837259636
217.18028102451285 -0.15984232694895897 39627782329732980 10 217-218-219-220-222-224-225-226-227-466 0.6489937117824935 1.0 8 0.9841725340769018 1.0 [-1,-1] 1.0 1.0 1.0 0.000833303205902425 0.11070054926254569 2425.059350534593 -1932.1292975738447 -1465.518154429988 -6.7653609055717725
215.25139865957158 -1.2618936299048311 39627758141177913 10 217-218-219-220-222-224-225-226-227-466 0.5175792718517133 1.0 8 1.2399054179461282 1.0 [-1,-1] 1.0 1.0 1.0 0.0006865842838717192 0.13125169390769817 2005.1681617351474 -1637.078269813348 -1157.0324579789574 -44.1586517504421
216.95893323033803 -0.13394878505702665 39627782325540008 10 217-218-219-220-222-224-225-226-227-466 0.5146619661084785 1.0 8 0.8070790116141126 1.0 [-1,-1] 1.0 1.0 1.0 0.0006865842838717192 0.13125169390769817 1995.4614354796167 -1594.5023390017982 -1199.7528363931285 -4.665079936119133
216.95404146236888 -0.36130886720705097 39627782325539887 10 217-218-219-220-222-224-225-226-227-466 0.873143320246126 1.0 8 0.696213306760799 1.0 [-1,-1] 1.0 1.0 1.0 0.0005690156306133545 0.15418916366201427 3068.234886800181 -2451.832931576317 -1844.5070456353244 -19.348251012684837
215.64634530739872 -0.9636707867342802 39627764185173641 10 217-218-219-220-222-224-225-226-227-466 0.7942852436897208 1.0 8 0.7479571576476707 1.0 [-1,-1] 1.0 1.0 1.0 0.0007229154976227362 0.12548315978664992 2851.839983394619 -2317.16188082159 -1661.761599322212 -47.96348583724369
216.6146278938007 -0.12187995687559973 39627788361140846 10 217-218-219-220-222-224-225-226-227-466 0.8534837390735976 1.0 8 0.5723504034448313 1.0 [-1,-1] 1.0 1.0 1.0 0.0006812235016579503 0.1321480675826358 3015.2436301924035 -2420.225745825381 -1798.3771430754457 -6.414041131570543
217.22533742984393 -0.08275800213743867 39627788369532419 10 217-218-219-220-222-224-225-226-227-466 0.9987585352153712 1.0 8 1.060071898821024 1.0 [-1,-1] 1.0 1.0 1.0 0.0002622817504223413 0.28340640119267335 3392.548043689992 -2701.3558784053616 -2052.3242032033418 -4.900193400149397
216.50118087371519 0.16295054704393533 39627794400935996 10 217-218-219-220-222-224-225-226-227-466 0.8553946013156425 1.0 8 0.7890285763934216 1.0 [-1,-1] 1.0 1.0 1.0 0.0006812235016579503 0.1321480675826358 3020.4217210320494 -2427.939874210362 -1796.6584398861414 8.590138967165926
217.0808035543936 -0.5681441189247511 39627776289932927 10 217-218-219-220-222-224-225-226-227-466 0.7309049454927954 1.0 8 0.7814125796522619 1.0 [-1,-1] 1.0 1.0 1.0 0.0007126833197713517 0.12705585074725267 2670.2889124331523 -2130.214333591136 -1609.9467936549174 -26.478112216533596
216.44443943039792 -1.8360669505351084 39627746078364746 10 217-218-219-220-222-224-225-226-227-466 0.5926728691302541 1.0 8 1.2444733899284486 1.0 [-1,-1] 1.0 1.0 1.0 0.0007756247847600315 0.11796159141779075 2249.2057233502846 -1808.4070305771752 -1335.438924505793 -72.06439221648834
215.64220962184496 -0.9586350468795937 39627764185173527 10 217-218-219-220-222-224-225-226-227-466 0.7938031433080828 1.0 8 0.7491500649109936 1.0 [-1,-1] 1.0 1.0 1.0 0.0007229154976227362 0.12548315978664992 2850.485156079681 -2316.1843641320675 -1660.8074122878036 -47.69020518537905
216.79978197875212 0.25477296146241435 39627794405131485 9 217-218-219-220-222-224-225-226-466 0.8567652910661793 1.0 8 0.990157533941944 1.0 [-1,-1] 1.0 1.0 1.0 0.0006812235016579503 0.1321480675826358 3024.132384190742 -2421.5006233586855 -1811.49953974336 13.447144465360996
216.19719963639744 -0.9034971651370854 39627764193562949 9 217-218-219-220-222-224-225-226-466 0.7908312474986678 1.0 8 0.32043189627594976 1.0 [-1,-1] 1.0 1.0 1.0 0.0007229154976227362 0.12548315978664992 2842.1246311330624 -2293.278663596261 -1678.2541378980616 -44.81560682872829
216.79013178335578 0.26184855262939943 39627794405131233 9 217-218-219-220-222-224-225-226-466 0.857137770440647 1.0 8 0.9914663237314887 1.0 [-1,-1] 1.0 1.0 1.0 0.0006812235016579503 0.1321480675826358 3025.1402142641805 -2422.6114440282627 -1811.6942266732667 13.825203809813488
216.1886682918935 -0.8980258558452819 39627764193562742 9 217-218-219-220-222-224-225-226-466 0.7957786993063496 1.0 8 0.31813835657810935 1.0 [-1,-1] 1.0 1.0 1.0 0.0007229154976227362 0.12548315978664992 2856.0344765566297 -2304.756912632504 -1686.1271738089758 -44.762246321508094
217.53329093504504 0.027483925074693036 39627788377916132 9 217-218-219-220-222-224-225-226-466 0.7475229247345958 1.0 8 1.3837230343398486 1.0 [-1,-1] 1.0 1.0 1.0 0.0007126833197713517 0.12705585074725267 2718.567532774098 -2155.8224293962226 -1656.2117565708902 1.3040559732472417
216.20884923029087 -1.309747748546443 39627758153766045 9 217-218-219-220-222-224-225-226-466 0.9254845362534412 1.0 8 0.7155752341010455 1.0 [-1,-1] 1.0 1.0 1.0 0.0004951280553168204 0.17321314004730964 3206.3163395823094 -2586.401616968025 -1893.5733407794041 -73.28811845866454
217.31582427480828 -0.8454259220592756 39627770254329465 8 217-218-219-220-222-224-225-227 0.4059682964312993 1.0 8 1.0449722892695428 1.0 [-1,-1] 1.0 1.0 1.0 0.0003379611466139912 0.2348475370676925 1621.3819415874873 -1289.3545502566265 -982.7878286949168 -23.923377848322886
