EDR/data_rosette/LRG_5_clustering_data.ecsv
# %ECSV 1.0
# ---
# datatype:
# - {name: RA, unit: deg, datatype: float64}
# - {name: DEC, unit: deg, datatype: float64}
# - {name: TARGETID, datatype: int64}
# - {name: NTILE, datatype: int64}
# - {name: TILES, datatype: string}
# - {name: Z, datatype: float64}
# - {name: COMP_TILE, datatype: float64}
# - {name: ROSETTE_NUMBER, datatype: int32}
# - {name: ROSETTE_R, unit: deg, datatype: float64}
# - {name: FRACZ_TILELOCID, datatype: float64}
# - {name: BITWEIGHTS, datatype: string, subtype: 'int64[2]'}
# - {name: PROB_OBS, datatype: float64}
# - {name: WEIGHT_ZFAIL, datatype: float64}
# - {name: WEIGHT, datatype: float64}
# - {name: NZ, unit: h3 / Mpc3, datatype: float64}
# - {name: WEIGHT_FKP, datatype: float64}
# - {name: distance, unit: Mpc, datatype: float64}
# - {name: x, unit: Mpc, datatype: float64}
# - {name: y, unit: Mpc, datatype: float64}
# - {name: z, unit: Mpc, datatype: float64}
# meta: !!omap
# - {EXTNAME: LSS}
# - {DESIDR: edr}
# - comments: ['Visit https://desidatamodel.readthedocs.io/en/latest/ for a more complet', e description]
# schema: astropy-2.0
RA DEC TARGETID NTILE TILES Z COMP_TILE ROSETTE_NUMBER ROSETTE_R FRACZ_TILELOCID BITWEIGHTS PROB_OBS WEIGHT_ZFAIL WEIGHT NZ WEIGHT_FKP distance x y z
[from data line 1734]
209.49031741174502 5.671398540108862 39627927008053876 9 136-137-138-140-143-144-145-146-457 0.871619421959898 1.0 5 0.841607350372524 1.0 [-1,-1] 1.0 1.0 1.0 0.0005690156306133545 0.15418916366201427 3064.1496070625226 -2654.0993562728527 -1501.0251265358022 302.8085054974808
209.49967118962124 5.67445490409679 39627927008054081 9 136-137-138-140-143-144-145-146-457 0.6836282200434831 1.0 5 0.838480453364746 1.0 [-1,-1] 1.0 1.0 1.0 0.0007209928471550773 0.12577569469930108 2530.243260286007 -2191.427366603587 -1239.8333476066582 250.18058135294547
209.78319647920162 4.090036442911615 39627884851107225 8 136-137-138-140-143-144-145-457 0.9484182093649965 1.0 5 0.9352760490274912 1.0 [-1,-1] 1.0 1.0 1.0 0.0004445766401596716 0.18918261239264766 3265.4746042503093 -2826.923884861353 -1617.8937596098592 232.9066826426039
209.50468575549803 5.675130148476501 39627927008054204 8 136-137-138-140-143-144-145-457 0.6831077117903888 1.0 5 0.8360687989782652 1.0 [-1,-1] 1.0 1.0 1.0 0.0007209928471550773 0.12577569469930108 2528.6788549144035 -2189.961428204862 -1239.2570008426135 250.05555408490926
210.63682785045611 5.257933730076216 39627914995565725 7 136-137-138-140-143-144-146 0.7044137815613114 1.0 5 0.6847172027883539 1.0 [-1,-1] 1.0 1.0 1.0 0.0005843703162771602 0.15074849413407446 2592.3116719823224 -2221.0777151582042 -1315.4693866864454 237.55816259220055
209.17491773831728 5.0870082361521884 39627908947380034 7 136-137-138-140-143-144-146 0.6938923169938932 1.0 5 0.8264802851027372 1.0 [-1,-1] 1.0 1.0 1.0 0.0005843703162771602 0.15074849413407446 2560.9913202291614 -2227.285068856966 -1243.508279253564 227.0791134467534
210.9379470254591 3.803139089650523 39627878840667415 7 136-137-138-140-143-144-146 0.6322098399581418 1.0 5 1.5188833010383889 1.0 [-1,-1] 1.0 1.0 1.0 0.000833303205902425 0.11070054926254569 2373.2835924754227 -2031.1409398153999 -1217.4405686910964 157.41650048187935
208.73782919557658 4.208481724607199 39627890865737211 7 136-137-138-140-143-144-146 0.8350845041345951 1.0 5 1.4863663531574833 1.0 [-1,-1] 1.0 1.0 1.0 0.0006232532477076302 0.14268566385842998 2965.07953982615 -2592.8572358344554 -1421.7737237167898 217.594831338088
208.743847458183 4.168268510755535 39627890865737331 7 136-137-138-140-143-144-146 0.6162940470261654 1.0 5 1.5031928637854581 1.0 [-1,-1] 1.0 1.0 1.0 0.0007214233604467519 0.12571007283523317 2323.6943803412105 -2031.9759765737342 -1114.4963398147381 168.89971105982647
211.25222186877107 4.229109874778636 39627890907680957 8 136-137-138-140-143-144-146-457 0.646173983271399 1.0 5 1.467023344397705 1.0 [-1,-1] 1.0 1.0 1.0 0.000833303205902425 0.11070054926254569 2416.3978565784223 -2060.1338247201434 -1250.2292029487878 178.19698542563904
211.06518465678178 5.441496482825171 39627921018589251 8 136-137-138-140-143-144-146-457 0.8138082179133838 1.0 5 1.148972214492676 1.0 [-1,-1] 1.0 1.0 1.0 0.0006627118749498285 0.13533979738261318 2906.3743933873816 -2478.3254667921333 -1492.9683142277386 275.60952069805353
209.28560597398757 5.005219342901793 39627908947381974 7 136-137-138-140-143-144-457 0.6902853402382003 1.0 5 0.711691807913859 1.0 [-1,-1] 1.0 1.0 1.0 0.0005843703162771602 0.15074849413407446 2550.2078166012816 -2215.7896456454223 -1242.711302204953 222.4966819457774
210.721432202058 5.673569760786976 39627927029024870 7 136-137-138-140-143-144-457 0.6685596923275466 1.0 5 0.9847091136109501 1.0 [-1,-1] 1.0 1.0 1.0 0.000700708733790897 0.12894715825466588 2484.75311715591 -2125.5820456047627 -1263.1539108428963 245.64449544205323
211.24748020583235 5.1267100595074275 39627915003956969 8 136-137-138-140-143-145-146-457 0.796784611804223 1.0 5 1.2490553871165473 1.0 [-1,-1] 1.0 1.0 1.0 0.0007229154976227362 0.12548315978664992 2858.85753149379 -2434.358735226634 -1477.0586653992057 255.46356408236716
210.42321614723278 5.26855516028179 39627914991372208 6 136-137-138-140-143-146 0.7438916140030261 1.0 5 0.4997989853610179 1.0 [-1,-1] 1.0 1.0 1.0 0.0007126833197713517 0.12705585074725267 2708.0593812853067 -2325.3171898923806 -1365.5223301105395 248.66512607891357
208.84157951017602 5.860329140006759 39627926995472533 7 136-137-138-140-143-146-457 0.7537110559312772 1.0 5 1.4387705635622023 1.0 [-1,-1] 1.0 1.0 1.0 0.0006416626200019751 0.139161677870846 2736.4212559672114 -2384.459668306539 -1313.1220755673585 279.3989888784759
208.82972694070122 5.881767827095469 39627933010104367 7 136-137-138-140-143-146-457 0.9259274535319209 1.0 5 1.4610655835817339 1.0 [-1,-1] 1.0 1.0 1.0 0.0004951280553168204 0.17321314004730964 3207.466510236022 -2795.1293437295094 -1538.5244003090445 328.6883565956956
210.74798439188675 3.6806249432042235 39627878836474518 5 136-137-138-140-144 0.9686637920315714 1.0 5 1.5155862590717153 1.0 [-1,-1] 1.0 1.0 1.0 0.00041974738576830407 0.19815580287489248 3317.0347085358308 -2844.860571801813 -1692.3786842638538 212.93654850258224
210.89272515472018 5.659793756970876 39627927033217333 7 136-137-138-140-144-145-146 0.9365741864673606 1.0 5 1.1069779989514237 1.0 [-1,-1] 1.0 1.0 1.0 0.0004445766401596716 0.18918261239264766 3235.0230930697935 -2762.5374134265126 -1652.8681737249156 319.0427125023694
210.0762482547699 5.820776046335459 39627927016444347 8 136-137-138-140-144-145-146-457 0.5795780020919501 1.0 5 0.8242786704356375 1.0 [-1,-1] 1.0 1.0 1.0 0.0006621615122706149 0.13543705131792066 2207.447762914708 -1900.3861561693186 -1100.563055977993 223.87282830556535
209.04614914277232 5.838661986456748 39627926999666216 7 136-137-138-140-144-145-457 0.872680053721455 1.0 5 1.2669069559842128 1.0 [-1,-1] 1.0 1.0 1.0 0.0005690156306133545 0.15418916366201427 3066.993352500192 -2667.3447557657964 -1481.3431432091666 311.99786896108367
209.51106647480648 3.6884582914477435 39627878815503693 6 136-137-138-140-144-146 0.48381439220204964 1.0 5 1.399219573781357 1.0 [-1,-1] 1.0 1.0 1.0 0.00048380039118235755 0.17655271186088778 1891.768475759292 -1642.9212964869364 -929.9390915751776 121.69989887692113
210.01244473491906 6.513201563263997 39627945047754906 5 136-137-138-141-142 0.9488170831439228 1.0 5 1.513252217974629 0.5 [-1,-1] 1.0 1.0 1.0 0.0004445766401596716 0.18918261239264766 3266.4964084834937 -2810.2581122699053 -1623.3172364360528 370.525679199658
210.01406960123248 6.512924553116902 39627945047754952 5 136-137-138-141-142 0.7300144101363699 1.0 5 1.5129893105789154 1.0 [-1,-1] 1.0 1.0 1.0 0.0007126833197713517 0.12705585074725267 2667.6879462162524 -2295.050133047471 -1325.7993513470387 302.588739304761
210.00578679778005 6.504543661109781 39627945047754756 5 136-137-138-141-142 0.9277320709801017 1.0 5 1.5045546772566278 1.0 [-1,-1] 1.0 1.0 1.0 0.0004951280553168204 0.17321314004730964 3212.1496228819215 -2763.735178980353 -1596.0154493773077 363.87875122883617
209.9563180130887 6.524788769400455 39627945047753660 7 136-137-138-141-142-143-144 0.762692645535344 1.0 5 1.5254079968996763 1.0 [-108086400187891841,-2327103185375731973] 0.859375 1.0 1.162162162162162 0.0006416626200019751 0.139161677870846 2762.2156260510205 -2377.699880082378 -1370.3497350328855 313.879035222132
209.9583805402505 6.525491095194994 39627945047753712 7 136-137-138-141-142-143-144 0.7630765766786618 1.0 5 1.5260529783220647 1.0 [-4899916497993859082,-72199980793744389] 0.875 1.0 1.1415929203539823 0.0006416626200019751 0.139161677870846 2763.3151167599535 -2378.593629774413 -1370.97890133479 314.0376267352531
209.9555525493251 6.524082539198772 39627945047753647 7 136-137-138-141-142-143-144 0.764045091648845 1.0 5 1.5247239521723441 1.0 [-56294995342204937,-2486270668379801601] 0.8828125 1.0 1.131578947368421 0.0006416626200019751 0.139161677870846 2766.0875848944465 -2381.054530471168 -1372.2407582809558 314.2851436871056
209.29232698296815 5.264278639279959 39627914970402893 8 136-137-138-141-142-143-144-145 0.5774452301266119 1.0 5 0.7527522937724102 1.0 [-1,-1] 1.0 1.0 1.0 0.0006621615122706149 0.13543705131792066 2200.61505516049 -1911.1378312862807 -1072.1440200100621 201.90594637613265
209.2287263631838 4.032838359280207 39627884842717268 8 136-137-138-141-142-143-144-145 0.9749384717627104 1.0 5 1.2355410618492373 1.0 [-1,-1] 1.0 1.0 1.0 0.0003578035202613049 0.22475091060875194 3332.889785471058 -2901.335679841328 -1623.4112353814705 234.39615144917303
210.84156367052145 4.078417454193071 39627884872074668 9 136-137-138-141-142-143-144-145-146 0.6828426031574887 1.0 5 1.2462312691671673 1.0 [-1,-1] 1.0 1.0 1.0 0.0007209928471550773 0.12577569469930108 2527.8818712962834 -2164.9133555129456 -1292.676852745093 179.7872985700578
210.6738123095987 4.782765013694528 39627902949525168 9 136-137-138-141-142-143-144-145-146 0.5825530777430367 1.0 5 0.7056291633263292 1.0 [-1,-1] 1.0 1.0 1.0 0.0006621615122706149 0.13543705131792066 2216.9641455935334 -1900.1393527159196 -1127.0458439490471 184.84622999880926
211.27677237630797 4.688579936298503 39627902957916407 9 136-137-138-141-142-143-144-145-146 0.49833614588763886 1.0 5 1.3097710627869446 1.0 [-1,-1] 1.0 1.0 1.0 0.0005337442823398631 0.16272042362546515 1940.8234786977114 -1653.2116655364566 -1004.2507045791846 158.64263850135728
210.68086366665293 4.775721904923317 39627902949525301 9 136-137-138-141-142-143-144-145-146 0.6328808927685811 1.0 5 0.714499674103803 1.0 [-1,-1] 1.0 1.0 1.0 0.000833303205902425 0.11070054926254569 2375.3638651538345 -2035.7745712927435 -1207.83502691682 197.762318223808
208.6387721531517 5.300576683684253 39627914962011388 9 136-137-138-141-142-143-144-145-146 0.8012149198591805 1.0 5 1.388650738173102 1.0 [-1,-1] 1.0 1.0 1.0 0.0007229154976227362 0.12548315978664992 2871.2706196361382 -2509.219962764974 -1370.2746916355288 265.24972970880395
209.46311435964685 5.964094452469673 39627933022685261 9 136-137-138-141-142-143-144-145-146 0.710996951121358 1.0 5 1.1023096743765544 1.0 [-1,-1] 1.0 1.0 1.0 0.0006167714992318164 0.14396928707710532 2611.806779796655 -2261.7195565688517 -1277.697939235887 271.3803207643032
210.93697471885338 5.839719296532454 39627927033218266 10 136-137-138-141-142-143-144-145-146-457 0.961285206693618 0.9565217391304348 5 1.2550703669236325 1.0 [-1,-1] 1.0 1.0 1.0 0.00041974738576830407 0.19815580287489248 3298.314899588389 -2814.3928746074134 -1686.8471000697582 335.59020425517707
208.9514179219154 4.840700616826714 39627902920165669 10 136-137-138-141-142-143-144-145-146-457 0.44070842224187445 0.9565217391304348 5 1.056792756919346 1.0 [-1,-1] 1.0 1.0 1.0 0.0005288673958748294 0.16397488484989944 1743.6044077100576 -1520.2650434499728 -841.0123321945554 147.13526207767885
211.19116833959532 4.522000443709609 39627896934893846 10 136-137-138-141-142-143-144-145-146-457 0.531395594664952 0.9565217391304348 5 1.279680556768489 1.0 [-1,-1] 1.0 1.0 1.0 0.0007045118177349687 0.128340413101622 2050.9069324884194 -1748.9749082185042 -1058.8484198489034 161.69737145239478
209.5678374827447 6.106694325607855 39627933022687462 10 136-137-138-141-142-143-144-145-146-457 0.740110191399109 0.9565217391304348 5 1.1873423323902512 1.0 [-1,-1] 1.0 1.0 1.0 0.0007126833197713517 0.12705585074725267 2697.0921973465297 -2332.5439379514446 -1323.3380300385547 286.9173343790457
208.95475908016596 4.846393386674023 39627902920165735 10 136-137-138-141-142-143-144-145-146-457 0.590910414415808 0.9565217391304348 5 1.0526519268812382 1.0 [-1,-1] 1.0 1.0 1.0 0.0007756247847600315 0.11796159141779075 2243.6048227026686 -1956.1405173529297 -1082.2881195314244 189.55026548654314
209.84573313085212 4.774270898114855 39627902936940861 10 136-137-138-141-142-143-144-145-146-457 0.5601779467993965 0.9565217391304348 5 0.2730918123508388 1.0 [-1,-1] 1.0 1.0 1.0 0.000677088223595666 0.13284793461577618 2144.968865868818 -1854.0231811004935 -1063.7752409085208 178.526514329353
209.4492137955975 4.229868503641732 39627890878319363 10 136-137-138-141-142-143-144-145-146-457 0.6845585948578397 0.9565217391304348 5 0.9457798127159764 1.0 [-1,-1] 1.0 1.0 1.0 0.0007209928471550773 0.12577569469930108 2533.0382991117453 -2199.740957593061 -1241.9808864040679 186.832069146208
211.2829765753761 4.690121426247236 39627902957916558 10 136-137-138-141-142-143-144-145-146-457 0.49655288202780645 0.9565217391304348 5 1.3154112328868672 1.0 [-1,-1] 1.0 1.0 1.0 0.0005337442823398631 0.16272042362546515 1934.8226764761193 -1647.9880715073705 -1001.3219240016767 158.20401413748087
210.65714075356425 5.769265892401114 39627927029023398 10 136-137-138-141-142-143-144-145-146-457 0.6878055592830615 0.9565217391304348 5 1.009848765528644 1.0 [-1,-1] 1.0 1.0 1.0 0.0007209928471550773 0.12577569469930108 2542.7804610780436 -2176.3064358666197 -1289.9952941568283 255.60694728241606
210.85911243577112 5.730076123812705 39627927029027761 10 136-137-138-141-142-143-144-145-146-457 0.7715544255303017 0.9565217391304348 5 1.1245543575621435 1.0 [-1,-1] 1.0 1.0 1.0 0.0007324854237337303 0.12404708914385561 2787.528655149493 -2380.9448447490054 -1422.6593872309613 278.3126254166331
210.7661067840194 5.6003675664124435 39627921014393898 10 136-137-138-141-142-143-144-145-146-457 0.7218109877235336 0.9565217391304348 5 0.9707456660394512 1.0 [-1,-1] 1.0 1.0 1.0 0.0006167714992318164 0.14396928707710532 2643.6620914731125 -2260.757219631262 -1345.8698348774415 257.9930916596105
208.8041408262743 5.5571360122704485 39627920980840300 10 136-137-138-141-142-143-144-145-146-457 0.7286457759453169 0.9565217391304348 5 1.3146726242946785 1.0 [-1,-1] 1.0 1.0 1.0 0.0006167714992318164 0.14396928707710532 2663.6878636588476 -2323.1446736698836 -1277.3782401356739 257.9470717619688
210.65845905805793 5.759938717585272 39627927029023432 10 136-137-138-141-142-143-144-145-146-457 0.6843230644699881 0.9565217391304348 5 1.0036220319584965 1.0 [-1,-1] 1.0 1.0 1.0 0.0007209928471550773 0.12577569469930108 2532.330866631525 -2167.3689303724377 -1284.7650207693634 254.14637349075886
210.11171402046796 4.799054806869456 39627902941135627 10 136-137-138-141-142-143-144-145-146-457 0.8289001050858017 0.9565217391304348 5 0.22971273941046344 1.0 [-1,-1] 1.0 1.0 1.0 0.0006627118749498285 0.13533979738261318 2948.0931733930192 -2541.3041198950714 -1473.8367083237808 246.64161532106166
209.64633879517822 4.804965919077439 39627902932747526 10 136-137-138-141-142-143-144-145-146-457 0.6843148696011897 0.9565217391304348 5 0.4027417654438125 1.0 [-1,-1] 1.0 1.0 1.0 0.0007209928471550773 0.12577569469930108 2532.3062509270867 -2193.0805746698975 -1248.1903199962503 212.1166343255718
210.23029221568063 3.8864348531859454 39627884859494195 10 136-137-138-141-142-143-144-145-146-457 0.9413032015051731 0.9565217391304348 5 1.1369880607088076 1.0 [-1,-1] 1.0 1.0 1.0 0.0004445766401596716 0.18918261239264766 3247.207267573741 -2799.163521283677 -1631.133904069655 220.09272294415953
210.664488490243 5.767100678252856 39627927029023584 10 136-137-138-141-142-143-144-145-146-457 0.6868245775460263 0.9565217391304348 5 1.0129634149242304 1.0 [-1,-1] 1.0 1.0 1.0 0.0007209928471550773 0.12577569469930108 2539.839162104031 -2173.632085954865 -1288.7868043858653 255.2157853771535
208.95935847284517 4.84526086930564 39627902920165825 10 136-137-138-141-142-143-144-145-146-457 0.5942534229310238 0.9565217391304348 5 1.0482862124624528 1.0 [-1,-1] 1.0 1.0 1.0 0.0007756247847600315 0.11796159141779075 2254.2234550682774 -1965.314621539934 -1087.570011175679 190.40297931661155
210.46705997407065 4.202296888803643 39627890895097172 10 136-137-138-141-142-143-144-145-146-457 0.9152179963083423 0.9565217391304348 5 0.9236167588110274 1.0 [-1,-1] 1.0 1.0 1.0 0.0004951280553168204 0.17321314004730964 3179.570993224267 -2733.170572505417 -1607.8446772362765 232.99316819713493
