EDR/data_rosette/LRG_12_clustering_data.ecsv
# %ECSV 1.0
# ---
# datatype:
# - {name: RA, unit: deg, datatype: float64}
# - {name: DEC, unit: deg, datatype: float64}
# - {name: TARGETID, datatype: int64}
# - {name: NTILE, datatype: int64}
# - {name: TILES, datatype: string}
# - {name: Z, datatype: float64}
# - {name: COMP_TILE, datatype: float64}
# - {name: ROSETTE_NUMBER, datatype: int32}
# - {name: ROSETTE_R, unit: deg, datatype: float64}
# - {name: FRACZ_TILELOCID, datatype: float64}
# - {name: BITWEIGHTS, datatype: string, subtype: 'int64[2]'}
# - {name: PROB_OBS, datatype: float64}
# - {name: WEIGHT_ZFAIL, datatype: float64}
# - {name: WEIGHT, datatype: float64}
# - {name: NZ, unit: h3 / Mpc3, datatype: float64}
# - {name: WEIGHT_FKP, datatype: float64}
# - {name: distance, unit: Mpc, datatype: float64}
# - {name: x, unit: Mpc, datatype: float64}
# - {name: y, unit: Mpc, datatype: float64}
# - {name: z, unit: Mpc, datatype: float64}
# meta: !!omap
# - {EXTNAME: LSS}
# - {DESIDR: edr}
# - comments: ['Visit https://desidatamodel.readthedocs.io/en/latest/ for a more complet', e description]
# schema: astropy-2.0
RA DEC TARGETID NTILE TILES Z COMP_TILE ROSETTE_NUMBER ROSETTE_R FRACZ_TILELOCID BITWEIGHTS PROB_OBS WEIGHT_ZFAIL WEIGHT NZ WEIGHT_FKP distance x y z
[from data line 5045]
239.35665082529417 43.95447924188932 39633149633759071 8 327-329-330-331-332-334-335-478 0.7742867928950966 1.0 12 1.3240288494575192 1.0 [-1,-1] 1.0 1.0 1.0 0.0007064174578981374 0.12774458208408304 2795.3060933966835 -1025.6628798808483 -1731.310318957419 1940.1846283502798
239.55425994142948 44.19660566775524 39633153983250642 8 327-329-330-331-332-334-335-478 0.7602916181467145 1.0 12 1.3122039629467133 1.0 [-1,-1] 1.0 1.0 1.0 0.0007242712797402853 0.12498917450484462 2755.333827596901 -1001.000158785086 -1703.0470237198565 1920.8055650197805
242.28425103480825 42.214456257323945 39633118742708812 6 327-329-330-331-332-335 0.748892584203917 1.0 12 1.5315709112321036 1.0 [-1,-1] 1.0 1.0 1.0 0.0006073340474539246 0.1455520198534496 2722.524991985114 -937.7970541935869 -1785.0478283224936 1829.2849061123652
239.87608749495175 42.83974749645871 39633127634633937 6 327-329-330-331-332-335 0.9346140796602861 1.0 12 1.0516626191471492 1.0 [-1,-1] 1.0 1.0 1.0 0.0003671239319408774 0.21984967794317842 3229.9628970143867 -1188.6317062244655 -2048.52633829065 2196.2137474246415
240.34002732148042 43.18826949777337 39633136493003943 7 327-329-330-331-332-335-478 0.6893543784441225 0.5 12 0.5790588268152602 1.0 [-1,-1] 1.0 1.0 1.0 0.0008053318504768218 0.11384060807160488 2547.420745673244 -919.1112428431777 -1613.9924478089579 1743.4492700337862
239.40664516546568 43.4116185206675 39633140880248715 7 327-329-330-331-333-334-335 0.8733218039891654 1.0 12 1.19401029647732 0.5 [-1,-1] 1.0 1.0 1.0 0.0005346154933450218 0.1621399955636538 3068.7131235788456 -1134.5435825445484 -1918.9163354897178 2108.92654957984
240.42935299786936 44.37810707332346 39633158315970122 8 327-329-330-331-333-334-335-478 0.7341569699228504 1.0 12 1.0301775347172344 1.0 [-1,-1] 1.0 1.0 1.0 0.0006073340474539246 0.1455520198534496 2679.7750846379786 -945.2144747734384 -1665.8649347180835 1874.2086650642648
239.2573328397162 42.87183663717054 39633127626246122 8 327-329-330-331-333-334-335-478 0.6260031574224451 1.0 12 1.4297075795527165 0.5 [-1,-1] 1.0 1.0 1.0 0.0007056687116799521 0.12786279395313782 2354.002439912447 -881.8906294071628 -1482.7567124868426 1601.5707716029292
240.66388647754485 42.82228061149177 39633127643024176 8 327-329-330-331-333-334-335-478 0.7652678174661968 1.0 12 0.6880528861969881 1.0 [-1,-1] 1.0 1.0 1.0 0.0007242712797402853 0.12498917450484462 2769.58543288123 -995.2457620151589 -1770.8907545774173 1882.5608299789417
240.00003989610116 42.24851159955712 39633118713349590 8 327-329-330-331-333-334-335-478 0.829986354579386 1.0 12 1.4268988086403798 1.0 [-1,-1] 1.0 1.0 1.0 0.000762533893525711 0.11946670068019369 2951.0812999093755 -1092.2463916410084 -1891.8292869143745 1984.15236506551
239.51758477998044 43.484750083697605 39633140884440287 8 327-329-330-331-333-334-335-478 0.6537690034556061 1.0 12 1.112702197910377 1.0 [-1,-1] 1.0 1.0 1.0 0.0006371005092682059 0.1397016056866948 2439.6939546042277 -897.9449945903339 -1525.4785166321456 1678.9034141713955
242.16898764328712 42.967126534186924 39633132097373656 6 327-329-330-331-333-335 0.6588109715055483 1.0 12 0.9478045501384833 1.0 [-1,-1] 1.0 1.0 1.0 0.0006371005092682059 0.1397016056866948 2455.099701701345 -838.7267280884378 -1588.7018451179563 1673.3434997641396
241.6392800507149 42.01795342223147 39633114238029086 6 327-329-330-331-333-335 0.47365147051143647 1.0 12 1.4960169489012856 1.0 [-1,-1] 1.0 1.0 1.0 0.000668512811805897 0.13401699399284683 1857.1814504607216 -655.4175585031794 -1214.1582143474861 1243.1293554870488
241.86778534396137 43.845176982994204 39633145296848548 7 327-329-330-331-333-335-478 0.8841822826415555 1.0 12 0.711563874575135 1.0 [-1,-1] 1.0 1.0 1.0 0.0005346154933450218 0.1621399955636538 3097.717166963746 -1053.403927585894 -1970.183355405382 2145.826031609296
240.88272587067527 43.48818370241732 39633140901217241 7 327-329-330-331-333-335-478 0.9656824405895879 1.0 12 0.12726183625671159 1.0 [-1,-1] 1.0 1.0 1.0 0.0003767415448896098 0.21544643941305056 3309.480711060511 -1168.363726618889 -2097.6468265933113 2277.601055954668
239.41953936466402 42.68383252999972 39633127626248068 7 327-329-330-331-333-335-478 0.7933051233192668 1.0 12 1.4162327642046537 1.0 [-1,-1] 1.0 1.0 1.0 0.0008239664519383997 0.11155322342262282 2849.085175846856 -1065.5110161251207 -1803.0838390494757 1931.5437564561998
239.7687081704656 42.887310975180455 39633132068013280 7 327-329-330-331-333-335-478 0.7907031125464348 1.0 12 1.0908111311360094 1.0 [-1,-1] 1.0 1.0 1.0 0.0008239664519383997 0.11155322342262282 2841.763824478443 -1048.3417503802448 -1798.9708206829073 1933.9868652231069
242.03421625074054 43.419593223199826 39633140913801413 6 327-329-330-331-333-478 0.670055170570652 1.0 12 0.7153381299006127 1.0 [-1,-1] 1.0 1.0 1.0 0.0008053318504768218 0.11384060807160488 2489.286471343167 -847.8827622124652 -1596.9354830218776 1710.9760433801398
240.48964805730154 42.04263703684076 39633114225444519 5 327-329-330-332-333 0.6600742466040241 1.0 12 1.4662791925546266 0.5 [-1,-1] 1.0 1.0 1.0 0.0006371005092682059 0.1397016056866948 2458.9522363874203 -899.5179229074474 -1589.2225185710533 1646.719585621561
241.2845427613488 41.90686576787402 39633114233834205 5 327-329-330-332-333 1.0205590528465371 1.0 12 1.5527358224494046 1.0 [-1,-1] 1.0 1.0 1.0 0.00020130102782971312 0.3394727840281335 3446.421059209037 -1232.3490469204357 -2249.4906583154243 2301.9395565621344
241.00168859181096 41.86726781065062 39633109720762971 5 327-329-330-332-333 0.8868189349407889 1.0 12 1.5831308113678608 1.0 [-1,-1] 1.0 1.0 1.0 0.0005346154933450218 0.1621399955636538 3104.730228258085 -1120.8545226298659 -2022.2156358851205 2072.1194104928927
239.57795464492406 42.67759708472417 39633127630440331 7 327-329-330-332-333-334-335 1.0459680854911617 1.0 12 1.324063083313774 1.0 [-1,-1] 1.0 1.0 1.0 0.00017557006270178804 0.37077784677498654 3508.3499861272867 -1306.0524125727602 -2224.151289761658 2378.2131445738323
239.96794238871166 42.98428002814975 39633132068015442 8 327-329-330-332-333-334-335-478 1.0797496515404361 1.0 12 0.9158099118441129 1.0 [-1,-1] 1.0 1.0 1.0 0.00012850791192818028 0.44600300211103894 3589.2787342735733 -1314.1239826067317 -2273.1912858481496 2447.161900772068
241.92112605941352 43.15686141701683 39633136509783616 7 327-329-330-332-333-334-478 0.6594554399846216 1.0 12 0.69843464755822 1.0 [-1,-1] 1.0 1.0 1.0 0.0006371005092682059 0.1397016056866948 2457.0654691209024 -843.653711236959 -1581.4261223118735 1680.6280239041762
241.43643857191984 41.91222422898048 39633114238026859 6 327-329-330-332-333-335 1.0214387475822202 0.9090909090909091 12 1.5637908027213714 1.0 [-1,-1] 1.0 1.0 1.0 0.00020130102782971312 0.3394727840281335 3448.580526941179 -1227.046563999742 -2253.9721325634705 2303.6219321324425
242.81122852840306 43.898265844212524 39633149675701882 6 327-329-330-332-333-335 0.8761530672775976 0.9090909090909091 12 1.3503957352219849 1.0 [-1,-1] 1.0 1.0 1.0 0.0005346154933450218 0.1621399955636538 3076.292493349527 -1012.8582537512482 -1971.7593907515718 2133.0397482066787
242.68844630082594 42.73326991850091 39633127668189627 6 327-329-330-332-333-335 0.637274538584488 0.9090909090909091 12 1.394700451833127 1.0 [-1,-1] 1.0 1.0 1.0 0.0007982518636535506 0.11473445525619816 2388.963237634201 -805.1264707103472 -1559.1324689666728 1621.1177197054726
241.14509990009756 41.85928350095115 39633109724955047 6 327-329-330-332-333-335 0.5208876843231228 0.9090909090909091 12 1.5922530126431245 1.0 [-1,-1] 1.0 1.0 1.0 0.0006888416087567301 0.1305783864573065 2016.1554946124709 -724.6638903834486 -1315.1720967787387 1345.3875204880555
241.47837443618178 43.79290178104765 39633145292653753 6 327-329-330-332-333-335 0.7856292675577892 0.9090909090909091 12 0.462326872214474 1.0 [-1,-1] 1.0 1.0 1.0 0.0007064174578981374 0.12774458208408304 2827.4542256723407 -974.5514813984743 -1793.286104991159 1956.7503044645357
239.87477971661463 42.16726066512314 39633118709157663 6 327-329-330-332-333-335 1.0168101355469237 0.9090909090909091 12 1.5455229170583389 1.0 [-1,-1] 1.0 1.0 1.0 0.00020130102782971312 0.3394727840281335 3437.205765604536 -1278.6271917799506 -2203.5116045688337 2307.386527670746
241.1360309282843 41.858885582869405 39633109724954929 6 327-329-330-332-333-335 0.8649197541042912 0.9090909090909091 12 1.5923716559055723 1.0 [-1,-1] 1.0 1.0 1.0 0.0006576102792991648 0.1359368301360722 3046.144748020772 -1095.1927752302756 -1986.890427028649 2032.6871480776013
241.398686408548 43.82105363604469 39633145292652847 6 327-329-330-332-333-335 0.4636654859750317 0.9090909090909091 12 0.44873746706352746 1.0 [-1,-1] 1.0 1.0 1.0 0.0005330850268982689 0.1625298359500762 1822.989930544899 -629.6488687724388 -1154.7947242848718 1262.253434808363
240.98403165204593 42.930528718656156 39633132080598552 7 327-329-330-332-334-335-478 0.9037191806977166 1.0 12 0.521693042267476 1.0 [-1,-1] 1.0 1.0 1.0 0.0005723615213970424 0.15308410280969617 3149.420610409147 -1118.5054256923456 -2016.511595750802 2145.1053070115836
239.6986663335044 42.52728409141978 39633123180283935 6 327-329-330-332-334-478 0.6493608781452331 1.0 12 1.35218752838133 0.5 [-1,-1] 1.0 1.0 1.0 0.0007982518636535506 0.11473445525619816 2426.186098637909 -902.1269272699967 -1543.7227209777593 1639.9591924969516
241.3131002267699 41.85831368020767 39633109724957111 5 327-329-330-332-335 0.8297016298112934 1.0 12 1.6034021930528914 1.0 [-1,-1] 1.0 1.0 1.0 0.000762533893525711 0.11946670068019369 2950.2982493509294 -1054.7899074729835 -1927.6593876841794 1968.707011286684
240.3083201611072 42.014077918827745 39633114221252224 4 327-329-330-333 0.7240646004807024 1.0 12 1.535777049438654 1.0 [-1,-1] 1.0 1.0 1.0 0.0005823912580269674 0.15084542533972659 2650.274317944032 -975.3601954156023 -1710.5655814012473 1773.863535133962
242.8746555352305 42.639145840006634 39633127672381997 4 327-329-330-333 0.7325527060264865 1.0 12 1.5606183389018464 1.0 [-1,-1] 1.0 1.0 1.0 0.0006073340474539246 0.1455520198534496 2675.097780268144 -897.2389681236924 -1751.4478127753443 1812.0543389204267
241.5692344044741 43.81146353567771 39633145292654734 6 327-329-330-333-334-335 0.614877781244205 1.0 12 0.5214369394256365 1.0 [-1,-1] 1.0 1.0 1.0 0.0007056687116799521 0.12786279395313782 2319.258354816207 -796.8080292659749 -1471.776162856874 1605.593724242951
239.27672860709873 43.2514365351571 39633136480420664 7 327-329-330-333-334-335-478 0.8446110860084115 1.0 12 1.3046340285922418 1.0 [-1,-1] 1.0 1.0 1.0 0.0006366829495309179 0.1397804201853648 2991.1223076180195 -1113.027146659488 -1872.8181771585514 2049.5207501349446
242.92442243391832 43.87106852278452 39633145309431628 7 327-329-330-333-334-335-478 0.784275564418387 1.0 12 1.4198688004605158 1.0 [-1,-1] 1.0 1.0 1.0 0.0007064174578981374 0.12774458208408304 2823.628993285796 -926.5153187876136 -1812.4743521215644 1956.881902077271
242.35200761641886 42.13257707456084 39633118742709551 5 327-329-330-333-335 0.626201567062486 0.9333333333333333 12 1.6273715836258134 1.0 [-1,-1] 1.0 1.0 1.0 0.0007056687116799521 0.12786279395313782 2354.619930861492 -810.2910619434235 -1546.7868200658963 1579.5929687787323
239.8804493912427 42.19449461480747 39633118709157743 5 327-329-330-333-335 0.7287787772485922 0.9333333333333333 12 1.520539840196118 1.0 [-1,-1] 1.0 1.0 1.0 0.0005823912580269674 0.15084542533972659 2664.0767300938146 -990.4305101073114 -1707.2393820028694 1789.3255491984635
242.31094195741082 42.135782997999875 39633118742709115 5 327-329-330-333-335 0.7944255749936352 0.9333333333333333 12 1.6072308370063746 1.0 [-1,-1] 1.0 1.0 1.0 0.0008239664519383997 0.11155322342262282 2852.2342766278857 -982.8270986479336 -1872.8787179507974 1913.535097870238
239.4044651110829 42.630194495781936 39633127626247893 5 327-329-330-333-335 0.8727226868788869 0.9333333333333333 12 1.4554691188648137 1.0 [-1,-1] 1.0 1.0 1.0 0.0005346154933450218 0.1621399955636538 3067.1076219212214 -1148.548741592488 -1942.4353299804748 2077.2409444927675
241.23828943113202 41.84239621010882 39633109724956202 5 327-329-330-333-335 0.7991101007155439 0.9333333333333333 12 1.613557174408332 1.0 [-1,-1] 1.0 1.0 1.0 0.0008239664519383997 0.11155322342262282 2865.3773612471696 -1027.1281771413148 -1871.3003598346208 1911.4471202083962
240.31547744501927 42.002961072767604 39633114221252305 5 327-329-330-333-335 0.752311963270055 0.9333333333333333 12 1.5443485576798888 1.0 [-1,-1] 1.0 1.0 1.0 0.0007242712797402853 0.12498917450484462 2732.390517239074 -1005.5361889594568 -1763.9996498073626 1828.4310615580803
239.88198924475458 42.19452924724949 39633118709157764 5 327-329-330-333-335 0.7287868091940267 0.9333333333333333 12 1.5198743190112587 1.0 [-1,-1] 1.0 1.0 1.0 0.0005823912580269674 0.15084542533972659 2664.100212722216 -990.3928138934363 -1707.2801129412694 1789.3425143247568
242.26404302663488 42.11478375093689 39633114246417640 5 327-329-330-333-335 0.476587040049839 0.9333333333333333 12 1.6051792516236103 1.0 [-1,-131073] 0.9921875 1.0 1.0078125 0.000668512811805897 0.13401699399284683 1867.1936944322624 -644.6173574644291 -1225.9451728803997 1252.1737850931174
239.88090774334364 42.19555350088794 39633118709157747 5 327-329-330-333-335 0.4530645490538863 0.9333333333333333 12 1.519471839924141 1.0 [-1,-1] 1.0 1.0 1.0 0.0005330850268982689 0.1625298359500762 1786.467674543594 -664.1392970746076 -1144.8210137154447 1199.9044098702132
240.3134082976199 42.00563358138076 39633114221252278 5 327-329-330-333-335 0.7506571673326522 0.9333333333333333 12 1.542373188982908 1.0 [-1,-1] 1.0 1.0 1.0 0.0007242712797402853 0.12498917450484462 2727.618688066359 -1003.8015538073703 -1760.808797041765 1825.3324432341324
242.87715699582935 42.677186478148236 39633127672382028 5 327-329-330-333-335 0.7292521905397381 0.9333333333333333 12 1.5424228498480974 1.0 [-1,-1] 1.0 1.0 1.0 0.0005823912580269674 0.15084542533972659 2665.460631053588 -893.3837293516943 -1744.109869615458 1806.8277866294286
242.8664658564363 42.68046688457956 39633127672381875 5 327-329-330-333-335 0.729514568078319 0.9333333333333333 12 1.5339899948966071 1.0 [-1,-1] 1.0 1.0 1.0 0.0005823912580269674 0.15084542533972659 2666.2274523238766 -893.9190723688214 -1744.352757046101 1807.4598138178349
242.25933912892492 42.119073715223855 39633114246417578 5 327-329-330-333-335 0.4766914854451496 0.9333333333333333 12 1.5996780186285686 0.5 [-1,-1] 1.0 1.0 1.0 0.000668512811805897 0.13401699399284683 1867.5495968391363 -644.7972416733979 -1226.0429131133676 1252.5161831245475
239.49357092994316 42.64803465035662 39633127630439223 6 327-329-330-333-335-478 0.46325132735454655 1.0 12 1.3916517772421282 1.0 [-1,-1] 1.0 1.0 1.0 0.0005330850268982689 0.1625298359500762 1821.5674343095693 -680.1377190958343 -1154.3485102702084 1234.0989091791685
239.38787461973308 42.60739960544121 39633123176089802 6 327-329-330-333-335-478 0.5298620089709835 1.0 12 1.4785593239630221 1.0 [-1,-1] 1.0 1.0 1.0 0.0006888416087567301 0.1305783864573065 2045.8488824172496 -766.7707860499148 -1295.9125889787533 1384.980423354312
239.40948032200342 42.583267572581 39633123176090097 6 327-329-330-333-335-478 0.8487099411408295 1.0 12 1.479804444643788 1.0 [-1,-1] 1.0 1.0 1.0 0.0006366829495309179 0.1397804201853648 3002.2814995601616 -1124.9538026083712 -1902.9115363867409 2031.5267237436065
239.41597299765468 42.58018751407737 39633123176090188 6 327-329-330-333-335-478 0.9655678651146238 1.0 12 1.4777945041619927 1.0 [-1,-1] 1.0 1.0 1.0 0.0003767415448896098 0.21544643941305056 3309.1901398906625 -1239.7759178892686 -2097.6810509495403 2239.068838570765
239.37522259622293 42.59947465153249 39633123176089622 6 327-329-330-333-335-478 0.842752804535448 1.0 12 1.4907397647396272 1.0 [-1,-1] 1.0 1.0 1.0 0.0006366829495309179 0.1397804201853648 2986.054042681534 -1119.7136026963349 -1891.4649929332256 2021.168071749512
